#Seq2Logo.py -f /work3/idamei/wzy_ssn/run/1e-50/run/150/MSAs/0006_120.afa -o /work3/idamei/wzy_ssn/run/1e-50/run/150/logos/0006_120.logo
#Position Specific Frequency Matrix
A R N D C Q E G H I L K M F P S T W Y V
0 L 0.052 0.032 0.02 0.02 0.016 0.028 0.028 0.028 0.016 0.1 0.195 0.036 0.167 0.048 0.016 0.036 0.04 0.008 0.024 0.092
1 D 0.047 0.028 0.049 0.243 0.009 0.026 0.067 0.042 0.016 0.024 0.031 0.043 0.01 0.014 0.226 0.048 0.035 0.003 0.012 0.027
2 L 0.052 0.032 0.02 0.02 0.016 0.028 0.028 0.028 0.016 0.1 0.196 0.036 0.165 0.048 0.016 0.036 0.04 0.008 0.024 0.092
3 F 0.038 0.018 0.016 0.017 0.012 0.011 0.018 0.024 0.014 0.135 0.131 0.02 0.029 0.277 0.012 0.025 0.03 0.013 0.065 0.095
4 V 0.052 0.022 0.017 0.018 0.015 0.017 0.023 0.023 0.021 0.161 0.121 0.027 0.029 0.07 0.015 0.029 0.039 0.013 0.122 0.166
5 D 0.046 0.034 0.041 0.169 0.01 0.037 0.138 0.034 0.018 0.053 0.149 0.048 0.024 0.028 0.021 0.043 0.035 0.005 0.017 0.05
6 D 0.046 0.041 0.144 0.192 0.008 0.042 0.148 0.048 0.025 0.022 0.032 0.057 0.011 0.016 0.023 0.058 0.04 0.005 0.014 0.027
7 F 0.033 0.019 0.017 0.017 0.01 0.01 0.019 0.025 0.017 0.063 0.113 0.019 0.025 0.393 0.01 0.025 0.025 0.017 0.088 0.054
8 L 0.045 0.022 0.014 0.016 0.016 0.015 0.019 0.021 0.01 0.169 0.31 0.024 0.045 0.051 0.014 0.024 0.035 0.007 0.022 0.122
9 R 0.065 0.145 0.139 0.054 0.011 0.038 0.051 0.054 0.024 0.025 0.04 0.075 0.014 0.019 0.023 0.114 0.055 0.005 0.017 0.033
10 L 0.069 0.038 0.036 0.051 0.014 0.038 0.125 0.04 0.018 0.055 0.153 0.051 0.026 0.03 0.023 0.102 0.05 0.006 0.019 0.056
11 V 0.07 0.026 0.025 0.024 0.019 0.02 0.028 0.031 0.01 0.126 0.107 0.032 0.027 0.031 0.02 0.052 0.117 0.006 0.019 0.208
12 P 0.074 0.03 0.033 0.037 0.013 0.025 0.041 0.046 0.015 0.027 0.038 0.045 0.012 0.015 0.342 0.105 0.051 0.003 0.014 0.034
13 L 0.054 0.032 0.023 0.04 0.014 0.032 0.115 0.026 0.015 0.096 0.203 0.042 0.033 0.037 0.018 0.036 0.038 0.006 0.02 0.119
14 A 0.127 0.034 0.124 0.043 0.013 0.027 0.039 0.056 0.031 0.036 0.053 0.043 0.016 0.056 0.022 0.061 0.042 0.013 0.119 0.047
15 F 0.033 0.019 0.017 0.017 0.01 0.01 0.019 0.025 0.017 0.063 0.113 0.019 0.025 0.393 0.01 0.025 0.025 0.017 0.088 0.054
16 Y 0.04 0.028 0.022 0.019 0.009 0.022 0.028 0.025 0.046 0.043 0.068 0.031 0.019 0.13 0.015 0.031 0.028 0.028 0.325 0.046
17 L 0.046 0.02 0.014 0.017 0.016 0.014 0.018 0.021 0.009 0.224 0.238 0.024 0.041 0.047 0.014 0.025 0.037 0.006 0.021 0.148
18 L 0.072 0.028 0.028 0.027 0.017 0.021 0.031 0.037 0.012 0.112 0.187 0.035 0.032 0.037 0.02 0.094 0.054 0.006 0.02 0.129
19 F 0.037 0.021 0.016 0.016 0.012 0.012 0.019 0.024 0.014 0.08 0.203 0.021 0.033 0.28 0.012 0.025 0.028 0.013 0.066 0.068
20 C 0.172 0.028 0.029 0.03 0.176 0.023 0.035 0.059 0.014 0.04 0.056 0.038 0.016 0.021 0.025 0.105 0.053 0.005 0.016 0.058
21 F 0.059 0.026 0.029 0.027 0.013 0.018 0.03 0.039 0.017 0.052 0.089 0.03 0.022 0.269 0.017 0.093 0.044 0.013 0.064 0.05
22 L 0.05 0.026 0.025 0.023 0.015 0.018 0.026 0.03 0.013 0.077 0.186 0.03 0.031 0.157 0.017 0.047 0.104 0.01 0.043 0.073
23 L 0.041 0.02 0.015 0.016 0.014 0.013 0.019 0.022 0.012 0.152 0.22 0.022 0.037 0.164 0.013 0.025 0.033 0.01 0.043 0.108
24 L 0.041 0.022 0.015 0.016 0.014 0.014 0.02 0.022 0.012 0.097 0.292 0.023 0.041 0.167 0.013 0.024 0.03 0.01 0.044 0.082
25 L 0.054 0.026 0.024 0.023 0.017 0.019 0.026 0.028 0.011 0.148 0.204 0.031 0.035 0.04 0.019 0.047 0.109 0.006 0.02 0.113
26 F 0.046 0.024 0.025 0.024 0.013 0.016 0.026 0.031 0.016 0.059 0.097 0.028 0.023 0.27 0.016 0.047 0.101 0.013 0.064 0.06
27 S 0.172 0.037 0.044 0.042 0.019 0.03 0.048 0.07 0.018 0.034 0.047 0.05 0.016 0.021 0.029 0.18 0.071 0.005 0.017 0.05
28 C 0.117 0.022 0.02 0.022 0.175 0.017 0.024 0.04 0.01 0.123 0.097 0.029 0.023 0.029 0.02 0.05 0.059 0.005 0.017 0.1
29 L 0.055 0.024 0.022 0.021 0.014 0.017 0.022 0.186 0.011 0.082 0.264 0.028 0.036 0.041 0.016 0.033 0.032 0.006 0.018 0.072
30 C 0.058 0.022 0.018 0.017 0.172 0.017 0.022 0.027 0.021 0.083 0.087 0.026 0.022 0.062 0.016 0.035 0.038 0.012 0.119 0.126
31 G 0.078 0.023 0.039 0.033 0.011 0.019 0.025 0.515 0.013 0.019 0.028 0.033 0.009 0.016 0.019 0.051 0.029 0.005 0.011 0.024
32 L 0.053 0.021 0.015 0.017 0.017 0.015 0.02 0.022 0.009 0.185 0.226 0.025 0.039 0.044 0.015 0.027 0.04 0.006 0.021 0.182
33 K 0.051 0.208 0.04 0.037 0.008 0.051 0.062 0.039 0.022 0.026 0.044 0.216 0.015 0.016 0.024 0.049 0.037 0.005 0.017 0.032
34 R 0.052 0.139 0.126 0.044 0.012 0.033 0.041 0.041 0.021 0.069 0.069 0.066 0.019 0.023 0.019 0.049 0.044 0.005 0.018 0.111
35 L 0.041 0.02 0.015 0.016 0.014 0.013 0.019 0.022 0.012 0.152 0.22 0.022 0.037 0.164 0.013 0.025 0.033 0.01 0.043 0.108
36 L 0.044 0.024 0.014 0.015 0.016 0.016 0.02 0.021 0.01 0.114 0.382 0.025 0.049 0.054 0.014 0.024 0.033 0.007 0.022 0.095
37 G 0.078 0.023 0.039 0.033 0.011 0.019 0.025 0.515 0.013 0.019 0.028 0.033 0.009 0.016 0.019 0.051 0.029 0.005 0.011 0.024
38 P 0.056 0.026 0.023 0.031 0.01 0.02 0.036 0.036 0.013 0.026 0.036 0.041 0.01 0.013 0.499 0.043 0.036 0.003 0.013 0.031
39 T 0.064 0.029 0.033 0.031 0.017 0.023 0.032 0.035 0.012 0.128 0.098 0.038 0.025 0.03 0.023 0.069 0.182 0.006 0.019 0.105
40 L 0.128 0.026 0.018 0.02 0.018 0.019 0.027 0.04 0.012 0.09 0.274 0.031 0.039 0.043 0.019 0.044 0.039 0.006 0.02 0.086
41 L 0.052 0.023 0.015 0.016 0.017 0.016 0.021 0.022 0.009 0.13 0.297 0.025 0.043 0.048 0.015 0.027 0.038 0.007 0.022 0.156
42 S 0.172 0.037 0.044 0.042 0.019 0.03 0.048 0.07 0.018 0.034 0.047 0.05 0.016 0.021 0.029 0.18 0.071 0.005 0.017 0.05
43 S 0.172 0.037 0.044 0.042 0.019 0.03 0.048 0.07 0.018 0.034 0.047 0.05 0.016 0.021 0.029 0.18 0.071 0.005 0.017 0.05
44 I 0.052 0.019 0.015 0.018 0.017 0.014 0.019 0.021 0.009 0.249 0.157 0.024 0.035 0.042 0.015 0.027 0.042 0.006 0.02 0.2
45 F 0.061 0.029 0.031 0.028 0.012 0.022 0.033 0.038 0.027 0.045 0.074 0.034 0.02 0.181 0.018 0.095 0.045 0.017 0.143 0.047
46 F 0.033 0.019 0.017 0.017 0.01 0.01 0.019 0.025 0.017 0.063 0.113 0.019 0.025 0.393 0.01 0.025 0.025 0.017 0.088 0.054
47 F 0.039 0.024 0.017 0.017 0.012 0.016 0.022 0.024 0.024 0.073 0.188 0.025 0.031 0.192 0.013 0.027 0.029 0.017 0.145 0.065
48 G 0.079 0.031 0.037 0.034 0.015 0.026 0.035 0.203 0.016 0.049 0.088 0.041 0.065 0.028 0.021 0.105 0.05 0.006 0.017 0.052
49 P 0.154 0.032 0.034 0.036 0.016 0.026 0.043 0.06 0.015 0.033 0.045 0.046 0.014 0.018 0.186 0.118 0.055 0.004 0.016 0.047
50 A 0.221 0.028 0.022 0.025 0.021 0.022 0.034 0.06 0.012 0.083 0.082 0.038 0.022 0.026 0.025 0.067 0.049 0.005 0.018 0.137
51 S 0.087 0.034 0.04 0.037 0.017 0.027 0.041 0.051 0.016 0.058 0.155 0.044 0.027 0.032 0.024 0.16 0.065 0.006 0.019 0.059
52 L 0.044 0.024 0.014 0.015 0.016 0.016 0.02 0.021 0.01 0.115 0.379 0.025 0.049 0.054 0.014 0.024 0.033 0.007 0.022 0.096
53 A 0.294 0.031 0.025 0.03 0.021 0.025 0.04 0.078 0.015 0.043 0.059 0.044 0.017 0.021 0.03 0.085 0.05 0.005 0.017 0.068
54 L 0.044 0.024 0.014 0.015 0.016 0.016 0.02 0.021 0.01 0.114 0.382 0.025 0.049 0.054 0.014 0.024 0.033 0.007 0.022 0.095
55 I 0.048 0.022 0.016 0.018 0.016 0.018 0.021 0.023 0.011 0.219 0.176 0.027 0.081 0.045 0.015 0.028 0.04 0.007 0.022 0.147
56 L 0.045 0.028 0.019 0.018 0.014 0.022 0.025 0.025 0.024 0.086 0.215 0.031 0.079 0.077 0.015 0.03 0.034 0.014 0.123 0.078
57 A 0.224 0.028 0.03 0.031 0.018 0.023 0.035 0.223 0.014 0.035 0.049 0.04 0.015 0.02 0.026 0.073 0.043 0.005 0.015 0.053
58 D 0.127 0.035 0.139 0.172 0.013 0.029 0.06 0.063 0.021 0.029 0.039 0.047 0.013 0.018 0.024 0.068 0.044 0.004 0.015 0.04
59 P 0.063 0.025 0.028 0.032 0.01 0.02 0.032 0.196 0.013 0.023 0.033 0.038 0.01 0.014 0.339 0.046 0.034 0.003 0.012 0.028
60 L 0.046 0.026 0.019 0.019 0.014 0.021 0.024 0.024 0.024 0.14 0.143 0.03 0.075 0.074 0.015 0.03 0.036 0.014 0.123 0.104
61 D 0.045 0.036 0.059 0.299 0.007 0.041 0.161 0.042 0.021 0.022 0.031 0.054 0.01 0.015 0.023 0.053 0.036 0.004 0.013 0.026
62 K 0.073 0.093 0.046 0.045 0.011 0.102 0.073 0.049 0.023 0.027 0.044 0.129 0.017 0.017 0.026 0.111 0.053 0.005 0.018 0.036
63 F 0.035 0.019 0.017 0.017 0.011 0.011 0.019 0.025 0.016 0.081 0.118 0.019 0.026 0.364 0.011 0.025 0.026 0.016 0.082 0.064
64 V 0.05 0.019 0.016 0.017 0.015 0.013 0.02 0.023 0.011 0.168 0.136 0.023 0.031 0.157 0.014 0.027 0.038 0.009 0.043 0.169
65 L 0.056 0.04 0.025 0.026 0.015 0.085 0.048 0.029 0.016 0.101 0.186 0.047 0.034 0.035 0.018 0.037 0.041 0.006 0.021 0.135
66 L 0.125 0.025 0.019 0.02 0.016 0.017 0.026 0.041 0.014 0.073 0.185 0.029 0.031 0.156 0.018 0.044 0.036 0.01 0.042 0.073
67 L 0.044 0.024 0.014 0.015 0.016 0.016 0.02 0.021 0.01 0.114 0.382 0.025 0.049 0.054 0.014 0.024 0.033 0.007 0.022 0.095
68 G 0.085 0.028 0.036 0.033 0.016 0.023 0.033 0.202 0.013 0.07 0.066 0.038 0.019 0.024 0.021 0.104 0.053 0.005 0.016 0.114
69 L 0.051 0.021 0.015 0.015 0.174 0.015 0.019 0.025 0.009 0.091 0.276 0.023 0.038 0.043 0.015 0.029 0.034 0.006 0.019 0.082
70 V 0.055 0.02 0.016 0.017 0.016 0.014 0.021 0.024 0.011 0.139 0.127 0.023 0.03 0.155 0.014 0.029 0.04 0.009 0.043 0.194
71 C 0.05 0.018 0.016 0.016 0.249 0.012 0.018 0.028 0.012 0.06 0.122 0.02 0.024 0.163 0.014 0.033 0.032 0.009 0.042 0.061
72 F 0.034 0.019 0.017 0.017 0.011 0.011 0.019 0.025 0.017 0.063 0.114 0.019 0.025 0.39 0.011 0.025 0.025 0.017 0.088 0.055
73 L 0.051 0.022 0.016 0.016 0.192 0.015 0.02 0.026 0.014 0.08 0.222 0.024 0.033 0.051 0.015 0.031 0.034 0.009 0.056 0.075
74 L 0.044 0.024 0.014 0.015 0.016 0.016 0.02 0.021 0.01 0.128 0.364 0.025 0.048 0.053 0.014 0.024 0.034 0.007 0.022 0.102
75 L 0.041 0.02 0.015 0.016 0.014 0.013 0.019 0.022 0.012 0.152 0.22 0.022 0.037 0.164 0.013 0.025 0.033 0.01 0.043 0.108
76 S 0.11 0.04 0.054 0.049 0.018 0.033 0.053 0.067 0.019 0.03 0.042 0.054 0.016 0.021 0.03 0.217 0.082 0.005 0.018 0.042
77 Y 0.04 0.028 0.022 0.019 0.009 0.022 0.028 0.025 0.046 0.043 0.068 0.031 0.019 0.13 0.015 0.031 0.028 0.028 0.325 0.046
78 F 0.038 0.023 0.018 0.017 0.011 0.016 0.022 0.024 0.025 0.069 0.165 0.024 0.029 0.22 0.013 0.027 0.028 0.018 0.15 0.062
79 L 0.049 0.022 0.016 0.016 0.015 0.014 0.021 0.024 0.012 0.113 0.208 0.023 0.035 0.161 0.014 0.027 0.036 0.01 0.043 0.142
80 G 0.098 0.034 0.049 0.043 0.015 0.028 0.043 0.215 0.017 0.026 0.037 0.047 0.013 0.019 0.026 0.169 0.064 0.005 0.015 0.036
81 L 0.043 0.14 0.125 0.043 0.011 0.032 0.04 0.039 0.021 0.053 0.153 0.066 0.025 0.03 0.018 0.046 0.039 0.006 0.018 0.051
82 R 0.062 0.136 0.033 0.028 0.015 0.031 0.038 0.033 0.015 0.08 0.08 0.063 0.022 0.025 0.021 0.056 0.112 0.006 0.018 0.126
83 I 0.047 0.018 0.015 0.018 0.016 0.013 0.018 0.02 0.009 0.278 0.166 0.023 0.036 0.044 0.015 0.025 0.039 0.006 0.02 0.175
84 G 0.086 0.033 0.045 0.04 0.015 0.026 0.039 0.208 0.015 0.034 0.045 0.044 0.015 0.02 0.025 0.123 0.122 0.005 0.015 0.045
85 N 0.043 0.045 0.314 0.083 0.009 0.034 0.05 0.065 0.032 0.023 0.032 0.054 0.011 0.018 0.02 0.07 0.05 0.005 0.016 0.027
86 F 0.034 0.019 0.017 0.017 0.011 0.011 0.019 0.025 0.017 0.064 0.115 0.019 0.025 0.385 0.011 0.025 0.025 0.017 0.089 0.055
87 R 0.045 0.343 0.039 0.031 0.008 0.049 0.052 0.033 0.023 0.023 0.047 0.121 0.016 0.017 0.019 0.045 0.035 0.006 0.017 0.031
88 C 0.065 0.016 0.016 0.016 0.482 0.012 0.016 0.033 0.008 0.045 0.065 0.02 0.016 0.02 0.016 0.041 0.037 0.004 0.012 0.057
89 V 0.053 0.028 0.028 0.024 0.014 0.022 0.031 0.028 0.126 0.155 0.111 0.032 0.028 0.036 0.017 0.033 0.038 0.006 0.033 0.158
90 A 0.14 0.136 0.03 0.028 0.016 0.031 0.041 0.048 0.016 0.065 0.071 0.065 0.02 0.023 0.023 0.07 0.047 0.005 0.018 0.105
91 N 0.127 0.04 0.224 0.065 0.013 0.031 0.046 0.069 0.026 0.029 0.04 0.05 0.013 0.019 0.023 0.074 0.049 0.005 0.016 0.041
92 P 0.05 0.074 0.044 0.158 0.009 0.034 0.064 0.041 0.017 0.025 0.036 0.11 0.012 0.014 0.182 0.049 0.036 0.004 0.014 0.029
93 I 0.074 0.029 0.035 0.033 0.017 0.023 0.034 0.041 0.013 0.139 0.099 0.039 0.025 0.031 0.023 0.109 0.107 0.006 0.019 0.104
94 L 0.048 0.032 0.023 0.04 0.013 0.032 0.114 0.026 0.015 0.083 0.267 0.042 0.037 0.042 0.018 0.034 0.034 0.007 0.02 0.074
95 E 0.054 0.067 0.043 0.099 0.008 0.057 0.208 0.038 0.023 0.024 0.038 0.142 0.013 0.016 0.026 0.054 0.037 0.005 0.016 0.031
96 F 0.046 0.047 0.024 0.025 0.012 0.026 0.035 0.029 0.015 0.123 0.107 0.109 0.026 0.151 0.017 0.034 0.035 0.009 0.042 0.087
97 A 0.133 0.051 0.027 0.029 0.015 0.03 0.043 0.047 0.015 0.116 0.089 0.118 0.023 0.027 0.024 0.054 0.043 0.005 0.018 0.092
98 R 0.044 0.286 0.095 0.041 0.008 0.045 0.052 0.039 0.025 0.023 0.043 0.107 0.015 0.017 0.02 0.05 0.038 0.006 0.017 0.03
99 S 0.097 0.036 0.046 0.043 0.017 0.029 0.045 0.057 0.017 0.078 0.067 0.048 0.02 0.026 0.027 0.182 0.073 0.005 0.018 0.069
100 T 0.073 0.036 0.043 0.038 0.018 0.028 0.039 0.043 0.014 0.053 0.065 0.045 0.02 0.024 0.028 0.093 0.246 0.006 0.018 0.071
101 L 0.045 0.024 0.014 0.015 0.016 0.016 0.02 0.021 0.01 0.115 0.375 0.025 0.05 0.055 0.014 0.024 0.033 0.007 0.022 0.096
102 T 0.07 0.05 0.043 0.038 0.016 0.033 0.046 0.043 0.015 0.048 0.061 0.092 0.019 0.022 0.028 0.085 0.206 0.006 0.018 0.063
103 Y 0.051 0.032 0.054 0.03 0.012 0.024 0.033 0.034 0.034 0.045 0.064 0.037 0.018 0.085 0.02 0.054 0.105 0.018 0.196 0.053
104 D 0.065 0.029 0.045 0.156 0.014 0.025 0.053 0.044 0.015 0.11 0.078 0.04 0.02 0.026 0.022 0.101 0.052 0.005 0.016 0.08
105 N 0.066 0.048 0.21 0.068 0.012 0.035 0.052 0.063 0.026 0.025 0.036 0.073 0.013 0.019 0.024 0.121 0.059 0.005 0.016 0.032
106 L 0.049 0.041 0.049 0.03 0.014 0.073 0.045 0.032 0.019 0.08 0.206 0.047 0.079 0.039 0.017 0.04 0.039 0.007 0.022 0.073
107 P 0.091 0.035 0.043 0.043 0.015 0.029 0.047 0.056 0.017 0.028 0.04 0.049 0.014 0.018 0.186 0.166 0.066 0.004 0.016 0.038
108 L 0.064 0.057 0.059 0.038 0.013 0.034 0.047 0.043 0.018 0.056 0.154 0.121 0.026 0.03 0.023 0.088 0.048 0.006 0.019 0.055
109 L 0.07 0.057 0.036 0.035 0.014 0.034 0.047 0.043 0.017 0.057 0.155 0.121 0.027 0.03 0.024 0.102 0.051 0.006 0.019 0.056
110 Y 0.047 0.062 0.038 0.033 0.009 0.053 0.054 0.035 0.115 0.031 0.05 0.124 0.017 0.057 0.021 0.043 0.032 0.013 0.13 0.035
111 N 0.042 0.044 0.324 0.082 0.009 0.033 0.049 0.065 0.031 0.022 0.031 0.053 0.011 0.018 0.02 0.069 0.049 0.004 0.016 0.027
112 R 0.044 0.242 0.03 0.025 0.01 0.037 0.041 0.029 0.019 0.053 0.158 0.088 0.027 0.03 0.017 0.037 0.034 0.006 0.019 0.052
113 L 0.041 0.131 0.023 0.021 0.011 0.025 0.03 0.026 0.017 0.067 0.18 0.054 0.03 0.155 0.015 0.031 0.031 0.01 0.042 0.06
114 G 0.141 0.029 0.045 0.157 0.014 0.026 0.054 0.175 0.016 0.029 0.039 0.042 0.012 0.018 0.024 0.077 0.042 0.005 0.014 0.04
115 L 0.051 0.054 0.025 0.025 0.013 0.032 0.039 0.031 0.015 0.08 0.206 0.115 0.078 0.039 0.019 0.038 0.037 0.007 0.021 0.073
116 T 0.059 0.03 0.034 0.03 0.015 0.022 0.032 0.037 0.015 0.056 0.081 0.036 0.021 0.147 0.022 0.07 0.178 0.009 0.041 0.065
117 V 0.063 0.025 0.018 0.018 0.018 0.02 0.025 0.026 0.011 0.142 0.151 0.029 0.077 0.039 0.016 0.034 0.046 0.006 0.022 0.215
118 L 0.052 0.023 0.015 0.016 0.017 0.016 0.021 0.022 0.009 0.13 0.297 0.025 0.043 0.048 0.015 0.027 0.038 0.007 0.022 0.156
119 L 0.052 0.023 0.015 0.016 0.017 0.016 0.021 0.022 0.009 0.13 0.297 0.025 0.043 0.048 0.015 0.027 0.038 0.007 0.022 0.156
120 F 0.04 0.024 0.018 0.018 0.013 0.017 0.022 0.026 0.016 0.079 0.163 0.025 0.075 0.25 0.013 0.029 0.031 0.013 0.061 0.07
121 Y 0.038 0.025 0.02 0.018 0.01 0.018 0.025 0.025 0.036 0.05 0.083 0.027 0.021 0.217 0.014 0.029 0.027 0.024 0.246 0.049
122 C 0.065 0.016 0.016 0.016 0.482 0.012 0.016 0.033 0.008 0.045 0.065 0.02 0.016 0.02 0.016 0.041 0.037 0.004 0.012 0.057
123 V 0.07 0.022 0.017 0.018 0.019 0.017 0.023 0.025 0.008 0.165 0.131 0.026 0.032 0.036 0.017 0.033 0.05 0.006 0.021 0.266
124 L 0.045 0.024 0.014 0.015 0.016 0.016 0.02 0.021 0.01 0.116 0.373 0.025 0.05 0.055 0.014 0.024 0.034 0.007 0.022 0.097
125 F 0.034 0.019 0.017 0.017 0.011 0.011 0.019 0.025 0.017 0.064 0.115 0.019 0.025 0.385 0.011 0.025 0.025 0.017 0.089 0.055
126 L 0.129 0.024 0.018 0.021 0.018 0.018 0.026 0.04 0.011 0.145 0.202 0.031 0.034 0.04 0.019 0.044 0.041 0.006 0.02 0.113
127 L 0.053 0.021 0.015 0.017 0.017 0.015 0.02 0.022 0.009 0.185 0.226 0.025 0.039 0.044 0.015 0.027 0.04 0.006 0.021 0.182
128 V 0.052 0.02 0.016 0.017 0.015 0.014 0.02 0.024 0.011 0.158 0.133 0.023 0.031 0.157 0.014 0.028 0.039 0.009 0.043 0.177
129 F 0.041 0.027 0.118 0.039 0.012 0.019 0.028 0.037 0.019 0.121 0.103 0.032 0.024 0.152 0.015 0.04 0.038 0.009 0.041 0.085
130 T 0.058 0.031 0.034 0.03 0.014 0.023 0.033 0.039 0.014 0.045 0.06 0.037 0.018 0.036 0.021 0.069 0.177 0.17 0.034 0.057
131 F 0.038 0.031 0.03 0.024 0.009 0.023 0.033 0.029 0.141 0.043 0.073 0.032 0.02 0.184 0.015 0.033 0.026 0.017 0.156 0.041
132 L 0.046 0.02 0.014 0.017 0.016 0.014 0.018 0.021 0.009 0.224 0.238 0.024 0.041 0.047 0.014 0.025 0.037 0.006 0.021 0.148
133 Y 0.041 0.027 0.019 0.017 0.011 0.02 0.025 0.023 0.034 0.067 0.172 0.029 0.029 0.104 0.015 0.029 0.03 0.021 0.224 0.063
134 S 0.09 0.037 0.042 0.039 0.017 0.031 0.044 0.053 0.018 0.053 0.093 0.048 0.067 0.03 0.025 0.164 0.067 0.006 0.02 0.058
135 L 0.057 0.051 0.024 0.025 0.015 0.028 0.038 0.029 0.013 0.102 0.184 0.112 0.032 0.035 0.019 0.037 0.04 0.006 0.02 0.135
136 F 0.033 0.019 0.017 0.017 0.01 0.01 0.019 0.025 0.017 0.063 0.113 0.019 0.025 0.393 0.01 0.025 0.025 0.017 0.088 0.054
137 S 0.097 0.038 0.05 0.045 0.017 0.031 0.048 0.058 0.017 0.037 0.049 0.051 0.017 0.022 0.029 0.182 0.139 0.005 0.017 0.051
138 E 0.059 0.051 0.04 0.056 0.011 0.103 0.146 0.038 0.022 0.052 0.058 0.068 0.019 0.02 0.024 0.062 0.093 0.006 0.018 0.054
139 D 0.064 0.038 0.149 0.178 0.011 0.032 0.064 0.059 0.023 0.025 0.033 0.05 0.012 0.018 0.024 0.116 0.055 0.004 0.015 0.031
140 G 0.075 0.03 0.038 0.033 0.012 0.024 0.035 0.202 0.026 0.03 0.046 0.039 0.014 0.055 0.021 0.103 0.046 0.013 0.118 0.037
141 R 0.048 0.27 0.039 0.034 0.008 0.05 0.058 0.036 0.022 0.024 0.045 0.174 0.015 0.017 0.022 0.047 0.036 0.006 0.017 0.031
142 V 0.062 0.02 0.016 0.018 0.018 0.015 0.021 0.023 0.008 0.201 0.141 0.025 0.033 0.038 0.016 0.03 0.046 0.006 0.02 0.242
143 D 0.041 0.035 0.153 0.296 0.008 0.031 0.077 0.052 0.023 0.022 0.029 0.047 0.01 0.016 0.021 0.057 0.04 0.004 0.013 0.025
144 K 0.056 0.106 0.041 0.041 0.009 0.053 0.07 0.043 0.02 0.027 0.043 0.285 0.015 0.015 0.027 0.053 0.039 0.005 0.017 0.032
145 L 0.045 0.022 0.014 0.016 0.016 0.015 0.019 0.021 0.01 0.169 0.31 0.024 0.045 0.051 0.014 0.024 0.035 0.007 0.022 0.122
146 T 0.062 0.038 0.137 0.052 0.015 0.029 0.042 0.05 0.02 0.043 0.053 0.048 0.017 0.022 0.025 0.084 0.186 0.005 0.017 0.056
147 W 0.03 0.022 0.015 0.015 0.008 0.015 0.022 0.03 0.015 0.03 0.052 0.022 0.015 0.06 0.008 0.022 0.022 0.497 0.068 0.03
148 G 0.074 0.031 0.042 0.036 0.015 0.024 0.034 0.2 0.014 0.041 0.052 0.041 0.016 0.021 0.024 0.078 0.179 0.006 0.015 0.055
149 G 0.064 0.023 0.023 0.022 0.015 0.017 0.023 0.187 0.01 0.099 0.18 0.028 0.03 0.035 0.016 0.036 0.037 0.006 0.018 0.132
150 E 0.073 0.046 0.045 0.076 0.011 0.054 0.22 0.045 0.023 0.024 0.038 0.068 0.014 0.018 0.027 0.112 0.051 0.005 0.017 0.034
151 A 0.234 0.034 0.035 0.036 0.02 0.028 0.044 0.074 0.016 0.038 0.053 0.047 0.017 0.021 0.029 0.132 0.06 0.005 0.017 0.059
152 G 0.078 0.023 0.039 0.033 0.011 0.019 0.025 0.515 0.013 0.019 0.028 0.033 0.009 0.016 0.019 0.051 0.029 0.005 0.011 0.024
153 G 0.148 0.025 0.027 0.027 0.017 0.02 0.03 0.206 0.012 0.075 0.072 0.034 0.019 0.024 0.021 0.056 0.043 0.005 0.016 0.123
154 L 0.052 0.023 0.015 0.016 0.017 0.016 0.021 0.022 0.009 0.13 0.297 0.025 0.043 0.048 0.015 0.027 0.038 0.007 0.022 0.156
155 P 0.069 0.037 0.043 0.039 0.012 0.03 0.047 0.046 0.131 0.026 0.038 0.047 0.014 0.021 0.182 0.104 0.048 0.005 0.029 0.032
156 Y 0.04 0.028 0.022 0.019 0.009 0.022 0.028 0.025 0.046 0.043 0.068 0.031 0.019 0.13 0.015 0.031 0.028 0.028 0.325 0.046
157 L 0.053 0.021 0.015 0.017 0.017 0.015 0.02 0.022 0.009 0.185 0.226 0.025 0.039 0.044 0.015 0.027 0.04 0.006 0.021 0.182
158 F 0.039 0.024 0.017 0.017 0.012 0.016 0.022 0.024 0.024 0.073 0.188 0.025 0.031 0.192 0.013 0.027 0.029 0.017 0.145 0.065
159 E 0.073 0.046 0.045 0.076 0.011 0.054 0.22 0.045 0.023 0.024 0.038 0.068 0.014 0.018 0.027 0.112 0.051 0.005 0.017 0.034
160 C 0.135 0.024 0.019 0.02 0.175 0.018 0.025 0.044 0.011 0.067 0.168 0.03 0.028 0.032 0.02 0.05 0.04 0.005 0.017 0.073
161 L 0.044 0.024 0.014 0.015 0.016 0.016 0.02 0.021 0.01 0.114 0.382 0.025 0.049 0.054 0.014 0.024 0.033 0.007 0.022 0.095
162 L 0.065 0.036 0.13 0.049 0.014 0.027 0.04 0.05 0.02 0.055 0.151 0.044 0.025 0.031 0.021 0.107 0.054 0.006 0.018 0.054
163 G 0.06 0.029 0.026 0.024 0.014 0.025 0.027 0.19 0.015 0.073 0.139 0.035 0.116 0.037 0.017 0.041 0.036 0.007 0.019 0.069
164 V 0.062 0.02 0.016 0.018 0.018 0.015 0.021 0.023 0.008 0.201 0.141 0.025 0.033 0.038 0.016 0.03 0.046 0.006 0.02 0.242
165 L 0.067 0.027 0.027 0.027 0.016 0.021 0.03 0.036 0.013 0.141 0.196 0.034 0.034 0.04 0.019 0.092 0.051 0.006 0.02 0.104
166 L 0.045 0.022 0.014 0.016 0.016 0.015 0.019 0.021 0.01 0.169 0.31 0.024 0.045 0.051 0.014 0.024 0.035 0.007 0.022 0.122
167 C 0.081 0.026 0.029 0.027 0.175 0.02 0.03 0.041 0.012 0.079 0.078 0.033 0.021 0.025 0.021 0.1 0.055 0.005 0.017 0.125
168 L 0.052 0.019 0.015 0.016 0.174 0.014 0.018 0.025 0.009 0.146 0.204 0.023 0.034 0.039 0.015 0.03 0.036 0.006 0.018 0.109
169 L 0.062 0.028 0.028 0.027 0.015 0.02 0.03 0.037 0.015 0.069 0.179 0.032 0.03 0.156 0.018 0.092 0.046 0.01 0.042 0.064
170 F 0.037 0.021 0.016 0.016 0.012 0.012 0.019 0.024 0.014 0.08 0.203 0.021 0.033 0.28 0.012 0.025 0.028 0.013 0.066 0.068
171 D 0.042 0.033 0.045 0.152 0.01 0.028 0.054 0.035 0.13 0.053 0.149 0.038 0.024 0.033 0.018 0.039 0.032 0.006 0.03 0.047
172 L 0.047 0.02 0.016 0.016 0.172 0.013 0.018 0.026 0.012 0.074 0.186 0.021 0.03 0.156 0.014 0.03 0.031 0.009 0.041 0.069
173 L 0.044 0.024 0.014 0.015 0.016 0.016 0.02 0.021 0.01 0.114 0.382 0.025 0.049 0.054 0.014 0.024 0.033 0.007 0.022 0.095
174 E 0.06 0.04 0.032 0.065 0.011 0.048 0.21 0.031 0.02 0.069 0.067 0.058 0.019 0.023 0.022 0.047 0.041 0.005 0.018 0.113
175 R 0.128 0.245 0.034 0.03 0.012 0.04 0.048 0.048 0.02 0.03 0.05 0.094 0.016 0.019 0.023 0.057 0.04 0.006 0.017 0.043
176 R 0.044 0.351 0.038 0.031 0.008 0.048 0.052 0.033 0.023 0.023 0.046 0.119 0.015 0.017 0.019 0.044 0.035 0.006 0.017 0.031
177 F 0.044 0.056 0.127 0.047 0.009 0.032 0.046 0.044 0.023 0.037 0.062 0.119 0.017 0.142 0.019 0.049 0.038 0.009 0.04 0.038
178 F 0.042 0.023 0.02 0.019 0.012 0.016 0.023 0.025 0.024 0.109 0.107 0.026 0.025 0.187 0.015 0.033 0.049 0.017 0.144 0.083
179 L 0.051 0.024 0.017 0.017 0.015 0.018 0.024 0.023 0.021 0.107 0.193 0.027 0.033 0.073 0.015 0.029 0.037 0.013 0.122 0.139
180 L 0.041 0.022 0.015 0.016 0.014 0.014 0.02 0.022 0.012 0.097 0.292 0.023 0.041 0.167 0.013 0.024 0.03 0.01 0.044 0.082
181 C 0.069 0.025 0.029 0.027 0.172 0.018 0.029 0.041 0.015 0.045 0.073 0.031 0.019 0.145 0.019 0.098 0.048 0.009 0.039 0.051
182 L 0.062 0.028 0.028 0.027 0.015 0.02 0.03 0.037 0.015 0.069 0.179 0.032 0.03 0.156 0.018 0.092 0.046 0.01 0.042 0.064
183 L 0.046 0.02 0.014 0.017 0.016 0.014 0.018 0.021 0.009 0.224 0.238 0.024 0.041 0.047 0.014 0.025 0.037 0.006 0.021 0.148
184 V 0.05 0.019 0.016 0.017 0.015 0.013 0.02 0.023 0.011 0.168 0.136 0.023 0.031 0.157 0.014 0.027 0.038 0.009 0.043 0.169
185 F 0.048 0.02 0.024 0.022 0.011 0.013 0.021 0.188 0.016 0.048 0.085 0.024 0.02 0.267 0.013 0.034 0.027 0.013 0.062 0.044
186 I 0.051 0.017 0.015 0.017 0.173 0.013 0.017 0.025 0.009 0.182 0.128 0.022 0.029 0.065 0.015 0.03 0.037 0.006 0.023 0.125
187 L 0.049 0.022 0.016 0.016 0.015 0.014 0.021 0.024 0.012 0.113 0.208 0.023 0.035 0.161 0.014 0.027 0.036 0.01 0.043 0.142
188 L 0.045 0.022 0.014 0.016 0.016 0.015 0.019 0.021 0.01 0.169 0.31 0.024 0.045 0.051 0.014 0.024 0.035 0.007 0.022 0.122
189 G 0.064 0.021 0.023 0.023 0.015 0.016 0.022 0.187 0.01 0.153 0.108 0.028 0.026 0.032 0.017 0.036 0.039 0.006 0.017 0.158
190 L 0.041 0.022 0.015 0.016 0.014 0.014 0.02 0.022 0.012 0.097 0.292 0.023 0.041 0.167 0.013 0.024 0.03 0.01 0.044 0.082
191 G 0.161 0.031 0.039 0.037 0.016 0.026 0.039 0.219 0.016 0.03 0.043 0.044 0.014 0.019 0.026 0.121 0.053 0.005 0.015 0.045
192 G 0.078 0.023 0.039 0.033 0.011 0.019 0.025 0.515 0.013 0.019 0.028 0.033 0.009 0.016 0.019 0.051 0.029 0.005 0.011 0.024
193 L 0.053 0.021 0.015 0.017 0.017 0.015 0.02 0.022 0.009 0.185 0.226 0.025 0.039 0.044 0.015 0.027 0.04 0.006 0.021 0.182
194 V 0.061 0.022 0.016 0.017 0.018 0.016 0.022 0.023 0.009 0.147 0.213 0.026 0.037 0.042 0.016 0.03 0.044 0.006 0.021 0.216
195 F 0.04 0.023 0.018 0.018 0.012 0.016 0.022 0.026 0.016 0.075 0.14 0.024 0.073 0.278 0.012 0.029 0.03 0.014 0.067 0.067
196 G 0.078 0.023 0.039 0.033 0.011 0.019 0.025 0.515 0.013 0.019 0.028 0.033 0.009 0.016 0.019 0.051 0.029 0.005 0.011 0.024
197 G 0.08 0.037 0.044 0.057 0.012 0.038 0.127 0.205 0.019 0.023 0.035 0.054 0.013 0.018 0.025 0.111 0.049 0.005 0.015 0.032
198 K 0.056 0.106 0.041 0.041 0.009 0.053 0.07 0.043 0.02 0.027 0.043 0.285 0.015 0.015 0.027 0.053 0.039 0.005 0.017 0.032
199 G 0.078 0.023 0.039 0.033 0.011 0.019 0.025 0.515 0.013 0.019 0.028 0.033 0.009 0.016 0.019 0.051 0.029 0.005 0.011 0.024
200 V 0.062 0.02 0.016 0.018 0.018 0.015 0.021 0.023 0.008 0.201 0.141 0.025 0.033 0.038 0.016 0.03 0.046 0.006 0.02 0.242
201 L 0.045 0.022 0.014 0.016 0.016 0.015 0.019 0.021 0.01 0.169 0.31 0.024 0.045 0.051 0.014 0.024 0.035 0.007 0.022 0.122
202 I 0.054 0.019 0.015 0.018 0.017 0.014 0.019 0.022 0.009 0.24 0.154 0.024 0.035 0.041 0.015 0.027 0.043 0.006 0.02 0.209
203 N 0.042 0.044 0.324 0.082 0.009 0.033 0.049 0.065 0.031 0.022 0.031 0.053 0.011 0.018 0.02 0.069 0.049 0.004 0.016 0.027
204 L 0.045 0.022 0.014 0.016 0.016 0.015 0.019 0.021 0.01 0.169 0.31 0.024 0.045 0.051 0.014 0.024 0.035 0.007 0.022 0.122
205 F 0.121 0.023 0.02 0.021 0.014 0.015 0.026 0.043 0.016 0.056 0.095 0.027 0.023 0.269 0.017 0.045 0.033 0.013 0.064 0.059
206 V 0.075 0.026 0.028 0.028 0.017 0.021 0.031 0.037 0.012 0.157 0.112 0.034 0.028 0.033 0.02 0.095 0.057 0.005 0.019 0.164
207 V 0.069 0.022 0.016 0.018 0.019 0.016 0.023 0.024 0.008 0.163 0.129 0.026 0.031 0.035 0.016 0.033 0.049 0.005 0.02 0.276
208 Y 0.05 0.026 0.02 0.018 0.012 0.02 0.026 0.025 0.034 0.083 0.088 0.029 0.023 0.098 0.016 0.031 0.035 0.02 0.223 0.123
209 L 0.045 0.022 0.014 0.016 0.016 0.015 0.019 0.021 0.01 0.169 0.31 0.024 0.045 0.051 0.014 0.024 0.035 0.007 0.022 0.122
210 L 0.074 0.028 0.028 0.027 0.017 0.022 0.032 0.037 0.012 0.102 0.184 0.035 0.032 0.037 0.02 0.095 0.054 0.006 0.02 0.138
211 V 0.06 0.024 0.018 0.018 0.016 0.018 0.025 0.025 0.021 0.123 0.109 0.028 0.027 0.067 0.016 0.032 0.042 0.013 0.122 0.2
212 R 0.049 0.158 0.031 0.03 0.011 0.038 0.046 0.032 0.017 0.11 0.085 0.143 0.022 0.025 0.02 0.041 0.038 0.006 0.018 0.079
213 F 0.072 0.031 0.038 0.034 0.015 0.024 0.037 0.045 0.016 0.048 0.073 0.039 0.02 0.146 0.022 0.115 0.12 0.009 0.041 0.055
214 R 0.048 0.259 0.04 0.036 0.008 0.106 0.068 0.035 0.025 0.024 0.046 0.109 0.017 0.016 0.021 0.048 0.037 0.006 0.018 0.032
215 K 0.049 0.072 0.033 0.037 0.009 0.04 0.072 0.036 0.02 0.039 0.066 0.179 0.018 0.141 0.022 0.044 0.034 0.009 0.041 0.04
216 P 0.069 0.037 0.133 0.054 0.012 0.029 0.046 0.055 0.021 0.026 0.036 0.049 0.012 0.017 0.183 0.113 0.055 0.004 0.015 0.033
217 I 0.042 0.018 0.015 0.017 0.014 0.012 0.018 0.022 0.011 0.206 0.149 0.022 0.033 0.16 0.013 0.025 0.035 0.009 0.043 0.135
218 R 0.071 0.145 0.116 0.051 0.012 0.038 0.051 0.054 0.023 0.026 0.04 0.075 0.014 0.019 0.024 0.127 0.058 0.005 0.017 0.034
219 L 0.077 0.032 0.034 0.032 0.017 0.024 0.036 0.043 0.015 0.072 0.211 0.039 0.032 0.037 0.022 0.125 0.057 0.006 0.02 0.068
220 F 0.043 0.051 0.026 0.025 0.009 0.028 0.039 0.031 0.028 0.044 0.075 0.112 0.02 0.179 0.018 0.036 0.031 0.017 0.143 0.044
221 S 0.087 0.144 0.049 0.043 0.014 0.038 0.052 0.055 0.02 0.027 0.043 0.075 0.015 0.02 0.026 0.166 0.066 0.005 0.017 0.038
222 L 0.041 0.02 0.015 0.016 0.014 0.013 0.019 0.022 0.012 0.152 0.22 0.022 0.037 0.164 0.013 0.025 0.033 0.01 0.043 0.108
223 V 0.05 0.019 0.016 0.017 0.015 0.013 0.02 0.023 0.011 0.168 0.136 0.023 0.031 0.157 0.014 0.027 0.038 0.009 0.043 0.169
224 G 0.053 0.02 0.023 0.023 0.012 0.014 0.021 0.187 0.013 0.12 0.102 0.025 0.024 0.151 0.015 0.034 0.031 0.009 0.04 0.084
225 L 0.053 0.021 0.015 0.017 0.017 0.015 0.02 0.022 0.009 0.185 0.226 0.025 0.039 0.044 0.015 0.027 0.04 0.006 0.021 0.182
226 L 0.039 0.022 0.015 0.016 0.013 0.013 0.02 0.023 0.013 0.089 0.246 0.022 0.037 0.222 0.012 0.025 0.029 0.012 0.055 0.075
227 F 0.121 0.023 0.02 0.021 0.014 0.015 0.026 0.043 0.016 0.056 0.095 0.027 0.023 0.269 0.017 0.045 0.033 0.013 0.064 0.059
228 P 0.057 0.022 0.018 0.022 0.015 0.017 0.025 0.027 0.01 0.156 0.11 0.03 0.026 0.031 0.176 0.034 0.041 0.005 0.018 0.161
229 L 0.044 0.024 0.014 0.015 0.016 0.016 0.02 0.021 0.01 0.114 0.382 0.025 0.049 0.054 0.014 0.024 0.033 0.007 0.022 0.095
230 S 0.095 0.038 0.048 0.043 0.017 0.031 0.047 0.057 0.017 0.041 0.06 0.05 0.029 0.024 0.028 0.178 0.121 0.006 0.018 0.053
231 I 0.054 0.019 0.015 0.018 0.017 0.014 0.019 0.022 0.009 0.24 0.154 0.024 0.035 0.041 0.015 0.027 0.043 0.006 0.02 0.209
232 V 0.062 0.02 0.016 0.018 0.018 0.015 0.021 0.023 0.008 0.201 0.141 0.025 0.033 0.038 0.016 0.03 0.046 0.006 0.02 0.242
233 I 0.047 0.018 0.015 0.018 0.016 0.013 0.018 0.021 0.009 0.271 0.168 0.024 0.037 0.044 0.015 0.025 0.04 0.006 0.021 0.177
234 F 0.065 0.026 0.028 0.028 0.015 0.019 0.03 0.037 0.015 0.114 0.104 0.032 0.025 0.152 0.018 0.093 0.049 0.009 0.042 0.099
235 L 0.044 0.024 0.014 0.015 0.016 0.016 0.02 0.021 0.01 0.114 0.382 0.025 0.049 0.054 0.014 0.024 0.033 0.007 0.022 0.095
236 F 0.034 0.019 0.017 0.017 0.011 0.011 0.019 0.025 0.017 0.064 0.115 0.019 0.025 0.385 0.011 0.025 0.025 0.017 0.089 0.055
237 L 0.045 0.022 0.014 0.016 0.016 0.015 0.019 0.021 0.01 0.169 0.31 0.024 0.045 0.051 0.014 0.024 0.035 0.007 0.022 0.122
238 T 0.063 0.031 0.033 0.03 0.017 0.024 0.033 0.036 0.012 0.073 0.17 0.038 0.029 0.034 0.023 0.069 0.18 0.006 0.019 0.079
239 V 0.078 0.045 0.038 0.038 0.015 0.091 0.059 0.044 0.019 0.073 0.072 0.057 0.022 0.024 0.023 0.105 0.057 0.005 0.019 0.118
240 I 0.055 0.022 0.016 0.018 0.017 0.018 0.022 0.024 0.01 0.195 0.161 0.027 0.068 0.042 0.015 0.03 0.043 0.006 0.021 0.188
241 V 0.057 0.021 0.016 0.017 0.016 0.014 0.022 0.025 0.011 0.13 0.124 0.023 0.029 0.155 0.014 0.03 0.041 0.009 0.043 0.202
242 F 0.033 0.019 0.017 0.017 0.01 0.01 0.019 0.025 0.017 0.063 0.113 0.019 0.025 0.393 0.01 0.025 0.025 0.017 0.088 0.054
243 F 0.033 0.019 0.017 0.017 0.01 0.01 0.019 0.025 0.017 0.063 0.113 0.019 0.025 0.393 0.01 0.025 0.025 0.017 0.088 0.054
244 G 0.078 0.023 0.039 0.033 0.011 0.019 0.025 0.515 0.013 0.019 0.028 0.033 0.009 0.016 0.019 0.051 0.029 0.005 0.011 0.024
245 G 0.187 0.027 0.032 0.031 0.016 0.022 0.033 0.296 0.014 0.031 0.043 0.039 0.013 0.019 0.024 0.068 0.039 0.005 0.014 0.046
246 A 0.153 0.03 0.031 0.032 0.018 0.024 0.037 0.055 0.014 0.107 0.086 0.041 0.023 0.028 0.025 0.113 0.057 0.005 0.018 0.103
247 G 0.076 0.036 0.139 0.055 0.012 0.028 0.042 0.215 0.021 0.023 0.034 0.047 0.012 0.018 0.023 0.116 0.053 0.005 0.015 0.031
248 S 0.096 0.034 0.041 0.038 0.018 0.027 0.042 0.052 0.015 0.074 0.071 0.044 0.021 0.026 0.025 0.163 0.07 0.005 0.018 0.12
249 N 0.043 0.045 0.317 0.083 0.009 0.034 0.049 0.065 0.032 0.022 0.032 0.054 0.011 0.018 0.02 0.07 0.049 0.004 0.016 0.027
250 V 0.07 0.022 0.016 0.018 0.019 0.016 0.023 0.025 0.008 0.165 0.13 0.026 0.032 0.036 0.016 0.033 0.049 0.006 0.021 0.269
251 D 0.041 0.03 0.069 0.397 0.008 0.03 0.091 0.047 0.019 0.022 0.028 0.045 0.009 0.015 0.022 0.052 0.035 0.004 0.011 0.024
252 D 0.149 0.033 0.049 0.16 0.015 0.029 0.061 0.063 0.017 0.031 0.043 0.047 0.014 0.019 0.027 0.121 0.055 0.005 0.015 0.045
253 G 0.151 0.025 0.034 0.032 0.014 0.021 0.03 0.369 0.014 0.027 0.038 0.037 0.012 0.018 0.022 0.062 0.036 0.005 0.013 0.039
254 F 0.037 0.021 0.016 0.016 0.012 0.012 0.019 0.024 0.014 0.08 0.203 0.021 0.033 0.28 0.012 0.025 0.028 0.013 0.066 0.068
255 L 0.137 0.025 0.019 0.021 0.019 0.019 0.028 0.041 0.011 0.107 0.19 0.032 0.033 0.037 0.02 0.047 0.044 0.006 0.02 0.147
256 A 0.297 0.031 0.025 0.029 0.021 0.025 0.04 0.078 0.015 0.043 0.059 0.044 0.017 0.021 0.029 0.084 0.049 0.005 0.017 0.068
257 L 0.041 0.022 0.015 0.016 0.014 0.014 0.019 0.022 0.012 0.111 0.274 0.023 0.04 0.166 0.013 0.024 0.031 0.01 0.044 0.088
258 L 0.05 0.026 0.025 0.023 0.015 0.018 0.026 0.03 0.013 0.077 0.186 0.03 0.031 0.157 0.017 0.047 0.104 0.01 0.043 0.073
259 S 0.172 0.037 0.044 0.042 0.019 0.03 0.048 0.07 0.018 0.034 0.047 0.05 0.016 0.021 0.029 0.18 0.071 0.005 0.017 0.05
260 R 0.044 0.351 0.038 0.031 0.008 0.048 0.052 0.033 0.023 0.023 0.046 0.119 0.015 0.017 0.019 0.044 0.035 0.006 0.017 0.031
261 L 0.053 0.021 0.015 0.017 0.017 0.015 0.02 0.022 0.009 0.185 0.226 0.025 0.039 0.044 0.015 0.027 0.04 0.006 0.021 0.182
262 L 0.055 0.026 0.017 0.018 0.017 0.02 0.024 0.024 0.011 0.126 0.235 0.029 0.083 0.046 0.015 0.031 0.041 0.007 0.022 0.154
263 A 0.297 0.031 0.025 0.029 0.021 0.025 0.04 0.078 0.015 0.043 0.059 0.044 0.017 0.021 0.029 0.084 0.049 0.005 0.017 0.068
264 T 0.084 0.037 0.047 0.041 0.018 0.029 0.043 0.051 0.015 0.045 0.057 0.048 0.018 0.023 0.028 0.137 0.196 0.006 0.018 0.061
265 L 0.041 0.02 0.015 0.016 0.014 0.013 0.019 0.022 0.012 0.152 0.22 0.022 0.037 0.164 0.013 0.025 0.033 0.01 0.043 0.108
266 D 0.041 0.03 0.068 0.403 0.007 0.03 0.09 0.046 0.019 0.022 0.028 0.044 0.009 0.015 0.022 0.052 0.035 0.004 0.011 0.024
267 G 0.078 0.023 0.039 0.033 0.011 0.019 0.025 0.515 0.013 0.019 0.028 0.033 0.009 0.016 0.019 0.051 0.029 0.005 0.011 0.024
268 T 0.072 0.035 0.043 0.037 0.018 0.027 0.039 0.043 0.014 0.053 0.064 0.045 0.02 0.023 0.027 0.092 0.254 0.006 0.018 0.07
269 F 0.042 0.026 0.019 0.018 0.012 0.02 0.025 0.026 0.026 0.068 0.125 0.028 0.071 0.19 0.014 0.031 0.031 0.017 0.145 0.064
270 I 0.067 0.025 0.028 0.028 0.016 0.02 0.029 0.035 0.012 0.195 0.125 0.033 0.029 0.036 0.02 0.092 0.053 0.006 0.019 0.13
271 I 0.047 0.018 0.015 0.018 0.016 0.013 0.018 0.02 0.009 0.278 0.166 0.023 0.036 0.044 0.015 0.025 0.039 0.006 0.02 0.175
272 F 0.037 0.021 0.016 0.016 0.012 0.012 0.019 0.024 0.014 0.08 0.203 0.021 0.033 0.28 0.012 0.025 0.028 0.013 0.066 0.068
273 F 0.043 0.051 0.026 0.025 0.009 0.028 0.039 0.031 0.028 0.044 0.075 0.112 0.02 0.179 0.018 0.036 0.031 0.017 0.143 0.044
274 D 0.127 0.035 0.139 0.172 0.013 0.029 0.06 0.063 0.021 0.029 0.039 0.047 0.013 0.018 0.024 0.068 0.044 0.004 0.015 0.04
275 G 0.056 0.145 0.11 0.045 0.009 0.035 0.044 0.202 0.022 0.022 0.036 0.088 0.012 0.017 0.02 0.053 0.037 0.005 0.015 0.028
276 L 0.055 0.026 0.017 0.018 0.017 0.02 0.024 0.024 0.011 0.126 0.235 0.029 0.083 0.046 0.015 0.031 0.041 0.007 0.022 0.154
277 Y 0.04 0.028 0.022 0.019 0.009 0.022 0.028 0.025 0.046 0.043 0.068 0.031 0.019 0.13 0.015 0.031 0.028 0.028 0.325 0.046
278 E 0.062 0.04 0.04 0.071 0.008 0.049 0.211 0.195 0.021 0.021 0.034 0.061 0.012 0.016 0.023 0.053 0.034 0.005 0.015 0.029
279 S 0.086 0.04 0.122 0.086 0.014 0.033 0.054 0.064 0.022 0.027 0.038 0.053 0.014 0.019 0.026 0.173 0.069 0.005 0.016 0.036
280 F 0.048 0.021 0.016 0.017 0.015 0.014 0.021 0.024 0.012 0.109 0.186 0.023 0.033 0.189 0.013 0.027 0.035 0.011 0.049 0.139
281 Y 0.063 0.032 0.032 0.028 0.012 0.025 0.036 0.038 0.037 0.039 0.059 0.038 0.018 0.093 0.02 0.096 0.046 0.02 0.222 0.045
282 L 0.044 0.024 0.014 0.015 0.016 0.016 0.02 0.021 0.01 0.114 0.382 0.025 0.049 0.054 0.014 0.024 0.033 0.007 0.022 0.095
283 P 0.075 0.03 0.043 0.156 0.012 0.026 0.055 0.045 0.015 0.033 0.042 0.043 0.013 0.017 0.183 0.062 0.091 0.004 0.014 0.042
284 N 0.066 0.063 0.139 0.056 0.012 0.039 0.056 0.056 0.023 0.028 0.04 0.13 0.014 0.018 0.025 0.105 0.071 0.005 0.017 0.036
285 P 0.067 0.032 0.036 0.035 0.015 0.025 0.038 0.041 0.013 0.044 0.055 0.044 0.016 0.02 0.184 0.076 0.181 0.005 0.016 0.057
286 V 0.067 0.021 0.016 0.018 0.019 0.016 0.023 0.024 0.008 0.173 0.132 0.026 0.032 0.036 0.016 0.032 0.048 0.005 0.02 0.268
287 L 0.044 0.024 0.014 0.015 0.016 0.016 0.02 0.021 0.01 0.114 0.382 0.025 0.049 0.054 0.014 0.024 0.033 0.007 0.022 0.095
288 Y 0.042 0.024 0.019 0.018 0.011 0.019 0.024 0.023 0.034 0.122 0.101 0.028 0.024 0.101 0.015 0.029 0.032 0.02 0.223 0.089
289 Y 0.04 0.028 0.022 0.019 0.009 0.022 0.028 0.025 0.046 0.043 0.068 0.031 0.019 0.13 0.015 0.031 0.028 0.028 0.325 0.046
290 L 0.044 0.023 0.017 0.017 0.014 0.017 0.022 0.022 0.022 0.145 0.205 0.026 0.035 0.076 0.015 0.027 0.033 0.014 0.122 0.105
291 F 0.059 0.026 0.029 0.027 0.013 0.018 0.03 0.039 0.017 0.052 0.089 0.03 0.022 0.269 0.017 0.093 0.044 0.013 0.064 0.05
292 D 0.041 0.03 0.068 0.403 0.007 0.03 0.09 0.046 0.019 0.022 0.028 0.044 0.009 0.015 0.022 0.052 0.035 0.004 0.011 0.024
293 F 0.045 0.02 0.017 0.017 0.013 0.012 0.02 0.025 0.014 0.096 0.118 0.021 0.027 0.274 0.012 0.028 0.033 0.013 0.065 0.128
294 F 0.044 0.023 0.017 0.018 0.014 0.017 0.021 0.024 0.014 0.147 0.158 0.026 0.077 0.161 0.014 0.029 0.035 0.01 0.044 0.107
295 A 0.136 0.027 0.021 0.022 0.017 0.021 0.03 0.042 0.023 0.083 0.085 0.034 0.022 0.062 0.02 0.049 0.042 0.013 0.121 0.13
296 S 0.109 0.04 0.054 0.048 0.017 0.033 0.052 0.066 0.019 0.029 0.041 0.054 0.016 0.021 0.029 0.228 0.081 0.005 0.017 0.041
297 R 0.048 0.27 0.039 0.034 0.008 0.05 0.058 0.036 0.022 0.024 0.045 0.174 0.015 0.017 0.022 0.047 0.036 0.006 0.017 0.031
298 I 0.042 0.018 0.015 0.017 0.014 0.012 0.018 0.022 0.011 0.206 0.149 0.022 0.033 0.16 0.013 0.025 0.035 0.009 0.043 0.135
299 Y 0.04 0.028 0.022 0.019 0.009 0.022 0.028 0.025 0.046 0.043 0.068 0.031 0.019 0.13 0.015 0.031 0.028 0.028 0.325 0.046
300 G 0.078 0.023 0.039 0.033 0.011 0.019 0.025 0.515 0.013 0.019 0.028 0.033 0.009 0.016 0.019 0.051 0.029 0.005 0.011 0.024
301 V 0.069 0.022 0.016 0.018 0.019 0.016 0.023 0.024 0.008 0.163 0.129 0.026 0.031 0.035 0.016 0.033 0.049 0.005 0.02 0.276
302 S 0.091 0.051 0.05 0.048 0.014 0.096 0.069 0.057 0.022 0.028 0.043 0.066 0.017 0.019 0.027 0.17 0.068 0.005 0.018 0.039
303 P 0.05 0.035 0.044 0.174 0.008 0.038 0.143 0.039 0.019 0.023 0.033 0.053 0.011 0.015 0.182 0.05 0.036 0.004 0.013 0.029
304 G 0.088 0.028 0.044 0.038 0.013 0.023 0.034 0.365 0.015 0.022 0.033 0.04 0.011 0.018 0.022 0.11 0.047 0.005 0.013 0.03
305 L 0.052 0.023 0.015 0.016 0.017 0.016 0.021 0.022 0.009 0.13 0.297 0.025 0.043 0.048 0.015 0.027 0.038 0.007 0.022 0.156
306 G 0.078 0.023 0.039 0.033 0.011 0.019 0.025 0.515 0.013 0.019 0.028 0.033 0.009 0.016 0.019 0.051 0.029 0.005 0.011 0.024
307 Q 0.058 0.055 0.034 0.037 0.012 0.153 0.075 0.035 0.022 0.081 0.077 0.069 0.024 0.022 0.021 0.047 0.043 0.006 0.02 0.107
308 L 0.047 0.024 0.016 0.017 0.016 0.019 0.022 0.023 0.012 0.164 0.248 0.028 0.085 0.049 0.015 0.028 0.037 0.007 0.022 0.121
309 L 0.045 0.022 0.014 0.016 0.016 0.015 0.019 0.021 0.01 0.169 0.31 0.024 0.045 0.051 0.014 0.024 0.035 0.007 0.022 0.122
310 A 0.297 0.031 0.025 0.029 0.021 0.025 0.04 0.078 0.015 0.043 0.059 0.044 0.017 0.021 0.029 0.084 0.049 0.005 0.017 0.068
311 R 0.065 0.145 0.139 0.054 0.011 0.038 0.051 0.054 0.024 0.025 0.04 0.075 0.014 0.019 0.023 0.114 0.055 0.005 0.017 0.033
312 F 0.049 0.033 0.038 0.031 0.012 0.025 0.037 0.035 0.131 0.046 0.072 0.036 0.02 0.149 0.019 0.053 0.102 0.01 0.054 0.049
313 S 0.087 0.041 0.144 0.06 0.015 0.033 0.051 0.065 0.023 0.027 0.038 0.053 0.014 0.02 0.026 0.175 0.07 0.005 0.017 0.037
314 D 0.044 0.133 0.04 0.151 0.01 0.03 0.053 0.033 0.017 0.108 0.08 0.062 0.02 0.025 0.019 0.04 0.036 0.005 0.016 0.077
315 F 0.04 0.021 0.018 0.018 0.012 0.015 0.021 0.023 0.024 0.128 0.116 0.024 0.027 0.189 0.013 0.027 0.031 0.017 0.144 0.092
316 V 0.073 0.03 0.03 0.028 0.015 0.024 0.034 0.038 0.024 0.079 0.079 0.037 0.022 0.062 0.02 0.097 0.053 0.013 0.121 0.121
317 Y 0.04 0.028 0.022 0.019 0.009 0.022 0.028 0.025 0.046 0.043 0.068 0.031 0.019 0.13 0.015 0.031 0.028 0.028 0.325 0.046
318 P 0.056 0.026 0.023 0.031 0.01 0.02 0.036 0.036 0.013 0.026 0.036 0.041 0.01 0.013 0.499 0.043 0.036 0.003 0.013 0.031
319 E 0.054 0.041 0.034 0.068 0.009 0.049 0.213 0.034 0.021 0.03 0.065 0.062 0.015 0.019 0.143 0.049 0.036 0.005 0.016 0.036
320 F 0.039 0.036 0.131 0.046 0.009 0.027 0.04 0.043 0.136 0.036 0.061 0.039 0.017 0.147 0.016 0.045 0.033 0.01 0.053 0.035
