#Seq2Logo.py -f /work3/idamei/wzy_ssn/run/1e-50/run/150/MSAs/0006_152.afa -o /work3/idamei/wzy_ssn/run/1e-50/run/150/logos/0006_152.logo
#Position Specific Frequency Matrix
A R N D C Q E G H I L K M F P S T W Y V
0 L 0.052 0.032 0.02 0.02 0.016 0.028 0.028 0.028 0.016 0.099 0.194 0.036 0.172 0.048 0.016 0.036 0.04 0.008 0.024 0.091
1 L 0.046 0.025 0.018 0.018 0.015 0.02 0.023 0.025 0.014 0.136 0.166 0.028 0.102 0.134 0.014 0.03 0.036 0.01 0.039 0.103
2 E 0.051 0.044 0.035 0.071 0.008 0.053 0.237 0.032 0.031 0.027 0.044 0.063 0.014 0.044 0.023 0.048 0.034 0.011 0.094 0.035
3 F 0.033 0.019 0.017 0.017 0.01 0.01 0.019 0.025 0.017 0.062 0.113 0.019 0.025 0.396 0.01 0.025 0.025 0.017 0.087 0.054
4 L 0.05 0.028 0.023 0.021 0.015 0.02 0.027 0.027 0.02 0.081 0.225 0.031 0.034 0.065 0.018 0.042 0.088 0.012 0.097 0.076
5 L 0.048 0.02 0.015 0.017 0.015 0.014 0.02 0.023 0.011 0.155 0.198 0.023 0.035 0.132 0.014 0.027 0.036 0.009 0.038 0.151
6 F 0.036 0.02 0.016 0.016 0.012 0.012 0.019 0.024 0.015 0.075 0.181 0.02 0.031 0.31 0.011 0.025 0.027 0.014 0.071 0.064
7 N 0.048 0.039 0.252 0.068 0.011 0.03 0.044 0.057 0.026 0.066 0.054 0.048 0.016 0.022 0.02 0.075 0.05 0.005 0.016 0.052
8 I 0.053 0.02 0.015 0.017 0.017 0.015 0.02 0.022 0.009 0.214 0.19 0.024 0.037 0.042 0.015 0.027 0.041 0.006 0.021 0.196
9 S 0.145 0.031 0.037 0.035 0.137 0.026 0.04 0.06 0.015 0.036 0.051 0.043 0.016 0.021 0.026 0.147 0.062 0.005 0.016 0.052
10 F 0.052 0.024 0.026 0.025 0.012 0.016 0.027 0.035 0.017 0.054 0.095 0.027 0.023 0.302 0.015 0.077 0.039 0.014 0.07 0.051
11 I 0.049 0.019 0.015 0.017 0.015 0.013 0.019 0.022 0.011 0.197 0.143 0.023 0.032 0.13 0.014 0.027 0.038 0.008 0.037 0.171
12 F 0.042 0.018 0.016 0.017 0.013 0.012 0.019 0.023 0.013 0.162 0.136 0.021 0.03 0.219 0.013 0.025 0.033 0.011 0.054 0.123
13 L 0.049 0.022 0.015 0.015 0.135 0.015 0.019 0.024 0.009 0.096 0.305 0.024 0.041 0.045 0.015 0.028 0.034 0.006 0.019 0.085
14 F 0.054 0.026 0.024 0.022 0.014 0.019 0.027 0.029 0.021 0.08 0.093 0.03 0.023 0.146 0.017 0.045 0.09 0.014 0.113 0.112
15 L 0.111 0.036 0.024 0.027 0.015 0.07 0.045 0.04 0.016 0.116 0.164 0.045 0.031 0.033 0.02 0.047 0.04 0.006 0.02 0.093
16 L 0.066 0.025 0.02 0.019 0.014 0.018 0.025 0.03 0.021 0.076 0.162 0.028 0.029 0.151 0.016 0.037 0.051 0.014 0.114 0.084
17 F 0.038 0.021 0.017 0.017 0.012 0.014 0.021 0.024 0.022 0.112 0.114 0.023 0.026 0.241 0.013 0.026 0.029 0.017 0.131 0.082
18 F 0.047 0.021 0.017 0.018 0.014 0.015 0.022 0.024 0.02 0.137 0.118 0.025 0.028 0.151 0.014 0.028 0.035 0.014 0.114 0.138
19 F 0.044 0.023 0.017 0.017 0.013 0.016 0.022 0.024 0.021 0.087 0.172 0.024 0.03 0.184 0.014 0.027 0.032 0.015 0.12 0.1
20 L 0.051 0.046 0.029 0.027 0.013 0.027 0.037 0.033 0.015 0.064 0.151 0.094 0.027 0.122 0.02 0.048 0.089 0.009 0.036 0.063
21 K 0.061 0.085 0.04 0.039 0.009 0.044 0.059 0.161 0.019 0.025 0.039 0.225 0.014 0.015 0.025 0.052 0.037 0.005 0.015 0.03
22 E 0.055 0.061 0.042 0.068 0.008 0.145 0.204 0.038 0.027 0.024 0.041 0.082 0.017 0.015 0.024 0.055 0.038 0.006 0.018 0.033
23 V 0.048 0.022 0.018 0.018 0.014 0.016 0.022 0.024 0.022 0.136 0.115 0.026 0.027 0.129 0.015 0.029 0.035 0.015 0.134 0.138
24 K 0.057 0.085 0.113 0.052 0.009 0.046 0.063 0.05 0.023 0.026 0.04 0.21 0.014 0.016 0.026 0.072 0.045 0.005 0.017 0.032
25 K 0.064 0.067 0.036 0.035 0.012 0.037 0.051 0.081 0.017 0.048 0.127 0.162 0.023 0.026 0.024 0.075 0.044 0.006 0.018 0.049
26 P 0.054 0.031 0.102 0.042 0.013 0.023 0.035 0.041 0.017 0.095 0.074 0.04 0.019 0.024 0.141 0.057 0.095 0.005 0.017 0.075
27 S 0.083 0.034 0.041 0.037 0.017 0.027 0.04 0.049 0.015 0.056 0.133 0.044 0.025 0.03 0.025 0.145 0.113 0.006 0.018 0.062
28 F 0.051 0.02 0.016 0.017 0.015 0.013 0.021 0.025 0.012 0.112 0.12 0.022 0.028 0.216 0.013 0.029 0.037 0.011 0.054 0.167
29 L 0.048 0.028 0.017 0.017 0.016 0.022 0.024 0.024 0.013 0.106 0.289 0.03 0.111 0.051 0.015 0.03 0.036 0.007 0.023 0.093
30 L 0.042 0.022 0.015 0.016 0.015 0.015 0.02 0.022 0.012 0.128 0.264 0.024 0.051 0.137 0.013 0.025 0.033 0.009 0.038 0.098
31 L 0.045 0.027 0.017 0.017 0.014 0.02 0.024 0.024 0.02 0.092 0.258 0.029 0.072 0.071 0.015 0.029 0.033 0.012 0.099 0.082
32 W 0.037 0.022 0.015 0.016 0.012 0.015 0.021 0.025 0.012 0.114 0.164 0.023 0.029 0.054 0.011 0.023 0.029 0.253 0.044 0.082
33 G 0.077 0.023 0.039 0.033 0.011 0.019 0.025 0.517 0.013 0.019 0.028 0.033 0.009 0.016 0.019 0.051 0.029 0.005 0.011 0.024
34 V 0.052 0.025 0.018 0.018 0.015 0.02 0.024 0.024 0.02 0.146 0.139 0.029 0.065 0.064 0.015 0.031 0.039 0.012 0.098 0.148
35 I 0.077 0.022 0.021 0.022 0.017 0.017 0.024 0.03 0.01 0.194 0.13 0.029 0.031 0.036 0.018 0.043 0.079 0.006 0.02 0.174
36 I 0.049 0.019 0.015 0.017 0.015 0.013 0.019 0.022 0.011 0.197 0.143 0.023 0.032 0.13 0.014 0.027 0.038 0.008 0.037 0.171
37 I 0.046 0.019 0.014 0.017 0.016 0.014 0.018 0.02 0.009 0.24 0.22 0.024 0.039 0.046 0.014 0.024 0.038 0.006 0.021 0.154
38 F 0.035 0.021 0.018 0.017 0.01 0.013 0.021 0.025 0.024 0.058 0.101 0.022 0.023 0.329 0.012 0.026 0.026 0.019 0.148 0.052
39 F 0.045 0.021 0.016 0.016 0.014 0.013 0.02 0.024 0.013 0.1 0.185 0.022 0.033 0.22 0.013 0.027 0.033 0.011 0.054 0.121
40 A 0.137 0.032 0.034 0.033 0.019 0.025 0.038 0.052 0.014 0.072 0.073 0.042 0.021 0.025 0.025 0.11 0.109 0.005 0.018 0.115
41 P 0.056 0.025 0.023 0.031 0.01 0.02 0.036 0.036 0.013 0.025 0.036 0.041 0.01 0.013 0.501 0.043 0.036 0.003 0.013 0.031
42 L 0.086 0.026 0.025 0.026 0.017 0.02 0.029 0.037 0.012 0.137 0.174 0.033 0.032 0.037 0.02 0.082 0.05 0.006 0.02 0.13
43 W 0.039 0.027 0.024 0.021 0.01 0.02 0.029 0.03 0.101 0.081 0.074 0.028 0.02 0.048 0.012 0.028 0.028 0.253 0.053 0.073
44 Y 0.04 0.028 0.021 0.018 0.009 0.021 0.028 0.025 0.046 0.043 0.067 0.031 0.018 0.129 0.015 0.031 0.028 0.028 0.328 0.046
45 I 0.048 0.021 0.016 0.018 0.016 0.017 0.02 0.022 0.01 0.236 0.173 0.026 0.07 0.045 0.015 0.027 0.039 0.006 0.021 0.153
46 F 0.035 0.025 0.094 0.033 0.01 0.016 0.026 0.035 0.02 0.052 0.092 0.027 0.022 0.301 0.013 0.036 0.031 0.014 0.069 0.047
47 L 0.039 0.022 0.016 0.016 0.051 0.015 0.021 0.026 0.019 0.062 0.154 0.023 0.027 0.151 0.012 0.026 0.028 0.136 0.1 0.057
48 G 0.077 0.023 0.039 0.033 0.011 0.019 0.025 0.517 0.013 0.019 0.028 0.033 0.009 0.016 0.019 0.051 0.029 0.005 0.011 0.024
49 G 0.077 0.023 0.039 0.033 0.011 0.019 0.025 0.517 0.013 0.019 0.028 0.033 0.009 0.016 0.019 0.051 0.029 0.005 0.011 0.024
50 E 0.054 0.049 0.04 0.089 0.007 0.064 0.307 0.034 0.025 0.022 0.036 0.074 0.013 0.016 0.025 0.054 0.036 0.005 0.016 0.031
51 K 0.069 0.089 0.044 0.043 0.011 0.048 0.065 0.048 0.02 0.028 0.042 0.23 0.015 0.017 0.028 0.097 0.05 0.005 0.017 0.035
52 Y 0.04 0.028 0.021 0.018 0.009 0.021 0.028 0.025 0.046 0.043 0.067 0.031 0.018 0.129 0.015 0.031 0.028 0.028 0.328 0.046
53 K 0.05 0.122 0.035 0.032 0.01 0.041 0.053 0.035 0.047 0.048 0.128 0.174 0.024 0.026 0.022 0.043 0.036 0.006 0.022 0.047
54 A 0.13 0.034 0.037 0.033 0.016 0.028 0.042 0.051 0.102 0.064 0.066 0.042 0.02 0.027 0.023 0.097 0.051 0.006 0.028 0.103
55 F 0.037 0.023 0.019 0.018 0.01 0.016 0.023 0.025 0.031 0.053 0.09 0.025 0.022 0.262 0.013 0.028 0.026 0.022 0.208 0.05
56 G 0.095 0.034 0.051 0.074 0.015 0.029 0.048 0.177 0.017 0.026 0.037 0.048 0.013 0.019 0.026 0.171 0.064 0.005 0.015 0.036
57 L 0.05 0.028 0.035 0.118 0.014 0.022 0.042 0.033 0.013 0.075 0.215 0.035 0.032 0.036 0.019 0.048 0.09 0.006 0.018 0.071
58 E 0.064 0.042 0.05 0.158 0.01 0.047 0.189 0.045 0.022 0.024 0.035 0.062 0.013 0.017 0.026 0.098 0.047 0.005 0.015 0.032
59 S 0.108 0.04 0.053 0.048 0.017 0.033 0.052 0.065 0.019 0.029 0.041 0.053 0.015 0.021 0.029 0.231 0.081 0.005 0.017 0.041
60 Y 0.106 0.032 0.033 0.03 0.014 0.026 0.038 0.047 0.032 0.038 0.057 0.04 0.017 0.075 0.022 0.106 0.049 0.016 0.173 0.048
61 L 0.045 0.036 0.032 0.04 0.01 0.035 0.102 0.029 0.111 0.05 0.132 0.044 0.024 0.057 0.018 0.038 0.031 0.012 0.106 0.049
62 L 0.055 0.033 0.035 0.119 0.014 0.024 0.046 0.033 0.013 0.086 0.149 0.055 0.027 0.031 0.02 0.047 0.075 0.005 0.018 0.114
63 F 0.11 0.026 0.025 0.025 0.015 0.018 0.029 0.042 0.015 0.055 0.087 0.032 0.022 0.209 0.019 0.056 0.089 0.011 0.052 0.062
64 Y 0.043 0.023 0.018 0.018 0.013 0.017 0.023 0.022 0.027 0.162 0.116 0.027 0.027 0.086 0.015 0.028 0.033 0.017 0.174 0.11
65 L 0.043 0.029 0.095 0.034 0.013 0.02 0.028 0.035 0.017 0.073 0.202 0.032 0.031 0.128 0.016 0.041 0.054 0.009 0.036 0.066
66 L 0.045 0.021 0.014 0.016 0.016 0.015 0.019 0.021 0.009 0.198 0.275 0.024 0.043 0.049 0.014 0.024 0.036 0.006 0.021 0.134
67 G 0.133 0.025 0.035 0.032 0.013 0.02 0.029 0.407 0.014 0.025 0.036 0.036 0.011 0.017 0.021 0.059 0.034 0.005 0.012 0.035
68 C 0.121 0.025 0.025 0.025 0.137 0.019 0.028 0.043 0.011 0.105 0.088 0.033 0.022 0.027 0.022 0.06 0.096 0.005 0.017 0.092
69 L 0.047 0.022 0.015 0.016 0.015 0.014 0.02 0.023 0.012 0.109 0.23 0.023 0.036 0.163 0.013 0.026 0.034 0.01 0.043 0.127
70 S 0.091 0.037 0.045 0.041 0.015 0.03 0.046 0.055 0.026 0.033 0.048 0.048 0.016 0.048 0.026 0.181 0.067 0.011 0.095 0.042
71 C 0.105 0.026 0.027 0.027 0.136 0.02 0.029 0.042 0.012 0.104 0.087 0.034 0.022 0.027 0.022 0.072 0.098 0.005 0.017 0.09
72 L 0.087 0.024 0.016 0.018 0.017 0.017 0.023 0.03 0.011 0.116 0.312 0.028 0.043 0.048 0.017 0.034 0.036 0.007 0.021 0.097
73 V 0.07 0.022 0.016 0.018 0.019 0.016 0.023 0.025 0.008 0.165 0.13 0.026 0.032 0.036 0.016 0.033 0.049 0.006 0.021 0.269
74 L 0.041 0.023 0.015 0.015 0.015 0.015 0.02 0.022 0.012 0.101 0.317 0.023 0.043 0.139 0.013 0.024 0.031 0.009 0.038 0.085
75 I 0.046 0.019 0.014 0.017 0.016 0.014 0.018 0.02 0.009 0.24 0.22 0.024 0.039 0.046 0.014 0.024 0.038 0.006 0.021 0.154
76 L 0.112 0.028 0.02 0.022 0.017 0.023 0.028 0.038 0.014 0.131 0.153 0.035 0.1 0.04 0.019 0.045 0.042 0.007 0.021 0.106
77 L 0.042 0.021 0.015 0.016 0.015 0.014 0.019 0.022 0.011 0.143 0.262 0.023 0.04 0.137 0.013 0.024 0.033 0.009 0.038 0.104
78 Y 0.041 0.026 0.02 0.018 0.011 0.02 0.025 0.025 0.031 0.062 0.11 0.029 0.059 0.175 0.014 0.031 0.03 0.02 0.192 0.059
79 I 0.046 0.019 0.014 0.017 0.016 0.014 0.018 0.02 0.009 0.24 0.22 0.024 0.039 0.046 0.014 0.024 0.038 0.006 0.021 0.154
80 L 0.045 0.021 0.014 0.016 0.016 0.015 0.019 0.021 0.009 0.198 0.275 0.024 0.043 0.049 0.014 0.024 0.036 0.006 0.021 0.134
81 C 0.065 0.016 0.016 0.016 0.482 0.012 0.016 0.033 0.008 0.045 0.065 0.02 0.016 0.02 0.016 0.041 0.037 0.004 0.012 0.057
82 H 0.042 0.046 0.054 0.038 0.008 0.038 0.054 0.038 0.353 0.023 0.038 0.046 0.015 0.031 0.019 0.042 0.027 0.008 0.057 0.023
83 L 0.045 0.024 0.014 0.015 0.016 0.016 0.02 0.021 0.01 0.116 0.373 0.025 0.05 0.055 0.014 0.024 0.034 0.007 0.022 0.097
84 F 0.034 0.019 0.017 0.017 0.011 0.011 0.019 0.025 0.017 0.064 0.115 0.019 0.025 0.385 0.011 0.025 0.025 0.017 0.089 0.055
85 F 0.036 0.02 0.016 0.016 0.012 0.012 0.019 0.024 0.015 0.075 0.181 0.02 0.031 0.31 0.011 0.025 0.027 0.014 0.071 0.064
86 N 0.062 0.058 0.187 0.063 0.011 0.038 0.055 0.059 0.025 0.025 0.036 0.112 0.013 0.018 0.024 0.105 0.054 0.005 0.016 0.032
87 A 0.13 0.112 0.033 0.031 0.016 0.03 0.042 0.05 0.016 0.064 0.068 0.06 0.02 0.024 0.023 0.098 0.053 0.005 0.018 0.105
88 N 0.06 0.036 0.18 0.057 0.013 0.028 0.042 0.054 0.022 0.089 0.067 0.046 0.018 0.025 0.021 0.098 0.054 0.005 0.017 0.067
89 F 0.039 0.02 0.015 0.016 0.013 0.012 0.019 0.023 0.013 0.13 0.194 0.021 0.034 0.222 0.012 0.025 0.031 0.012 0.054 0.094
90 Y 0.04 0.028 0.022 0.019 0.009 0.022 0.028 0.025 0.047 0.044 0.068 0.031 0.019 0.131 0.016 0.031 0.028 0.028 0.318 0.047
91 N 0.046 0.054 0.177 0.055 0.011 0.034 0.047 0.048 0.023 0.046 0.122 0.105 0.022 0.026 0.02 0.053 0.042 0.005 0.017 0.045
92 R 0.053 0.131 0.036 0.032 0.011 0.037 0.047 0.036 0.026 0.036 0.055 0.121 0.017 0.046 0.022 0.055 0.09 0.011 0.095 0.045
93 V 0.064 0.024 0.025 0.025 0.016 0.018 0.028 0.034 0.013 0.134 0.112 0.03 0.027 0.124 0.018 0.078 0.048 0.008 0.036 0.137
94 L 0.067 0.125 0.038 0.034 0.013 0.036 0.047 0.042 0.018 0.048 0.128 0.102 0.024 0.027 0.023 0.103 0.05 0.006 0.018 0.05
95 L 0.112 0.044 0.024 0.026 0.015 0.027 0.037 0.04 0.013 0.116 0.163 0.095 0.029 0.033 0.021 0.046 0.04 0.006 0.019 0.092
96 C 0.062 0.03 0.026 0.038 0.212 0.031 0.095 0.034 0.015 0.051 0.088 0.04 0.054 0.026 0.019 0.058 0.041 0.005 0.016 0.057
97 K 0.061 0.078 0.035 0.034 0.011 0.041 0.054 0.078 0.017 0.06 0.063 0.202 0.019 0.02 0.024 0.047 0.041 0.005 0.017 0.093
98 I 0.068 0.025 0.025 0.026 0.017 0.019 0.029 0.034 0.011 0.167 0.114 0.033 0.028 0.033 0.059 0.08 0.052 0.005 0.019 0.155
99 N 0.047 0.059 0.149 0.049 0.011 0.026 0.038 0.043 0.02 0.088 0.067 0.048 0.017 0.023 0.139 0.049 0.042 0.004 0.016 0.065
100 N 0.047 0.038 0.127 0.062 0.011 0.037 0.125 0.04 0.022 0.071 0.126 0.051 0.023 0.028 0.02 0.049 0.04 0.005 0.018 0.06
101 F 0.061 0.029 0.031 0.028 0.012 0.022 0.033 0.038 0.027 0.045 0.074 0.034 0.02 0.182 0.018 0.095 0.045 0.016 0.144 0.047
102 I 0.049 0.036 0.024 0.027 0.014 0.084 0.045 0.027 0.015 0.196 0.126 0.046 0.031 0.034 0.017 0.035 0.04 0.006 0.02 0.128
103 S 0.11 0.04 0.054 0.049 0.018 0.033 0.052 0.066 0.019 0.03 0.042 0.054 0.016 0.021 0.03 0.22 0.082 0.005 0.018 0.042
104 Y 0.122 0.031 0.03 0.029 0.014 0.025 0.037 0.048 0.031 0.039 0.059 0.04 0.017 0.075 0.022 0.094 0.046 0.016 0.173 0.05
105 R 0.047 0.13 0.038 0.097 0.01 0.039 0.076 0.035 0.019 0.046 0.126 0.122 0.022 0.025 0.021 0.043 0.035 0.006 0.017 0.046
106 R 0.064 0.131 0.039 0.036 0.012 0.037 0.05 0.043 0.019 0.035 0.057 0.122 0.017 0.081 0.023 0.094 0.064 0.007 0.029 0.041
107 I 0.116 0.022 0.018 0.02 0.018 0.017 0.024 0.036 0.01 0.192 0.129 0.029 0.03 0.036 0.019 0.041 0.044 0.006 0.02 0.174
108 L 0.052 0.025 0.021 0.021 0.016 0.018 0.024 0.026 0.011 0.14 0.25 0.029 0.038 0.044 0.017 0.041 0.091 0.006 0.02 0.108
109 N 0.052 0.054 0.178 0.056 0.011 0.034 0.048 0.049 0.023 0.058 0.058 0.105 0.017 0.021 0.021 0.056 0.046 0.005 0.017 0.091
110 I 0.064 0.025 0.025 0.025 0.017 0.019 0.027 0.031 0.011 0.174 0.12 0.032 0.029 0.034 0.019 0.06 0.1 0.006 0.019 0.163
111 Y 0.064 0.024 0.019 0.019 0.013 0.018 0.024 0.027 0.028 0.142 0.108 0.029 0.026 0.084 0.016 0.033 0.034 0.017 0.174 0.101
112 F 0.039 0.02 0.015 0.016 0.013 0.012 0.019 0.023 0.013 0.13 0.194 0.021 0.034 0.222 0.012 0.025 0.031 0.012 0.054 0.094
113 L 0.059 0.028 0.029 0.027 0.015 0.021 0.03 0.035 0.017 0.066 0.153 0.034 0.027 0.132 0.019 0.076 0.095 0.011 0.062 0.065
114 L 0.041 0.022 0.015 0.016 0.014 0.014 0.02 0.022 0.012 0.097 0.292 0.023 0.041 0.167 0.013 0.024 0.03 0.01 0.044 0.082
115 C 0.054 0.02 0.015 0.016 0.254 0.014 0.018 0.027 0.009 0.079 0.224 0.022 0.032 0.037 0.015 0.032 0.034 0.006 0.017 0.075
116 Y 0.043 0.024 0.018 0.017 0.013 0.018 0.023 0.023 0.028 0.12 0.171 0.027 0.03 0.089 0.015 0.028 0.032 0.017 0.175 0.09
117 L 0.06 0.027 0.026 0.026 0.015 0.021 0.029 0.035 0.015 0.118 0.128 0.033 0.062 0.127 0.018 0.079 0.046 0.009 0.037 0.09
118 L 0.042 0.019 0.015 0.017 0.015 0.013 0.018 0.022 0.011 0.185 0.207 0.023 0.037 0.134 0.013 0.025 0.034 0.009 0.038 0.124
119 L 0.049 0.024 0.016 0.016 0.015 0.017 0.023 0.023 0.018 0.108 0.241 0.027 0.037 0.068 0.015 0.028 0.036 0.012 0.098 0.129
120 L 0.076 0.027 0.022 0.022 0.017 0.02 0.027 0.032 0.011 0.101 0.235 0.032 0.036 0.04 0.019 0.047 0.093 0.006 0.02 0.117
121 L 0.044 0.024 0.017 0.017 0.015 0.016 0.021 0.024 0.012 0.096 0.29 0.025 0.04 0.137 0.014 0.03 0.05 0.009 0.038 0.083
122 Y 0.04 0.028 0.021 0.018 0.009 0.021 0.028 0.025 0.046 0.043 0.067 0.031 0.018 0.129 0.015 0.031 0.028 0.028 0.328 0.046
123 I 0.046 0.017 0.014 0.017 0.016 0.013 0.017 0.02 0.009 0.282 0.165 0.023 0.036 0.044 0.014 0.025 0.039 0.006 0.02 0.174
124 L 0.047 0.02 0.014 0.016 0.016 0.015 0.019 0.021 0.009 0.202 0.254 0.024 0.041 0.047 0.014 0.025 0.037 0.006 0.021 0.15
125 Y 0.039 0.024 0.018 0.017 0.011 0.017 0.023 0.024 0.03 0.066 0.158 0.026 0.028 0.177 0.014 0.028 0.028 0.02 0.191 0.06
126 Y 0.04 0.028 0.021 0.018 0.009 0.021 0.028 0.025 0.046 0.043 0.067 0.031 0.018 0.129 0.015 0.031 0.028 0.028 0.328 0.046
127 W 0.054 0.025 0.024 0.024 0.012 0.019 0.028 0.036 0.014 0.093 0.078 0.03 0.02 0.046 0.015 0.075 0.041 0.253 0.043 0.069
128 N 0.052 0.096 0.183 0.058 0.009 0.034 0.045 0.17 0.024 0.022 0.034 0.079 0.012 0.017 0.02 0.059 0.041 0.005 0.015 0.027
129 H 0.064 0.043 0.042 0.045 0.012 0.054 0.093 0.042 0.106 0.043 0.078 0.053 0.055 0.028 0.022 0.091 0.046 0.007 0.029 0.047
130 W 0.03 0.022 0.015 0.015 0.007 0.015 0.022 0.03 0.015 0.03 0.052 0.022 0.015 0.06 0.007 0.022 0.022 0.5 0.067 0.03
131 P 0.056 0.025 0.023 0.031 0.01 0.02 0.036 0.036 0.013 0.025 0.036 0.041 0.01 0.013 0.501 0.043 0.036 0.003 0.013 0.031
132 L 0.041 0.023 0.015 0.015 0.015 0.015 0.02 0.022 0.012 0.101 0.317 0.023 0.043 0.139 0.013 0.024 0.031 0.009 0.038 0.085
133 L 0.042 0.021 0.015 0.016 0.015 0.014 0.019 0.022 0.011 0.143 0.262 0.023 0.04 0.137 0.013 0.024 0.033 0.009 0.038 0.104
134 N 0.045 0.057 0.212 0.126 0.009 0.037 0.061 0.056 0.026 0.023 0.033 0.111 0.012 0.017 0.022 0.062 0.044 0.004 0.015 0.028
135 A 0.234 0.028 0.023 0.026 0.019 0.022 0.035 0.064 0.015 0.048 0.072 0.038 0.019 0.115 0.025 0.069 0.043 0.008 0.035 0.064
136 F 0.044 0.019 0.016 0.017 0.014 0.012 0.019 0.023 0.013 0.152 0.133 0.021 0.03 0.218 0.013 0.026 0.034 0.011 0.054 0.132
137 S 0.098 0.035 0.044 0.041 0.018 0.029 0.044 0.055 0.016 0.062 0.063 0.046 0.019 0.024 0.026 0.182 0.073 0.005 0.018 0.101
138 G 0.075 0.025 0.039 0.038 0.01 0.022 0.049 0.477 0.014 0.019 0.029 0.037 0.01 0.016 0.019 0.051 0.03 0.005 0.011 0.025
139 N 0.055 0.05 0.111 0.106 0.011 0.032 0.052 0.084 0.019 0.058 0.057 0.102 0.017 0.021 0.021 0.051 0.042 0.005 0.016 0.091
140 I 0.048 0.018 0.015 0.017 0.016 0.013 0.018 0.021 0.009 0.272 0.162 0.023 0.036 0.043 0.015 0.025 0.04 0.006 0.02 0.183
141 V 0.073 0.025 0.025 0.025 0.018 0.02 0.029 0.034 0.011 0.159 0.116 0.032 0.028 0.034 0.019 0.08 0.054 0.005 0.02 0.194
142 D 0.045 0.042 0.06 0.29 0.008 0.082 0.111 0.044 0.022 0.023 0.033 0.058 0.012 0.015 0.023 0.053 0.036 0.004 0.014 0.027
143 R 0.044 0.355 0.038 0.031 0.008 0.048 0.052 0.032 0.023 0.023 0.046 0.118 0.015 0.017 0.019 0.044 0.034 0.006 0.017 0.031
144 P 0.056 0.025 0.023 0.031 0.01 0.02 0.036 0.036 0.013 0.025 0.036 0.041 0.01 0.013 0.501 0.043 0.036 0.003 0.013 0.031
145 D 0.04 0.029 0.068 0.406 0.007 0.029 0.09 0.046 0.018 0.022 0.028 0.044 0.009 0.015 0.022 0.051 0.035 0.004 0.011 0.024
146 I 0.052 0.018 0.015 0.017 0.017 0.014 0.019 0.021 0.009 0.252 0.156 0.024 0.035 0.041 0.015 0.027 0.042 0.006 0.02 0.2
147 V 0.069 0.022 0.016 0.018 0.019 0.016 0.023 0.024 0.008 0.162 0.128 0.026 0.031 0.035 0.016 0.032 0.049 0.005 0.02 0.28
148 K 0.056 0.106 0.041 0.041 0.008 0.053 0.07 0.043 0.02 0.027 0.043 0.289 0.015 0.015 0.027 0.053 0.039 0.005 0.017 0.032
149 G 0.085 0.027 0.042 0.037 0.012 0.022 0.032 0.404 0.015 0.021 0.031 0.038 0.011 0.017 0.021 0.096 0.042 0.005 0.012 0.028
150 D 0.053 0.03 0.072 0.221 0.012 0.026 0.061 0.042 0.016 0.062 0.059 0.04 0.017 0.022 0.021 0.055 0.077 0.005 0.015 0.096
151 F 0.033 0.019 0.017 0.017 0.01 0.01 0.019 0.025 0.017 0.062 0.113 0.019 0.025 0.396 0.01 0.025 0.025 0.017 0.087 0.054
152 K 0.056 0.097 0.042 0.042 0.009 0.096 0.078 0.042 0.023 0.027 0.044 0.239 0.017 0.015 0.026 0.053 0.039 0.005 0.018 0.033
153 G 0.066 0.022 0.033 0.029 0.011 0.017 0.024 0.394 0.014 0.03 0.049 0.03 0.013 0.111 0.017 0.044 0.028 0.008 0.03 0.032
154 Y 0.038 0.025 0.02 0.018 0.009 0.019 0.025 0.025 0.039 0.048 0.079 0.028 0.02 0.196 0.014 0.029 0.027 0.025 0.268 0.048
155 F 0.033 0.019 0.017 0.017 0.01 0.01 0.019 0.025 0.017 0.062 0.113 0.019 0.025 0.396 0.01 0.025 0.025 0.017 0.087 0.054
156 L 0.052 0.025 0.021 0.021 0.016 0.018 0.024 0.026 0.011 0.14 0.25 0.029 0.038 0.044 0.017 0.041 0.091 0.006 0.02 0.108
157 F 0.044 0.022 0.018 0.017 0.012 0.015 0.022 0.025 0.022 0.083 0.105 0.023 0.025 0.239 0.013 0.028 0.032 0.017 0.131 0.109
158 S 0.099 0.038 0.051 0.045 0.017 0.031 0.048 0.06 0.018 0.035 0.047 0.051 0.016 0.021 0.029 0.196 0.125 0.005 0.017 0.048
159 V 0.063 0.026 0.022 0.022 0.018 0.019 0.026 0.028 0.01 0.123 0.176 0.03 0.033 0.037 0.018 0.045 0.097 0.006 0.02 0.181
160 F 0.04 0.018 0.016 0.017 0.013 0.012 0.018 0.023 0.013 0.172 0.139 0.021 0.031 0.22 0.012 0.025 0.032 0.011 0.054 0.114
161 V 0.08 0.029 0.032 0.03 0.018 0.023 0.034 0.039 0.012 0.102 0.091 0.037 0.024 0.029 0.022 0.097 0.109 0.005 0.019 0.168
162 N 0.059 0.043 0.259 0.073 0.011 0.033 0.049 0.065 0.028 0.024 0.034 0.053 0.012 0.018 0.022 0.109 0.057 0.005 0.016 0.03
163 I 0.049 0.019 0.015 0.017 0.015 0.013 0.019 0.022 0.011 0.197 0.143 0.023 0.032 0.13 0.014 0.027 0.038 0.008 0.037 0.171
164 I 0.116 0.022 0.018 0.02 0.018 0.017 0.024 0.036 0.01 0.192 0.129 0.029 0.03 0.036 0.019 0.041 0.044 0.006 0.02 0.174
165 L 0.046 0.025 0.018 0.018 0.015 0.02 0.023 0.025 0.014 0.136 0.166 0.028 0.102 0.134 0.014 0.03 0.036 0.01 0.039 0.103
166 P 0.056 0.025 0.023 0.031 0.01 0.02 0.036 0.036 0.013 0.025 0.036 0.041 0.01 0.013 0.501 0.043 0.036 0.003 0.013 0.031
167 S 0.084 0.031 0.042 0.038 0.014 0.025 0.039 0.131 0.017 0.036 0.057 0.041 0.017 0.114 0.023 0.15 0.058 0.008 0.034 0.042
168 L 0.05 0.02 0.015 0.016 0.135 0.014 0.018 0.024 0.009 0.138 0.25 0.023 0.038 0.043 0.015 0.028 0.035 0.006 0.019 0.105
169 Y 0.044 0.022 0.019 0.017 0.13 0.016 0.022 0.027 0.029 0.048 0.078 0.025 0.019 0.168 0.014 0.032 0.029 0.019 0.189 0.051
170 F 0.036 0.02 0.016 0.016 0.012 0.012 0.019 0.024 0.015 0.075 0.181 0.02 0.031 0.31 0.011 0.025 0.027 0.014 0.071 0.064
171 L 0.059 0.032 0.031 0.027 0.014 0.024 0.034 0.035 0.074 0.072 0.215 0.036 0.032 0.048 0.019 0.079 0.043 0.008 0.052 0.065
172 Y 0.04 0.026 0.02 0.018 0.01 0.02 0.026 0.024 0.038 0.056 0.124 0.029 0.024 0.139 0.015 0.029 0.028 0.023 0.257 0.055
173 Y 0.04 0.028 0.022 0.019 0.009 0.022 0.028 0.025 0.047 0.044 0.068 0.031 0.019 0.131 0.016 0.031 0.028 0.028 0.318 0.047
174 L 0.051 0.063 0.028 0.029 0.012 0.034 0.044 0.032 0.015 0.112 0.159 0.156 0.029 0.032 0.021 0.038 0.038 0.006 0.019 0.083
175 D 0.074 0.036 0.082 0.2 0.012 0.031 0.067 0.057 0.02 0.026 0.035 0.049 0.012 0.018 0.025 0.143 0.059 0.004 0.015 0.033
176 K 0.053 0.154 0.04 0.05 0.008 0.054 0.124 0.038 0.022 0.025 0.042 0.193 0.015 0.016 0.025 0.051 0.037 0.005 0.017 0.032
177 R 0.049 0.138 0.112 0.061 0.008 0.049 0.119 0.043 0.025 0.024 0.039 0.134 0.014 0.017 0.023 0.055 0.04 0.005 0.017 0.03
178 G 0.062 0.052 0.112 0.048 0.011 0.033 0.046 0.167 0.02 0.03 0.041 0.105 0.014 0.018 0.023 0.066 0.094 0.005 0.015 0.038
179 K 0.052 0.062 0.028 0.03 0.012 0.033 0.044 0.032 0.015 0.15 0.105 0.151 0.026 0.03 0.021 0.039 0.04 0.006 0.019 0.105
180 K 0.057 0.085 0.045 0.041 0.009 0.047 0.064 0.043 0.106 0.026 0.041 0.208 0.015 0.019 0.025 0.065 0.039 0.006 0.027 0.031
181 W 0.051 0.049 0.029 0.028 0.012 0.029 0.039 0.035 0.015 0.051 0.113 0.101 0.022 0.037 0.019 0.05 0.093 0.14 0.032 0.053
182 F 0.053 0.027 0.03 0.027 0.014 0.019 0.029 0.034 0.015 0.057 0.088 0.032 0.022 0.21 0.019 0.058 0.141 0.011 0.053 0.062
183 K 0.052 0.062 0.028 0.03 0.012 0.033 0.044 0.032 0.015 0.15 0.105 0.151 0.026 0.03 0.021 0.039 0.04 0.006 0.019 0.105
184 N 0.054 0.051 0.106 0.044 0.013 0.032 0.044 0.042 0.018 0.096 0.076 0.102 0.02 0.025 0.022 0.059 0.096 0.005 0.018 0.076
185 L 0.042 0.019 0.015 0.017 0.014 0.013 0.018 0.022 0.012 0.181 0.184 0.022 0.035 0.163 0.013 0.025 0.033 0.01 0.043 0.121
186 L 0.049 0.024 0.022 0.022 0.015 0.017 0.024 0.027 0.012 0.128 0.182 0.028 0.032 0.129 0.017 0.041 0.089 0.009 0.037 0.098
187 L 0.041 0.023 0.015 0.015 0.015 0.015 0.02 0.022 0.012 0.101 0.317 0.023 0.043 0.139 0.013 0.024 0.031 0.009 0.038 0.085
188 F 0.036 0.02 0.016 0.016 0.012 0.012 0.019 0.024 0.015 0.075 0.181 0.02 0.031 0.31 0.011 0.025 0.027 0.014 0.071 0.064
189 L 0.051 0.02 0.015 0.017 0.017 0.015 0.019 0.021 0.009 0.21 0.211 0.024 0.038 0.044 0.015 0.026 0.04 0.006 0.021 0.181
190 S 0.074 0.029 0.034 0.033 0.015 0.022 0.035 0.044 0.016 0.101 0.09 0.037 0.023 0.12 0.021 0.128 0.056 0.008 0.036 0.078
191 L 0.055 0.021 0.015 0.016 0.136 0.015 0.02 0.025 0.009 0.108 0.24 0.024 0.036 0.041 0.015 0.03 0.038 0.006 0.019 0.131
192 I 0.066 0.023 0.025 0.025 0.135 0.018 0.026 0.034 0.011 0.159 0.109 0.03 0.026 0.032 0.019 0.08 0.049 0.005 0.017 0.111
193 F 0.036 0.02 0.016 0.016 0.012 0.012 0.019 0.024 0.015 0.075 0.181 0.02 0.031 0.31 0.011 0.025 0.027 0.014 0.071 0.064
194 L 0.076 0.032 0.034 0.032 0.017 0.024 0.036 0.043 0.014 0.071 0.213 0.039 0.032 0.037 0.022 0.128 0.057 0.006 0.02 0.068
195 L 0.046 0.026 0.015 0.016 0.016 0.019 0.022 0.023 0.011 0.11 0.337 0.028 0.08 0.052 0.014 0.027 0.035 0.007 0.022 0.094
196 L 0.066 0.027 0.024 0.024 0.017 0.02 0.029 0.033 0.012 0.105 0.235 0.032 0.036 0.041 0.018 0.078 0.049 0.006 0.02 0.128
197 V 0.057 0.021 0.015 0.017 0.017 0.015 0.021 0.022 0.009 0.18 0.202 0.025 0.037 0.042 0.015 0.028 0.042 0.006 0.021 0.207
198 G 0.085 0.027 0.042 0.037 0.012 0.022 0.032 0.404 0.015 0.021 0.031 0.038 0.011 0.017 0.021 0.096 0.042 0.005 0.012 0.028
199 G 0.077 0.023 0.039 0.033 0.011 0.019 0.025 0.517 0.013 0.019 0.028 0.033 0.009 0.016 0.019 0.051 0.029 0.005 0.011 0.024
200 N 0.042 0.044 0.327 0.082 0.009 0.033 0.049 0.064 0.031 0.022 0.031 0.053 0.011 0.018 0.02 0.069 0.049 0.004 0.015 0.027
201 K 0.056 0.106 0.041 0.041 0.008 0.053 0.07 0.043 0.02 0.027 0.043 0.289 0.015 0.015 0.027 0.053 0.039 0.005 0.017 0.032
202 G 0.077 0.023 0.039 0.033 0.011 0.019 0.025 0.517 0.013 0.019 0.028 0.033 0.009 0.016 0.019 0.051 0.029 0.005 0.011 0.024
203 V 0.063 0.022 0.016 0.017 0.018 0.016 0.022 0.023 0.009 0.15 0.192 0.026 0.036 0.04 0.016 0.03 0.045 0.006 0.021 0.233
204 F 0.033 0.019 0.017 0.017 0.01 0.01 0.019 0.025 0.017 0.062 0.113 0.019 0.025 0.396 0.01 0.025 0.025 0.017 0.087 0.054
205 L 0.048 0.028 0.017 0.017 0.016 0.022 0.024 0.024 0.013 0.106 0.289 0.03 0.111 0.051 0.015 0.03 0.036 0.007 0.023 0.093
206 Y 0.04 0.028 0.021 0.018 0.009 0.021 0.028 0.025 0.046 0.043 0.067 0.031 0.018 0.129 0.015 0.031 0.028 0.028 0.328 0.046
207 F 0.033 0.019 0.017 0.017 0.01 0.01 0.019 0.025 0.017 0.062 0.113 0.019 0.025 0.396 0.01 0.025 0.025 0.017 0.087 0.054
208 I 0.046 0.019 0.014 0.017 0.016 0.014 0.018 0.02 0.009 0.24 0.22 0.024 0.039 0.046 0.014 0.024 0.038 0.006 0.021 0.154
209 I 0.052 0.018 0.015 0.017 0.017 0.014 0.019 0.021 0.009 0.252 0.156 0.024 0.035 0.041 0.015 0.027 0.042 0.006 0.02 0.2
210 F 0.033 0.019 0.017 0.017 0.01 0.01 0.019 0.025 0.017 0.062 0.113 0.019 0.025 0.396 0.01 0.025 0.025 0.017 0.087 0.054
211 C 0.053 0.03 0.172 0.049 0.25 0.023 0.032 0.048 0.02 0.033 0.048 0.037 0.014 0.019 0.018 0.054 0.042 0.004 0.014 0.041
212 V 0.059 0.023 0.017 0.018 0.017 0.018 0.023 0.024 0.01 0.176 0.154 0.028 0.068 0.04 0.016 0.031 0.044 0.006 0.021 0.206
213 L 0.042 0.019 0.015 0.017 0.015 0.013 0.018 0.022 0.011 0.185 0.207 0.023 0.037 0.134 0.013 0.025 0.034 0.009 0.038 0.124
214 F 0.033 0.019 0.017 0.017 0.01 0.01 0.019 0.025 0.017 0.062 0.113 0.019 0.025 0.396 0.01 0.025 0.025 0.017 0.087 0.054
215 L 0.117 0.031 0.024 0.038 0.016 0.03 0.097 0.039 0.015 0.085 0.152 0.042 0.027 0.032 0.021 0.049 0.042 0.006 0.019 0.118
216 W 0.033 0.028 0.093 0.032 0.008 0.02 0.029 0.038 0.019 0.028 0.047 0.03 0.014 0.049 0.011 0.034 0.029 0.376 0.054 0.029
217 K 0.052 0.188 0.04 0.038 0.008 0.051 0.064 0.039 0.021 0.026 0.044 0.23 0.015 0.016 0.025 0.05 0.038 0.005 0.017 0.032
218 D 0.048 0.057 0.119 0.154 0.008 0.045 0.129 0.047 0.024 0.023 0.034 0.115 0.012 0.016 0.024 0.057 0.04 0.005 0.015 0.028
219 I 0.043 0.018 0.015 0.017 0.015 0.012 0.018 0.021 0.011 0.227 0.152 0.022 0.033 0.132 0.013 0.025 0.036 0.009 0.037 0.144
220 K 0.053 0.168 0.04 0.038 0.008 0.051 0.065 0.04 0.021 0.026 0.043 0.246 0.015 0.016 0.025 0.051 0.038 0.005 0.017 0.032
221 I 0.046 0.019 0.014 0.017 0.016 0.014 0.018 0.02 0.009 0.254 0.202 0.024 0.038 0.045 0.014 0.025 0.038 0.006 0.021 0.161
222 K 0.064 0.051 0.034 0.032 0.013 0.034 0.044 0.04 0.025 0.05 0.086 0.102 0.056 0.053 0.022 0.088 0.047 0.011 0.096 0.053
223 H 0.05 0.036 0.041 0.032 0.012 0.029 0.04 0.035 0.188 0.095 0.076 0.04 0.021 0.032 0.02 0.05 0.087 0.007 0.038 0.072
224 Y 0.041 0.109 0.026 0.021 0.009 0.028 0.034 0.027 0.04 0.038 0.062 0.053 0.018 0.101 0.016 0.034 0.029 0.022 0.25 0.042
225 L 0.05 0.023 0.017 0.016 0.133 0.016 0.021 0.025 0.018 0.083 0.204 0.025 0.032 0.063 0.015 0.03 0.034 0.011 0.096 0.088
226 I 0.043 0.018 0.015 0.017 0.015 0.012 0.018 0.021 0.011 0.227 0.152 0.022 0.033 0.132 0.013 0.025 0.036 0.009 0.037 0.144
227 I 0.047 0.018 0.015 0.018 0.016 0.013 0.018 0.021 0.009 0.271 0.168 0.024 0.037 0.044 0.015 0.025 0.04 0.006 0.021 0.177
228 L 0.045 0.024 0.014 0.015 0.016 0.016 0.02 0.021 0.01 0.115 0.375 0.025 0.05 0.055 0.014 0.024 0.033 0.007 0.022 0.096
229 I 0.116 0.022 0.018 0.02 0.018 0.017 0.024 0.036 0.01 0.192 0.129 0.029 0.03 0.036 0.019 0.041 0.044 0.006 0.02 0.174
230 G 0.119 0.024 0.025 0.028 0.014 0.019 0.03 0.163 0.013 0.074 0.067 0.035 0.017 0.053 0.141 0.051 0.037 0.006 0.021 0.064
231 L 0.046 0.02 0.015 0.017 0.015 0.014 0.019 0.022 0.011 0.165 0.201 0.023 0.036 0.133 0.014 0.026 0.036 0.009 0.038 0.142
232 L 0.053 0.022 0.02 0.02 0.015 0.016 0.021 0.145 0.01 0.132 0.241 0.027 0.036 0.042 0.015 0.031 0.034 0.006 0.019 0.097
233 G 0.069 0.023 0.032 0.029 0.012 0.018 0.024 0.393 0.012 0.042 0.117 0.031 0.019 0.025 0.017 0.044 0.03 0.006 0.013 0.042
234 L 0.053 0.024 0.016 0.017 0.017 0.018 0.022 0.023 0.011 0.164 0.218 0.027 0.072 0.045 0.015 0.029 0.04 0.007 0.022 0.16
235 F 0.103 0.021 0.018 0.02 0.015 0.015 0.024 0.037 0.014 0.112 0.112 0.026 0.026 0.214 0.016 0.04 0.035 0.011 0.053 0.088
236 V 0.054 0.02 0.016 0.017 0.016 0.014 0.021 0.023 0.01 0.167 0.134 0.023 0.031 0.127 0.014 0.029 0.04 0.008 0.037 0.197
237 Y 0.04 0.028 0.021 0.018 0.009 0.021 0.028 0.025 0.046 0.043 0.067 0.031 0.018 0.129 0.015 0.031 0.028 0.028 0.328 0.046
238 A 0.253 0.033 0.032 0.034 0.02 0.027 0.043 0.074 0.016 0.039 0.054 0.046 0.017 0.021 0.029 0.121 0.057 0.005 0.017 0.061
239 L 0.044 0.024 0.014 0.015 0.016 0.016 0.02 0.021 0.01 0.114 0.385 0.025 0.049 0.054 0.014 0.024 0.033 0.007 0.022 0.095
240 I 0.048 0.021 0.016 0.018 0.016 0.017 0.02 0.022 0.01 0.236 0.173 0.026 0.07 0.045 0.015 0.027 0.039 0.006 0.021 0.153
241 R 0.047 0.292 0.039 0.033 0.008 0.049 0.056 0.035 0.022 0.024 0.045 0.161 0.015 0.017 0.021 0.046 0.036 0.006 0.017 0.031
242 L 0.052 0.024 0.02 0.02 0.015 0.017 0.021 0.145 0.011 0.09 0.296 0.027 0.039 0.044 0.015 0.031 0.032 0.007 0.019 0.077
243 P 0.059 0.024 0.021 0.027 0.012 0.019 0.032 0.033 0.012 0.06 0.059 0.037 0.015 0.018 0.38 0.041 0.039 0.003 0.015 0.093
244 Y 0.046 0.027 0.026 0.023 0.012 0.02 0.028 0.029 0.031 0.05 0.078 0.031 0.02 0.169 0.017 0.044 0.084 0.019 0.19 0.054
245 L 0.049 0.023 0.017 0.019 0.015 0.017 0.024 0.025 0.01 0.124 0.24 0.029 0.036 0.04 0.136 0.03 0.036 0.006 0.019 0.107
246 G 0.087 0.052 0.047 0.043 0.013 0.034 0.05 0.173 0.018 0.026 0.038 0.107 0.014 0.018 0.026 0.142 0.057 0.005 0.016 0.035
247 D 0.043 0.028 0.052 0.283 0.01 0.028 0.09 0.039 0.017 0.087 0.063 0.041 0.016 0.022 0.02 0.045 0.036 0.004 0.014 0.062
248 G 0.062 0.028 0.094 0.135 0.01 0.024 0.045 0.324 0.018 0.02 0.028 0.039 0.01 0.016 0.02 0.054 0.034 0.005 0.012 0.024
249 L 0.047 0.027 0.093 0.033 0.014 0.019 0.028 0.034 0.016 0.09 0.164 0.031 0.029 0.126 0.015 0.038 0.039 0.008 0.036 0.114
250 S 0.076 0.035 0.112 0.049 0.015 0.028 0.042 0.054 0.019 0.091 0.07 0.046 0.02 0.026 0.023 0.139 0.062 0.005 0.018 0.071
251 F 0.037 0.022 0.017 0.017 0.011 0.014 0.021 0.024 0.023 0.066 0.147 0.023 0.027 0.272 0.012 0.026 0.027 0.018 0.137 0.059
252 N 0.067 0.038 0.186 0.061 0.011 0.029 0.044 0.178 0.024 0.023 0.033 0.048 0.012 0.018 0.022 0.105 0.052 0.005 0.015 0.03
253 Y 0.04 0.028 0.021 0.018 0.009 0.021 0.028 0.025 0.046 0.043 0.067 0.031 0.018 0.129 0.015 0.031 0.028 0.028 0.328 0.046
254 L 0.044 0.024 0.014 0.015 0.016 0.016 0.02 0.021 0.01 0.114 0.385 0.025 0.049 0.054 0.014 0.024 0.033 0.007 0.022 0.095
255 L 0.043 0.022 0.017 0.017 0.013 0.016 0.021 0.023 0.02 0.115 0.179 0.025 0.032 0.155 0.014 0.027 0.032 0.014 0.114 0.101
256 E 0.054 0.049 0.04 0.089 0.007 0.064 0.307 0.034 0.025 0.022 0.036 0.074 0.013 0.016 0.025 0.054 0.036 0.005 0.016 0.031
257 S 0.108 0.04 0.053 0.048 0.017 0.033 0.052 0.065 0.019 0.029 0.041 0.053 0.015 0.021 0.029 0.231 0.081 0.005 0.017 0.041
258 I 0.046 0.017 0.014 0.017 0.016 0.013 0.017 0.02 0.009 0.282 0.165 0.023 0.036 0.044 0.014 0.025 0.039 0.006 0.02 0.174
259 I 0.052 0.022 0.022 0.022 0.014 0.015 0.024 0.029 0.013 0.167 0.127 0.027 0.029 0.157 0.016 0.059 0.041 0.009 0.042 0.112
260 E 0.052 0.125 0.039 0.074 0.007 0.06 0.243 0.034 0.025 0.022 0.039 0.085 0.013 0.017 0.024 0.052 0.036 0.005 0.017 0.031
261 R 0.044 0.355 0.038 0.031 0.008 0.048 0.052 0.032 0.023 0.023 0.046 0.118 0.015 0.017 0.019 0.044 0.034 0.006 0.017 0.031
262 I 0.052 0.018 0.015 0.017 0.017 0.014 0.019 0.021 0.009 0.252 0.156 0.024 0.035 0.041 0.015 0.027 0.042 0.006 0.02 0.2
263 F 0.036 0.02 0.016 0.016 0.012 0.012 0.019 0.024 0.015 0.075 0.181 0.02 0.031 0.31 0.011 0.025 0.027 0.014 0.071 0.064
264 L 0.045 0.021 0.014 0.016 0.016 0.015 0.019 0.021 0.009 0.198 0.275 0.024 0.043 0.049 0.014 0.024 0.036 0.006 0.021 0.134
265 T 0.072 0.035 0.043 0.037 0.018 0.027 0.039 0.043 0.014 0.053 0.064 0.045 0.019 0.023 0.027 0.091 0.258 0.006 0.018 0.07
266 Q 0.055 0.072 0.043 0.046 0.009 0.226 0.101 0.041 0.029 0.026 0.046 0.09 0.02 0.014 0.023 0.055 0.041 0.006 0.02 0.035
267 G 0.077 0.023 0.039 0.033 0.011 0.019 0.025 0.517 0.013 0.019 0.028 0.033 0.009 0.016 0.019 0.051 0.029 0.005 0.011 0.024
268 L 0.051 0.032 0.02 0.02 0.016 0.028 0.028 0.028 0.016 0.099 0.194 0.036 0.173 0.047 0.016 0.036 0.04 0.008 0.024 0.091
269 S 0.156 0.037 0.046 0.043 0.018 0.031 0.049 0.068 0.018 0.033 0.046 0.051 0.016 0.021 0.029 0.195 0.073 0.005 0.017 0.048
270 G 0.061 0.023 0.022 0.022 0.015 0.019 0.023 0.147 0.011 0.14 0.129 0.029 0.062 0.036 0.016 0.036 0.039 0.006 0.019 0.142
271 P 0.056 0.025 0.023 0.031 0.01 0.02 0.036 0.036 0.013 0.025 0.036 0.041 0.01 0.013 0.501 0.043 0.036 0.003 0.013 0.031
272 N 0.171 0.037 0.176 0.056 0.015 0.029 0.044 0.071 0.023 0.032 0.045 0.048 0.014 0.02 0.025 0.076 0.049 0.005 0.016 0.047
273 V 0.127 0.024 0.018 0.02 0.02 0.018 0.027 0.038 0.01 0.132 0.111 0.03 0.028 0.032 0.02 0.045 0.049 0.005 0.02 0.227
274 I 0.046 0.017 0.014 0.017 0.016 0.013 0.017 0.02 0.009 0.282 0.165 0.023 0.036 0.044 0.014 0.025 0.039 0.006 0.02 0.174
275 E 0.055 0.055 0.041 0.078 0.008 0.104 0.256 0.036 0.026 0.023 0.039 0.078 0.015 0.016 0.025 0.055 0.037 0.006 0.017 0.032
276 L 0.041 0.023 0.015 0.015 0.015 0.015 0.02 0.022 0.012 0.101 0.317 0.023 0.043 0.139 0.013 0.024 0.031 0.009 0.038 0.085
277 S 0.139 0.034 0.038 0.036 0.016 0.028 0.043 0.058 0.025 0.036 0.052 0.045 0.017 0.048 0.026 0.144 0.06 0.011 0.095 0.049
278 L 0.045 0.024 0.014 0.015 0.016 0.016 0.02 0.021 0.01 0.115 0.375 0.025 0.05 0.055 0.014 0.024 0.033 0.007 0.022 0.096
279 K 0.052 0.087 0.048 0.132 0.008 0.047 0.075 0.043 0.02 0.026 0.039 0.228 0.014 0.015 0.026 0.052 0.038 0.005 0.016 0.03
280 G 0.068 0.031 0.108 0.045 0.013 0.024 0.036 0.167 0.018 0.088 0.066 0.041 0.018 0.024 0.021 0.094 0.049 0.005 0.016 0.066
281 I 0.053 0.031 0.099 0.037 0.015 0.024 0.032 0.037 0.017 0.123 0.119 0.038 0.061 0.034 0.018 0.05 0.079 0.006 0.019 0.108
282 D 0.041 0.033 0.133 0.325 0.008 0.03 0.08 0.05 0.022 0.022 0.028 0.046 0.01 0.015 0.022 0.056 0.038 0.004 0.012 0.025
283 V 0.053 0.019 0.016 0.017 0.016 0.014 0.02 0.023 0.01 0.177 0.137 0.023 0.031 0.128 0.014 0.028 0.04 0.008 0.037 0.188
284 Y 0.065 0.032 0.035 0.03 0.013 0.026 0.036 0.039 0.031 0.042 0.06 0.04 0.018 0.075 0.022 0.096 0.098 0.017 0.173 0.051
285 N 0.076 0.04 0.108 0.058 0.013 0.038 0.107 0.046 0.021 0.044 0.07 0.053 0.041 0.024 0.023 0.067 0.096 0.006 0.018 0.053
286 L 0.05 0.03 0.018 0.019 0.016 0.025 0.026 0.026 0.014 0.103 0.242 0.033 0.142 0.049 0.015 0.033 0.038 0.008 0.023 0.092
287 G 0.089 0.036 0.095 0.05 0.014 0.029 0.045 0.178 0.02 0.025 0.036 0.048 0.013 0.019 0.025 0.159 0.063 0.005 0.015 0.034
288 S 0.108 0.04 0.053 0.048 0.017 0.033 0.052 0.065 0.019 0.029 0.041 0.053 0.015 0.021 0.029 0.231 0.081 0.005 0.017 0.041
289 N 0.045 0.051 0.256 0.073 0.009 0.081 0.062 0.058 0.031 0.023 0.035 0.062 0.013 0.017 0.021 0.065 0.047 0.005 0.017 0.029
290 D 0.048 0.045 0.055 0.237 0.008 0.087 0.147 0.042 0.023 0.023 0.034 0.063 0.013 0.015 0.023 0.053 0.037 0.005 0.015 0.028
291 L 0.044 0.022 0.014 0.016 0.016 0.015 0.019 0.021 0.01 0.156 0.33 0.025 0.046 0.051 0.014 0.024 0.034 0.007 0.022 0.115
292 K 0.056 0.106 0.041 0.041 0.008 0.053 0.07 0.043 0.02 0.027 0.043 0.289 0.015 0.015 0.027 0.053 0.039 0.005 0.017 0.032
293 Y 0.044 0.033 0.026 0.036 0.009 0.032 0.097 0.027 0.041 0.038 0.06 0.042 0.017 0.101 0.018 0.037 0.03 0.022 0.25 0.042
294 T 0.058 0.112 0.034 0.03 0.015 0.03 0.037 0.035 0.015 0.06 0.14 0.058 0.026 0.029 0.022 0.063 0.146 0.006 0.019 0.066
295 L 0.044 0.022 0.014 0.016 0.016 0.015 0.019 0.021 0.01 0.156 0.33 0.025 0.046 0.051 0.014 0.024 0.034 0.007 0.022 0.115
296 F 0.033 0.019 0.017 0.017 0.01 0.01 0.019 0.025 0.017 0.062 0.113 0.019 0.025 0.396 0.01 0.025 0.025 0.017 0.087 0.054
297 E 0.056 0.05 0.113 0.064 0.011 0.088 0.124 0.046 0.025 0.031 0.044 0.066 0.016 0.018 0.024 0.067 0.096 0.005 0.017 0.041
298 F 0.035 0.021 0.018 0.017 0.01 0.013 0.021 0.025 0.024 0.058 0.101 0.022 0.023 0.329 0.012 0.026 0.026 0.019 0.148 0.052
299 V 0.069 0.022 0.016 0.018 0.019 0.016 0.023 0.024 0.008 0.162 0.128 0.026 0.031 0.035 0.016 0.032 0.049 0.005 0.02 0.28
300 Y 0.04 0.028 0.021 0.018 0.009 0.021 0.028 0.025 0.046 0.043 0.067 0.031 0.018 0.129 0.015 0.031 0.028 0.028 0.328 0.046
301 G 0.077 0.023 0.039 0.033 0.011 0.019 0.025 0.517 0.013 0.019 0.028 0.033 0.009 0.016 0.019 0.051 0.029 0.005 0.011 0.024
302 Y 0.038 0.025 0.02 0.018 0.009 0.019 0.025 0.025 0.039 0.048 0.079 0.028 0.02 0.196 0.014 0.029 0.027 0.025 0.268 0.048
303 S 0.108 0.04 0.053 0.048 0.017 0.033 0.052 0.065 0.019 0.029 0.041 0.053 0.015 0.021 0.029 0.231 0.081 0.005 0.017 0.041
304 P 0.056 0.025 0.023 0.031 0.01 0.02 0.036 0.036 0.013 0.025 0.036 0.041 0.01 0.013 0.501 0.043 0.036 0.003 0.013 0.031
305 G 0.077 0.023 0.039 0.033 0.011 0.019 0.025 0.517 0.013 0.019 0.028 0.033 0.009 0.016 0.019 0.051 0.029 0.005 0.011 0.024
306 S 0.108 0.04 0.053 0.048 0.017 0.033 0.052 0.065 0.019 0.029 0.041 0.053 0.015 0.021 0.029 0.231 0.081 0.005 0.017 0.041
307 L 0.051 0.032 0.02 0.02 0.016 0.028 0.028 0.028 0.016 0.099 0.194 0.036 0.173 0.047 0.016 0.036 0.04 0.008 0.024 0.091
308 P 0.056 0.025 0.023 0.031 0.01 0.02 0.036 0.036 0.013 0.025 0.036 0.041 0.01 0.013 0.501 0.043 0.036 0.003 0.013 0.031
309 L 0.053 0.024 0.016 0.017 0.017 0.018 0.022 0.023 0.011 0.164 0.218 0.027 0.072 0.045 0.015 0.029 0.04 0.007 0.022 0.16
310 Y 0.042 0.025 0.021 0.021 0.01 0.018 0.027 0.027 0.03 0.043 0.071 0.03 0.018 0.167 0.136 0.032 0.029 0.019 0.189 0.044
311 Y 0.04 0.028 0.021 0.018 0.009 0.021 0.028 0.025 0.046 0.043 0.067 0.031 0.018 0.129 0.015 0.031 0.028 0.028 0.328 0.046
312 T 0.062 0.031 0.036 0.032 0.016 0.023 0.034 0.038 0.014 0.055 0.076 0.038 0.021 0.117 0.023 0.075 0.199 0.009 0.035 0.066
313 A 0.243 0.028 0.023 0.026 0.021 0.023 0.036 0.064 0.013 0.072 0.076 0.039 0.021 0.025 0.026 0.071 0.049 0.005 0.018 0.121
314 E 0.054 0.049 0.04 0.089 0.007 0.064 0.307 0.034 0.025 0.022 0.036 0.074 0.013 0.016 0.025 0.054 0.036 0.005 0.016 0.031
315 L 0.042 0.019 0.015 0.017 0.015 0.013 0.018 0.022 0.011 0.185 0.207 0.023 0.037 0.134 0.013 0.025 0.034 0.009 0.038 0.124
316 Y 0.04 0.028 0.021 0.018 0.009 0.021 0.028 0.025 0.046 0.043 0.067 0.031 0.018 0.129 0.015 0.031 0.028 0.028 0.328 0.046
317 V 0.121 0.024 0.018 0.02 0.019 0.018 0.026 0.037 0.01 0.12 0.175 0.03 0.032 0.036 0.019 0.043 0.045 0.006 0.02 0.18
318 R 0.047 0.292 0.039 0.033 0.008 0.049 0.056 0.035 0.022 0.024 0.045 0.161 0.015 0.017 0.021 0.046 0.036 0.006 0.017 0.031
319 Y 0.039 0.03 0.028 0.023 0.009 0.023 0.032 0.028 0.118 0.043 0.071 0.031 0.019 0.171 0.015 0.032 0.027 0.02 0.2 0.042
320 G 0.068 0.024 0.046 0.126 0.01 0.021 0.041 0.399 0.015 0.019 0.028 0.036 0.009 0.016 0.019 0.051 0.031 0.005 0.011 0.024
