#Seq2Logo.py -f /work3/idamei/wzy_ssn/run/1e-50/run/150/MSAs/0006_96.afa -o /work3/idamei/wzy_ssn/run/1e-50/run/150/logos/0006_96.logo
#Position Specific Frequency Matrix
A R N D C Q E G H I L K M F P S T W Y V
0 L 0.051 0.032 0.02 0.02 0.016 0.028 0.028 0.028 0.016 0.099 0.194 0.036 0.173 0.047 0.016 0.036 0.04 0.008 0.024 0.091
1 I 0.047 0.018 0.015 0.018 0.016 0.013 0.018 0.021 0.009 0.273 0.167 0.024 0.037 0.044 0.015 0.025 0.04 0.006 0.021 0.176
2 K 0.053 0.09 0.112 0.051 0.009 0.048 0.064 0.048 0.023 0.026 0.04 0.23 0.014 0.016 0.025 0.057 0.042 0.005 0.017 0.031
3 L 0.061 0.025 0.024 0.025 0.016 0.019 0.027 0.032 0.012 0.177 0.189 0.031 0.034 0.04 0.018 0.076 0.048 0.006 0.02 0.121
4 S 0.109 0.04 0.053 0.048 0.017 0.033 0.052 0.065 0.019 0.029 0.041 0.053 0.016 0.021 0.029 0.23 0.081 0.005 0.017 0.041
5 L 0.041 0.02 0.015 0.016 0.014 0.013 0.019 0.022 0.012 0.152 0.221 0.022 0.037 0.164 0.013 0.025 0.032 0.01 0.043 0.108
6 F 0.04 0.027 0.028 0.024 0.011 0.02 0.03 0.028 0.129 0.122 0.105 0.029 0.026 0.156 0.015 0.03 0.03 0.01 0.055 0.084
7 N 0.042 0.039 0.24 0.19 0.008 0.032 0.063 0.058 0.027 0.022 0.03 0.05 0.01 0.017 0.021 0.063 0.044 0.004 0.014 0.026
8 I 0.048 0.022 0.016 0.018 0.016 0.018 0.021 0.023 0.011 0.22 0.175 0.027 0.081 0.045 0.015 0.028 0.039 0.007 0.021 0.147
9 Y 0.04 0.028 0.022 0.018 0.009 0.022 0.028 0.025 0.046 0.043 0.068 0.031 0.018 0.129 0.015 0.031 0.028 0.028 0.326 0.046
10 E 0.051 0.15 0.039 0.07 0.007 0.058 0.221 0.034 0.025 0.022 0.04 0.089 0.014 0.017 0.023 0.051 0.036 0.006 0.017 0.031
11 V 0.06 0.028 0.027 0.024 0.015 0.022 0.03 0.031 0.023 0.086 0.087 0.034 0.023 0.063 0.02 0.052 0.111 0.013 0.121 0.131
12 L 0.049 0.021 0.016 0.016 0.015 0.014 0.021 0.024 0.012 0.113 0.208 0.023 0.035 0.161 0.014 0.027 0.036 0.01 0.043 0.142
13 L 0.045 0.022 0.014 0.016 0.016 0.015 0.019 0.021 0.01 0.169 0.311 0.024 0.045 0.051 0.014 0.024 0.035 0.007 0.021 0.122
14 Y 0.04 0.028 0.022 0.018 0.009 0.022 0.028 0.025 0.046 0.043 0.068 0.031 0.018 0.129 0.015 0.031 0.028 0.028 0.326 0.046
15 L 0.046 0.02 0.014 0.017 0.016 0.014 0.018 0.021 0.009 0.225 0.238 0.024 0.041 0.047 0.014 0.024 0.037 0.006 0.021 0.148
16 I 0.047 0.017 0.015 0.017 0.016 0.013 0.017 0.02 0.009 0.28 0.166 0.023 0.036 0.044 0.015 0.025 0.039 0.006 0.02 0.175
17 V 0.057 0.021 0.016 0.017 0.016 0.014 0.022 0.025 0.011 0.129 0.123 0.023 0.029 0.155 0.014 0.03 0.041 0.009 0.043 0.203
18 L 0.041 0.02 0.015 0.016 0.014 0.013 0.019 0.022 0.012 0.152 0.221 0.022 0.037 0.164 0.013 0.025 0.032 0.01 0.043 0.108
19 L 0.046 0.027 0.016 0.017 0.016 0.02 0.023 0.023 0.012 0.109 0.32 0.029 0.09 0.052 0.015 0.028 0.035 0.007 0.023 0.094
20 N 0.042 0.044 0.325 0.082 0.009 0.033 0.049 0.064 0.031 0.022 0.031 0.053 0.011 0.018 0.02 0.069 0.049 0.004 0.016 0.027
21 L 0.044 0.024 0.014 0.015 0.016 0.016 0.02 0.021 0.01 0.114 0.383 0.025 0.049 0.054 0.014 0.024 0.033 0.007 0.022 0.095
22 E 0.051 0.041 0.031 0.064 0.01 0.048 0.21 0.03 0.02 0.053 0.152 0.058 0.025 0.029 0.022 0.044 0.035 0.006 0.018 0.052
23 V 0.05 0.019 0.016 0.017 0.015 0.013 0.02 0.023 0.011 0.168 0.136 0.023 0.031 0.158 0.014 0.027 0.038 0.009 0.043 0.169
24 L 0.04 0.022 0.015 0.016 0.014 0.014 0.02 0.022 0.012 0.097 0.293 0.023 0.041 0.168 0.013 0.024 0.03 0.01 0.044 0.081
25 N 0.042 0.044 0.325 0.082 0.009 0.033 0.049 0.064 0.031 0.022 0.031 0.053 0.011 0.018 0.02 0.069 0.049 0.004 0.016 0.027
26 L 0.046 0.02 0.014 0.017 0.016 0.014 0.018 0.021 0.009 0.225 0.238 0.024 0.041 0.047 0.014 0.024 0.037 0.006 0.021 0.148
27 T 0.071 0.031 0.034 0.031 0.018 0.024 0.034 0.037 0.012 0.089 0.086 0.038 0.023 0.027 0.024 0.072 0.187 0.006 0.019 0.139
28 S 0.096 0.038 0.05 0.045 0.017 0.031 0.047 0.058 0.017 0.037 0.049 0.051 0.017 0.022 0.029 0.184 0.139 0.005 0.017 0.051
29 N 0.042 0.041 0.262 0.163 0.008 0.032 0.059 0.06 0.028 0.022 0.03 0.051 0.011 0.017 0.02 0.064 0.045 0.004 0.014 0.026
30 L 0.044 0.024 0.014 0.015 0.016 0.016 0.02 0.021 0.01 0.114 0.383 0.025 0.049 0.054 0.014 0.024 0.033 0.007 0.022 0.095
31 D 0.052 0.036 0.145 0.175 0.011 0.03 0.059 0.051 0.021 0.032 0.041 0.047 0.013 0.019 0.023 0.071 0.113 0.005 0.015 0.04
32 D 0.041 0.034 0.138 0.168 0.008 0.028 0.056 0.045 0.032 0.029 0.042 0.043 0.013 0.054 0.019 0.05 0.037 0.012 0.118 0.032
33 L 0.05 0.026 0.025 0.023 0.015 0.018 0.026 0.03 0.013 0.076 0.187 0.03 0.031 0.157 0.017 0.047 0.105 0.01 0.042 0.073
34 A 0.151 0.029 0.031 0.032 0.018 0.024 0.036 0.054 0.014 0.117 0.089 0.04 0.023 0.029 0.024 0.113 0.057 0.005 0.018 0.095
35 Q 0.055 0.073 0.044 0.047 0.009 0.224 0.102 0.041 0.029 0.026 0.047 0.09 0.02 0.015 0.023 0.055 0.041 0.006 0.02 0.035
36 R 0.065 0.146 0.139 0.054 0.011 0.038 0.051 0.054 0.024 0.025 0.039 0.075 0.014 0.019 0.023 0.114 0.055 0.005 0.017 0.033
37 I 0.042 0.018 0.015 0.017 0.014 0.012 0.018 0.022 0.011 0.208 0.148 0.022 0.033 0.161 0.013 0.025 0.035 0.009 0.043 0.134
38 S 0.172 0.037 0.044 0.042 0.019 0.03 0.048 0.069 0.018 0.034 0.047 0.05 0.016 0.021 0.029 0.181 0.07 0.005 0.017 0.05
39 V 0.062 0.02 0.016 0.018 0.018 0.015 0.021 0.023 0.008 0.202 0.141 0.025 0.033 0.038 0.016 0.03 0.046 0.006 0.02 0.243
40 V 0.052 0.022 0.017 0.018 0.015 0.017 0.023 0.023 0.021 0.162 0.121 0.027 0.029 0.069 0.015 0.029 0.039 0.013 0.122 0.166
41 L 0.044 0.024 0.014 0.015 0.016 0.016 0.02 0.021 0.01 0.114 0.383 0.025 0.049 0.054 0.014 0.024 0.033 0.007 0.022 0.095
42 T 0.084 0.037 0.046 0.041 0.017 0.029 0.043 0.05 0.015 0.045 0.057 0.048 0.018 0.022 0.028 0.138 0.198 0.006 0.017 0.061
43 F 0.033 0.019 0.017 0.017 0.01 0.01 0.019 0.025 0.017 0.063 0.113 0.019 0.025 0.394 0.01 0.025 0.025 0.017 0.088 0.054
44 L 0.129 0.026 0.018 0.02 0.018 0.019 0.027 0.04 0.012 0.09 0.275 0.031 0.038 0.043 0.019 0.044 0.038 0.006 0.02 0.086
45 L 0.052 0.023 0.015 0.016 0.017 0.016 0.021 0.022 0.009 0.13 0.298 0.025 0.043 0.048 0.015 0.027 0.038 0.006 0.021 0.156
46 F 0.128 0.027 0.021 0.022 0.016 0.021 0.029 0.043 0.016 0.068 0.122 0.033 0.071 0.154 0.019 0.048 0.038 0.01 0.043 0.071
47 G 0.077 0.029 0.035 0.032 0.015 0.022 0.032 0.201 0.014 0.054 0.151 0.037 0.025 0.03 0.021 0.101 0.048 0.006 0.017 0.053
48 L 0.055 0.026 0.017 0.017 0.017 0.02 0.024 0.024 0.011 0.125 0.235 0.029 0.084 0.046 0.015 0.031 0.04 0.007 0.022 0.155
49 Y 0.04 0.028 0.022 0.018 0.009 0.022 0.028 0.025 0.046 0.043 0.068 0.031 0.018 0.129 0.015 0.031 0.028 0.028 0.326 0.046
50 L 0.045 0.022 0.014 0.016 0.016 0.015 0.019 0.021 0.01 0.169 0.311 0.024 0.045 0.051 0.014 0.024 0.035 0.007 0.021 0.122
51 L 0.049 0.021 0.016 0.016 0.015 0.014 0.021 0.024 0.012 0.113 0.208 0.023 0.035 0.161 0.014 0.027 0.036 0.01 0.043 0.142
52 Q 0.055 0.073 0.044 0.047 0.009 0.224 0.102 0.041 0.029 0.026 0.047 0.09 0.02 0.015 0.023 0.055 0.041 0.006 0.02 0.035
53 K 0.052 0.188 0.04 0.038 0.008 0.051 0.064 0.039 0.021 0.026 0.044 0.231 0.015 0.016 0.025 0.05 0.038 0.005 0.017 0.032
54 D 0.042 0.142 0.144 0.173 0.008 0.037 0.064 0.048 0.024 0.022 0.035 0.072 0.012 0.017 0.02 0.055 0.039 0.005 0.015 0.027
55 K 0.057 0.107 0.041 0.041 0.009 0.053 0.07 0.043 0.021 0.027 0.043 0.282 0.015 0.015 0.027 0.053 0.04 0.005 0.017 0.033
56 L 0.046 0.02 0.014 0.017 0.016 0.014 0.018 0.021 0.009 0.225 0.238 0.024 0.041 0.047 0.014 0.024 0.037 0.006 0.021 0.148
57 F 0.07 0.027 0.029 0.028 0.016 0.02 0.031 0.038 0.015 0.085 0.094 0.033 0.024 0.15 0.019 0.096 0.052 0.009 0.042 0.125
58 P 0.056 0.052 0.029 0.034 0.01 0.031 0.047 0.038 0.015 0.026 0.038 0.123 0.012 0.014 0.342 0.047 0.037 0.003 0.014 0.031
59 K 0.052 0.079 0.032 0.032 0.011 0.041 0.053 0.035 0.017 0.056 0.156 0.2 0.027 0.028 0.023 0.043 0.037 0.006 0.019 0.053
60 N 0.052 0.041 0.231 0.067 0.012 0.031 0.045 0.057 0.025 0.032 0.042 0.05 0.014 0.02 0.022 0.076 0.118 0.005 0.016 0.041
61 F 0.038 0.018 0.016 0.017 0.012 0.011 0.018 0.024 0.014 0.135 0.13 0.02 0.029 0.278 0.012 0.025 0.03 0.013 0.065 0.094
62 G 0.052 0.02 0.023 0.022 0.012 0.014 0.021 0.187 0.013 0.12 0.102 0.025 0.024 0.151 0.015 0.033 0.031 0.009 0.04 0.084
63 V 0.07 0.022 0.016 0.018 0.019 0.016 0.023 0.025 0.008 0.165 0.13 0.026 0.032 0.036 0.016 0.033 0.049 0.006 0.021 0.269
64 Y 0.04 0.028 0.022 0.019 0.009 0.022 0.028 0.025 0.047 0.044 0.068 0.031 0.019 0.131 0.016 0.031 0.028 0.028 0.318 0.047
65 F 0.034 0.019 0.017 0.017 0.011 0.011 0.019 0.025 0.017 0.063 0.114 0.019 0.025 0.387 0.011 0.025 0.025 0.017 0.089 0.055
66 Y 0.04 0.028 0.022 0.019 0.009 0.022 0.028 0.025 0.047 0.044 0.068 0.031 0.019 0.131 0.016 0.031 0.028 0.028 0.318 0.047
67 I 0.047 0.018 0.015 0.018 0.016 0.013 0.018 0.021 0.009 0.271 0.168 0.024 0.037 0.044 0.015 0.025 0.04 0.006 0.021 0.177
68 V 0.07 0.026 0.025 0.024 0.019 0.02 0.028 0.031 0.01 0.126 0.107 0.032 0.027 0.031 0.02 0.052 0.118 0.006 0.019 0.209
69 S 0.086 0.036 0.043 0.038 0.015 0.029 0.044 0.052 0.028 0.034 0.05 0.046 0.016 0.057 0.025 0.163 0.063 0.013 0.12 0.043
70 I 0.042 0.018 0.015 0.017 0.014 0.012 0.018 0.022 0.011 0.208 0.148 0.022 0.033 0.161 0.013 0.025 0.035 0.009 0.043 0.134
71 T 0.074 0.034 0.039 0.035 0.015 0.027 0.039 0.044 0.026 0.042 0.058 0.043 0.018 0.058 0.024 0.117 0.121 0.013 0.12 0.053
72 V 0.061 0.022 0.016 0.017 0.018 0.016 0.022 0.023 0.009 0.146 0.214 0.026 0.037 0.042 0.016 0.03 0.044 0.006 0.021 0.217
73 L 0.051 0.024 0.017 0.017 0.015 0.018 0.024 0.023 0.021 0.107 0.193 0.027 0.033 0.073 0.015 0.029 0.036 0.013 0.123 0.14
74 L 0.065 0.029 0.027 0.026 0.016 0.022 0.031 0.036 0.013 0.086 0.269 0.034 0.038 0.043 0.019 0.093 0.049 0.006 0.02 0.077
75 F 0.038 0.018 0.016 0.017 0.012 0.011 0.018 0.024 0.014 0.135 0.13 0.02 0.029 0.278 0.012 0.025 0.03 0.013 0.065 0.094
76 F 0.038 0.018 0.016 0.017 0.012 0.011 0.018 0.024 0.014 0.135 0.13 0.02 0.029 0.278 0.012 0.025 0.03 0.013 0.065 0.094
77 L 0.056 0.032 0.023 0.041 0.014 0.032 0.116 0.027 0.015 0.099 0.183 0.042 0.031 0.035 0.019 0.037 0.039 0.006 0.02 0.135
78 L 0.043 0.025 0.017 0.016 0.014 0.018 0.023 0.022 0.022 0.09 0.278 0.027 0.039 0.079 0.014 0.026 0.031 0.014 0.123 0.079
79 L 0.046 0.02 0.014 0.017 0.016 0.014 0.018 0.021 0.009 0.225 0.238 0.024 0.041 0.047 0.014 0.024 0.037 0.006 0.021 0.148
80 G 0.065 0.027 0.029 0.027 0.013 0.023 0.027 0.271 0.015 0.059 0.112 0.035 0.088 0.032 0.017 0.043 0.035 0.007 0.017 0.058
81 F 0.034 0.019 0.017 0.017 0.011 0.011 0.019 0.025 0.017 0.063 0.113 0.019 0.025 0.391 0.011 0.025 0.025 0.017 0.088 0.055
82 N 0.049 0.047 0.181 0.086 0.008 0.049 0.175 0.05 0.028 0.022 0.034 0.064 0.012 0.017 0.023 0.062 0.043 0.005 0.016 0.029
83 L 0.045 0.021 0.014 0.016 0.016 0.015 0.019 0.021 0.009 0.195 0.273 0.024 0.043 0.049 0.014 0.024 0.036 0.006 0.021 0.135
84 Y 0.043 0.023 0.018 0.018 0.013 0.017 0.023 0.023 0.028 0.16 0.117 0.027 0.028 0.087 0.015 0.028 0.034 0.017 0.172 0.111
85 R 0.044 0.353 0.038 0.031 0.008 0.048 0.052 0.032 0.023 0.023 0.046 0.119 0.015 0.017 0.019 0.044 0.034 0.006 0.017 0.031
86 L 0.048 0.04 0.024 0.026 0.014 0.085 0.047 0.028 0.016 0.085 0.271 0.047 0.039 0.041 0.017 0.034 0.036 0.007 0.021 0.075
87 H 0.053 0.038 0.048 0.036 0.009 0.031 0.044 0.197 0.246 0.021 0.034 0.041 0.013 0.025 0.019 0.045 0.027 0.007 0.041 0.023
88 F 0.039 0.023 0.017 0.017 0.012 0.016 0.022 0.024 0.024 0.073 0.188 0.025 0.031 0.193 0.013 0.027 0.029 0.017 0.145 0.065
89 P 0.091 0.035 0.043 0.042 0.015 0.029 0.046 0.056 0.017 0.028 0.04 0.049 0.014 0.018 0.186 0.167 0.066 0.004 0.016 0.038
90 S 0.095 0.034 0.041 0.038 0.018 0.027 0.042 0.052 0.015 0.074 0.07 0.044 0.021 0.026 0.025 0.164 0.07 0.005 0.018 0.12
91 F 0.036 0.027 0.12 0.038 0.01 0.018 0.029 0.038 0.021 0.049 0.086 0.03 0.02 0.269 0.014 0.04 0.033 0.013 0.064 0.045
92 G 0.098 0.034 0.048 0.043 0.015 0.028 0.043 0.216 0.017 0.026 0.037 0.047 0.013 0.019 0.026 0.17 0.064 0.005 0.015 0.036
93 G 0.063 0.021 0.031 0.028 0.011 0.016 0.023 0.352 0.014 0.033 0.056 0.028 0.015 0.142 0.016 0.042 0.028 0.009 0.036 0.034
94 L 0.04 0.022 0.015 0.016 0.014 0.014 0.02 0.022 0.012 0.097 0.293 0.023 0.041 0.168 0.013 0.024 0.03 0.01 0.044 0.081
95 N 0.064 0.043 0.235 0.071 0.012 0.033 0.05 0.065 0.027 0.025 0.035 0.053 0.013 0.019 0.023 0.122 0.06 0.005 0.016 0.032
96 I 0.042 0.018 0.015 0.017 0.014 0.012 0.018 0.022 0.011 0.208 0.148 0.022 0.033 0.161 0.013 0.025 0.035 0.009 0.043 0.134
97 L 0.065 0.036 0.131 0.048 0.014 0.027 0.04 0.05 0.02 0.055 0.152 0.044 0.025 0.031 0.021 0.107 0.054 0.006 0.018 0.054
98 D 0.064 0.038 0.149 0.178 0.011 0.032 0.064 0.059 0.023 0.025 0.033 0.05 0.012 0.018 0.024 0.117 0.055 0.004 0.015 0.031
99 G 0.144 0.053 0.035 0.035 0.013 0.032 0.045 0.212 0.016 0.03 0.043 0.121 0.014 0.018 0.025 0.062 0.039 0.005 0.015 0.041
100 L 0.045 0.022 0.014 0.016 0.016 0.015 0.019 0.021 0.01 0.169 0.311 0.024 0.045 0.051 0.014 0.024 0.035 0.007 0.021 0.122
101 N 0.064 0.037 0.133 0.05 0.012 0.029 0.043 0.051 0.032 0.032 0.047 0.046 0.015 0.056 0.022 0.11 0.052 0.012 0.12 0.038
102 L 0.043 0.025 0.017 0.016 0.014 0.018 0.023 0.022 0.022 0.09 0.278 0.027 0.039 0.079 0.014 0.026 0.031 0.014 0.123 0.079
103 E 0.051 0.041 0.031 0.064 0.01 0.048 0.21 0.03 0.02 0.053 0.152 0.058 0.025 0.029 0.022 0.044 0.035 0.006 0.018 0.052
104 K 0.052 0.188 0.04 0.038 0.008 0.051 0.064 0.039 0.021 0.026 0.044 0.231 0.015 0.016 0.025 0.05 0.038 0.005 0.017 0.032
105 N 0.064 0.043 0.235 0.071 0.012 0.033 0.05 0.065 0.027 0.025 0.035 0.053 0.013 0.019 0.023 0.122 0.06 0.005 0.016 0.032
106 F 0.033 0.019 0.017 0.017 0.01 0.01 0.019 0.025 0.017 0.063 0.113 0.019 0.025 0.394 0.01 0.025 0.025 0.017 0.088 0.054
107 F 0.058 0.026 0.029 0.027 0.013 0.018 0.03 0.039 0.017 0.052 0.089 0.03 0.022 0.27 0.017 0.093 0.044 0.013 0.064 0.05
108 Y 0.038 0.025 0.02 0.018 0.01 0.018 0.025 0.025 0.036 0.05 0.083 0.027 0.021 0.218 0.014 0.029 0.027 0.024 0.247 0.049
109 L 0.046 0.02 0.014 0.017 0.016 0.014 0.018 0.021 0.009 0.225 0.238 0.024 0.041 0.047 0.014 0.024 0.037 0.006 0.021 0.148
110 L 0.044 0.024 0.014 0.015 0.016 0.016 0.02 0.021 0.01 0.114 0.383 0.025 0.049 0.054 0.014 0.024 0.033 0.007 0.022 0.095
111 L 0.044 0.024 0.014 0.015 0.016 0.016 0.02 0.021 0.01 0.114 0.383 0.025 0.049 0.054 0.014 0.024 0.033 0.007 0.022 0.095
112 V 0.063 0.025 0.025 0.024 0.018 0.019 0.026 0.029 0.01 0.165 0.12 0.031 0.029 0.034 0.019 0.05 0.115 0.006 0.019 0.174
113 L 0.045 0.027 0.019 0.019 0.014 0.022 0.025 0.027 0.016 0.087 0.167 0.03 0.122 0.163 0.014 0.032 0.035 0.011 0.045 0.079
114 P 0.056 0.025 0.023 0.031 0.01 0.02 0.036 0.036 0.013 0.025 0.036 0.041 0.01 0.013 0.5 0.043 0.036 0.003 0.013 0.031
115 I 0.047 0.017 0.015 0.017 0.016 0.013 0.017 0.02 0.009 0.28 0.166 0.023 0.036 0.044 0.015 0.025 0.039 0.006 0.02 0.175
116 F 0.058 0.026 0.029 0.027 0.013 0.018 0.03 0.039 0.017 0.052 0.089 0.03 0.022 0.27 0.017 0.093 0.044 0.013 0.064 0.05
117 E 0.055 0.049 0.04 0.089 0.007 0.064 0.305 0.035 0.025 0.022 0.036 0.075 0.013 0.016 0.025 0.055 0.036 0.005 0.016 0.031
118 L 0.046 0.02 0.014 0.017 0.016 0.014 0.018 0.021 0.009 0.225 0.238 0.024 0.041 0.047 0.014 0.024 0.037 0.006 0.021 0.148
119 L 0.044 0.024 0.014 0.015 0.016 0.016 0.02 0.021 0.01 0.114 0.383 0.025 0.049 0.054 0.014 0.024 0.033 0.007 0.022 0.095
120 K 0.052 0.076 0.112 0.063 0.008 0.051 0.124 0.046 0.024 0.025 0.038 0.176 0.014 0.016 0.025 0.057 0.041 0.005 0.016 0.031
121 P 0.069 0.055 0.039 0.052 0.011 0.042 0.116 0.045 0.019 0.026 0.039 0.114 0.013 0.016 0.146 0.095 0.048 0.005 0.016 0.034
122 K 0.06 0.088 0.041 0.04 0.011 0.046 0.062 0.043 0.019 0.034 0.048 0.228 0.016 0.017 0.027 0.062 0.094 0.005 0.017 0.042
123 K 0.113 0.067 0.032 0.032 0.012 0.038 0.052 0.047 0.025 0.035 0.053 0.163 0.017 0.045 0.025 0.055 0.039 0.011 0.095 0.045
124 S 0.11 0.04 0.054 0.049 0.017 0.033 0.052 0.066 0.019 0.03 0.042 0.054 0.016 0.021 0.03 0.222 0.082 0.005 0.017 0.042
125 L 0.053 0.038 0.106 0.056 0.012 0.035 0.104 0.041 0.02 0.053 0.129 0.049 0.023 0.028 0.022 0.06 0.094 0.006 0.018 0.056
126 N 0.06 0.036 0.18 0.057 0.013 0.028 0.042 0.054 0.022 0.089 0.067 0.046 0.018 0.025 0.021 0.098 0.054 0.005 0.017 0.067
127 F 0.033 0.019 0.017 0.017 0.01 0.01 0.019 0.025 0.017 0.062 0.113 0.019 0.025 0.396 0.01 0.025 0.025 0.017 0.087 0.054
128 L 0.046 0.023 0.015 0.017 0.016 0.017 0.02 0.022 0.011 0.179 0.26 0.026 0.069 0.048 0.014 0.026 0.037 0.007 0.022 0.125
129 K 0.053 0.156 0.04 0.039 0.008 0.051 0.066 0.04 0.021 0.026 0.043 0.257 0.015 0.016 0.025 0.051 0.038 0.005 0.017 0.032
130 N 0.06 0.031 0.146 0.046 0.013 0.023 0.034 0.139 0.018 0.077 0.069 0.038 0.019 0.024 0.018 0.05 0.045 0.005 0.016 0.129
131 I 0.055 0.019 0.015 0.017 0.017 0.014 0.02 0.022 0.008 0.236 0.15 0.024 0.034 0.04 0.015 0.028 0.043 0.006 0.02 0.217
132 F 0.053 0.019 0.016 0.017 0.11 0.013 0.02 0.026 0.011 0.098 0.109 0.022 0.026 0.178 0.014 0.031 0.037 0.01 0.045 0.146
133 L 0.047 0.025 0.017 0.017 0.014 0.018 0.023 0.023 0.024 0.095 0.208 0.027 0.033 0.08 0.015 0.028 0.034 0.015 0.145 0.113
134 L 0.043 0.02 0.015 0.016 0.015 0.014 0.019 0.021 0.011 0.172 0.243 0.023 0.039 0.119 0.013 0.024 0.034 0.008 0.034 0.118
135 G 0.077 0.022 0.038 0.033 0.011 0.019 0.025 0.52 0.013 0.019 0.028 0.033 0.009 0.016 0.019 0.05 0.029 0.005 0.011 0.024
136 L 0.046 0.024 0.015 0.016 0.016 0.018 0.021 0.022 0.011 0.145 0.304 0.027 0.072 0.05 0.014 0.026 0.035 0.007 0.022 0.109
137 L 0.054 0.021 0.02 0.02 0.014 0.015 0.021 0.122 0.011 0.128 0.164 0.025 0.03 0.109 0.015 0.031 0.035 0.008 0.032 0.126
138 A 0.257 0.029 0.023 0.027 0.021 0.023 0.036 0.066 0.013 0.066 0.072 0.04 0.02 0.024 0.027 0.073 0.049 0.005 0.018 0.111
139 L 0.045 0.021 0.014 0.016 0.016 0.015 0.019 0.021 0.009 0.182 0.298 0.024 0.044 0.05 0.014 0.024 0.035 0.006 0.021 0.126
140 L 0.05 0.021 0.015 0.016 0.016 0.015 0.019 0.021 0.009 0.192 0.246 0.024 0.04 0.046 0.015 0.026 0.038 0.006 0.021 0.164
141 F 0.038 0.019 0.016 0.016 0.013 0.012 0.019 0.023 0.014 0.117 0.178 0.021 0.032 0.259 0.012 0.025 0.029 0.012 0.061 0.086
142 R 0.044 0.358 0.038 0.03 0.008 0.047 0.051 0.032 0.023 0.023 0.046 0.118 0.015 0.017 0.019 0.044 0.034 0.006 0.017 0.03
143 F 0.062 0.025 0.029 0.027 0.11 0.018 0.029 0.038 0.015 0.05 0.079 0.031 0.02 0.172 0.019 0.083 0.085 0.01 0.044 0.055
144 F 0.044 0.019 0.02 0.02 0.012 0.013 0.02 0.123 0.014 0.098 0.106 0.022 0.024 0.251 0.013 0.03 0.029 0.012 0.058 0.072
145 I 0.057 0.019 0.02 0.021 0.015 0.015 0.02 0.121 0.009 0.207 0.13 0.026 0.03 0.036 0.016 0.031 0.039 0.006 0.018 0.165
146 W 0.03 0.022 0.015 0.015 0.007 0.015 0.022 0.03 0.015 0.03 0.052 0.022 0.015 0.059 0.007 0.022 0.022 0.502 0.067 0.03
147 F 0.039 0.022 0.017 0.017 0.013 0.015 0.021 0.025 0.015 0.08 0.183 0.023 0.06 0.26 0.012 0.027 0.029 0.013 0.061 0.069
148 L 0.07 0.029 0.03 0.029 0.016 0.022 0.032 0.038 0.013 0.114 0.204 0.036 0.033 0.038 0.02 0.109 0.053 0.006 0.02 0.089
149 F 0.037 0.024 0.019 0.018 0.01 0.017 0.024 0.025 0.034 0.051 0.085 0.026 0.021 0.237 0.013 0.028 0.026 0.023 0.234 0.049
150 N 0.042 0.044 0.33 0.081 0.009 0.033 0.048 0.064 0.031 0.022 0.031 0.053 0.011 0.018 0.02 0.068 0.048 0.004 0.015 0.026
151 Y 0.046 0.058 0.029 0.027 0.009 0.034 0.044 0.032 0.036 0.036 0.057 0.135 0.017 0.083 0.02 0.039 0.032 0.019 0.205 0.04
152 A 0.145 0.026 0.02 0.022 0.016 0.02 0.029 0.045 0.02 0.061 0.137 0.032 0.025 0.125 0.02 0.049 0.037 0.012 0.095 0.066
153 G 0.077 0.022 0.038 0.033 0.011 0.019 0.025 0.52 0.013 0.019 0.028 0.033 0.009 0.016 0.019 0.05 0.029 0.005 0.011 0.024
154 L 0.044 0.022 0.016 0.017 0.015 0.016 0.02 0.021 0.017 0.168 0.234 0.025 0.038 0.064 0.014 0.025 0.034 0.011 0.083 0.116
155 N 0.042 0.044 0.33 0.081 0.009 0.033 0.048 0.064 0.031 0.022 0.031 0.053 0.011 0.018 0.02 0.068 0.048 0.004 0.015 0.026
156 I 0.046 0.019 0.014 0.017 0.016 0.014 0.018 0.02 0.009 0.251 0.209 0.023 0.039 0.045 0.014 0.024 0.038 0.006 0.021 0.157
157 A 0.156 0.029 0.021 0.023 0.019 0.024 0.031 0.047 0.014 0.089 0.126 0.037 0.084 0.034 0.021 0.054 0.045 0.006 0.02 0.12
158 P 0.056 0.025 0.023 0.03 0.01 0.02 0.035 0.035 0.013 0.025 0.035 0.04 0.01 0.013 0.503 0.043 0.035 0.003 0.013 0.03
159 G 0.077 0.022 0.038 0.033 0.011 0.019 0.025 0.52 0.013 0.019 0.028 0.033 0.009 0.016 0.019 0.05 0.029 0.005 0.011 0.024
160 L 0.044 0.022 0.016 0.017 0.015 0.016 0.02 0.021 0.017 0.168 0.234 0.025 0.038 0.064 0.014 0.025 0.034 0.011 0.083 0.116
161 F 0.038 0.018 0.016 0.017 0.013 0.011 0.018 0.023 0.013 0.151 0.133 0.02 0.029 0.257 0.012 0.025 0.031 0.012 0.06 0.102
162 E 0.101 0.041 0.042 0.141 0.01 0.049 0.212 0.045 0.022 0.026 0.039 0.062 0.013 0.017 0.025 0.059 0.038 0.005 0.015 0.037
163 V 0.058 0.032 0.025 0.046 0.014 0.034 0.137 0.027 0.015 0.13 0.098 0.044 0.025 0.029 0.019 0.039 0.042 0.005 0.019 0.16
164 R 0.045 0.23 0.037 0.03 0.009 0.041 0.047 0.032 0.09 0.038 0.073 0.087 0.048 0.026 0.018 0.042 0.034 0.006 0.026 0.041
165 G 0.077 0.022 0.038 0.033 0.011 0.019 0.025 0.52 0.013 0.019 0.028 0.033 0.009 0.016 0.019 0.05 0.029 0.005 0.011 0.024
166 Y 0.047 0.024 0.019 0.018 0.012 0.019 0.025 0.024 0.031 0.115 0.099 0.028 0.024 0.093 0.015 0.03 0.034 0.019 0.207 0.119
167 N 0.042 0.044 0.33 0.081 0.009 0.033 0.048 0.064 0.031 0.022 0.031 0.053 0.011 0.018 0.02 0.068 0.048 0.004 0.015 0.026
168 W 0.03 0.022 0.015 0.015 0.007 0.015 0.022 0.03 0.015 0.03 0.052 0.022 0.015 0.059 0.007 0.022 0.022 0.502 0.067 0.03
169 T 0.066 0.031 0.037 0.033 0.017 0.024 0.034 0.038 0.013 0.099 0.084 0.04 0.023 0.027 0.025 0.078 0.217 0.006 0.018 0.09
170 R 0.043 0.233 0.044 0.033 0.008 0.043 0.052 0.034 0.161 0.023 0.042 0.089 0.015 0.022 0.019 0.043 0.031 0.006 0.033 0.027
171 G 0.055 0.029 0.09 0.037 0.01 0.023 0.031 0.23 0.03 0.029 0.044 0.036 0.013 0.061 0.017 0.046 0.032 0.014 0.14 0.033
172 G 0.06 0.034 0.18 0.058 0.01 0.026 0.037 0.289 0.022 0.021 0.03 0.044 0.01 0.017 0.019 0.06 0.039 0.005 0.013 0.026
173 G 0.077 0.022 0.038 0.033 0.011 0.019 0.025 0.52 0.013 0.019 0.028 0.033 0.009 0.016 0.019 0.05 0.029 0.005 0.011 0.024
174 A 0.146 0.032 0.085 0.035 0.014 0.025 0.037 0.053 0.03 0.038 0.056 0.04 0.016 0.063 0.022 0.059 0.04 0.014 0.142 0.051
175 V 0.069 0.021 0.016 0.017 0.019 0.016 0.023 0.024 0.008 0.161 0.128 0.026 0.031 0.035 0.016 0.032 0.048 0.005 0.02 0.283
176 R 0.044 0.358 0.038 0.03 0.008 0.047 0.051 0.032 0.023 0.023 0.046 0.118 0.015 0.017 0.019 0.044 0.034 0.006 0.017 0.03
177 L 0.044 0.023 0.014 0.015 0.016 0.015 0.019 0.021 0.01 0.148 0.343 0.024 0.046 0.052 0.014 0.024 0.034 0.007 0.022 0.11
178 Q 0.063 0.055 0.042 0.042 0.011 0.147 0.073 0.137 0.023 0.03 0.046 0.069 0.018 0.016 0.023 0.061 0.082 0.006 0.018 0.039
179 G 0.118 0.025 0.033 0.032 0.013 0.02 0.03 0.334 0.013 0.025 0.035 0.037 0.011 0.016 0.118 0.055 0.034 0.005 0.012 0.034
180 L 0.06 0.03 0.031 0.028 0.017 0.023 0.031 0.034 0.012 0.077 0.193 0.037 0.031 0.035 0.022 0.064 0.17 0.006 0.019 0.079
181 F 0.033 0.019 0.017 0.017 0.01 0.01 0.019 0.025 0.017 0.062 0.112 0.019 0.025 0.399 0.01 0.025 0.025 0.017 0.087 0.054
182 L 0.044 0.024 0.014 0.015 0.016 0.016 0.02 0.021 0.01 0.113 0.388 0.025 0.049 0.054 0.014 0.024 0.033 0.007 0.022 0.094
183 D 0.04 0.029 0.068 0.409 0.007 0.029 0.09 0.046 0.018 0.022 0.027 0.044 0.009 0.015 0.022 0.051 0.035 0.004 0.011 0.024
184 G 0.077 0.022 0.038 0.033 0.011 0.019 0.025 0.52 0.013 0.019 0.028 0.033 0.009 0.016 0.019 0.05 0.029 0.005 0.011 0.024
185 L 0.04 0.024 0.017 0.017 0.012 0.017 0.023 0.023 0.026 0.075 0.204 0.026 0.032 0.153 0.014 0.027 0.029 0.017 0.159 0.067
186 V 0.064 0.021 0.016 0.017 0.018 0.016 0.022 0.023 0.008 0.186 0.135 0.025 0.032 0.037 0.016 0.031 0.047 0.005 0.02 0.261
187 L 0.039 0.022 0.016 0.016 0.012 0.015 0.021 0.023 0.02 0.079 0.213 0.023 0.033 0.207 0.013 0.026 0.029 0.015 0.11 0.068
188 A 0.159 0.03 0.03 0.03 0.019 0.023 0.035 0.052 0.013 0.095 0.082 0.04 0.022 0.026 0.025 0.075 0.132 0.006 0.018 0.089
189 Y 0.038 0.026 0.02 0.018 0.009 0.019 0.026 0.025 0.04 0.047 0.076 0.028 0.02 0.182 0.014 0.029 0.027 0.025 0.282 0.047
190 L 0.039 0.022 0.015 0.016 0.014 0.014 0.019 0.022 0.013 0.093 0.277 0.022 0.039 0.192 0.013 0.024 0.03 0.011 0.048 0.078
191 G 0.07 0.026 0.032 0.029 0.014 0.02 0.028 0.229 0.013 0.058 0.174 0.034 0.026 0.032 0.019 0.077 0.041 0.006 0.016 0.055
192 C 0.053 0.018 0.015 0.016 0.207 0.013 0.017 0.025 0.009 0.154 0.169 0.022 0.031 0.036 0.015 0.031 0.037 0.005 0.017 0.11
193 K 0.056 0.098 0.041 0.042 0.008 0.088 0.076 0.042 0.022 0.027 0.043 0.252 0.016 0.015 0.026 0.053 0.039 0.005 0.018 0.033
194 L 0.044 0.024 0.014 0.015 0.016 0.016 0.02 0.021 0.01 0.113 0.388 0.025 0.049 0.054 0.014 0.024 0.033 0.007 0.022 0.094
195 F 0.037 0.021 0.016 0.016 0.013 0.013 0.019 0.023 0.014 0.083 0.222 0.021 0.034 0.261 0.012 0.024 0.028 0.013 0.061 0.07
196 K 0.056 0.071 0.031 0.031 0.012 0.037 0.05 0.034 0.016 0.106 0.084 0.185 0.023 0.025 0.022 0.043 0.041 0.005 0.018 0.111
197 T 0.08 0.036 0.052 0.116 0.015 0.03 0.054 0.052 0.017 0.037 0.047 0.048 0.016 0.02 0.027 0.141 0.144 0.005 0.016 0.049
198 E 0.052 0.101 0.04 0.127 0.01 0.044 0.157 0.034 0.02 0.05 0.055 0.067 0.016 0.02 0.022 0.047 0.038 0.005 0.016 0.08
199 S 0.082 0.037 0.101 0.048 0.015 0.029 0.044 0.056 0.019 0.045 0.108 0.047 0.021 0.027 0.024 0.16 0.064 0.005 0.018 0.049
200 L 0.044 0.023 0.017 0.017 0.014 0.017 0.022 0.022 0.022 0.145 0.205 0.027 0.035 0.076 0.015 0.027 0.033 0.014 0.122 0.106
201 K 0.056 0.105 0.041 0.041 0.008 0.052 0.069 0.042 0.02 0.027 0.042 0.292 0.015 0.015 0.027 0.052 0.039 0.005 0.017 0.032
202 D 0.052 0.05 0.099 0.127 0.01 0.039 0.108 0.042 0.021 0.051 0.053 0.098 0.016 0.02 0.022 0.052 0.041 0.005 0.016 0.079
203 R 0.101 0.191 0.037 0.034 0.011 0.045 0.056 0.045 0.02 0.028 0.047 0.173 0.016 0.017 0.024 0.055 0.039 0.005 0.017 0.039
204 L 0.114 0.026 0.025 0.025 0.018 0.021 0.03 0.041 0.012 0.126 0.156 0.034 0.03 0.035 0.021 0.08 0.05 0.006 0.019 0.132
205 L 0.058 0.111 0.033 0.03 0.012 0.034 0.044 0.037 0.024 0.047 0.117 0.104 0.023 0.047 0.021 0.077 0.043 0.01 0.081 0.049
206 Y 0.04 0.031 0.083 0.031 0.009 0.024 0.032 0.032 0.043 0.039 0.06 0.035 0.017 0.106 0.016 0.038 0.032 0.023 0.268 0.042
207 G 0.082 0.031 0.04 0.037 0.016 0.025 0.037 0.142 0.015 0.083 0.068 0.041 0.019 0.025 0.024 0.127 0.098 0.005 0.017 0.07
208 V 0.106 0.023 0.017 0.019 0.018 0.017 0.025 0.033 0.01 0.153 0.173 0.029 0.033 0.038 0.018 0.039 0.044 0.006 0.02 0.18
209 L 0.048 0.02 0.016 0.017 0.11 0.015 0.02 0.024 0.016 0.154 0.17 0.024 0.031 0.058 0.015 0.029 0.035 0.01 0.081 0.108
210 L 0.045 0.021 0.014 0.016 0.016 0.015 0.019 0.021 0.009 0.182 0.298 0.024 0.044 0.05 0.014 0.024 0.035 0.006 0.021 0.126
211 F 0.051 0.021 0.02 0.02 0.013 0.014 0.021 0.123 0.013 0.083 0.153 0.024 0.028 0.18 0.014 0.031 0.032 0.01 0.045 0.102
212 F 0.038 0.018 0.016 0.017 0.013 0.011 0.018 0.023 0.013 0.151 0.133 0.02 0.029 0.257 0.012 0.025 0.031 0.012 0.06 0.102
213 L 0.057 0.029 0.022 0.022 0.017 0.023 0.027 0.029 0.013 0.105 0.193 0.033 0.091 0.041 0.018 0.044 0.084 0.007 0.021 0.126
214 L 0.047 0.022 0.015 0.016 0.015 0.015 0.02 0.022 0.011 0.113 0.281 0.024 0.04 0.119 0.014 0.026 0.034 0.009 0.035 0.124
215 F 0.036 0.018 0.016 0.017 0.011 0.011 0.018 0.024 0.015 0.107 0.122 0.02 0.027 0.328 0.011 0.025 0.028 0.014 0.074 0.078
216 Y 0.04 0.027 0.021 0.018 0.009 0.021 0.027 0.024 0.046 0.043 0.067 0.031 0.018 0.128 0.015 0.031 0.027 0.027 0.331 0.046
217 S 0.086 0.043 0.048 0.064 0.013 0.045 0.155 0.053 0.021 0.026 0.039 0.061 0.014 0.019 0.028 0.163 0.063 0.005 0.017 0.037
218 G 0.106 0.024 0.028 0.026 0.012 0.019 0.027 0.233 0.021 0.037 0.059 0.032 0.016 0.116 0.018 0.048 0.032 0.012 0.091 0.043
219 E 0.051 0.031 0.025 0.046 0.012 0.033 0.136 0.028 0.017 0.11 0.095 0.043 0.023 0.102 0.018 0.038 0.037 0.008 0.032 0.114
220 V 0.06 0.02 0.015 0.017 0.018 0.015 0.021 0.023 0.008 0.211 0.142 0.025 0.033 0.038 0.015 0.029 0.045 0.006 0.02 0.239
221 Y 0.038 0.026 0.02 0.018 0.009 0.019 0.026 0.025 0.04 0.047 0.076 0.028 0.02 0.182 0.014 0.029 0.027 0.025 0.282 0.047
222 A 0.18 0.032 0.039 0.037 0.017 0.027 0.041 0.161 0.016 0.032 0.045 0.045 0.015 0.02 0.027 0.137 0.058 0.005 0.016 0.048
223 S 0.108 0.039 0.053 0.048 0.017 0.033 0.051 0.065 0.019 0.029 0.041 0.053 0.015 0.02 0.029 0.235 0.08 0.005 0.017 0.041
224 R 0.044 0.358 0.038 0.03 0.008 0.047 0.051 0.032 0.023 0.023 0.046 0.118 0.015 0.017 0.019 0.044 0.034 0.006 0.017 0.03
225 S 0.147 0.038 0.047 0.044 0.018 0.031 0.049 0.067 0.018 0.032 0.045 0.051 0.016 0.021 0.029 0.205 0.074 0.005 0.017 0.046
226 Q 0.055 0.072 0.043 0.046 0.009 0.23 0.101 0.04 0.029 0.026 0.046 0.089 0.02 0.014 0.023 0.055 0.04 0.006 0.02 0.035
227 L 0.044 0.023 0.014 0.015 0.016 0.015 0.019 0.021 0.01 0.148 0.343 0.024 0.046 0.052 0.014 0.024 0.034 0.007 0.022 0.11
228 I 0.046 0.019 0.014 0.017 0.016 0.014 0.018 0.02 0.009 0.251 0.209 0.023 0.039 0.045 0.014 0.024 0.038 0.006 0.021 0.157
229 C 0.069 0.019 0.025 0.023 0.301 0.015 0.02 0.227 0.01 0.034 0.049 0.025 0.013 0.018 0.017 0.044 0.033 0.005 0.011 0.043
230 F 0.037 0.024 0.019 0.018 0.01 0.017 0.024 0.025 0.034 0.051 0.085 0.026 0.021 0.237 0.013 0.028 0.026 0.023 0.234 0.049
231 L 0.055 0.025 0.022 0.022 0.015 0.018 0.025 0.03 0.013 0.121 0.219 0.029 0.035 0.114 0.016 0.066 0.042 0.008 0.034 0.091
232 V 0.059 0.019 0.015 0.017 0.113 0.014 0.019 0.024 0.008 0.187 0.13 0.023 0.03 0.035 0.015 0.031 0.042 0.005 0.019 0.194
233 T 0.063 0.031 0.028 0.026 0.017 0.025 0.031 0.033 0.013 0.093 0.128 0.037 0.085 0.035 0.02 0.057 0.13 0.007 0.02 0.121
234 F 0.038 0.019 0.016 0.016 0.013 0.012 0.019 0.023 0.014 0.117 0.178 0.021 0.032 0.259 0.012 0.025 0.029 0.012 0.061 0.086
235 L 0.097 0.023 0.016 0.019 0.017 0.017 0.023 0.032 0.01 0.168 0.233 0.028 0.037 0.043 0.017 0.036 0.038 0.006 0.02 0.121
236 V 0.111 0.024 0.023 0.023 0.113 0.019 0.027 0.039 0.011 0.117 0.096 0.031 0.024 0.029 0.021 0.054 0.087 0.005 0.017 0.13
237 L 0.045 0.02 0.014 0.016 0.016 0.014 0.018 0.02 0.009 0.216 0.254 0.024 0.041 0.047 0.014 0.024 0.037 0.006 0.021 0.142
238 Y 0.04 0.027 0.021 0.018 0.009 0.021 0.027 0.024 0.046 0.043 0.067 0.031 0.018 0.128 0.015 0.031 0.027 0.027 0.331 0.046
239 L 0.05 0.021 0.015 0.016 0.016 0.015 0.019 0.021 0.009 0.192 0.246 0.024 0.04 0.046 0.015 0.026 0.038 0.006 0.021 0.164
240 W 0.041 0.022 0.015 0.016 0.012 0.014 0.021 0.026 0.013 0.079 0.146 0.023 0.027 0.121 0.011 0.025 0.03 0.207 0.053 0.098
241 K 0.05 0.081 0.157 0.057 0.009 0.045 0.061 0.051 0.025 0.025 0.038 0.196 0.014 0.016 0.024 0.059 0.043 0.005 0.016 0.03
242 G 0.078 0.05 0.103 0.05 0.012 0.034 0.049 0.151 0.02 0.025 0.037 0.097 0.013 0.018 0.025 0.128 0.055 0.005 0.015 0.033
243 K 0.059 0.08 0.041 0.049 0.01 0.05 0.111 0.041 0.02 0.031 0.045 0.199 0.016 0.017 0.027 0.06 0.083 0.005 0.017 0.039
244 N 0.055 0.04 0.222 0.14 0.01 0.032 0.057 0.06 0.026 0.023 0.032 0.051 0.011 0.018 0.022 0.098 0.052 0.004 0.015 0.029
245 L 0.049 0.055 0.025 0.026 0.013 0.03 0.039 0.029 0.014 0.113 0.205 0.131 0.033 0.036 0.019 0.035 0.036 0.006 0.02 0.085
246 L 0.046 0.04 0.019 0.02 0.014 0.023 0.03 0.025 0.012 0.096 0.319 0.078 0.042 0.046 0.017 0.03 0.034 0.007 0.021 0.082
247 N 0.055 0.04 0.167 0.132 0.01 0.033 0.058 0.055 0.093 0.024 0.034 0.05 0.012 0.02 0.022 0.093 0.048 0.005 0.023 0.028
248 G 0.113 0.06 0.037 0.036 0.013 0.035 0.048 0.145 0.016 0.033 0.047 0.141 0.015 0.018 0.026 0.066 0.083 0.005 0.016 0.045
249 L 0.052 0.025 0.021 0.02 0.016 0.017 0.024 0.027 0.012 0.1 0.216 0.028 0.034 0.113 0.016 0.039 0.08 0.008 0.034 0.119
250 L 0.042 0.021 0.015 0.016 0.015 0.014 0.019 0.022 0.011 0.137 0.288 0.023 0.041 0.121 0.013 0.024 0.032 0.009 0.035 0.102
251 N 0.071 0.054 0.161 0.06 0.012 0.037 0.054 0.06 0.024 0.026 0.037 0.101 0.014 0.018 0.025 0.132 0.059 0.005 0.016 0.033
252 C 0.047 0.019 0.016 0.016 0.205 0.012 0.018 0.027 0.012 0.065 0.148 0.02 0.026 0.178 0.013 0.031 0.031 0.01 0.044 0.063
253 L 0.044 0.021 0.015 0.016 0.014 0.014 0.02 0.023 0.012 0.102 0.225 0.022 0.036 0.188 0.013 0.026 0.033 0.01 0.048 0.116
254 L 0.052 0.025 0.023 0.022 0.014 0.017 0.026 0.031 0.014 0.076 0.208 0.028 0.032 0.185 0.016 0.067 0.039 0.01 0.047 0.068
255 G 0.057 0.022 0.024 0.023 0.014 0.016 0.021 0.22 0.011 0.11 0.199 0.028 0.03 0.036 0.016 0.035 0.033 0.006 0.017 0.082
256 L 0.062 0.029 0.027 0.026 0.016 0.021 0.03 0.034 0.012 0.084 0.254 0.034 0.036 0.041 0.02 0.08 0.088 0.006 0.02 0.079
257 L 0.056 0.02 0.019 0.02 0.015 0.015 0.02 0.121 0.01 0.173 0.174 0.026 0.032 0.038 0.015 0.031 0.038 0.006 0.019 0.15
258 L 0.154 0.026 0.023 0.024 0.017 0.02 0.029 0.143 0.012 0.066 0.184 0.034 0.028 0.033 0.021 0.053 0.038 0.006 0.018 0.069
259 L 0.075 0.028 0.03 0.029 0.017 0.022 0.033 0.039 0.013 0.124 0.152 0.036 0.029 0.035 0.021 0.11 0.056 0.006 0.019 0.127
260 L 0.049 0.023 0.016 0.017 0.015 0.017 0.021 0.024 0.012 0.144 0.197 0.026 0.064 0.116 0.014 0.028 0.037 0.009 0.035 0.139
261 I 0.108 0.022 0.022 0.023 0.016 0.017 0.024 0.132 0.011 0.159 0.109 0.03 0.026 0.032 0.019 0.043 0.041 0.006 0.018 0.144
262 I 0.046 0.019 0.014 0.017 0.016 0.014 0.018 0.02 0.009 0.251 0.209 0.023 0.039 0.045 0.014 0.024 0.038 0.006 0.021 0.157
263 L 0.045 0.024 0.014 0.015 0.016 0.016 0.02 0.021 0.01 0.116 0.374 0.025 0.05 0.055 0.014 0.024 0.033 0.007 0.022 0.096
264 L 0.041 0.024 0.016 0.016 0.013 0.016 0.021 0.022 0.018 0.089 0.268 0.025 0.038 0.138 0.013 0.025 0.03 0.013 0.097 0.077
265 L 0.052 0.038 0.089 0.039 0.013 0.064 0.045 0.038 0.018 0.1 0.139 0.047 0.027 0.03 0.02 0.052 0.084 0.006 0.019 0.08
266 L 0.075 0.032 0.035 0.032 0.017 0.025 0.036 0.043 0.014 0.067 0.184 0.04 0.029 0.034 0.023 0.122 0.098 0.006 0.019 0.068
267 P 0.066 0.028 0.029 0.034 0.012 0.023 0.039 0.041 0.014 0.026 0.037 0.043 0.011 0.014 0.409 0.081 0.044 0.003 0.014 0.033
268 Y 0.054 0.029 0.024 0.022 0.014 0.023 0.029 0.029 0.026 0.08 0.104 0.033 0.053 0.072 0.018 0.044 0.081 0.015 0.145 0.107
269 Y 0.105 0.028 0.025 0.024 0.015 0.022 0.031 0.038 0.026 0.068 0.077 0.035 0.021 0.067 0.021 0.054 0.083 0.014 0.143 0.102
270 K 0.053 0.075 0.099 0.059 0.008 0.086 0.12 0.045 0.025 0.025 0.04 0.16 0.015 0.016 0.024 0.056 0.041 0.005 0.017 0.031
271 K 0.048 0.131 0.156 0.055 0.008 0.044 0.057 0.049 0.025 0.024 0.038 0.162 0.014 0.017 0.023 0.057 0.042 0.005 0.016 0.03
272 F 0.033 0.019 0.017 0.017 0.01 0.01 0.019 0.025 0.017 0.062 0.112 0.019 0.025 0.399 0.01 0.025 0.025 0.017 0.087 0.054
273 L 0.045 0.02 0.014 0.016 0.016 0.014 0.018 0.02 0.009 0.216 0.254 0.024 0.041 0.047 0.014 0.024 0.037 0.006 0.021 0.142
274 D 0.159 0.032 0.048 0.185 0.015 0.028 0.062 0.062 0.017 0.032 0.042 0.046 0.014 0.018 0.026 0.101 0.05 0.005 0.015 0.045
275 S 0.101 0.038 0.051 0.046 0.017 0.031 0.049 0.061 0.018 0.034 0.046 0.051 0.016 0.021 0.029 0.206 0.117 0.005 0.017 0.047
276 F 0.033 0.019 0.017 0.017 0.01 0.01 0.019 0.025 0.017 0.062 0.112 0.019 0.025 0.399 0.01 0.025 0.025 0.017 0.087 0.054
277 S 0.108 0.039 0.053 0.048 0.017 0.033 0.051 0.065 0.019 0.029 0.041 0.053 0.015 0.02 0.029 0.235 0.08 0.005 0.017 0.041
278 V 0.076 0.025 0.024 0.024 0.018 0.019 0.029 0.032 0.01 0.135 0.11 0.031 0.028 0.032 0.019 0.073 0.055 0.005 0.02 0.235
279 N 0.068 0.039 0.167 0.134 0.012 0.032 0.058 0.061 0.024 0.025 0.034 0.051 0.012 0.018 0.024 0.132 0.058 0.005 0.015 0.032
280 D 0.041 0.035 0.173 0.278 0.008 0.031 0.073 0.053 0.023 0.022 0.029 0.047 0.01 0.016 0.021 0.058 0.04 0.004 0.013 0.025
281 P 0.079 0.046 0.037 0.037 0.014 0.031 0.046 0.046 0.016 0.054 0.058 0.093 0.017 0.021 0.121 0.12 0.057 0.005 0.017 0.086
282 T 0.058 0.036 0.042 0.118 0.013 0.035 0.101 0.039 0.017 0.049 0.077 0.048 0.047 0.025 0.023 0.064 0.127 0.006 0.017 0.057
283 Y 0.04 0.027 0.021 0.018 0.009 0.021 0.027 0.024 0.046 0.043 0.067 0.031 0.018 0.128 0.015 0.031 0.027 0.027 0.331 0.046
284 G 0.077 0.022 0.038 0.033 0.011 0.019 0.025 0.52 0.013 0.019 0.028 0.033 0.009 0.016 0.019 0.05 0.029 0.005 0.011 0.024
285 A 0.254 0.034 0.028 0.041 0.018 0.033 0.094 0.068 0.017 0.038 0.054 0.05 0.016 0.02 0.028 0.077 0.046 0.005 0.017 0.06
286 G 0.077 0.022 0.038 0.033 0.011 0.019 0.025 0.52 0.013 0.019 0.028 0.033 0.009 0.016 0.019 0.05 0.029 0.005 0.011 0.024
287 T 0.079 0.036 0.045 0.039 0.017 0.028 0.041 0.047 0.015 0.048 0.059 0.046 0.019 0.023 0.027 0.12 0.225 0.006 0.017 0.064
288 L 0.048 0.028 0.017 0.018 0.016 0.023 0.024 0.025 0.013 0.104 0.271 0.031 0.126 0.05 0.015 0.031 0.037 0.007 0.023 0.092
289 V 0.069 0.021 0.016 0.017 0.019 0.016 0.023 0.024 0.008 0.161 0.128 0.026 0.031 0.035 0.016 0.032 0.048 0.005 0.02 0.283
290 R 0.044 0.358 0.038 0.03 0.008 0.047 0.051 0.032 0.023 0.023 0.046 0.118 0.015 0.017 0.019 0.044 0.034 0.006 0.017 0.03
291 V 0.055 0.02 0.015 0.017 0.017 0.015 0.02 0.022 0.009 0.201 0.194 0.024 0.037 0.042 0.015 0.027 0.042 0.006 0.021 0.201
292 L 0.053 0.027 0.078 0.029 0.016 0.019 0.027 0.031 0.013 0.114 0.212 0.031 0.034 0.039 0.016 0.036 0.042 0.006 0.02 0.156
293 G 0.077 0.022 0.038 0.033 0.011 0.019 0.025 0.52 0.013 0.019 0.028 0.033 0.009 0.016 0.019 0.05 0.029 0.005 0.011 0.024
294 R 0.061 0.186 0.043 0.039 0.01 0.082 0.065 0.042 0.023 0.026 0.044 0.134 0.016 0.017 0.023 0.086 0.046 0.005 0.018 0.034
295 K 0.05 0.137 0.099 0.048 0.008 0.083 0.068 0.044 0.025 0.025 0.041 0.169 0.015 0.016 0.023 0.054 0.04 0.005 0.017 0.031
296 L 0.04 0.024 0.017 0.017 0.012 0.017 0.023 0.023 0.026 0.075 0.204 0.026 0.032 0.153 0.014 0.027 0.029 0.017 0.159 0.067
297 Y 0.04 0.027 0.021 0.018 0.009 0.021 0.027 0.024 0.046 0.043 0.067 0.031 0.018 0.128 0.015 0.031 0.027 0.027 0.331 0.046
298 Q 0.063 0.06 0.047 0.045 0.01 0.152 0.081 0.045 0.095 0.026 0.043 0.073 0.018 0.019 0.023 0.088 0.046 0.006 0.027 0.033
299 E 0.049 0.052 0.157 0.077 0.008 0.085 0.164 0.047 0.028 0.023 0.036 0.069 0.013 0.016 0.023 0.06 0.042 0.005 0.017 0.03
300 E 0.052 0.044 0.031 0.052 0.011 0.079 0.153 0.031 0.021 0.091 0.095 0.059 0.052 0.028 0.021 0.045 0.038 0.006 0.019 0.072
301 W 0.03 0.022 0.015 0.015 0.007 0.015 0.022 0.03 0.015 0.03 0.052 0.022 0.015 0.059 0.007 0.022 0.022 0.502 0.067 0.03
302 L 0.051 0.044 0.096 0.043 0.012 0.069 0.052 0.041 0.09 0.047 0.113 0.051 0.023 0.028 0.021 0.056 0.082 0.006 0.026 0.049
303 N 0.049 0.056 0.157 0.069 0.008 0.118 0.122 0.049 0.029 0.024 0.038 0.072 0.015 0.016 0.022 0.06 0.043 0.005 0.017 0.031
304 N 0.071 0.054 0.161 0.06 0.012 0.037 0.054 0.06 0.024 0.026 0.037 0.101 0.014 0.018 0.025 0.132 0.059 0.005 0.016 0.033
305 S 0.109 0.04 0.054 0.049 0.017 0.033 0.052 0.066 0.019 0.029 0.042 0.054 0.016 0.021 0.029 0.226 0.081 0.005 0.017 0.042
306 K 0.048 0.055 0.026 0.027 0.012 0.031 0.04 0.031 0.016 0.1 0.111 0.132 0.054 0.104 0.019 0.038 0.036 0.008 0.033 0.076
307 L 0.043 0.025 0.015 0.016 0.015 0.017 0.021 0.022 0.017 0.099 0.324 0.026 0.043 0.069 0.014 0.025 0.032 0.011 0.084 0.085
308 F 0.037 0.021 0.016 0.016 0.013 0.013 0.019 0.023 0.014 0.083 0.222 0.021 0.034 0.261 0.012 0.024 0.028 0.013 0.061 0.07
309 G 0.077 0.022 0.038 0.033 0.011 0.019 0.025 0.52 0.013 0.019 0.028 0.033 0.009 0.016 0.019 0.05 0.029 0.005 0.011 0.024
310 F 0.033 0.019 0.017 0.017 0.01 0.01 0.019 0.025 0.017 0.062 0.112 0.019 0.025 0.399 0.01 0.025 0.025 0.017 0.087 0.054
311 G 0.077 0.022 0.038 0.033 0.011 0.019 0.025 0.52 0.013 0.019 0.028 0.033 0.009 0.016 0.019 0.05 0.029 0.005 0.011 0.024
312 I 0.05 0.03 0.022 0.026 0.013 0.058 0.038 0.027 0.013 0.181 0.115 0.04 0.028 0.031 0.114 0.034 0.039 0.005 0.019 0.117
313 A 0.159 0.03 0.03 0.03 0.019 0.023 0.035 0.052 0.013 0.095 0.082 0.04 0.022 0.026 0.025 0.075 0.132 0.006 0.018 0.089
314 E 0.079 0.042 0.046 0.062 0.013 0.044 0.152 0.048 0.02 0.031 0.044 0.06 0.015 0.019 0.027 0.134 0.099 0.005 0.017 0.043
315 D 0.04 0.029 0.068 0.409 0.007 0.029 0.09 0.046 0.018 0.022 0.027 0.044 0.009 0.015 0.022 0.051 0.035 0.004 0.011 0.024
316 G 0.072 0.028 0.039 0.044 0.01 0.027 0.082 0.423 0.016 0.019 0.029 0.041 0.01 0.016 0.02 0.051 0.031 0.005 0.012 0.025
317 N 0.042 0.044 0.33 0.081 0.009 0.033 0.048 0.064 0.031 0.022 0.031 0.053 0.011 0.018 0.02 0.068 0.048 0.004 0.015 0.026
318 Y 0.042 0.023 0.019 0.018 0.012 0.018 0.023 0.023 0.031 0.14 0.106 0.028 0.025 0.094 0.015 0.028 0.032 0.019 0.207 0.097
319 F 0.038 0.019 0.016 0.016 0.013 0.012 0.019 0.023 0.014 0.117 0.178 0.021 0.032 0.259 0.012 0.025 0.029 0.012 0.061 0.086
320 G 0.115 0.028 0.094 0.042 0.012 0.023 0.033 0.34 0.017 0.024 0.034 0.039 0.011 0.017 0.021 0.061 0.037 0.005 0.013 0.033
