#Seq2Logo.py -f /work3/idamei/wzy_ssn/run/1e-50/run/150/MSAs/0006_214.afa -o /work3/idamei/wzy_ssn/run/1e-50/run/150/logos/0006_214.logo
#Position Specific Frequency Matrix
A R N D C Q E G H I L K M F P S T W Y V
0 L 0.051 0.032 0.02 0.02 0.016 0.028 0.028 0.028 0.016 0.099 0.194 0.036 0.173 0.047 0.016 0.036 0.04 0.008 0.024 0.091
1 K 0.053 0.085 0.105 0.051 0.009 0.087 0.072 0.047 0.025 0.026 0.041 0.192 0.015 0.016 0.025 0.057 0.042 0.005 0.017 0.032
2 N 0.042 0.045 0.32 0.083 0.009 0.034 0.049 0.065 0.031 0.022 0.031 0.054 0.011 0.018 0.02 0.069 0.049 0.004 0.016 0.027
3 K 0.05 0.147 0.104 0.048 0.008 0.047 0.061 0.045 0.023 0.025 0.041 0.199 0.014 0.016 0.024 0.054 0.04 0.005 0.017 0.031
4 I 0.046 0.017 0.014 0.017 0.016 0.013 0.017 0.02 0.009 0.282 0.165 0.023 0.036 0.044 0.014 0.025 0.039 0.006 0.02 0.174
5 S 0.097 0.054 0.051 0.047 0.015 0.037 0.056 0.06 0.019 0.029 0.042 0.106 0.015 0.019 0.029 0.192 0.072 0.005 0.017 0.039
6 F 0.041 0.038 0.022 0.022 0.011 0.02 0.03 0.028 0.016 0.103 0.109 0.08 0.025 0.233 0.015 0.031 0.031 0.012 0.057 0.076
7 F 0.037 0.024 0.019 0.018 0.01 0.017 0.024 0.025 0.033 0.052 0.087 0.025 0.021 0.248 0.013 0.028 0.026 0.023 0.221 0.05
8 I 0.046 0.023 0.017 0.018 0.014 0.018 0.022 0.023 0.019 0.188 0.15 0.028 0.063 0.063 0.015 0.028 0.037 0.011 0.089 0.127
9 V 0.141 0.025 0.019 0.021 0.019 0.019 0.028 0.041 0.011 0.112 0.162 0.032 0.03 0.035 0.02 0.048 0.045 0.006 0.02 0.168
10 Y 0.04 0.028 0.021 0.018 0.009 0.021 0.028 0.025 0.046 0.043 0.067 0.031 0.018 0.129 0.015 0.031 0.028 0.028 0.328 0.046
11 I 0.051 0.018 0.015 0.017 0.017 0.014 0.019 0.021 0.009 0.255 0.157 0.024 0.035 0.042 0.015 0.026 0.041 0.006 0.02 0.198
12 Y 0.04 0.028 0.021 0.018 0.009 0.021 0.028 0.025 0.046 0.043 0.067 0.031 0.018 0.129 0.015 0.031 0.028 0.028 0.328 0.046
13 I 0.052 0.021 0.021 0.022 0.016 0.016 0.022 0.025 0.01 0.231 0.143 0.028 0.033 0.039 0.017 0.039 0.088 0.006 0.02 0.151
14 A 0.187 0.026 0.02 0.023 0.019 0.02 0.03 0.052 0.012 0.112 0.155 0.035 0.028 0.033 0.023 0.057 0.043 0.006 0.019 0.097
15 P 0.056 0.025 0.023 0.031 0.01 0.02 0.036 0.036 0.013 0.025 0.036 0.041 0.01 0.013 0.501 0.043 0.036 0.003 0.013 0.031
16 I 0.109 0.024 0.023 0.024 0.017 0.019 0.027 0.038 0.011 0.178 0.119 0.033 0.028 0.034 0.021 0.053 0.09 0.006 0.019 0.127
17 L 0.043 0.019 0.015 0.017 0.015 0.013 0.018 0.021 0.011 0.196 0.202 0.023 0.037 0.124 0.013 0.025 0.035 0.008 0.036 0.13
18 L 0.055 0.023 0.015 0.016 0.017 0.016 0.021 0.022 0.009 0.135 0.271 0.025 0.041 0.046 0.015 0.028 0.04 0.006 0.021 0.177
19 S 0.151 0.038 0.047 0.044 0.018 0.031 0.049 0.068 0.018 0.032 0.045 0.051 0.016 0.021 0.029 0.199 0.074 0.005 0.017 0.047
20 L 0.044 0.024 0.014 0.015 0.016 0.016 0.02 0.021 0.01 0.114 0.385 0.025 0.049 0.054 0.014 0.024 0.033 0.007 0.022 0.095
21 Y 0.047 0.025 0.019 0.017 0.013 0.019 0.025 0.024 0.03 0.085 0.152 0.028 0.028 0.091 0.015 0.03 0.033 0.018 0.192 0.109
22 L 0.04 0.024 0.017 0.016 0.012 0.017 0.022 0.023 0.023 0.079 0.218 0.025 0.033 0.155 0.014 0.026 0.029 0.016 0.139 0.07
23 I 0.046 0.017 0.014 0.017 0.016 0.013 0.017 0.02 0.009 0.282 0.165 0.023 0.036 0.044 0.014 0.025 0.039 0.006 0.02 0.174
24 Y 0.121 0.032 0.033 0.031 0.015 0.026 0.038 0.05 0.03 0.038 0.057 0.041 0.017 0.069 0.023 0.109 0.05 0.015 0.155 0.049
25 N 0.067 0.04 0.171 0.059 0.014 0.031 0.046 0.057 0.023 0.034 0.044 0.05 0.015 0.02 0.024 0.112 0.125 0.005 0.017 0.044
26 T 0.066 0.031 0.037 0.032 0.014 0.024 0.033 0.144 0.021 0.043 0.057 0.039 0.017 0.045 0.023 0.069 0.156 0.011 0.085 0.054
27 G 0.065 0.03 0.135 0.049 0.01 0.023 0.033 0.366 0.019 0.02 0.029 0.04 0.01 0.017 0.019 0.057 0.036 0.005 0.012 0.025
28 S 0.07 0.037 0.044 0.037 0.013 0.03 0.044 0.045 0.101 0.036 0.051 0.045 0.017 0.047 0.023 0.113 0.096 0.011 0.095 0.045
29 L 0.044 0.024 0.014 0.015 0.016 0.016 0.02 0.021 0.01 0.114 0.385 0.025 0.049 0.054 0.014 0.024 0.033 0.007 0.022 0.095
30 L 0.044 0.022 0.014 0.016 0.016 0.015 0.019 0.021 0.01 0.151 0.336 0.025 0.046 0.052 0.014 0.024 0.034 0.007 0.022 0.112
31 G 0.077 0.023 0.039 0.033 0.011 0.019 0.025 0.517 0.013 0.019 0.028 0.033 0.009 0.016 0.019 0.051 0.029 0.005 0.011 0.024
32 D 0.04 0.029 0.068 0.406 0.007 0.029 0.09 0.046 0.018 0.022 0.028 0.044 0.009 0.015 0.022 0.051 0.035 0.004 0.011 0.024
33 F 0.033 0.019 0.017 0.017 0.01 0.01 0.019 0.025 0.017 0.062 0.113 0.019 0.025 0.396 0.01 0.025 0.025 0.017 0.087 0.054
34 R 0.044 0.355 0.038 0.031 0.008 0.048 0.052 0.032 0.023 0.023 0.046 0.118 0.015 0.017 0.019 0.044 0.034 0.006 0.017 0.031
35 T 0.088 0.037 0.047 0.042 0.017 0.03 0.045 0.053 0.016 0.042 0.054 0.049 0.018 0.022 0.028 0.154 0.179 0.006 0.017 0.057
36 Y 0.04 0.028 0.021 0.018 0.009 0.021 0.028 0.025 0.046 0.043 0.067 0.031 0.018 0.129 0.015 0.031 0.028 0.028 0.328 0.046
37 S 0.093 0.037 0.046 0.042 0.015 0.03 0.046 0.056 0.025 0.032 0.047 0.048 0.016 0.045 0.026 0.187 0.069 0.01 0.086 0.042
38 Y 0.04 0.028 0.021 0.018 0.009 0.021 0.028 0.025 0.046 0.043 0.067 0.031 0.018 0.129 0.015 0.031 0.028 0.028 0.328 0.046
39 K 0.068 0.062 0.108 0.051 0.013 0.038 0.054 0.052 0.021 0.032 0.045 0.13 0.015 0.019 0.026 0.105 0.099 0.005 0.017 0.041
40 L 0.046 0.024 0.015 0.017 0.016 0.018 0.021 0.022 0.011 0.148 0.294 0.027 0.074 0.05 0.015 0.027 0.036 0.007 0.022 0.112
41 D 0.045 0.036 0.059 0.3 0.007 0.041 0.162 0.042 0.021 0.022 0.03 0.054 0.01 0.015 0.023 0.052 0.035 0.004 0.013 0.026
42 W 0.04 0.021 0.017 0.019 0.011 0.015 0.023 0.028 0.013 0.092 0.087 0.026 0.021 0.12 0.119 0.028 0.03 0.172 0.049 0.067
43 V 0.06 0.033 0.03 0.046 0.014 0.034 0.12 0.031 0.015 0.118 0.092 0.046 0.024 0.028 0.021 0.051 0.089 0.006 0.018 0.127
44 D 0.066 0.037 0.057 0.216 0.011 0.038 0.125 0.05 0.02 0.024 0.034 0.054 0.012 0.017 0.025 0.112 0.05 0.005 0.014 0.031
45 L 0.12 0.029 0.03 0.03 0.016 0.022 0.035 0.049 0.015 0.058 0.137 0.037 0.025 0.112 0.022 0.107 0.051 0.008 0.034 0.062
46 L 0.061 0.026 0.024 0.023 0.016 0.019 0.027 0.032 0.013 0.094 0.191 0.03 0.032 0.118 0.017 0.072 0.045 0.008 0.035 0.115
47 L 0.057 0.028 0.024 0.023 0.015 0.021 0.029 0.032 0.02 0.079 0.238 0.033 0.035 0.063 0.018 0.072 0.042 0.011 0.089 0.072
48 F 0.053 0.026 0.028 0.026 0.015 0.018 0.027 0.032 0.014 0.107 0.103 0.031 0.025 0.152 0.019 0.054 0.132 0.009 0.041 0.088
49 L 0.046 0.021 0.015 0.015 0.11 0.014 0.019 0.024 0.011 0.089 0.268 0.023 0.037 0.116 0.014 0.027 0.032 0.008 0.033 0.079
50 L 0.046 0.023 0.015 0.017 0.016 0.017 0.02 0.022 0.011 0.179 0.26 0.026 0.069 0.048 0.014 0.026 0.037 0.007 0.022 0.125
51 L 0.044 0.031 0.02 0.022 0.013 0.057 0.035 0.025 0.015 0.12 0.22 0.036 0.036 0.113 0.015 0.03 0.034 0.008 0.034 0.09
52 Y 0.038 0.026 0.02 0.018 0.009 0.019 0.026 0.025 0.04 0.047 0.076 0.028 0.02 0.182 0.014 0.029 0.027 0.025 0.282 0.047
53 L 0.04 0.02 0.015 0.016 0.014 0.013 0.019 0.022 0.012 0.127 0.233 0.022 0.037 0.19 0.013 0.024 0.031 0.011 0.048 0.094
54 L 0.05 0.023 0.02 0.02 0.016 0.017 0.023 0.025 0.01 0.17 0.234 0.028 0.038 0.043 0.017 0.038 0.081 0.006 0.02 0.121
55 P 0.056 0.025 0.023 0.03 0.01 0.02 0.035 0.035 0.013 0.025 0.035 0.04 0.01 0.013 0.503 0.043 0.035 0.003 0.013 0.03
56 L 0.044 0.024 0.014 0.015 0.016 0.016 0.02 0.021 0.01 0.113 0.388 0.025 0.049 0.054 0.014 0.024 0.033 0.007 0.022 0.094
57 L 0.097 0.023 0.016 0.019 0.017 0.017 0.023 0.032 0.01 0.168 0.233 0.028 0.037 0.043 0.017 0.036 0.038 0.006 0.02 0.121
58 I 0.041 0.018 0.015 0.017 0.014 0.012 0.018 0.022 0.012 0.196 0.144 0.021 0.032 0.186 0.013 0.025 0.033 0.01 0.047 0.126
59 I 0.046 0.019 0.014 0.017 0.016 0.014 0.018 0.02 0.009 0.251 0.209 0.023 0.039 0.045 0.014 0.024 0.038 0.006 0.021 0.157
60 F 0.036 0.022 0.018 0.017 0.01 0.015 0.022 0.025 0.028 0.054 0.094 0.023 0.022 0.291 0.012 0.027 0.026 0.021 0.185 0.051
61 C 0.051 0.021 0.016 0.016 0.206 0.015 0.02 0.026 0.016 0.071 0.194 0.024 0.03 0.055 0.015 0.032 0.033 0.01 0.08 0.069
62 V 0.058 0.023 0.017 0.018 0.017 0.017 0.023 0.025 0.011 0.129 0.138 0.026 0.059 0.11 0.015 0.031 0.042 0.008 0.034 0.199
63 V 0.06 0.02 0.015 0.017 0.018 0.015 0.021 0.023 0.008 0.211 0.142 0.025 0.033 0.038 0.015 0.029 0.045 0.006 0.02 0.239
64 K 0.056 0.105 0.041 0.041 0.008 0.052 0.069 0.042 0.02 0.027 0.042 0.292 0.015 0.015 0.027 0.052 0.039 0.005 0.017 0.032
65 L 0.066 0.031 0.03 0.028 0.016 0.026 0.032 0.037 0.015 0.113 0.131 0.038 0.085 0.036 0.02 0.084 0.092 0.006 0.02 0.093
66 F 0.034 0.019 0.017 0.017 0.011 0.011 0.019 0.025 0.017 0.064 0.114 0.019 0.025 0.385 0.011 0.025 0.025 0.017 0.089 0.055
67 G 0.076 0.036 0.043 0.049 0.014 0.034 0.093 0.141 0.017 0.035 0.047 0.05 0.015 0.02 0.025 0.104 0.134 0.005 0.016 0.047
68 G 0.069 0.024 0.044 0.108 0.01 0.021 0.038 0.425 0.014 0.019 0.028 0.035 0.009 0.016 0.019 0.05 0.03 0.005 0.011 0.024
69 K 0.053 0.093 0.043 0.04 0.008 0.049 0.066 0.041 0.09 0.026 0.041 0.243 0.015 0.018 0.025 0.05 0.036 0.006 0.025 0.03
70 L 0.049 0.021 0.016 0.017 0.015 0.016 0.021 0.022 0.016 0.178 0.182 0.025 0.034 0.061 0.015 0.027 0.037 0.01 0.083 0.154
71 L 0.053 0.057 0.027 0.026 0.012 0.032 0.042 0.031 0.021 0.074 0.133 0.133 0.026 0.049 0.02 0.038 0.037 0.01 0.081 0.098
72 V 0.055 0.02 0.015 0.017 0.017 0.015 0.02 0.022 0.009 0.201 0.194 0.024 0.037 0.042 0.015 0.027 0.042 0.006 0.021 0.201
73 D 0.05 0.045 0.048 0.183 0.01 0.032 0.063 0.04 0.023 0.033 0.046 0.091 0.014 0.039 0.023 0.055 0.079 0.009 0.078 0.039
74 T 0.059 0.046 0.043 0.111 0.012 0.031 0.054 0.042 0.016 0.036 0.047 0.093 0.015 0.018 0.121 0.066 0.126 0.005 0.015 0.045
75 F 0.053 0.036 0.026 0.025 0.107 0.021 0.03 0.129 0.015 0.043 0.072 0.076 0.018 0.17 0.016 0.038 0.031 0.01 0.043 0.044
76 E 0.056 0.108 0.04 0.066 0.009 0.053 0.204 0.036 0.022 0.028 0.044 0.077 0.014 0.018 0.024 0.059 0.081 0.006 0.017 0.038
77 G 0.078 0.039 0.103 0.06 0.012 0.036 0.097 0.15 0.021 0.024 0.035 0.053 0.013 0.018 0.024 0.129 0.055 0.005 0.015 0.033
78 I 0.05 0.041 0.025 0.036 0.013 0.031 0.086 0.027 0.014 0.181 0.114 0.087 0.027 0.032 0.019 0.036 0.038 0.006 0.019 0.117
79 K 0.053 0.123 0.031 0.03 0.01 0.038 0.048 0.033 0.023 0.056 0.065 0.152 0.019 0.042 0.021 0.042 0.038 0.01 0.08 0.085
80 L 0.039 0.022 0.015 0.016 0.014 0.014 0.019 0.022 0.013 0.093 0.277 0.022 0.039 0.192 0.013 0.024 0.03 0.011 0.048 0.078
81 E 0.049 0.044 0.103 0.151 0.008 0.05 0.214 0.043 0.025 0.022 0.033 0.064 0.012 0.016 0.024 0.056 0.038 0.005 0.015 0.028
82 K 0.06 0.07 0.031 0.031 0.108 0.037 0.049 0.037 0.015 0.057 0.064 0.184 0.019 0.02 0.023 0.046 0.04 0.005 0.017 0.087
83 F 0.037 0.02 0.017 0.017 0.011 0.013 0.02 0.024 0.021 0.103 0.114 0.022 0.026 0.274 0.012 0.026 0.028 0.017 0.123 0.076
84 L 0.146 0.024 0.019 0.021 0.017 0.018 0.027 0.044 0.013 0.109 0.156 0.031 0.029 0.108 0.019 0.048 0.039 0.008 0.033 0.091
85 F 0.037 0.021 0.016 0.016 0.013 0.013 0.019 0.023 0.014 0.083 0.222 0.021 0.034 0.261 0.012 0.024 0.028 0.013 0.061 0.07
86 Y 0.047 0.095 0.029 0.024 0.01 0.028 0.034 0.03 0.035 0.041 0.062 0.051 0.018 0.085 0.018 0.045 0.076 0.019 0.206 0.047
87 L 0.069 0.03 0.03 0.028 0.016 0.023 0.032 0.039 0.013 0.08 0.249 0.036 0.035 0.04 0.02 0.108 0.052 0.006 0.02 0.073
88 L 0.04 0.019 0.015 0.017 0.014 0.013 0.018 0.022 0.012 0.162 0.188 0.022 0.034 0.188 0.013 0.025 0.032 0.01 0.047 0.11
89 L 0.051 0.022 0.016 0.017 0.016 0.017 0.021 0.023 0.01 0.189 0.208 0.026 0.066 0.045 0.015 0.028 0.04 0.006 0.021 0.163
90 L 0.04 0.019 0.015 0.017 0.014 0.013 0.018 0.022 0.012 0.162 0.188 0.022 0.034 0.188 0.013 0.025 0.032 0.01 0.047 0.11
91 T 0.066 0.029 0.032 0.029 0.017 0.022 0.031 0.034 0.011 0.121 0.097 0.036 0.025 0.03 0.022 0.066 0.174 0.006 0.019 0.133
92 G 0.061 0.022 0.029 0.026 0.012 0.016 0.023 0.321 0.013 0.046 0.117 0.029 0.02 0.1 0.016 0.04 0.029 0.008 0.028 0.044
93 L 0.049 0.023 0.014 0.015 0.016 0.016 0.02 0.022 0.01 0.123 0.336 0.025 0.045 0.05 0.014 0.026 0.036 0.007 0.022 0.132
94 I 0.051 0.018 0.015 0.017 0.016 0.014 0.018 0.021 0.009 0.261 0.157 0.024 0.035 0.042 0.015 0.026 0.041 0.006 0.02 0.195
95 T 0.072 0.035 0.043 0.037 0.017 0.027 0.039 0.043 0.014 0.052 0.064 0.045 0.019 0.023 0.027 0.091 0.261 0.006 0.017 0.07
96 L 0.042 0.023 0.014 0.015 0.015 0.015 0.02 0.022 0.011 0.103 0.333 0.024 0.044 0.123 0.013 0.024 0.031 0.009 0.035 0.086
97 L 0.047 0.019 0.015 0.016 0.11 0.013 0.018 0.024 0.01 0.158 0.179 0.022 0.032 0.112 0.014 0.028 0.034 0.008 0.032 0.11
98 F 0.036 0.018 0.016 0.017 0.011 0.011 0.018 0.024 0.015 0.107 0.122 0.02 0.027 0.328 0.011 0.025 0.028 0.014 0.074 0.078
99 G 0.077 0.022 0.038 0.033 0.011 0.019 0.025 0.52 0.013 0.019 0.028 0.033 0.009 0.016 0.019 0.05 0.029 0.005 0.011 0.024
100 A 0.304 0.03 0.025 0.029 0.021 0.025 0.04 0.077 0.015 0.042 0.058 0.044 0.017 0.021 0.029 0.083 0.049 0.005 0.017 0.067
101 N 0.048 0.034 0.204 0.056 0.012 0.026 0.037 0.047 0.022 0.103 0.077 0.041 0.02 0.026 0.018 0.052 0.047 0.005 0.017 0.107
102 A 0.155 0.062 0.035 0.038 0.014 0.113 0.07 0.055 0.021 0.033 0.05 0.112 0.018 0.017 0.026 0.066 0.044 0.005 0.018 0.047
103 I 0.051 0.018 0.015 0.017 0.016 0.014 0.018 0.021 0.009 0.261 0.157 0.024 0.035 0.042 0.015 0.026 0.041 0.006 0.02 0.195
104 G 0.077 0.022 0.038 0.033 0.011 0.019 0.025 0.52 0.013 0.019 0.028 0.033 0.009 0.016 0.019 0.05 0.029 0.005 0.011 0.024
105 H 0.06 0.055 0.049 0.043 0.01 0.114 0.072 0.044 0.162 0.025 0.042 0.064 0.017 0.022 0.023 0.085 0.043 0.006 0.034 0.031
106 P 0.069 0.027 0.028 0.031 0.013 0.022 0.036 0.039 0.013 0.053 0.055 0.04 0.015 0.019 0.311 0.079 0.047 0.004 0.015 0.083
107 A 0.199 0.036 0.147 0.05 0.016 0.028 0.043 0.072 0.021 0.034 0.047 0.047 0.015 0.02 0.025 0.077 0.049 0.005 0.016 0.051
108 Q 0.058 0.06 0.037 0.039 0.011 0.175 0.082 0.036 0.024 0.06 0.067 0.074 0.023 0.02 0.021 0.049 0.043 0.006 0.02 0.096
109 G 0.079 0.031 0.039 0.034 0.016 0.024 0.035 0.139 0.013 0.063 0.065 0.04 0.019 0.024 0.024 0.1 0.136 0.005 0.017 0.097
110 G 0.077 0.022 0.038 0.033 0.011 0.019 0.025 0.52 0.013 0.019 0.028 0.033 0.009 0.016 0.019 0.05 0.029 0.005 0.011 0.024
111 L 0.04 0.019 0.015 0.017 0.014 0.013 0.018 0.022 0.012 0.162 0.188 0.022 0.034 0.188 0.013 0.025 0.032 0.01 0.047 0.11
112 A 0.215 0.031 0.03 0.033 0.018 0.026 0.041 0.066 0.015 0.036 0.05 0.045 0.015 0.019 0.124 0.106 0.053 0.005 0.016 0.055
113 G 0.122 0.024 0.036 0.032 0.013 0.02 0.028 0.431 0.013 0.023 0.034 0.035 0.011 0.017 0.021 0.057 0.033 0.005 0.012 0.033
114 L 0.056 0.023 0.017 0.019 0.016 0.017 0.024 0.025 0.01 0.115 0.213 0.028 0.034 0.038 0.113 0.031 0.04 0.005 0.019 0.157
115 L 0.046 0.023 0.015 0.017 0.016 0.017 0.02 0.022 0.011 0.179 0.26 0.026 0.069 0.048 0.014 0.026 0.037 0.007 0.022 0.125
116 I 0.047 0.088 0.02 0.02 0.014 0.023 0.026 0.024 0.013 0.195 0.146 0.045 0.06 0.039 0.016 0.031 0.038 0.006 0.02 0.128
117 K 0.116 0.077 0.04 0.04 0.013 0.043 0.06 0.054 0.019 0.031 0.045 0.195 0.016 0.017 0.028 0.095 0.049 0.005 0.017 0.041
118 I 0.044 0.018 0.015 0.017 0.015 0.013 0.018 0.021 0.01 0.241 0.154 0.022 0.034 0.114 0.014 0.025 0.036 0.008 0.034 0.149
119 A 0.205 0.026 0.021 0.024 0.02 0.021 0.032 0.055 0.012 0.115 0.093 0.036 0.024 0.028 0.024 0.061 0.047 0.005 0.018 0.132
120 S 0.085 0.032 0.038 0.036 0.016 0.025 0.039 0.049 0.016 0.062 0.073 0.041 0.02 0.099 0.023 0.153 0.063 0.007 0.032 0.092
121 K 0.056 0.105 0.041 0.041 0.008 0.052 0.069 0.042 0.02 0.027 0.042 0.292 0.015 0.015 0.027 0.052 0.039 0.005 0.017 0.032
122 L 0.044 0.023 0.014 0.015 0.016 0.015 0.019 0.021 0.01 0.148 0.343 0.024 0.046 0.052 0.014 0.024 0.034 0.007 0.022 0.11
123 N 0.042 0.044 0.33 0.081 0.009 0.033 0.048 0.064 0.031 0.022 0.031 0.053 0.011 0.018 0.02 0.068 0.048 0.004 0.015 0.026
124 P 0.056 0.025 0.023 0.03 0.01 0.02 0.035 0.035 0.013 0.025 0.035 0.04 0.01 0.013 0.503 0.043 0.035 0.003 0.013 0.03
125 L 0.042 0.025 0.017 0.016 0.013 0.018 0.023 0.022 0.024 0.085 0.26 0.027 0.037 0.083 0.014 0.027 0.031 0.015 0.146 0.075
126 V 0.111 0.024 0.018 0.019 0.019 0.018 0.026 0.034 0.01 0.128 0.166 0.029 0.032 0.036 0.018 0.041 0.045 0.006 0.02 0.202
127 L 0.044 0.023 0.014 0.015 0.016 0.015 0.019 0.021 0.01 0.148 0.343 0.024 0.046 0.052 0.014 0.024 0.034 0.007 0.022 0.11
128 L 0.044 0.024 0.014 0.015 0.016 0.016 0.02 0.021 0.01 0.113 0.388 0.025 0.049 0.054 0.014 0.024 0.033 0.007 0.022 0.094
129 P 0.057 0.024 0.024 0.028 0.011 0.019 0.03 0.129 0.012 0.042 0.104 0.036 0.018 0.021 0.309 0.041 0.034 0.004 0.014 0.042
130 L 0.044 0.023 0.014 0.015 0.016 0.015 0.019 0.021 0.01 0.148 0.343 0.024 0.046 0.052 0.014 0.024 0.034 0.007 0.022 0.11
131 L 0.044 0.023 0.014 0.015 0.016 0.015 0.019 0.021 0.01 0.148 0.343 0.024 0.046 0.052 0.014 0.024 0.034 0.007 0.022 0.11
132 T 0.125 0.035 0.041 0.037 0.018 0.028 0.041 0.054 0.015 0.046 0.058 0.046 0.018 0.022 0.028 0.118 0.183 0.006 0.017 0.063
133 F 0.033 0.019 0.017 0.017 0.01 0.01 0.019 0.025 0.017 0.062 0.112 0.019 0.025 0.399 0.01 0.025 0.025 0.017 0.087 0.054
134 S 0.093 0.038 0.049 0.043 0.017 0.03 0.046 0.056 0.017 0.038 0.05 0.05 0.017 0.022 0.028 0.177 0.153 0.005 0.017 0.052
135 N 0.094 0.041 0.269 0.071 0.011 0.031 0.047 0.066 0.028 0.026 0.036 0.051 0.012 0.018 0.022 0.071 0.049 0.005 0.016 0.035
136 V 0.055 0.02 0.015 0.017 0.017 0.015 0.02 0.022 0.009 0.201 0.194 0.024 0.037 0.042 0.015 0.027 0.042 0.006 0.021 0.201
137 S 0.09 0.052 0.048 0.044 0.015 0.035 0.052 0.056 0.018 0.033 0.046 0.099 0.016 0.02 0.028 0.17 0.108 0.005 0.017 0.045
138 V 0.106 0.027 0.025 0.024 0.016 0.022 0.031 0.037 0.081 0.135 0.103 0.033 0.026 0.033 0.019 0.043 0.042 0.006 0.027 0.166
139 R 0.046 0.307 0.039 0.032 0.008 0.048 0.055 0.034 0.022 0.024 0.045 0.153 0.015 0.017 0.021 0.045 0.035 0.006 0.017 0.031
140 K 0.053 0.093 0.043 0.04 0.008 0.049 0.066 0.041 0.09 0.026 0.041 0.243 0.015 0.018 0.025 0.05 0.036 0.006 0.025 0.03
141 F 0.033 0.019 0.017 0.017 0.01 0.01 0.019 0.025 0.017 0.062 0.112 0.019 0.025 0.399 0.01 0.025 0.025 0.017 0.087 0.054
142 F 0.097 0.023 0.018 0.019 0.015 0.016 0.024 0.034 0.013 0.088 0.16 0.026 0.029 0.182 0.016 0.038 0.036 0.01 0.047 0.111
143 F 0.055 0.023 0.024 0.023 0.013 0.016 0.026 0.033 0.015 0.075 0.101 0.027 0.024 0.25 0.015 0.068 0.041 0.012 0.06 0.097
144 C 0.075 0.022 0.025 0.024 0.373 0.017 0.025 0.04 0.011 0.04 0.058 0.028 0.016 0.02 0.019 0.088 0.047 0.004 0.013 0.052
145 V 0.106 0.023 0.017 0.019 0.018 0.017 0.025 0.033 0.01 0.153 0.173 0.029 0.033 0.038 0.018 0.039 0.044 0.006 0.02 0.18
146 L 0.096 0.025 0.016 0.018 0.017 0.018 0.024 0.032 0.011 0.099 0.322 0.029 0.042 0.047 0.017 0.036 0.036 0.007 0.021 0.089
147 V 0.061 0.031 0.021 0.023 0.016 0.058 0.037 0.027 0.012 0.159 0.119 0.038 0.03 0.033 0.017 0.035 0.045 0.006 0.02 0.212
148 C 0.062 0.02 0.016 0.016 0.208 0.014 0.019 0.027 0.008 0.105 0.154 0.023 0.029 0.033 0.016 0.034 0.04 0.005 0.017 0.154
149 L 0.045 0.02 0.014 0.016 0.016 0.014 0.018 0.02 0.009 0.216 0.254 0.024 0.041 0.047 0.014 0.024 0.037 0.006 0.021 0.142
150 F 0.035 0.02 0.016 0.016 0.011 0.011 0.019 0.024 0.015 0.072 0.167 0.02 0.03 0.33 0.011 0.025 0.026 0.015 0.074 0.062
151 F 0.037 0.024 0.019 0.018 0.01 0.017 0.024 0.025 0.034 0.051 0.085 0.026 0.021 0.237 0.013 0.028 0.026 0.023 0.234 0.049
152 G 0.084 0.031 0.04 0.036 0.014 0.026 0.036 0.239 0.016 0.039 0.066 0.042 0.045 0.024 0.022 0.121 0.052 0.006 0.016 0.044
153 Y 0.038 0.026 0.03 0.096 0.009 0.021 0.038 0.029 0.034 0.042 0.068 0.031 0.018 0.16 0.016 0.034 0.028 0.021 0.218 0.043
154 L 0.051 0.043 0.023 0.023 0.014 0.03 0.034 0.029 0.015 0.122 0.157 0.084 0.116 0.04 0.018 0.037 0.039 0.007 0.022 0.095
155 Q 0.057 0.061 0.038 0.04 0.106 0.186 0.084 0.039 0.025 0.03 0.05 0.076 0.019 0.016 0.022 0.052 0.039 0.005 0.019 0.039
156 H 0.05 0.045 0.099 0.044 0.01 0.071 0.055 0.041 0.161 0.051 0.056 0.052 0.018 0.025 0.019 0.048 0.038 0.006 0.034 0.078
157 S 0.095 0.04 0.108 0.055 0.015 0.033 0.051 0.065 0.021 0.028 0.039 0.053 0.015 0.02 0.027 0.202 0.074 0.005 0.017 0.038
158 L 0.044 0.024 0.014 0.015 0.016 0.016 0.02 0.021 0.01 0.113 0.388 0.025 0.049 0.054 0.014 0.024 0.033 0.007 0.022 0.094
159 Q 0.057 0.061 0.038 0.04 0.106 0.186 0.084 0.039 0.025 0.03 0.05 0.076 0.019 0.016 0.022 0.052 0.039 0.005 0.019 0.039
160 G 0.073 0.039 0.039 0.035 0.01 0.025 0.034 0.424 0.015 0.02 0.031 0.085 0.01 0.016 0.02 0.051 0.031 0.005 0.012 0.025
161 I 0.048 0.022 0.018 0.018 0.014 0.017 0.022 0.023 0.023 0.163 0.118 0.027 0.028 0.076 0.015 0.028 0.036 0.014 0.145 0.144
162 L 0.04 0.024 0.017 0.017 0.012 0.017 0.023 0.023 0.026 0.075 0.204 0.026 0.032 0.153 0.014 0.027 0.029 0.017 0.159 0.067
163 I 0.051 0.018 0.015 0.017 0.016 0.014 0.018 0.021 0.009 0.261 0.157 0.024 0.035 0.042 0.015 0.026 0.041 0.006 0.02 0.195
164 L 0.045 0.024 0.014 0.015 0.016 0.016 0.02 0.021 0.01 0.115 0.375 0.025 0.05 0.055 0.014 0.024 0.033 0.007 0.022 0.096
165 S 0.14 0.037 0.045 0.042 0.018 0.03 0.046 0.063 0.017 0.036 0.049 0.049 0.017 0.021 0.029 0.176 0.11 0.005 0.017 0.052
166 F 0.045 0.02 0.016 0.017 0.014 0.013 0.019 0.023 0.012 0.137 0.181 0.022 0.033 0.186 0.013 0.026 0.034 0.01 0.047 0.132
167 F 0.037 0.021 0.016 0.016 0.013 0.013 0.019 0.023 0.014 0.083 0.222 0.021 0.034 0.261 0.012 0.024 0.028 0.013 0.061 0.07
168 C 0.082 0.026 0.031 0.029 0.208 0.021 0.032 0.044 0.012 0.061 0.067 0.034 0.019 0.023 0.021 0.116 0.056 0.005 0.016 0.095
169 L 0.101 0.09 0.022 0.022 0.016 0.024 0.03 0.035 0.013 0.125 0.157 0.047 0.03 0.034 0.019 0.042 0.041 0.006 0.019 0.13
170 G 0.07 0.024 0.03 0.027 0.013 0.02 0.025 0.322 0.013 0.063 0.081 0.032 0.047 0.026 0.018 0.044 0.035 0.006 0.015 0.089
171 A 0.158 0.095 0.029 0.029 0.017 0.028 0.038 0.051 0.015 0.064 0.071 0.055 0.02 0.024 0.024 0.067 0.088 0.005 0.018 0.104
172 F 0.034 0.02 0.018 0.017 0.01 0.013 0.02 0.025 0.022 0.058 0.103 0.021 0.024 0.345 0.011 0.026 0.025 0.019 0.136 0.052
173 I 0.042 0.02 0.017 0.017 0.013 0.015 0.02 0.023 0.02 0.167 0.128 0.024 0.029 0.153 0.014 0.026 0.033 0.014 0.114 0.112
174 L 0.044 0.022 0.014 0.016 0.016 0.015 0.019 0.021 0.01 0.156 0.33 0.025 0.046 0.051 0.014 0.024 0.034 0.007 0.022 0.115
175 L 0.05 0.028 0.093 0.032 0.015 0.02 0.028 0.033 0.015 0.103 0.232 0.032 0.035 0.04 0.016 0.037 0.041 0.006 0.02 0.124
176 R 0.047 0.215 0.111 0.046 0.008 0.045 0.055 0.043 0.024 0.024 0.041 0.145 0.014 0.017 0.021 0.052 0.039 0.005 0.017 0.03
177 K 0.056 0.069 0.106 0.045 0.011 0.039 0.053 0.043 0.02 0.06 0.061 0.164 0.018 0.021 0.023 0.052 0.044 0.005 0.017 0.093
178 N 0.046 0.137 0.183 0.059 0.008 0.042 0.055 0.051 0.026 0.024 0.038 0.128 0.013 0.017 0.022 0.058 0.043 0.005 0.016 0.029
179 L 0.045 0.021 0.014 0.016 0.016 0.015 0.019 0.021 0.009 0.198 0.275 0.024 0.043 0.049 0.014 0.024 0.036 0.006 0.021 0.134
180 N 0.075 0.042 0.19 0.065 0.013 0.033 0.05 0.065 0.025 0.026 0.036 0.053 0.013 0.019 0.025 0.15 0.065 0.005 0.016 0.034
181 G 0.062 0.052 0.112 0.048 0.011 0.033 0.046 0.167 0.02 0.03 0.041 0.105 0.014 0.018 0.023 0.066 0.094 0.005 0.015 0.038
182 D 0.111 0.046 0.037 0.123 0.013 0.03 0.054 0.046 0.016 0.093 0.074 0.1 0.019 0.024 0.023 0.053 0.041 0.005 0.016 0.075
183 L 0.055 0.045 0.028 0.028 0.014 0.027 0.036 0.032 0.013 0.119 0.164 0.095 0.03 0.034 0.021 0.048 0.092 0.006 0.019 0.093
184 F 0.036 0.02 0.016 0.016 0.012 0.012 0.019 0.024 0.015 0.075 0.181 0.02 0.031 0.31 0.011 0.025 0.027 0.014 0.071 0.064
185 I 0.042 0.024 0.093 0.033 0.013 0.017 0.026 0.032 0.016 0.162 0.119 0.03 0.027 0.125 0.015 0.036 0.038 0.008 0.036 0.107
186 L 0.039 0.021 0.015 0.016 0.013 0.013 0.019 0.023 0.013 0.088 0.249 0.022 0.037 0.225 0.012 0.024 0.029 0.012 0.055 0.074
187 L 0.052 0.025 0.016 0.017 0.017 0.019 0.023 0.023 0.011 0.122 0.273 0.028 0.075 0.048 0.015 0.029 0.039 0.007 0.022 0.14
188 L 0.041 0.023 0.015 0.015 0.015 0.015 0.02 0.022 0.012 0.101 0.317 0.023 0.043 0.139 0.013 0.024 0.031 0.009 0.038 0.085
189 L 0.046 0.024 0.016 0.017 0.016 0.018 0.021 0.022 0.011 0.152 0.282 0.027 0.077 0.05 0.015 0.027 0.036 0.007 0.022 0.114
190 L 0.066 0.027 0.024 0.024 0.017 0.02 0.029 0.033 0.012 0.105 0.235 0.032 0.036 0.041 0.018 0.078 0.049 0.006 0.02 0.128
191 P 0.056 0.025 0.023 0.031 0.01 0.02 0.036 0.036 0.013 0.025 0.036 0.041 0.01 0.013 0.501 0.043 0.036 0.003 0.013 0.031
192 L 0.042 0.019 0.015 0.017 0.015 0.013 0.018 0.022 0.011 0.185 0.207 0.023 0.037 0.134 0.013 0.025 0.034 0.009 0.038 0.124
193 L 0.042 0.019 0.015 0.017 0.015 0.013 0.018 0.022 0.011 0.185 0.207 0.023 0.037 0.134 0.013 0.025 0.034 0.009 0.038 0.124
194 F 0.039 0.02 0.015 0.016 0.013 0.012 0.019 0.023 0.013 0.13 0.194 0.021 0.034 0.222 0.012 0.025 0.031 0.012 0.054 0.094
195 L 0.06 0.032 0.034 0.03 0.014 0.025 0.035 0.036 0.101 0.112 0.157 0.037 0.029 0.037 0.019 0.08 0.045 0.006 0.029 0.083
196 G 0.076 0.032 0.046 0.038 0.012 0.027 0.039 0.284 0.103 0.022 0.034 0.041 0.012 0.021 0.021 0.093 0.041 0.006 0.024 0.028
197 P 0.05 0.024 0.021 0.027 0.01 0.018 0.031 0.033 0.014 0.035 0.055 0.035 0.014 0.109 0.378 0.039 0.033 0.006 0.031 0.036
198 L 0.044 0.022 0.014 0.016 0.016 0.015 0.019 0.021 0.01 0.156 0.33 0.025 0.046 0.051 0.014 0.024 0.034 0.007 0.022 0.115
199 L 0.043 0.025 0.016 0.017 0.015 0.018 0.022 0.024 0.013 0.097 0.269 0.026 0.074 0.138 0.014 0.027 0.033 0.01 0.039 0.084
200 D 0.044 0.034 0.061 0.327 0.007 0.038 0.144 0.043 0.02 0.022 0.03 0.052 0.01 0.015 0.023 0.052 0.035 0.004 0.012 0.026
201 L 0.051 0.02 0.015 0.017 0.017 0.015 0.019 0.021 0.009 0.21 0.211 0.024 0.038 0.044 0.015 0.026 0.04 0.006 0.021 0.181
202 L 0.045 0.021 0.014 0.016 0.016 0.015 0.019 0.021 0.009 0.198 0.275 0.024 0.043 0.049 0.014 0.024 0.036 0.006 0.021 0.134
203 T 0.075 0.032 0.038 0.035 0.017 0.025 0.037 0.043 0.014 0.104 0.084 0.042 0.023 0.028 0.025 0.11 0.159 0.006 0.018 0.089
204 Y 0.04 0.032 0.041 0.12 0.008 0.028 0.049 0.033 0.119 0.033 0.05 0.038 0.015 0.076 0.018 0.039 0.029 0.017 0.181 0.035
205 L 0.051 0.02 0.015 0.017 0.017 0.015 0.019 0.021 0.009 0.21 0.211 0.024 0.038 0.044 0.015 0.026 0.04 0.006 0.021 0.181
206 Y 0.04 0.028 0.021 0.018 0.009 0.021 0.028 0.025 0.046 0.043 0.067 0.031 0.018 0.129 0.015 0.031 0.028 0.028 0.328 0.046
207 T 0.068 0.044 0.043 0.039 0.015 0.077 0.054 0.042 0.017 0.046 0.06 0.056 0.02 0.021 0.026 0.082 0.203 0.006 0.018 0.061
208 L 0.044 0.022 0.014 0.016 0.016 0.015 0.019 0.021 0.01 0.156 0.33 0.025 0.046 0.051 0.014 0.024 0.034 0.007 0.022 0.115
209 R 0.044 0.355 0.038 0.031 0.008 0.048 0.052 0.032 0.023 0.023 0.046 0.118 0.015 0.017 0.019 0.044 0.034 0.006 0.017 0.031
210 N 0.059 0.043 0.259 0.073 0.011 0.033 0.049 0.065 0.028 0.024 0.034 0.053 0.012 0.018 0.022 0.109 0.057 0.005 0.016 0.03
211 E 0.055 0.055 0.041 0.078 0.008 0.104 0.256 0.036 0.026 0.023 0.039 0.078 0.015 0.016 0.025 0.055 0.037 0.006 0.017 0.032
212 L 0.112 0.028 0.02 0.022 0.017 0.023 0.028 0.038 0.014 0.131 0.153 0.035 0.1 0.04 0.019 0.045 0.042 0.007 0.021 0.106
213 R 0.044 0.355 0.038 0.031 0.008 0.048 0.052 0.032 0.023 0.023 0.046 0.118 0.015 0.017 0.019 0.044 0.034 0.006 0.017 0.031
214 G 0.077 0.023 0.039 0.033 0.011 0.019 0.025 0.517 0.013 0.019 0.028 0.033 0.009 0.016 0.019 0.051 0.029 0.005 0.011 0.024
215 V 0.062 0.027 0.094 0.034 0.016 0.02 0.029 0.034 0.014 0.127 0.104 0.033 0.026 0.031 0.017 0.041 0.049 0.005 0.019 0.216
216 A 0.188 0.036 0.108 0.047 0.017 0.029 0.045 0.071 0.02 0.034 0.047 0.049 0.015 0.02 0.027 0.117 0.057 0.005 0.017 0.051
217 F 0.033 0.019 0.017 0.017 0.01 0.01 0.019 0.025 0.017 0.062 0.113 0.019 0.025 0.396 0.01 0.025 0.025 0.017 0.087 0.054
218 D 0.058 0.036 0.129 0.236 0.01 0.031 0.07 0.055 0.022 0.024 0.032 0.049 0.011 0.017 0.023 0.101 0.05 0.004 0.014 0.029
219 S 0.098 0.035 0.044 0.041 0.018 0.029 0.044 0.055 0.016 0.062 0.063 0.046 0.019 0.024 0.026 0.182 0.073 0.005 0.018 0.101
220 D 0.061 0.041 0.122 0.156 0.01 0.04 0.124 0.052 0.023 0.024 0.034 0.056 0.012 0.017 0.024 0.101 0.05 0.005 0.015 0.031
221 E 0.055 0.055 0.041 0.078 0.008 0.104 0.256 0.036 0.026 0.023 0.039 0.078 0.015 0.016 0.025 0.055 0.037 0.006 0.017 0.032
222 I 0.052 0.018 0.015 0.017 0.017 0.014 0.019 0.021 0.009 0.252 0.156 0.024 0.035 0.041 0.015 0.027 0.042 0.006 0.02 0.2
223 L 0.044 0.023 0.016 0.017 0.015 0.017 0.021 0.023 0.013 0.139 0.214 0.026 0.071 0.135 0.014 0.027 0.034 0.009 0.038 0.104
224 S 0.09 0.034 0.044 0.04 0.016 0.027 0.043 0.055 0.018 0.038 0.059 0.045 0.018 0.114 0.025 0.18 0.067 0.008 0.035 0.045
225 L 0.044 0.024 0.014 0.015 0.016 0.016 0.02 0.021 0.01 0.114 0.385 0.025 0.049 0.054 0.014 0.024 0.033 0.007 0.022 0.095
226 A 0.253 0.033 0.032 0.034 0.02 0.027 0.043 0.074 0.016 0.039 0.054 0.046 0.017 0.021 0.029 0.121 0.057 0.005 0.017 0.061
227 L 0.051 0.02 0.015 0.017 0.017 0.015 0.019 0.021 0.009 0.21 0.211 0.024 0.038 0.044 0.015 0.026 0.04 0.006 0.021 0.181
228 G 0.077 0.023 0.039 0.033 0.011 0.019 0.025 0.517 0.013 0.019 0.028 0.033 0.009 0.016 0.019 0.051 0.029 0.005 0.011 0.024
229 R 0.044 0.355 0.038 0.031 0.008 0.048 0.052 0.032 0.023 0.023 0.046 0.118 0.015 0.017 0.019 0.044 0.034 0.006 0.017 0.031
230 I 0.046 0.017 0.014 0.017 0.016 0.013 0.017 0.02 0.009 0.282 0.165 0.023 0.036 0.044 0.014 0.025 0.039 0.006 0.02 0.174
231 S 0.108 0.04 0.053 0.048 0.017 0.033 0.052 0.065 0.019 0.029 0.041 0.053 0.015 0.021 0.029 0.231 0.081 0.005 0.017 0.041
232 T 0.138 0.035 0.041 0.038 0.018 0.028 0.042 0.057 0.015 0.044 0.057 0.047 0.018 0.022 0.028 0.124 0.161 0.006 0.017 0.062
233 L 0.059 0.028 0.028 0.027 0.017 0.021 0.029 0.032 0.011 0.125 0.17 0.034 0.031 0.036 0.021 0.058 0.147 0.006 0.019 0.102
234 S 0.108 0.04 0.053 0.048 0.017 0.033 0.052 0.065 0.019 0.029 0.041 0.053 0.015 0.021 0.029 0.231 0.081 0.005 0.017 0.041
235 S 0.108 0.04 0.053 0.048 0.017 0.033 0.052 0.065 0.019 0.029 0.041 0.053 0.015 0.021 0.029 0.231 0.081 0.005 0.017 0.041
236 L 0.042 0.026 0.018 0.017 0.013 0.019 0.024 0.023 0.028 0.078 0.226 0.028 0.034 0.091 0.015 0.027 0.03 0.017 0.175 0.07
237 L 0.045 0.021 0.014 0.016 0.016 0.015 0.019 0.021 0.009 0.198 0.275 0.024 0.043 0.049 0.014 0.024 0.036 0.006 0.021 0.134
238 Y 0.044 0.033 0.026 0.036 0.009 0.032 0.097 0.027 0.041 0.038 0.06 0.042 0.017 0.101 0.018 0.037 0.03 0.022 0.25 0.042
239 I 0.053 0.022 0.022 0.022 0.016 0.017 0.023 0.026 0.01 0.224 0.14 0.029 0.032 0.038 0.018 0.041 0.094 0.006 0.02 0.148
240 L 0.048 0.125 0.027 0.026 0.012 0.032 0.04 0.029 0.015 0.111 0.16 0.114 0.029 0.032 0.019 0.036 0.036 0.006 0.019 0.083
241 D 0.061 0.041 0.053 0.145 0.01 0.041 0.125 0.046 0.107 0.024 0.036 0.054 0.013 0.02 0.024 0.095 0.045 0.005 0.025 0.03
242 N 0.056 0.037 0.181 0.057 0.011 0.027 0.042 0.055 0.024 0.034 0.054 0.045 0.016 0.113 0.02 0.098 0.051 0.008 0.034 0.037
243 L 0.06 0.031 0.102 0.041 0.015 0.024 0.034 0.043 0.017 0.112 0.156 0.039 0.028 0.034 0.019 0.087 0.05 0.006 0.019 0.084
244 T 0.073 0.036 0.043 0.038 0.018 0.028 0.039 0.043 0.014 0.053 0.065 0.045 0.02 0.024 0.028 0.093 0.246 0.006 0.018 0.071
245 F 0.047 0.032 0.033 0.027 0.011 0.024 0.034 0.032 0.11 0.045 0.07 0.035 0.019 0.145 0.018 0.047 0.084 0.014 0.122 0.048
246 N 0.047 0.036 0.178 0.054 0.011 0.026 0.039 0.049 0.023 0.04 0.06 0.042 0.017 0.114 0.019 0.063 0.095 0.008 0.034 0.044
247 F 0.062 0.028 0.032 0.03 0.014 0.02 0.032 0.04 0.016 0.052 0.083 0.034 0.021 0.209 0.019 0.093 0.097 0.011 0.052 0.055
248 E 0.072 0.049 0.045 0.055 0.013 0.087 0.125 0.046 0.022 0.032 0.047 0.066 0.017 0.019 0.026 0.108 0.104 0.006 0.018 0.044
249 G 0.085 0.027 0.042 0.037 0.012 0.022 0.032 0.404 0.015 0.021 0.031 0.038 0.011 0.017 0.021 0.096 0.042 0.005 0.012 0.028
250 V 0.069 0.022 0.016 0.018 0.019 0.016 0.023 0.024 0.008 0.162 0.128 0.026 0.031 0.035 0.016 0.032 0.049 0.005 0.02 0.28
251 S 0.108 0.04 0.053 0.048 0.017 0.033 0.052 0.065 0.019 0.029 0.041 0.053 0.015 0.021 0.029 0.231 0.081 0.005 0.017 0.041
252 D 0.044 0.04 0.062 0.316 0.008 0.079 0.093 0.045 0.021 0.023 0.032 0.056 0.012 0.015 0.022 0.052 0.036 0.004 0.013 0.027
253 Y 0.038 0.025 0.02 0.018 0.009 0.019 0.025 0.025 0.039 0.048 0.079 0.028 0.02 0.196 0.014 0.029 0.027 0.025 0.268 0.048
254 F 0.033 0.019 0.017 0.017 0.01 0.01 0.019 0.025 0.017 0.062 0.113 0.019 0.025 0.396 0.01 0.025 0.025 0.017 0.087 0.054
255 S 0.098 0.035 0.044 0.041 0.018 0.029 0.044 0.055 0.016 0.062 0.063 0.046 0.019 0.024 0.026 0.182 0.073 0.005 0.018 0.101
256 L 0.042 0.021 0.015 0.016 0.015 0.014 0.019 0.022 0.011 0.143 0.262 0.023 0.04 0.137 0.013 0.024 0.033 0.009 0.038 0.104
257 G 0.077 0.023 0.039 0.033 0.011 0.019 0.025 0.517 0.013 0.019 0.028 0.033 0.009 0.016 0.019 0.051 0.029 0.005 0.011 0.024
258 I 0.046 0.019 0.014 0.017 0.016 0.014 0.018 0.02 0.009 0.24 0.22 0.024 0.039 0.046 0.014 0.024 0.038 0.006 0.021 0.154
259 V 0.056 0.023 0.017 0.018 0.016 0.018 0.023 0.025 0.012 0.121 0.141 0.026 0.065 0.128 0.015 0.031 0.04 0.009 0.038 0.176
260 L 0.047 0.034 0.021 0.023 0.014 0.068 0.04 0.026 0.014 0.134 0.245 0.041 0.039 0.041 0.016 0.032 0.036 0.006 0.021 0.1
261 E 0.051 0.044 0.047 0.168 0.007 0.055 0.253 0.037 0.024 0.022 0.034 0.067 0.012 0.016 0.025 0.054 0.036 0.005 0.015 0.029
262 R 0.047 0.292 0.039 0.033 0.008 0.049 0.056 0.035 0.022 0.024 0.045 0.161 0.015 0.017 0.021 0.046 0.036 0.006 0.017 0.031
263 L 0.044 0.024 0.014 0.015 0.016 0.016 0.02 0.021 0.01 0.114 0.385 0.025 0.049 0.054 0.014 0.024 0.033 0.007 0.022 0.095
264 L 0.061 0.026 0.024 0.024 0.016 0.019 0.027 0.032 0.012 0.135 0.244 0.032 0.037 0.043 0.018 0.076 0.046 0.006 0.02 0.101
265 G 0.077 0.023 0.039 0.033 0.011 0.019 0.025 0.517 0.013 0.019 0.028 0.033 0.009 0.016 0.019 0.051 0.029 0.005 0.011 0.024
266 F 0.045 0.019 0.016 0.017 0.014 0.013 0.019 0.024 0.013 0.142 0.13 0.022 0.029 0.218 0.013 0.027 0.034 0.011 0.054 0.141
267 S 0.082 0.04 0.05 0.043 0.015 0.033 0.049 0.053 0.104 0.033 0.046 0.049 0.016 0.024 0.026 0.149 0.111 0.006 0.027 0.044
268 L 0.048 0.02 0.015 0.017 0.015 0.014 0.02 0.023 0.011 0.155 0.198 0.023 0.035 0.132 0.014 0.027 0.036 0.009 0.038 0.151
269 F 0.036 0.02 0.016 0.016 0.012 0.012 0.019 0.024 0.015 0.075 0.181 0.02 0.031 0.31 0.011 0.025 0.027 0.014 0.071 0.064
270 D 0.041 0.037 0.197 0.244 0.008 0.031 0.069 0.055 0.025 0.022 0.029 0.049 0.01 0.016 0.021 0.06 0.042 0.004 0.013 0.025
271 T 0.066 0.031 0.036 0.032 0.017 0.024 0.033 0.037 0.012 0.11 0.089 0.039 0.024 0.028 0.024 0.075 0.203 0.006 0.018 0.096
272 V 0.07 0.028 0.03 0.027 0.018 0.022 0.031 0.034 0.011 0.107 0.096 0.035 0.025 0.029 0.022 0.062 0.153 0.006 0.019 0.175
273 S 0.108 0.04 0.053 0.048 0.017 0.033 0.052 0.065 0.019 0.029 0.041 0.053 0.015 0.021 0.029 0.231 0.081 0.005 0.017 0.041
274 P 0.056 0.025 0.023 0.031 0.01 0.02 0.036 0.036 0.013 0.025 0.036 0.041 0.01 0.013 0.501 0.043 0.036 0.003 0.013 0.031
275 S 0.108 0.04 0.053 0.048 0.017 0.033 0.052 0.065 0.019 0.029 0.041 0.053 0.015 0.021 0.029 0.231 0.081 0.005 0.017 0.041
276 D 0.046 0.041 0.113 0.138 0.01 0.076 0.064 0.043 0.022 0.088 0.068 0.053 0.019 0.023 0.02 0.05 0.041 0.005 0.017 0.065
277 V 0.057 0.021 0.015 0.017 0.017 0.015 0.021 0.022 0.009 0.18 0.202 0.025 0.037 0.042 0.015 0.028 0.042 0.006 0.021 0.207
278 F 0.033 0.019 0.017 0.017 0.01 0.01 0.019 0.025 0.017 0.062 0.113 0.019 0.025 0.396 0.01 0.025 0.025 0.017 0.087 0.054
279 N 0.042 0.044 0.327 0.082 0.009 0.033 0.049 0.064 0.031 0.022 0.031 0.053 0.011 0.018 0.02 0.069 0.049 0.004 0.015 0.027
280 K 0.057 0.067 0.035 0.033 0.013 0.037 0.05 0.037 0.016 0.055 0.133 0.162 0.025 0.027 0.024 0.055 0.092 0.006 0.018 0.057
281 A 0.17 0.03 0.035 0.121 0.015 0.025 0.049 0.056 0.023 0.038 0.053 0.041 0.016 0.047 0.024 0.062 0.04 0.01 0.093 0.051
282 I 0.048 0.025 0.021 0.035 0.014 0.026 0.09 0.024 0.013 0.217 0.133 0.036 0.03 0.037 0.017 0.032 0.038 0.006 0.019 0.138
283 L 0.05 0.023 0.015 0.016 0.017 0.016 0.021 0.022 0.009 0.126 0.321 0.025 0.044 0.049 0.015 0.026 0.037 0.007 0.022 0.141
284 G 0.077 0.023 0.039 0.033 0.011 0.019 0.025 0.517 0.013 0.019 0.028 0.033 0.009 0.016 0.019 0.051 0.029 0.005 0.011 0.024
285 A 0.118 0.039 0.031 0.033 0.016 0.073 0.049 0.045 0.016 0.101 0.084 0.05 0.023 0.026 0.024 0.064 0.097 0.006 0.019 0.087
286 D 0.042 0.037 0.195 0.242 0.008 0.032 0.07 0.055 0.025 0.022 0.03 0.049 0.01 0.016 0.021 0.06 0.042 0.004 0.013 0.025
287 A 0.243 0.032 0.03 0.031 0.02 0.026 0.04 0.069 0.014 0.045 0.06 0.044 0.018 0.022 0.029 0.086 0.101 0.005 0.017 0.068
288 D 0.041 0.03 0.069 0.397 0.008 0.03 0.091 0.047 0.019 0.022 0.028 0.045 0.009 0.015 0.022 0.052 0.035 0.004 0.011 0.024
289 Y 0.04 0.028 0.022 0.019 0.009 0.022 0.028 0.025 0.047 0.044 0.068 0.031 0.019 0.131 0.016 0.031 0.028 0.028 0.318 0.047
290 S 0.11 0.04 0.054 0.049 0.018 0.033 0.052 0.066 0.019 0.03 0.042 0.054 0.016 0.021 0.03 0.22 0.082 0.005 0.018 0.042
291 I 0.047 0.018 0.015 0.018 0.016 0.013 0.018 0.021 0.009 0.271 0.168 0.024 0.037 0.044 0.015 0.025 0.04 0.006 0.021 0.177
292 F 0.034 0.019 0.017 0.017 0.011 0.011 0.019 0.025 0.017 0.063 0.114 0.019 0.025 0.387 0.011 0.025 0.025 0.017 0.089 0.055
293 L 0.052 0.032 0.02 0.02 0.016 0.028 0.028 0.028 0.016 0.1 0.197 0.036 0.161 0.048 0.016 0.036 0.04 0.008 0.024 0.092
294 G 0.078 0.023 0.039 0.034 0.011 0.019 0.026 0.51 0.014 0.019 0.028 0.034 0.009 0.016 0.019 0.051 0.03 0.005 0.011 0.024
295 L 0.045 0.024 0.014 0.015 0.016 0.016 0.02 0.021 0.01 0.115 0.375 0.025 0.05 0.055 0.014 0.024 0.033 0.007 0.022 0.096
296 A 0.29 0.031 0.026 0.03 0.022 0.026 0.04 0.078 0.015 0.043 0.059 0.045 0.018 0.022 0.03 0.085 0.05 0.005 0.018 0.069
297 G 0.078 0.023 0.039 0.034 0.011 0.019 0.026 0.51 0.014 0.019 0.028 0.034 0.009 0.016 0.019 0.051 0.03 0.005 0.011 0.024
298 F 0.034 0.019 0.017 0.017 0.011 0.011 0.019 0.025 0.017 0.063 0.114 0.019 0.025 0.387 0.011 0.025 0.025 0.017 0.089 0.055
299 L 0.045 0.024 0.014 0.015 0.016 0.016 0.02 0.021 0.01 0.115 0.375 0.025 0.05 0.055 0.014 0.024 0.033 0.007 0.022 0.096
300 Y 0.04 0.028 0.022 0.019 0.009 0.022 0.028 0.025 0.047 0.044 0.068 0.031 0.019 0.131 0.016 0.031 0.028 0.028 0.318 0.047
301 F 0.034 0.019 0.017 0.017 0.011 0.011 0.019 0.025 0.017 0.063 0.114 0.019 0.025 0.387 0.011 0.025 0.025 0.017 0.089 0.055
302 I 0.047 0.018 0.015 0.018 0.016 0.013 0.018 0.021 0.009 0.271 0.168 0.024 0.037 0.044 0.015 0.025 0.04 0.006 0.021 0.177
303 K 0.057 0.107 0.042 0.042 0.009 0.054 0.071 0.043 0.021 0.028 0.043 0.278 0.016 0.016 0.028 0.054 0.04 0.005 0.017 0.033
304 D 0.041 0.03 0.069 0.397 0.008 0.03 0.091 0.047 0.019 0.022 0.028 0.045 0.009 0.015 0.022 0.052 0.035 0.004 0.011 0.024
305 F 0.034 0.019 0.017 0.017 0.011 0.011 0.019 0.025 0.017 0.063 0.114 0.019 0.025 0.387 0.011 0.025 0.025 0.017 0.089 0.055
306 T 0.073 0.036 0.043 0.038 0.018 0.028 0.039 0.043 0.014 0.053 0.065 0.045 0.02 0.024 0.028 0.093 0.246 0.006 0.018 0.071
307 C 0.065 0.016 0.016 0.016 0.484 0.012 0.016 0.032 0.008 0.045 0.065 0.02 0.016 0.02 0.016 0.041 0.037 0.004 0.012 0.057
308 S 0.11 0.04 0.054 0.049 0.018 0.033 0.052 0.066 0.019 0.03 0.042 0.054 0.016 0.021 0.03 0.22 0.082 0.005 0.018 0.042
309 V 0.07 0.022 0.016 0.018 0.019 0.016 0.023 0.025 0.008 0.165 0.13 0.026 0.032 0.036 0.016 0.033 0.049 0.006 0.021 0.269
310 Y 0.04 0.028 0.022 0.019 0.009 0.022 0.028 0.025 0.047 0.044 0.068 0.031 0.019 0.131 0.016 0.031 0.028 0.028 0.318 0.047
311 C 0.065 0.016 0.016 0.016 0.484 0.012 0.016 0.032 0.008 0.045 0.065 0.02 0.016 0.02 0.016 0.041 0.037 0.004 0.012 0.057
312 K 0.057 0.107 0.042 0.042 0.009 0.054 0.071 0.043 0.021 0.028 0.043 0.278 0.016 0.016 0.028 0.054 0.04 0.005 0.017 0.033
313 C 0.065 0.016 0.016 0.016 0.484 0.012 0.016 0.032 0.008 0.045 0.065 0.02 0.016 0.02 0.016 0.041 0.037 0.004 0.012 0.057
314 C 0.065 0.016 0.016 0.016 0.484 0.012 0.016 0.032 0.008 0.045 0.065 0.02 0.016 0.02 0.016 0.041 0.037 0.004 0.012 0.057
315 V 0.07 0.022 0.016 0.018 0.019 0.016 0.023 0.025 0.008 0.165 0.13 0.026 0.032 0.036 0.016 0.033 0.049 0.006 0.021 0.269
316 F 0.034 0.019 0.017 0.017 0.011 0.011 0.019 0.025 0.017 0.063 0.114 0.019 0.025 0.387 0.011 0.025 0.025 0.017 0.089 0.055
317 D 0.041 0.03 0.069 0.397 0.008 0.03 0.091 0.047 0.019 0.022 0.028 0.045 0.009 0.015 0.022 0.052 0.035 0.004 0.011 0.024
318 L 0.045 0.024 0.014 0.015 0.016 0.016 0.02 0.021 0.01 0.115 0.375 0.025 0.05 0.055 0.014 0.024 0.033 0.007 0.022 0.096
319 G 0.078 0.023 0.039 0.034 0.011 0.019 0.026 0.51 0.014 0.019 0.028 0.034 0.009 0.016 0.019 0.051 0.03 0.005 0.011 0.024
320 T 0.073 0.036 0.043 0.038 0.018 0.028 0.039 0.043 0.014 0.053 0.065 0.045 0.02 0.024 0.028 0.093 0.246 0.006 0.018 0.071
