#Seq2Logo.py -f /work3/idamei/wzy_ssn/run/1e-50/run/150/MSAs/0006_226.afa -o /work3/idamei/wzy_ssn/run/1e-50/run/150/logos/0006_226.logo
#Position Specific Frequency Matrix
A R N D C Q E G H I L K M F P S T W Y V
0 L 0.051 0.032 0.02 0.02 0.016 0.028 0.028 0.028 0.016 0.099 0.194 0.036 0.173 0.047 0.016 0.036 0.04 0.008 0.024 0.091
1 L 0.047 0.048 0.099 0.039 0.012 0.029 0.039 0.037 0.018 0.111 0.156 0.098 0.028 0.033 0.019 0.042 0.04 0.006 0.019 0.082
2 N 0.044 0.032 0.171 0.049 0.012 0.024 0.034 0.042 0.02 0.11 0.153 0.039 0.027 0.033 0.017 0.046 0.042 0.005 0.018 0.081
3 L 0.046 0.049 0.099 0.038 0.012 0.029 0.04 0.037 0.018 0.069 0.211 0.098 0.031 0.035 0.019 0.042 0.038 0.006 0.019 0.062
4 L 0.043 0.02 0.015 0.017 0.015 0.014 0.019 0.021 0.01 0.188 0.229 0.023 0.039 0.106 0.014 0.025 0.035 0.008 0.032 0.128
5 K 0.048 0.053 0.084 0.101 0.011 0.032 0.052 0.039 0.018 0.11 0.079 0.12 0.021 0.025 0.021 0.046 0.04 0.005 0.017 0.077
6 D 0.046 0.028 0.053 0.28 0.008 0.027 0.072 0.043 0.017 0.023 0.03 0.043 0.01 0.014 0.181 0.049 0.035 0.003 0.012 0.026
7 V 0.063 0.025 0.025 0.024 0.018 0.019 0.026 0.029 0.01 0.165 0.12 0.031 0.029 0.034 0.019 0.05 0.115 0.006 0.019 0.174
8 S 0.115 0.101 0.042 0.039 0.015 0.036 0.051 0.054 0.018 0.034 0.049 0.1 0.016 0.02 0.027 0.122 0.09 0.005 0.017 0.047
9 G 0.078 0.023 0.039 0.034 0.011 0.019 0.026 0.511 0.013 0.019 0.028 0.034 0.009 0.016 0.019 0.051 0.03 0.005 0.011 0.024
10 P 0.049 0.132 0.025 0.026 0.011 0.027 0.035 0.03 0.015 0.109 0.083 0.061 0.021 0.025 0.178 0.037 0.037 0.005 0.017 0.079
11 L 0.047 0.052 0.026 0.025 0.011 0.03 0.039 0.029 0.026 0.061 0.165 0.114 0.028 0.066 0.019 0.036 0.033 0.013 0.122 0.058
12 G 0.081 0.056 0.044 0.041 0.012 0.035 0.049 0.208 0.018 0.025 0.037 0.125 0.013 0.017 0.025 0.111 0.05 0.005 0.015 0.033
13 L 0.041 0.02 0.015 0.016 0.014 0.013 0.019 0.022 0.012 0.152 0.221 0.022 0.037 0.164 0.013 0.025 0.032 0.01 0.043 0.108
14 L 0.046 0.02 0.014 0.017 0.016 0.014 0.018 0.021 0.009 0.225 0.238 0.024 0.041 0.047 0.014 0.024 0.037 0.006 0.021 0.148
15 L 0.129 0.026 0.018 0.02 0.018 0.019 0.027 0.04 0.012 0.09 0.275 0.031 0.038 0.043 0.019 0.044 0.038 0.006 0.02 0.086
16 F 0.037 0.021 0.016 0.016 0.012 0.012 0.019 0.024 0.014 0.08 0.203 0.021 0.033 0.281 0.012 0.025 0.028 0.013 0.066 0.068
17 N 0.038 0.037 0.222 0.06 0.008 0.027 0.04 0.053 0.026 0.025 0.038 0.043 0.012 0.032 0.016 0.053 0.04 0.169 0.033 0.028
18 F 0.136 0.027 0.025 0.026 0.016 0.02 0.032 0.049 0.015 0.059 0.128 0.034 0.025 0.151 0.02 0.079 0.044 0.009 0.042 0.063
19 A 0.141 0.032 0.029 0.029 0.018 0.027 0.036 0.049 0.015 0.065 0.106 0.041 0.069 0.031 0.024 0.07 0.115 0.006 0.02 0.076
20 V 0.05 0.019 0.016 0.017 0.015 0.013 0.02 0.023 0.011 0.168 0.136 0.023 0.031 0.158 0.014 0.027 0.038 0.009 0.043 0.169
21 F 0.033 0.019 0.017 0.017 0.01 0.01 0.019 0.025 0.017 0.063 0.113 0.019 0.025 0.394 0.01 0.025 0.025 0.017 0.088 0.054
22 V 0.052 0.022 0.017 0.018 0.015 0.017 0.023 0.023 0.021 0.162 0.121 0.027 0.029 0.069 0.015 0.029 0.039 0.013 0.122 0.166
23 F 0.033 0.019 0.017 0.017 0.01 0.01 0.019 0.025 0.017 0.063 0.113 0.019 0.025 0.394 0.01 0.025 0.025 0.017 0.088 0.054
24 C 0.054 0.02 0.015 0.016 0.252 0.014 0.018 0.027 0.009 0.079 0.223 0.023 0.033 0.037 0.015 0.032 0.035 0.006 0.017 0.076
25 L 0.074 0.028 0.028 0.027 0.017 0.022 0.032 0.037 0.012 0.102 0.184 0.035 0.032 0.037 0.02 0.095 0.054 0.006 0.02 0.138
26 R 0.044 0.353 0.038 0.031 0.008 0.048 0.052 0.032 0.023 0.023 0.046 0.119 0.015 0.017 0.019 0.044 0.034 0.006 0.017 0.031
27 V 0.065 0.023 0.019 0.022 0.016 0.018 0.027 0.028 0.01 0.117 0.098 0.031 0.024 0.028 0.177 0.036 0.044 0.004 0.018 0.195
28 P 0.056 0.025 0.023 0.031 0.01 0.02 0.036 0.036 0.013 0.025 0.036 0.041 0.01 0.013 0.5 0.043 0.036 0.003 0.013 0.031
29 G 0.077 0.023 0.039 0.033 0.011 0.019 0.025 0.516 0.013 0.019 0.028 0.033 0.009 0.016 0.019 0.051 0.029 0.005 0.011 0.024
30 F 0.039 0.023 0.018 0.018 0.012 0.016 0.022 0.026 0.016 0.075 0.14 0.024 0.074 0.279 0.012 0.029 0.03 0.014 0.066 0.067
31 S 0.1 0.037 0.048 0.045 0.016 0.031 0.049 0.061 0.018 0.029 0.04 0.051 0.015 0.019 0.108 0.199 0.073 0.005 0.017 0.04
32 F 0.124 0.026 0.021 0.021 0.014 0.019 0.029 0.042 0.026 0.049 0.08 0.031 0.02 0.182 0.018 0.047 0.034 0.017 0.144 0.056
33 I 0.067 0.025 0.027 0.028 0.016 0.02 0.029 0.035 0.012 0.196 0.124 0.033 0.029 0.036 0.019 0.093 0.053 0.006 0.019 0.13
34 I 0.05 0.018 0.015 0.017 0.016 0.014 0.018 0.021 0.009 0.26 0.16 0.024 0.035 0.042 0.015 0.026 0.041 0.006 0.02 0.192
35 L 0.041 0.02 0.015 0.016 0.014 0.013 0.019 0.022 0.012 0.152 0.221 0.022 0.037 0.164 0.013 0.025 0.032 0.01 0.043 0.108
36 V 0.106 0.025 0.023 0.025 0.018 0.019 0.029 0.039 0.011 0.16 0.115 0.033 0.028 0.033 0.02 0.071 0.051 0.005 0.019 0.169
37 L 0.045 0.021 0.014 0.016 0.016 0.015 0.019 0.021 0.009 0.197 0.275 0.024 0.043 0.049 0.014 0.024 0.036 0.006 0.021 0.135
38 F 0.051 0.024 0.025 0.024 0.015 0.017 0.025 0.029 0.013 0.132 0.114 0.029 0.027 0.154 0.017 0.047 0.107 0.009 0.042 0.1
39 L 0.15 0.031 0.031 0.031 0.018 0.025 0.037 0.055 0.015 0.062 0.161 0.041 0.027 0.032 0.024 0.112 0.054 0.006 0.019 0.068
40 I 0.067 0.025 0.027 0.028 0.016 0.02 0.029 0.035 0.012 0.196 0.124 0.033 0.029 0.036 0.019 0.093 0.053 0.006 0.019 0.13
41 A 0.16 0.035 0.041 0.038 0.019 0.028 0.044 0.062 0.016 0.042 0.055 0.047 0.017 0.022 0.029 0.135 0.129 0.005 0.017 0.06
42 L 0.046 0.02 0.014 0.017 0.016 0.014 0.018 0.021 0.009 0.225 0.238 0.024 0.041 0.047 0.014 0.024 0.037 0.006 0.021 0.148
43 L 0.043 0.025 0.016 0.016 0.014 0.017 0.022 0.022 0.019 0.096 0.305 0.026 0.041 0.073 0.014 0.026 0.032 0.012 0.098 0.083
44 G 0.085 0.03 0.04 0.037 0.015 0.024 0.036 0.167 0.015 0.09 0.069 0.041 0.019 0.025 0.023 0.135 0.058 0.005 0.016 0.07
45 L 0.108 0.026 0.017 0.019 0.017 0.018 0.025 0.035 0.011 0.096 0.303 0.03 0.041 0.046 0.018 0.039 0.037 0.007 0.021 0.088
46 F 0.036 0.02 0.016 0.016 0.012 0.012 0.019 0.024 0.015 0.075 0.181 0.02 0.031 0.31 0.011 0.025 0.027 0.014 0.071 0.064
47 S 0.076 0.037 0.112 0.048 0.015 0.029 0.043 0.054 0.02 0.049 0.125 0.046 0.023 0.028 0.023 0.139 0.061 0.005 0.018 0.051
48 N 0.06 0.036 0.18 0.057 0.013 0.028 0.042 0.054 0.022 0.089 0.067 0.046 0.018 0.025 0.021 0.098 0.054 0.005 0.017 0.067
49 K 0.053 0.077 0.035 0.036 0.01 0.087 0.065 0.037 0.02 0.049 0.129 0.173 0.025 0.025 0.023 0.046 0.038 0.006 0.019 0.049
50 L 0.052 0.025 0.016 0.017 0.017 0.019 0.023 0.023 0.011 0.122 0.273 0.028 0.075 0.048 0.015 0.029 0.039 0.007 0.022 0.14
51 K 0.053 0.076 0.032 0.033 0.011 0.04 0.052 0.035 0.017 0.112 0.084 0.199 0.022 0.025 0.023 0.043 0.039 0.005 0.018 0.08
52 L 0.051 0.02 0.015 0.017 0.016 0.014 0.02 0.023 0.01 0.177 0.181 0.024 0.035 0.101 0.014 0.027 0.039 0.008 0.032 0.176
53 S 0.112 0.103 0.042 0.048 0.013 0.043 0.095 0.053 0.02 0.029 0.044 0.105 0.015 0.019 0.027 0.116 0.054 0.005 0.017 0.041
54 L 0.043 0.025 0.017 0.016 0.014 0.018 0.023 0.022 0.022 0.09 0.278 0.027 0.039 0.079 0.014 0.026 0.031 0.014 0.123 0.079
55 D 0.046 0.041 0.144 0.192 0.008 0.042 0.148 0.048 0.025 0.022 0.032 0.057 0.011 0.016 0.023 0.058 0.04 0.005 0.014 0.027
56 K 0.052 0.115 0.136 0.052 0.01 0.041 0.055 0.048 0.023 0.029 0.043 0.141 0.015 0.018 0.023 0.063 0.078 0.005 0.017 0.036
57 K 0.051 0.069 0.035 0.035 0.009 0.1 0.066 0.036 0.032 0.032 0.052 0.136 0.018 0.053 0.022 0.046 0.036 0.013 0.121 0.038
58 L 0.042 0.133 0.024 0.021 0.011 0.027 0.032 0.026 0.021 0.063 0.173 0.056 0.029 0.111 0.015 0.032 0.031 0.012 0.082 0.059
59 L 0.045 0.08 0.07 0.03 0.013 0.023 0.029 0.03 0.015 0.139 0.196 0.045 0.033 0.038 0.016 0.035 0.038 0.006 0.02 0.099
60 L 0.044 0.023 0.018 0.021 0.012 0.016 0.025 0.027 0.013 0.067 0.177 0.028 0.028 0.154 0.175 0.031 0.031 0.009 0.041 0.06
61 L 0.04 0.022 0.015 0.016 0.014 0.014 0.02 0.022 0.012 0.097 0.293 0.023 0.041 0.168 0.013 0.024 0.03 0.01 0.044 0.081
62 Y 0.041 0.026 0.019 0.017 0.011 0.02 0.025 0.023 0.034 0.067 0.173 0.029 0.029 0.104 0.015 0.029 0.029 0.021 0.225 0.062
63 L 0.052 0.019 0.015 0.016 0.174 0.014 0.018 0.024 0.009 0.146 0.204 0.023 0.034 0.039 0.015 0.03 0.036 0.006 0.018 0.109
64 L 0.04 0.022 0.015 0.016 0.014 0.014 0.02 0.022 0.012 0.097 0.293 0.023 0.041 0.168 0.013 0.024 0.03 0.01 0.044 0.081
65 V 0.056 0.024 0.017 0.018 0.017 0.019 0.023 0.024 0.011 0.181 0.163 0.028 0.08 0.042 0.016 0.031 0.043 0.006 0.021 0.181
66 F 0.038 0.018 0.016 0.017 0.012 0.011 0.018 0.024 0.014 0.135 0.13 0.02 0.029 0.278 0.012 0.025 0.03 0.013 0.065 0.094
67 Y 0.046 0.025 0.019 0.018 0.012 0.019 0.025 0.024 0.034 0.102 0.094 0.029 0.024 0.099 0.015 0.03 0.033 0.02 0.224 0.106
68 L 0.052 0.032 0.02 0.02 0.016 0.028 0.028 0.028 0.016 0.099 0.194 0.036 0.171 0.048 0.016 0.036 0.04 0.008 0.024 0.091
69 L 0.047 0.024 0.016 0.017 0.016 0.019 0.022 0.023 0.012 0.164 0.248 0.028 0.085 0.048 0.015 0.028 0.037 0.007 0.022 0.12
70 L 0.045 0.022 0.014 0.016 0.016 0.015 0.019 0.021 0.01 0.169 0.311 0.024 0.045 0.051 0.014 0.024 0.035 0.007 0.021 0.122
71 R 0.044 0.353 0.038 0.031 0.008 0.048 0.052 0.032 0.023 0.023 0.046 0.119 0.015 0.017 0.019 0.044 0.034 0.006 0.017 0.031
72 C 0.064 0.016 0.016 0.016 0.49 0.012 0.016 0.032 0.008 0.044 0.064 0.02 0.016 0.02 0.016 0.04 0.036 0.004 0.012 0.056
73 V 0.061 0.021 0.016 0.017 0.018 0.016 0.022 0.023 0.009 0.174 0.177 0.025 0.035 0.04 0.016 0.03 0.045 0.006 0.021 0.23
74 I 0.05 0.018 0.015 0.017 0.016 0.014 0.018 0.021 0.009 0.26 0.16 0.024 0.035 0.042 0.015 0.026 0.041 0.006 0.02 0.192
75 G 0.151 0.025 0.034 0.032 0.014 0.021 0.03 0.37 0.014 0.027 0.038 0.037 0.012 0.018 0.022 0.062 0.036 0.005 0.013 0.039
76 F 0.033 0.019 0.017 0.017 0.01 0.01 0.019 0.025 0.017 0.063 0.113 0.019 0.025 0.394 0.01 0.025 0.025 0.017 0.088 0.054
77 L 0.137 0.025 0.019 0.021 0.019 0.019 0.028 0.041 0.011 0.106 0.19 0.032 0.032 0.037 0.02 0.047 0.044 0.006 0.02 0.147
78 F 0.033 0.019 0.017 0.017 0.01 0.01 0.019 0.025 0.017 0.063 0.113 0.019 0.025 0.394 0.01 0.025 0.025 0.017 0.088 0.054
79 N 0.041 0.039 0.224 0.061 0.009 0.029 0.042 0.051 0.036 0.029 0.043 0.046 0.014 0.055 0.018 0.056 0.042 0.012 0.119 0.033
80 G 0.077 0.023 0.039 0.033 0.011 0.019 0.025 0.516 0.013 0.019 0.028 0.033 0.009 0.016 0.019 0.051 0.029 0.005 0.011 0.024
81 G 0.07 0.031 0.039 0.052 0.01 0.034 0.119 0.356 0.017 0.02 0.031 0.047 0.01 0.016 0.021 0.052 0.032 0.005 0.013 0.026
82 Y 0.04 0.028 0.022 0.018 0.009 0.022 0.028 0.025 0.046 0.043 0.068 0.031 0.018 0.129 0.015 0.031 0.028 0.028 0.326 0.046
83 E 0.055 0.049 0.04 0.089 0.007 0.064 0.305 0.035 0.025 0.022 0.036 0.075 0.013 0.016 0.025 0.055 0.036 0.005 0.016 0.031
84 E 0.055 0.049 0.04 0.089 0.007 0.064 0.305 0.035 0.025 0.022 0.036 0.075 0.013 0.016 0.025 0.055 0.036 0.005 0.016 0.031
85 R 0.044 0.353 0.038 0.031 0.008 0.048 0.052 0.032 0.023 0.023 0.046 0.119 0.015 0.017 0.019 0.044 0.034 0.006 0.017 0.031
86 Y 0.04 0.028 0.022 0.018 0.009 0.022 0.028 0.025 0.046 0.043 0.068 0.031 0.018 0.129 0.015 0.031 0.028 0.028 0.326 0.046
87 F 0.035 0.02 0.016 0.016 0.011 0.011 0.019 0.024 0.016 0.071 0.158 0.02 0.029 0.338 0.011 0.025 0.026 0.015 0.077 0.061
88 P 0.072 0.032 0.032 0.033 0.014 0.027 0.038 0.043 0.016 0.051 0.091 0.043 0.066 0.027 0.182 0.103 0.052 0.005 0.018 0.054
89 V 0.082 0.028 0.029 0.028 0.018 0.022 0.033 0.038 0.012 0.118 0.1 0.035 0.026 0.03 0.021 0.098 0.06 0.005 0.019 0.199
90 L 0.052 0.023 0.015 0.016 0.017 0.016 0.021 0.022 0.009 0.13 0.298 0.025 0.043 0.048 0.015 0.027 0.038 0.006 0.021 0.156
91 L 0.04 0.022 0.015 0.016 0.014 0.014 0.02 0.022 0.012 0.097 0.293 0.023 0.041 0.168 0.013 0.024 0.03 0.01 0.044 0.081
92 L 0.052 0.023 0.015 0.016 0.017 0.016 0.021 0.022 0.009 0.13 0.298 0.025 0.043 0.048 0.015 0.027 0.038 0.006 0.021 0.156
93 F 0.039 0.023 0.018 0.018 0.012 0.016 0.022 0.026 0.016 0.075 0.14 0.024 0.074 0.279 0.012 0.029 0.03 0.014 0.066 0.067
94 F 0.034 0.019 0.017 0.017 0.011 0.011 0.019 0.025 0.017 0.064 0.114 0.019 0.025 0.385 0.011 0.025 0.025 0.017 0.089 0.055
95 L 0.066 0.027 0.027 0.027 0.016 0.021 0.03 0.036 0.013 0.141 0.197 0.034 0.034 0.039 0.019 0.093 0.051 0.006 0.02 0.104
96 F 0.044 0.018 0.016 0.016 0.17 0.011 0.018 0.027 0.014 0.056 0.097 0.019 0.022 0.27 0.012 0.03 0.029 0.012 0.062 0.055
97 V 0.07 0.026 0.025 0.024 0.019 0.02 0.028 0.031 0.01 0.126 0.107 0.032 0.027 0.031 0.02 0.052 0.118 0.006 0.019 0.209
98 L 0.044 0.024 0.014 0.015 0.016 0.016 0.02 0.021 0.01 0.114 0.383 0.025 0.049 0.054 0.014 0.024 0.033 0.007 0.022 0.095
99 I 0.067 0.025 0.027 0.028 0.016 0.02 0.029 0.035 0.012 0.196 0.124 0.033 0.029 0.036 0.019 0.093 0.053 0.006 0.019 0.13
100 C 0.06 0.018 0.016 0.017 0.175 0.014 0.019 0.026 0.008 0.162 0.12 0.023 0.028 0.033 0.016 0.032 0.041 0.005 0.018 0.17
101 F 0.036 0.028 0.029 0.024 0.009 0.02 0.03 0.029 0.132 0.049 0.088 0.028 0.022 0.273 0.013 0.031 0.026 0.014 0.077 0.044
102 N 0.054 0.032 0.128 0.046 0.014 0.025 0.035 0.043 0.018 0.118 0.087 0.04 0.022 0.028 0.021 0.062 0.115 0.005 0.018 0.09
103 V 0.065 0.022 0.016 0.017 0.018 0.016 0.023 0.024 0.008 0.154 0.171 0.026 0.034 0.038 0.016 0.031 0.046 0.006 0.021 0.247
104 E 0.06 0.044 0.041 0.072 0.011 0.052 0.216 0.037 0.022 0.032 0.046 0.065 0.015 0.019 0.026 0.067 0.109 0.006 0.017 0.044
105 L 0.171 0.027 0.02 0.022 0.019 0.021 0.03 0.049 0.012 0.079 0.22 0.035 0.033 0.038 0.022 0.054 0.041 0.006 0.02 0.082
106 R 0.048 0.271 0.039 0.034 0.008 0.049 0.058 0.036 0.022 0.024 0.045 0.175 0.015 0.017 0.022 0.047 0.036 0.006 0.017 0.031
107 G 0.058 0.042 0.05 0.162 0.009 0.091 0.072 0.201 0.02 0.022 0.034 0.056 0.013 0.015 0.021 0.052 0.035 0.005 0.014 0.028
108 G 0.106 0.023 0.025 0.025 0.016 0.018 0.026 0.196 0.011 0.114 0.09 0.031 0.022 0.028 0.019 0.046 0.041 0.005 0.017 0.141
109 G 0.054 0.138 0.091 0.102 0.009 0.033 0.049 0.201 0.02 0.021 0.034 0.067 0.012 0.016 0.02 0.052 0.035 0.005 0.014 0.027
110 L 0.065 0.029 0.027 0.026 0.016 0.022 0.031 0.036 0.013 0.086 0.269 0.034 0.038 0.043 0.019 0.093 0.049 0.006 0.02 0.077
111 E 0.053 0.066 0.089 0.066 0.008 0.11 0.155 0.043 0.027 0.024 0.04 0.112 0.015 0.016 0.024 0.057 0.04 0.005 0.018 0.032
112 E 0.06 0.048 0.033 0.051 0.012 0.101 0.143 0.033 0.021 0.07 0.071 0.063 0.021 0.022 0.022 0.047 0.042 0.006 0.019 0.115
113 C 0.058 0.017 0.016 0.017 0.332 0.012 0.017 0.028 0.008 0.123 0.098 0.021 0.023 0.028 0.016 0.035 0.037 0.005 0.015 0.096
114 Y 0.04 0.028 0.022 0.018 0.009 0.022 0.028 0.025 0.046 0.043 0.068 0.031 0.018 0.129 0.015 0.031 0.028 0.028 0.326 0.046
115 D 0.101 0.033 0.096 0.167 0.012 0.028 0.058 0.136 0.019 0.026 0.036 0.045 0.012 0.018 0.024 0.089 0.046 0.005 0.014 0.035
116 G 0.151 0.025 0.034 0.032 0.014 0.021 0.03 0.37 0.014 0.027 0.038 0.037 0.012 0.018 0.022 0.062 0.036 0.005 0.013 0.039
117 L 0.041 0.02 0.015 0.016 0.014 0.013 0.019 0.022 0.012 0.152 0.221 0.022 0.037 0.164 0.013 0.025 0.032 0.01 0.043 0.108
118 V 0.073 0.03 0.03 0.028 0.015 0.024 0.034 0.038 0.024 0.078 0.079 0.037 0.022 0.062 0.02 0.098 0.052 0.013 0.121 0.122
119 A 0.136 0.027 0.021 0.022 0.016 0.021 0.03 0.042 0.023 0.083 0.085 0.034 0.022 0.062 0.02 0.049 0.042 0.013 0.121 0.131
120 A 0.299 0.031 0.025 0.029 0.021 0.025 0.04 0.077 0.015 0.043 0.059 0.044 0.017 0.021 0.029 0.084 0.049 0.005 0.017 0.068
121 I 0.054 0.019 0.015 0.018 0.017 0.014 0.019 0.022 0.008 0.241 0.153 0.024 0.035 0.041 0.015 0.027 0.042 0.006 0.02 0.209
122 I 0.052 0.017 0.015 0.017 0.174 0.013 0.017 0.024 0.008 0.201 0.132 0.022 0.03 0.036 0.015 0.03 0.038 0.005 0.018 0.135
123 L 0.057 0.023 0.015 0.016 0.017 0.016 0.021 0.023 0.009 0.138 0.256 0.025 0.04 0.045 0.015 0.028 0.041 0.006 0.021 0.186
124 T 0.084 0.037 0.046 0.041 0.017 0.029 0.043 0.05 0.015 0.045 0.057 0.048 0.018 0.022 0.028 0.138 0.198 0.006 0.017 0.061
125 L 0.052 0.023 0.015 0.016 0.017 0.016 0.021 0.022 0.009 0.13 0.298 0.025 0.043 0.048 0.015 0.027 0.038 0.006 0.021 0.156
126 A 0.214 0.028 0.022 0.025 0.02 0.022 0.033 0.059 0.013 0.066 0.167 0.038 0.028 0.032 0.024 0.064 0.044 0.006 0.019 0.077
127 L 0.046 0.02 0.014 0.017 0.016 0.014 0.018 0.021 0.009 0.225 0.238 0.024 0.041 0.047 0.014 0.024 0.037 0.006 0.021 0.148
128 V 0.082 0.028 0.029 0.028 0.018 0.022 0.033 0.038 0.012 0.118 0.1 0.035 0.026 0.03 0.021 0.098 0.06 0.005 0.019 0.199
129 L 0.045 0.022 0.015 0.016 0.015 0.014 0.02 0.023 0.012 0.105 0.251 0.023 0.038 0.164 0.013 0.026 0.033 0.01 0.044 0.112
130 F 0.037 0.023 0.018 0.017 0.011 0.015 0.022 0.024 0.025 0.065 0.143 0.024 0.027 0.249 0.013 0.027 0.027 0.019 0.156 0.058
131 E 0.055 0.049 0.04 0.089 0.007 0.064 0.305 0.035 0.025 0.022 0.036 0.075 0.013 0.016 0.025 0.055 0.036 0.005 0.016 0.031
132 I 0.047 0.017 0.015 0.017 0.016 0.013 0.017 0.02 0.009 0.28 0.166 0.023 0.036 0.044 0.015 0.025 0.039 0.006 0.02 0.175
133 I 0.055 0.023 0.024 0.024 0.017 0.018 0.025 0.028 0.01 0.204 0.132 0.03 0.031 0.037 0.019 0.047 0.111 0.006 0.019 0.14
134 T 0.084 0.037 0.046 0.041 0.017 0.029 0.043 0.05 0.015 0.045 0.057 0.048 0.018 0.022 0.028 0.138 0.198 0.006 0.017 0.061
135 G 0.066 0.03 0.134 0.05 0.01 0.024 0.033 0.366 0.019 0.02 0.029 0.04 0.01 0.017 0.019 0.057 0.036 0.005 0.012 0.025
136 Y 0.043 0.03 0.12 0.039 0.011 0.023 0.031 0.036 0.029 0.115 0.088 0.036 0.022 0.064 0.017 0.041 0.039 0.013 0.121 0.082
137 H 0.041 0.045 0.053 0.038 0.008 0.038 0.053 0.038 0.363 0.023 0.038 0.045 0.015 0.03 0.019 0.041 0.026 0.008 0.057 0.023
138 L 0.049 0.029 0.018 0.018 0.016 0.024 0.025 0.026 0.014 0.104 0.257 0.032 0.13 0.05 0.015 0.032 0.037 0.008 0.023 0.093
139 P 0.074 0.03 0.033 0.037 0.013 0.025 0.041 0.046 0.015 0.027 0.038 0.045 0.012 0.015 0.343 0.105 0.051 0.003 0.014 0.034
140 T 0.084 0.037 0.046 0.041 0.017 0.029 0.043 0.05 0.015 0.045 0.057 0.048 0.018 0.022 0.028 0.138 0.198 0.006 0.017 0.061
141 S 0.109 0.04 0.053 0.048 0.017 0.033 0.052 0.065 0.019 0.029 0.041 0.053 0.016 0.021 0.029 0.23 0.081 0.005 0.017 0.041
142 R 0.044 0.353 0.038 0.031 0.008 0.048 0.052 0.032 0.023 0.023 0.046 0.119 0.015 0.017 0.019 0.044 0.034 0.006 0.017 0.031
143 Y 0.04 0.028 0.022 0.018 0.009 0.022 0.028 0.025 0.046 0.043 0.068 0.031 0.018 0.129 0.015 0.031 0.028 0.028 0.326 0.046
144 S 0.172 0.037 0.044 0.042 0.019 0.03 0.048 0.069 0.018 0.034 0.047 0.05 0.016 0.021 0.029 0.181 0.07 0.005 0.017 0.05
145 D 0.04 0.03 0.068 0.405 0.007 0.03 0.09 0.046 0.018 0.022 0.028 0.044 0.009 0.015 0.022 0.052 0.035 0.004 0.011 0.024
146 P 0.057 0.022 0.018 0.022 0.015 0.017 0.025 0.027 0.01 0.156 0.11 0.03 0.026 0.031 0.177 0.034 0.041 0.005 0.018 0.161
147 N 0.074 0.04 0.141 0.056 0.015 0.031 0.046 0.058 0.021 0.035 0.046 0.051 0.015 0.021 0.026 0.13 0.129 0.005 0.017 0.046
148 N 0.042 0.044 0.325 0.082 0.009 0.033 0.049 0.064 0.031 0.022 0.031 0.053 0.011 0.018 0.02 0.069 0.049 0.004 0.016 0.027
149 D 0.131 0.036 0.044 0.174 0.012 0.04 0.145 0.053 0.02 0.029 0.041 0.054 0.013 0.017 0.026 0.063 0.04 0.005 0.015 0.041
150 A 0.299 0.031 0.025 0.029 0.021 0.025 0.04 0.077 0.015 0.043 0.059 0.044 0.017 0.021 0.029 0.084 0.049 0.005 0.017 0.068
151 F 0.066 0.044 0.038 0.037 0.012 0.089 0.057 0.044 0.022 0.039 0.067 0.054 0.02 0.143 0.021 0.103 0.049 0.009 0.042 0.044
152 L 0.055 0.024 0.022 0.021 0.014 0.017 0.022 0.186 0.011 0.082 0.265 0.028 0.036 0.041 0.016 0.033 0.032 0.006 0.018 0.071
153 W 0.03 0.022 0.015 0.015 0.008 0.015 0.022 0.03 0.015 0.03 0.052 0.022 0.015 0.06 0.008 0.022 0.022 0.499 0.067 0.03
154 S 0.109 0.04 0.053 0.048 0.017 0.033 0.052 0.065 0.019 0.029 0.041 0.053 0.016 0.021 0.029 0.23 0.081 0.005 0.017 0.041
155 V 0.062 0.02 0.016 0.018 0.018 0.015 0.021 0.023 0.008 0.202 0.141 0.025 0.033 0.038 0.016 0.03 0.046 0.006 0.02 0.243
156 S 0.09 0.037 0.042 0.039 0.017 0.031 0.044 0.053 0.018 0.053 0.092 0.048 0.067 0.03 0.025 0.165 0.067 0.006 0.019 0.058
157 K 0.056 0.106 0.041 0.041 0.008 0.053 0.07 0.043 0.02 0.027 0.043 0.287 0.015 0.015 0.027 0.053 0.039 0.005 0.017 0.032
158 P 0.056 0.025 0.023 0.031 0.01 0.02 0.036 0.036 0.013 0.025 0.036 0.041 0.01 0.013 0.5 0.043 0.036 0.003 0.013 0.031
159 T 0.072 0.035 0.043 0.037 0.018 0.027 0.039 0.043 0.014 0.053 0.064 0.045 0.019 0.023 0.027 0.092 0.256 0.006 0.018 0.07
160 A 0.299 0.031 0.025 0.029 0.021 0.025 0.04 0.077 0.015 0.043 0.059 0.044 0.017 0.021 0.029 0.084 0.049 0.005 0.017 0.068
161 F 0.033 0.019 0.017 0.017 0.01 0.01 0.019 0.025 0.017 0.063 0.113 0.019 0.025 0.394 0.01 0.025 0.025 0.017 0.088 0.054
162 Y 0.04 0.028 0.022 0.018 0.009 0.022 0.028 0.025 0.046 0.043 0.068 0.031 0.018 0.129 0.015 0.031 0.028 0.028 0.326 0.046
163 Y 0.04 0.028 0.022 0.018 0.009 0.022 0.028 0.025 0.046 0.043 0.068 0.031 0.018 0.129 0.015 0.031 0.028 0.028 0.326 0.046
164 N 0.042 0.044 0.325 0.082 0.009 0.033 0.049 0.064 0.031 0.022 0.031 0.053 0.011 0.018 0.02 0.069 0.049 0.004 0.016 0.027
165 E 0.055 0.049 0.04 0.089 0.007 0.064 0.305 0.035 0.025 0.022 0.036 0.075 0.013 0.016 0.025 0.055 0.036 0.005 0.016 0.031
166 N 0.042 0.044 0.325 0.082 0.009 0.033 0.049 0.064 0.031 0.022 0.031 0.053 0.011 0.018 0.02 0.069 0.049 0.004 0.016 0.027
167 D 0.04 0.03 0.068 0.405 0.007 0.03 0.09 0.046 0.018 0.022 0.028 0.044 0.009 0.015 0.022 0.052 0.035 0.004 0.011 0.024
168 L 0.052 0.032 0.02 0.02 0.016 0.028 0.028 0.028 0.016 0.099 0.194 0.036 0.171 0.048 0.016 0.036 0.04 0.008 0.024 0.091
169 L 0.044 0.024 0.014 0.015 0.016 0.016 0.02 0.021 0.01 0.114 0.383 0.025 0.049 0.054 0.014 0.024 0.033 0.007 0.022 0.095
170 S 0.086 0.041 0.144 0.06 0.014 0.033 0.051 0.065 0.023 0.027 0.038 0.053 0.014 0.02 0.026 0.176 0.07 0.005 0.017 0.036
171 F 0.033 0.019 0.017 0.017 0.01 0.01 0.019 0.025 0.017 0.063 0.113 0.019 0.025 0.394 0.01 0.025 0.025 0.017 0.088 0.054
172 L 0.055 0.026 0.017 0.017 0.017 0.02 0.024 0.024 0.011 0.125 0.235 0.029 0.084 0.046 0.015 0.031 0.04 0.007 0.022 0.155
173 V 0.069 0.022 0.016 0.018 0.019 0.016 0.023 0.024 0.008 0.163 0.129 0.026 0.031 0.035 0.016 0.032 0.049 0.005 0.02 0.278
174 C 0.064 0.016 0.016 0.016 0.49 0.012 0.016 0.032 0.008 0.044 0.064 0.02 0.016 0.02 0.016 0.04 0.036 0.004 0.012 0.056
175 F 0.033 0.019 0.017 0.017 0.01 0.01 0.019 0.025 0.017 0.063 0.113 0.019 0.025 0.394 0.01 0.025 0.025 0.017 0.088 0.054
176 L 0.044 0.024 0.014 0.015 0.016 0.016 0.02 0.021 0.01 0.114 0.383 0.025 0.049 0.054 0.014 0.024 0.033 0.007 0.022 0.095
177 P 0.056 0.025 0.023 0.031 0.01 0.02 0.036 0.036 0.013 0.025 0.036 0.041 0.01 0.013 0.5 0.043 0.036 0.003 0.013 0.031
178 F 0.038 0.018 0.016 0.017 0.012 0.011 0.018 0.024 0.014 0.135 0.13 0.02 0.029 0.278 0.012 0.025 0.03 0.013 0.065 0.094
179 A 0.223 0.032 0.031 0.032 0.02 0.026 0.04 0.066 0.014 0.046 0.061 0.044 0.018 0.022 0.029 0.086 0.118 0.005 0.017 0.069
180 L 0.045 0.021 0.015 0.016 0.015 0.014 0.02 0.023 0.012 0.133 0.214 0.023 0.036 0.163 0.013 0.026 0.034 0.01 0.043 0.125
181 Y 0.075 0.034 0.038 0.034 0.013 0.027 0.04 0.045 0.033 0.036 0.055 0.042 0.017 0.075 0.023 0.127 0.055 0.017 0.169 0.044
182 H 0.073 0.035 0.041 0.035 0.015 0.029 0.043 0.043 0.13 0.072 0.069 0.041 0.021 0.029 0.021 0.101 0.052 0.006 0.031 0.114
183 L 0.066 0.027 0.027 0.027 0.016 0.021 0.03 0.036 0.013 0.141 0.197 0.034 0.034 0.039 0.019 0.093 0.051 0.006 0.02 0.104
184 K 0.052 0.188 0.04 0.038 0.008 0.051 0.064 0.039 0.021 0.026 0.044 0.231 0.015 0.016 0.025 0.05 0.038 0.005 0.017 0.032
185 K 0.051 0.074 0.137 0.057 0.009 0.104 0.073 0.049 0.027 0.025 0.04 0.143 0.016 0.016 0.023 0.059 0.043 0.005 0.018 0.031
186 N 0.074 0.04 0.141 0.056 0.015 0.031 0.046 0.058 0.021 0.035 0.046 0.051 0.015 0.021 0.026 0.13 0.129 0.005 0.017 0.046
187 L 0.047 0.024 0.016 0.017 0.016 0.019 0.022 0.023 0.012 0.164 0.248 0.028 0.085 0.048 0.015 0.028 0.037 0.007 0.022 0.12
188 L 0.044 0.029 0.027 0.023 0.013 0.022 0.03 0.026 0.127 0.139 0.196 0.031 0.033 0.043 0.016 0.03 0.033 0.007 0.033 0.097
189 K 0.05 0.147 0.033 0.032 0.01 0.042 0.053 0.035 0.018 0.048 0.129 0.18 0.024 0.025 0.022 0.043 0.036 0.006 0.018 0.047
190 L 0.051 0.02 0.015 0.017 0.017 0.015 0.019 0.021 0.009 0.21 0.211 0.024 0.038 0.044 0.015 0.026 0.04 0.006 0.021 0.181
191 L 0.109 0.024 0.017 0.019 0.017 0.018 0.024 0.035 0.011 0.138 0.248 0.029 0.038 0.043 0.018 0.039 0.039 0.006 0.02 0.108
192 L 0.051 0.02 0.015 0.017 0.017 0.015 0.019 0.021 0.009 0.21 0.211 0.024 0.038 0.044 0.015 0.026 0.04 0.006 0.021 0.181
193 F 0.038 0.026 0.094 0.033 0.011 0.018 0.027 0.034 0.019 0.065 0.16 0.029 0.027 0.216 0.014 0.036 0.033 0.011 0.053 0.057
194 L 0.063 0.028 0.026 0.027 0.015 0.021 0.032 0.036 0.013 0.071 0.212 0.036 0.031 0.035 0.14 0.081 0.046 0.005 0.018 0.065
195 L 0.076 0.031 0.034 0.032 0.017 0.024 0.035 0.043 0.014 0.092 0.186 0.039 0.031 0.036 0.022 0.128 0.058 0.006 0.019 0.078
196 V 0.122 0.026 0.025 0.025 0.018 0.02 0.03 0.041 0.011 0.135 0.104 0.034 0.026 0.031 0.022 0.058 0.099 0.006 0.019 0.148
197 L 0.083 0.023 0.017 0.018 0.016 0.016 0.023 0.03 0.012 0.11 0.18 0.026 0.032 0.128 0.016 0.035 0.039 0.009 0.037 0.151
198 A 0.144 0.033 0.029 0.042 0.015 0.031 0.101 0.049 0.018 0.044 0.067 0.045 0.018 0.114 0.023 0.063 0.066 0.008 0.035 0.055
199 S 0.075 0.033 0.047 0.129 0.014 0.028 0.053 0.049 0.017 0.049 0.124 0.044 0.022 0.027 0.024 0.135 0.057 0.005 0.017 0.05
200 A 0.236 0.029 0.022 0.026 0.02 0.023 0.035 0.063 0.013 0.06 0.14 0.039 0.025 0.029 0.025 0.069 0.045 0.006 0.018 0.075
201 L 0.051 0.022 0.015 0.016 0.017 0.015 0.02 0.022 0.009 0.168 0.266 0.025 0.041 0.047 0.015 0.026 0.038 0.006 0.021 0.161
202 Y 0.041 0.027 0.02 0.018 0.011 0.02 0.026 0.024 0.037 0.061 0.147 0.029 0.026 0.11 0.015 0.029 0.029 0.022 0.251 0.058
203 I 0.046 0.019 0.014 0.017 0.016 0.014 0.018 0.02 0.009 0.24 0.22 0.024 0.039 0.046 0.014 0.024 0.038 0.006 0.021 0.154
204 G 0.085 0.027 0.042 0.037 0.012 0.022 0.032 0.404 0.015 0.021 0.031 0.038 0.011 0.017 0.021 0.096 0.042 0.005 0.012 0.028
205 S 0.092 0.041 0.122 0.057 0.015 0.033 0.051 0.065 0.022 0.027 0.039 0.053 0.014 0.02 0.027 0.191 0.073 0.005 0.017 0.038
206 K 0.056 0.106 0.041 0.041 0.008 0.053 0.07 0.043 0.02 0.027 0.043 0.289 0.015 0.015 0.027 0.053 0.039 0.005 0.017 0.032
207 A 0.301 0.031 0.025 0.029 0.021 0.025 0.04 0.077 0.015 0.043 0.059 0.044 0.017 0.021 0.029 0.084 0.049 0.005 0.017 0.068
208 A 0.301 0.031 0.025 0.029 0.021 0.025 0.04 0.077 0.015 0.043 0.059 0.044 0.017 0.021 0.029 0.084 0.049 0.005 0.017 0.068
209 I 0.046 0.017 0.014 0.017 0.016 0.013 0.017 0.02 0.009 0.282 0.165 0.023 0.036 0.044 0.014 0.025 0.039 0.006 0.02 0.174
210 L 0.045 0.021 0.014 0.016 0.016 0.015 0.019 0.021 0.009 0.198 0.275 0.024 0.043 0.049 0.014 0.024 0.036 0.006 0.021 0.134
211 A 0.243 0.032 0.03 0.031 0.02 0.026 0.04 0.069 0.014 0.045 0.06 0.044 0.018 0.022 0.029 0.086 0.101 0.005 0.017 0.068
212 L 0.044 0.022 0.014 0.016 0.016 0.015 0.019 0.021 0.01 0.156 0.33 0.025 0.046 0.051 0.014 0.024 0.034 0.007 0.022 0.115
213 L 0.044 0.022 0.014 0.016 0.016 0.015 0.019 0.021 0.01 0.156 0.33 0.025 0.046 0.051 0.014 0.024 0.034 0.007 0.022 0.115
214 I 0.043 0.018 0.015 0.017 0.015 0.012 0.018 0.021 0.011 0.227 0.152 0.022 0.033 0.132 0.013 0.025 0.036 0.009 0.037 0.144
215 Y 0.04 0.028 0.021 0.018 0.009 0.021 0.028 0.025 0.046 0.043 0.067 0.031 0.018 0.129 0.015 0.031 0.028 0.028 0.328 0.046
216 L 0.062 0.023 0.021 0.02 0.016 0.017 0.022 0.146 0.01 0.108 0.199 0.027 0.032 0.037 0.016 0.034 0.038 0.006 0.019 0.146
217 L 0.05 0.023 0.015 0.016 0.017 0.016 0.021 0.022 0.009 0.126 0.321 0.025 0.044 0.049 0.015 0.026 0.037 0.007 0.022 0.141
218 F 0.033 0.019 0.017 0.017 0.01 0.01 0.019 0.025 0.017 0.062 0.113 0.019 0.025 0.396 0.01 0.025 0.025 0.017 0.087 0.054
219 T 0.062 0.031 0.036 0.032 0.016 0.023 0.034 0.038 0.014 0.055 0.076 0.038 0.021 0.117 0.023 0.075 0.199 0.009 0.035 0.066
220 K 0.053 0.09 0.112 0.051 0.009 0.048 0.064 0.048 0.023 0.026 0.04 0.23 0.014 0.016 0.025 0.057 0.042 0.005 0.017 0.031
221 L 0.045 0.021 0.014 0.016 0.016 0.015 0.019 0.021 0.009 0.198 0.275 0.024 0.043 0.049 0.014 0.024 0.036 0.006 0.021 0.134
222 V 0.057 0.021 0.015 0.017 0.017 0.015 0.021 0.022 0.009 0.18 0.202 0.025 0.037 0.042 0.015 0.028 0.042 0.006 0.021 0.207
223 S 0.095 0.036 0.046 0.044 0.015 0.03 0.048 0.058 0.017 0.028 0.04 0.05 0.014 0.019 0.147 0.184 0.07 0.004 0.016 0.039
224 K 0.056 0.106 0.041 0.041 0.008 0.053 0.07 0.043 0.02 0.027 0.043 0.289 0.015 0.015 0.027 0.053 0.039 0.005 0.017 0.032
225 K 0.056 0.106 0.041 0.041 0.008 0.053 0.07 0.043 0.02 0.027 0.043 0.289 0.015 0.015 0.027 0.053 0.039 0.005 0.017 0.032
226 V 0.124 0.023 0.018 0.02 0.019 0.018 0.027 0.037 0.01 0.147 0.116 0.03 0.028 0.033 0.019 0.044 0.048 0.005 0.02 0.214
227 I 0.047 0.019 0.015 0.018 0.016 0.015 0.019 0.021 0.01 0.259 0.169 0.025 0.053 0.044 0.015 0.026 0.039 0.006 0.021 0.164
228 L 0.044 0.024 0.014 0.015 0.016 0.016 0.02 0.021 0.01 0.114 0.385 0.025 0.049 0.054 0.014 0.024 0.033 0.007 0.022 0.095
229 L 0.043 0.023 0.014 0.015 0.015 0.015 0.02 0.021 0.011 0.107 0.351 0.024 0.046 0.097 0.014 0.024 0.032 0.008 0.03 0.09
230 L 0.044 0.024 0.014 0.015 0.016 0.016 0.02 0.021 0.01 0.114 0.385 0.025 0.049 0.054 0.014 0.024 0.033 0.007 0.022 0.095
231 G 0.083 0.027 0.037 0.033 0.014 0.022 0.031 0.281 0.013 0.057 0.056 0.036 0.016 0.022 0.021 0.091 0.047 0.005 0.015 0.092
232 A 0.176 0.025 0.021 0.023 0.018 0.019 0.03 0.051 0.013 0.077 0.089 0.033 0.023 0.118 0.021 0.056 0.043 0.008 0.036 0.117
233 F 0.061 0.026 0.028 0.026 0.015 0.019 0.029 0.034 0.014 0.081 0.095 0.031 0.024 0.166 0.018 0.069 0.096 0.01 0.044 0.113
234 G 0.106 0.029 0.037 0.034 0.014 0.023 0.035 0.17 0.016 0.037 0.058 0.038 0.017 0.113 0.022 0.116 0.05 0.008 0.033 0.043
235 L 0.082 0.031 0.034 0.032 0.017 0.024 0.037 0.044 0.014 0.084 0.149 0.039 0.028 0.033 0.022 0.13 0.061 0.006 0.019 0.114
236 L 0.114 0.025 0.017 0.019 0.018 0.018 0.026 0.036 0.011 0.108 0.239 0.03 0.037 0.041 0.018 0.041 0.041 0.006 0.02 0.134
237 L 0.052 0.025 0.017 0.017 0.135 0.019 0.022 0.026 0.012 0.091 0.233 0.028 0.087 0.043 0.015 0.032 0.036 0.007 0.02 0.084
238 L 0.047 0.022 0.015 0.016 0.015 0.015 0.02 0.023 0.011 0.113 0.253 0.024 0.038 0.135 0.014 0.026 0.035 0.009 0.038 0.131
239 L 0.044 0.027 0.092 0.032 0.014 0.02 0.026 0.032 0.015 0.133 0.241 0.032 0.036 0.042 0.016 0.035 0.038 0.006 0.02 0.098
240 L 0.06 0.028 0.024 0.023 0.016 0.02 0.028 0.032 0.012 0.093 0.299 0.032 0.041 0.046 0.018 0.076 0.045 0.007 0.021 0.081
241 L 0.042 0.021 0.015 0.016 0.015 0.014 0.019 0.022 0.011 0.143 0.262 0.023 0.04 0.137 0.013 0.024 0.033 0.009 0.038 0.104
242 N 0.095 0.04 0.185 0.061 0.014 0.031 0.047 0.063 0.024 0.03 0.041 0.051 0.014 0.02 0.024 0.114 0.083 0.005 0.016 0.041
243 P 0.056 0.029 0.039 0.126 0.011 0.024 0.05 0.04 0.014 0.031 0.041 0.043 0.012 0.016 0.263 0.057 0.091 0.004 0.013 0.039
244 S 0.095 0.048 0.051 0.048 0.015 0.081 0.064 0.059 0.021 0.028 0.043 0.062 0.017 0.019 0.028 0.187 0.071 0.005 0.018 0.04
245 L 0.052 0.023 0.021 0.022 0.016 0.017 0.023 0.026 0.01 0.182 0.195 0.029 0.035 0.041 0.018 0.041 0.092 0.006 0.02 0.128
246 V 0.053 0.022 0.029 0.115 0.015 0.018 0.038 0.028 0.011 0.172 0.117 0.029 0.028 0.033 0.017 0.034 0.042 0.005 0.018 0.176
247 E 0.051 0.048 0.112 0.087 0.008 0.056 0.242 0.042 0.027 0.022 0.035 0.069 0.012 0.017 0.024 0.058 0.039 0.005 0.016 0.03
248 D 0.044 0.044 0.127 0.235 0.008 0.08 0.083 0.049 0.024 0.023 0.033 0.058 0.012 0.015 0.022 0.057 0.04 0.004 0.014 0.027
249 L 0.052 0.025 0.021 0.021 0.016 0.018 0.024 0.026 0.011 0.14 0.25 0.029 0.038 0.044 0.017 0.041 0.091 0.006 0.02 0.108
250 L 0.08 0.033 0.037 0.034 0.017 0.026 0.038 0.046 0.015 0.064 0.173 0.042 0.028 0.033 0.023 0.136 0.085 0.006 0.019 0.065
251 L 0.06 0.028 0.024 0.023 0.016 0.02 0.028 0.032 0.012 0.093 0.299 0.032 0.041 0.046 0.018 0.076 0.045 0.007 0.021 0.081
252 L 0.047 0.022 0.015 0.016 0.015 0.015 0.02 0.023 0.011 0.113 0.253 0.024 0.038 0.135 0.014 0.026 0.035 0.009 0.038 0.131
253 L 0.077 0.03 0.034 0.032 0.017 0.024 0.035 0.043 0.014 0.113 0.158 0.039 0.029 0.035 0.022 0.128 0.058 0.006 0.019 0.088
254 N 0.075 0.042 0.19 0.065 0.013 0.033 0.05 0.065 0.025 0.026 0.036 0.053 0.013 0.019 0.025 0.15 0.065 0.005 0.016 0.034
255 N 0.054 0.054 0.183 0.059 0.009 0.034 0.048 0.172 0.024 0.023 0.033 0.107 0.012 0.017 0.021 0.06 0.041 0.005 0.015 0.027
256 A 0.253 0.033 0.032 0.034 0.02 0.027 0.043 0.074 0.016 0.039 0.054 0.046 0.017 0.021 0.029 0.121 0.057 0.005 0.017 0.061
257 A 0.175 0.034 0.038 0.037 0.019 0.028 0.044 0.065 0.016 0.051 0.059 0.046 0.018 0.023 0.028 0.151 0.065 0.005 0.018 0.081
258 S 0.143 0.04 0.043 0.054 0.016 0.039 0.113 0.061 0.019 0.031 0.044 0.056 0.015 0.02 0.028 0.15 0.062 0.005 0.017 0.045
259 R 0.044 0.355 0.038 0.031 0.008 0.048 0.052 0.032 0.023 0.023 0.046 0.118 0.015 0.017 0.019 0.044 0.034 0.006 0.017 0.031
260 L 0.044 0.024 0.014 0.015 0.016 0.016 0.02 0.021 0.01 0.114 0.385 0.025 0.049 0.054 0.014 0.024 0.033 0.007 0.022 0.095
261 L 0.056 0.023 0.015 0.016 0.017 0.016 0.021 0.023 0.009 0.138 0.257 0.025 0.04 0.045 0.015 0.028 0.041 0.006 0.021 0.187
262 G 0.06 0.033 0.183 0.058 0.01 0.026 0.037 0.291 0.022 0.02 0.029 0.043 0.01 0.017 0.019 0.06 0.039 0.005 0.013 0.025
263 F 0.033 0.019 0.017 0.017 0.01 0.01 0.019 0.025 0.017 0.062 0.113 0.019 0.025 0.396 0.01 0.025 0.025 0.017 0.087 0.054
264 W 0.031 0.021 0.015 0.015 0.008 0.014 0.021 0.029 0.015 0.038 0.067 0.021 0.017 0.144 0.008 0.023 0.023 0.379 0.072 0.036
265 N 0.042 0.041 0.262 0.163 0.008 0.032 0.059 0.06 0.028 0.022 0.03 0.051 0.011 0.017 0.02 0.064 0.045 0.004 0.014 0.026
266 T 0.071 0.032 0.036 0.032 0.018 0.024 0.035 0.038 0.012 0.08 0.08 0.04 0.022 0.026 0.024 0.077 0.205 0.006 0.018 0.122
267 L 0.042 0.021 0.015 0.016 0.015 0.014 0.019 0.022 0.011 0.143 0.262 0.023 0.04 0.137 0.013 0.024 0.033 0.009 0.038 0.104
268 S 0.075 0.033 0.047 0.129 0.014 0.028 0.053 0.049 0.017 0.049 0.124 0.044 0.022 0.027 0.024 0.135 0.057 0.005 0.017 0.05
269 G 0.078 0.023 0.039 0.034 0.011 0.019 0.026 0.509 0.014 0.019 0.028 0.034 0.009 0.016 0.019 0.051 0.03 0.005 0.011 0.024
270 T 0.09 0.037 0.048 0.043 0.017 0.03 0.045 0.054 0.016 0.041 0.053 0.049 0.017 0.022 0.028 0.161 0.169 0.005 0.017 0.056
271 A 0.195 0.034 0.037 0.036 0.019 0.028 0.043 0.066 0.015 0.042 0.056 0.046 0.017 0.022 0.029 0.123 0.109 0.005 0.017 0.062
272 G 0.06 0.111 0.111 0.045 0.009 0.03 0.038 0.283 0.02 0.021 0.033 0.059 0.011 0.017 0.019 0.053 0.035 0.005 0.013 0.026
273 A 0.245 0.029 0.029 0.03 0.019 0.024 0.036 0.187 0.014 0.037 0.051 0.041 0.015 0.02 0.027 0.075 0.044 0.005 0.016 0.057
274 D 0.057 0.026 0.048 0.216 0.011 0.023 0.057 0.158 0.015 0.056 0.053 0.037 0.015 0.02 0.02 0.046 0.037 0.005 0.013 0.088
275 D 0.04 0.029 0.068 0.406 0.007 0.029 0.09 0.046 0.018 0.022 0.028 0.044 0.009 0.015 0.022 0.051 0.035 0.004 0.011 0.024
276 E 0.051 0.044 0.047 0.168 0.007 0.055 0.253 0.037 0.024 0.022 0.034 0.067 0.012 0.016 0.025 0.054 0.036 0.005 0.015 0.029
277 S 0.108 0.04 0.053 0.048 0.017 0.033 0.052 0.065 0.019 0.029 0.041 0.053 0.015 0.021 0.029 0.231 0.081 0.005 0.017 0.041
278 T 0.072 0.035 0.043 0.037 0.018 0.027 0.039 0.043 0.014 0.053 0.064 0.045 0.019 0.023 0.027 0.091 0.258 0.006 0.018 0.07
279 S 0.108 0.04 0.053 0.048 0.017 0.033 0.052 0.065 0.019 0.029 0.041 0.053 0.015 0.021 0.029 0.231 0.081 0.005 0.017 0.041
280 E 0.054 0.049 0.04 0.089 0.007 0.064 0.307 0.034 0.025 0.022 0.036 0.074 0.013 0.016 0.025 0.054 0.036 0.005 0.016 0.031
281 R 0.044 0.355 0.038 0.031 0.008 0.048 0.052 0.032 0.023 0.023 0.046 0.118 0.015 0.017 0.019 0.044 0.034 0.006 0.017 0.031
282 L 0.044 0.024 0.014 0.015 0.016 0.016 0.02 0.021 0.01 0.114 0.385 0.025 0.049 0.054 0.014 0.024 0.033 0.007 0.022 0.095
283 S 0.082 0.056 0.048 0.047 0.013 0.13 0.077 0.053 0.024 0.028 0.044 0.072 0.018 0.018 0.026 0.143 0.061 0.005 0.019 0.038
284 I 0.046 0.017 0.014 0.017 0.016 0.013 0.017 0.02 0.009 0.282 0.165 0.023 0.036 0.044 0.014 0.025 0.039 0.006 0.02 0.174
285 Y 0.04 0.028 0.021 0.018 0.009 0.021 0.028 0.025 0.046 0.043 0.067 0.031 0.018 0.129 0.015 0.031 0.028 0.028 0.328 0.046
286 K 0.061 0.085 0.04 0.039 0.009 0.044 0.059 0.161 0.019 0.025 0.039 0.225 0.014 0.015 0.025 0.052 0.037 0.005 0.015 0.03
287 A 0.253 0.033 0.032 0.034 0.02 0.027 0.043 0.074 0.016 0.039 0.054 0.046 0.017 0.021 0.029 0.121 0.057 0.005 0.017 0.061
288 N 0.042 0.044 0.327 0.082 0.009 0.033 0.049 0.064 0.031 0.022 0.031 0.053 0.011 0.018 0.02 0.069 0.049 0.004 0.015 0.027
289 L 0.047 0.023 0.016 0.017 0.016 0.017 0.021 0.022 0.011 0.194 0.227 0.027 0.074 0.047 0.015 0.027 0.038 0.007 0.022 0.133
290 D 0.041 0.028 0.054 0.308 0.01 0.026 0.073 0.04 0.016 0.045 0.117 0.039 0.019 0.024 0.02 0.045 0.034 0.004 0.014 0.042
291 W 0.03 0.022 0.015 0.015 0.007 0.015 0.022 0.03 0.015 0.03 0.052 0.022 0.015 0.06 0.007 0.022 0.022 0.5 0.067 0.03
292 L 0.044 0.024 0.014 0.015 0.016 0.016 0.02 0.021 0.01 0.114 0.385 0.025 0.049 0.054 0.014 0.024 0.033 0.007 0.022 0.095
293 G 0.12 0.029 0.026 0.026 0.016 0.025 0.03 0.162 0.015 0.065 0.119 0.037 0.093 0.033 0.02 0.051 0.039 0.007 0.019 0.068
294 N 0.045 0.045 0.255 0.084 0.008 0.041 0.113 0.057 0.03 0.022 0.032 0.058 0.011 0.017 0.021 0.065 0.046 0.005 0.016 0.028
295 H 0.041 0.045 0.053 0.038 0.007 0.038 0.053 0.038 0.365 0.023 0.038 0.045 0.015 0.03 0.019 0.041 0.026 0.007 0.056 0.023
296 P 0.178 0.028 0.024 0.03 0.016 0.023 0.038 0.056 0.014 0.034 0.047 0.042 0.014 0.017 0.265 0.063 0.042 0.004 0.015 0.049
297 L 0.043 0.034 0.17 0.048 0.012 0.025 0.034 0.043 0.02 0.068 0.208 0.039 0.03 0.036 0.017 0.046 0.041 0.006 0.019 0.061
298 A 0.179 0.031 0.038 0.124 0.017 0.026 0.051 0.061 0.016 0.045 0.089 0.043 0.019 0.024 0.026 0.087 0.048 0.005 0.016 0.057
299 L 0.104 0.024 0.018 0.019 0.015 0.016 0.024 0.037 0.014 0.077 0.201 0.027 0.032 0.174 0.016 0.039 0.034 0.01 0.045 0.073
300 L 0.051 0.027 0.021 0.02 0.016 0.019 0.025 0.026 0.011 0.098 0.305 0.03 0.042 0.046 0.017 0.041 0.089 0.007 0.021 0.089
301 F 0.033 0.019 0.017 0.017 0.01 0.01 0.019 0.025 0.017 0.062 0.113 0.019 0.025 0.396 0.01 0.025 0.025 0.017 0.087 0.054
302 G 0.077 0.023 0.039 0.033 0.011 0.019 0.025 0.517 0.013 0.019 0.028 0.033 0.009 0.016 0.019 0.051 0.029 0.005 0.011 0.024
303 N 0.042 0.044 0.258 0.071 0.009 0.034 0.05 0.058 0.114 0.022 0.033 0.051 0.012 0.021 0.02 0.062 0.043 0.005 0.026 0.026
304 G 0.077 0.023 0.039 0.033 0.011 0.019 0.025 0.517 0.013 0.019 0.028 0.033 0.009 0.016 0.019 0.051 0.029 0.005 0.011 0.024
305 R 0.044 0.272 0.032 0.027 0.01 0.04 0.044 0.03 0.02 0.046 0.131 0.095 0.024 0.026 0.018 0.039 0.034 0.006 0.018 0.047
306 F 0.033 0.019 0.017 0.017 0.01 0.01 0.019 0.025 0.017 0.062 0.113 0.019 0.025 0.396 0.01 0.025 0.025 0.017 0.087 0.054
307 G 0.085 0.027 0.042 0.037 0.012 0.022 0.032 0.404 0.015 0.021 0.031 0.038 0.011 0.017 0.021 0.096 0.042 0.005 0.012 0.028
308 D 0.057 0.032 0.064 0.317 0.01 0.03 0.08 0.051 0.019 0.024 0.031 0.046 0.011 0.016 0.024 0.096 0.046 0.004 0.013 0.028
309 Y 0.04 0.028 0.021 0.018 0.009 0.021 0.028 0.025 0.046 0.043 0.067 0.031 0.018 0.129 0.015 0.031 0.028 0.028 0.328 0.046
310 E 0.054 0.049 0.04 0.089 0.007 0.064 0.307 0.034 0.025 0.022 0.036 0.074 0.013 0.016 0.025 0.054 0.036 0.005 0.016 0.031
311 I 0.08 0.029 0.034 0.033 0.017 0.023 0.035 0.043 0.014 0.141 0.099 0.039 0.025 0.031 0.022 0.129 0.061 0.005 0.019 0.121
312 D 0.044 0.034 0.061 0.327 0.007 0.038 0.144 0.043 0.02 0.022 0.03 0.052 0.01 0.015 0.023 0.052 0.035 0.004 0.012 0.026
313 L 0.045 0.021 0.014 0.016 0.016 0.015 0.019 0.021 0.009 0.198 0.275 0.024 0.043 0.049 0.014 0.024 0.036 0.006 0.021 0.134
314 I 0.048 0.021 0.016 0.018 0.016 0.017 0.02 0.022 0.01 0.236 0.173 0.026 0.07 0.045 0.015 0.027 0.039 0.006 0.021 0.153
315 N 0.046 0.137 0.183 0.059 0.008 0.042 0.055 0.051 0.026 0.024 0.038 0.128 0.013 0.017 0.022 0.058 0.043 0.005 0.016 0.029
316 E 0.058 0.054 0.036 0.05 0.011 0.133 0.133 0.035 0.023 0.059 0.064 0.07 0.021 0.02 0.022 0.049 0.042 0.006 0.019 0.095
317 Y 0.038 0.025 0.02 0.018 0.009 0.019 0.025 0.025 0.039 0.048 0.079 0.028 0.02 0.196 0.014 0.029 0.027 0.025 0.268 0.048
318 G 0.077 0.023 0.039 0.033 0.011 0.019 0.025 0.517 0.013 0.019 0.028 0.033 0.009 0.016 0.019 0.051 0.029 0.005 0.011 0.024
319 L 0.044 0.024 0.014 0.015 0.016 0.016 0.02 0.021 0.01 0.114 0.385 0.025 0.049 0.054 0.014 0.024 0.033 0.007 0.022 0.095
320 R 0.044 0.355 0.038 0.031 0.008 0.048 0.052 0.032 0.023 0.023 0.046 0.118 0.015 0.017 0.019 0.044 0.034 0.006 0.017 0.031
