#Seq2Logo.py -f /work3/idamei/wzy_ssn/run/1e-50/run/150/MSAs/0006_151.afa -o /work3/idamei/wzy_ssn/run/1e-50/run/150/logos/0006_151.logo
#Position Specific Frequency Matrix
A R N D C Q E G H I L K M F P S T W Y V
0 L 0.051 0.032 0.02 0.02 0.016 0.028 0.028 0.028 0.016 0.099 0.194 0.036 0.173 0.047 0.016 0.036 0.04 0.008 0.024 0.091
1 N 0.047 0.053 0.177 0.056 0.011 0.033 0.046 0.048 0.023 0.088 0.068 0.105 0.018 0.024 0.02 0.054 0.044 0.005 0.017 0.065
2 I 0.046 0.017 0.014 0.017 0.016 0.013 0.017 0.02 0.009 0.282 0.165 0.023 0.036 0.044 0.014 0.025 0.039 0.006 0.02 0.174
3 L 0.05 0.032 0.122 0.041 0.014 0.024 0.033 0.04 0.018 0.074 0.228 0.038 0.033 0.038 0.018 0.062 0.044 0.006 0.019 0.066
4 D 0.041 0.034 0.148 0.254 0.009 0.029 0.069 0.049 0.022 0.032 0.068 0.045 0.014 0.02 0.02 0.054 0.039 0.004 0.014 0.033
5 K 0.062 0.08 0.042 0.04 0.012 0.043 0.059 0.043 0.018 0.037 0.051 0.194 0.017 0.018 0.027 0.068 0.119 0.005 0.017 0.047
6 K 0.056 0.097 0.039 0.039 0.009 0.05 0.065 0.041 0.02 0.035 0.059 0.26 0.033 0.019 0.026 0.051 0.039 0.005 0.018 0.039
7 K 0.057 0.106 0.041 0.041 0.009 0.053 0.07 0.043 0.021 0.027 0.043 0.284 0.015 0.015 0.027 0.053 0.039 0.005 0.017 0.033
8 N 0.042 0.045 0.323 0.082 0.009 0.033 0.049 0.065 0.031 0.022 0.031 0.053 0.011 0.018 0.02 0.069 0.049 0.004 0.016 0.027
9 S 0.109 0.04 0.054 0.048 0.017 0.033 0.052 0.066 0.019 0.029 0.042 0.054 0.016 0.021 0.029 0.226 0.081 0.005 0.017 0.042
10 T 0.068 0.032 0.038 0.034 0.017 0.025 0.035 0.039 0.013 0.09 0.082 0.041 0.022 0.027 0.025 0.081 0.217 0.006 0.018 0.088
11 S 0.103 0.039 0.052 0.047 0.017 0.032 0.05 0.062 0.018 0.033 0.045 0.052 0.016 0.021 0.029 0.204 0.11 0.005 0.017 0.046
12 F 0.034 0.019 0.017 0.017 0.011 0.011 0.019 0.025 0.017 0.063 0.113 0.019 0.025 0.392 0.011 0.025 0.025 0.017 0.088 0.055
13 N 0.045 0.055 0.276 0.076 0.009 0.037 0.053 0.061 0.029 0.023 0.033 0.092 0.012 0.017 0.021 0.066 0.047 0.005 0.016 0.028
14 Y 0.04 0.031 0.027 0.022 0.009 0.024 0.032 0.027 0.099 0.04 0.063 0.033 0.018 0.113 0.016 0.033 0.028 0.024 0.279 0.042
15 Y 0.041 0.136 0.027 0.023 0.009 0.03 0.036 0.027 0.038 0.036 0.06 0.06 0.017 0.092 0.017 0.035 0.03 0.02 0.224 0.041
16 K 0.056 0.087 0.041 0.057 0.008 0.056 0.149 0.04 0.022 0.025 0.04 0.217 0.014 0.016 0.027 0.053 0.038 0.005 0.017 0.032
17 I 0.052 0.019 0.015 0.017 0.017 0.014 0.019 0.021 0.009 0.238 0.174 0.024 0.036 0.042 0.015 0.027 0.041 0.006 0.02 0.194
18 S 0.093 0.038 0.049 0.043 0.017 0.03 0.046 0.056 0.017 0.039 0.051 0.05 0.017 0.022 0.028 0.173 0.154 0.005 0.017 0.053
19 T 0.077 0.116 0.045 0.039 0.015 0.034 0.046 0.048 0.018 0.037 0.052 0.066 0.017 0.021 0.026 0.126 0.143 0.006 0.017 0.051
20 G 0.069 0.021 0.033 0.029 0.012 0.017 0.023 0.393 0.012 0.084 0.062 0.031 0.016 0.023 0.018 0.044 0.032 0.005 0.013 0.061
21 L 0.056 0.023 0.015 0.016 0.017 0.016 0.021 0.023 0.009 0.138 0.257 0.025 0.04 0.045 0.015 0.028 0.041 0.006 0.021 0.187
22 Y 0.038 0.025 0.02 0.018 0.009 0.019 0.025 0.025 0.039 0.048 0.079 0.028 0.02 0.196 0.014 0.029 0.027 0.025 0.268 0.048
23 I 0.045 0.024 0.093 0.034 0.014 0.018 0.025 0.031 0.014 0.217 0.132 0.031 0.03 0.037 0.016 0.036 0.042 0.005 0.019 0.137
24 L 0.043 0.021 0.015 0.017 0.015 0.014 0.019 0.022 0.012 0.17 0.209 0.024 0.048 0.135 0.013 0.025 0.034 0.009 0.038 0.117
25 L 0.052 0.025 0.021 0.021 0.016 0.018 0.024 0.026 0.01 0.154 0.231 0.029 0.037 0.043 0.017 0.041 0.091 0.006 0.02 0.115
26 T 0.138 0.035 0.041 0.038 0.018 0.028 0.042 0.057 0.015 0.044 0.057 0.047 0.018 0.022 0.028 0.124 0.161 0.006 0.017 0.062
27 I 0.048 0.023 0.017 0.018 0.016 0.019 0.022 0.023 0.012 0.206 0.177 0.028 0.093 0.045 0.015 0.029 0.039 0.007 0.022 0.139
28 Y 0.049 0.029 0.025 0.022 0.013 0.022 0.028 0.028 0.029 0.063 0.146 0.033 0.026 0.084 0.018 0.044 0.086 0.017 0.174 0.064
29 S 0.147 0.036 0.044 0.041 0.018 0.029 0.045 0.063 0.017 0.038 0.051 0.049 0.017 0.021 0.029 0.159 0.117 0.005 0.017 0.055
30 L 0.044 0.024 0.014 0.015 0.016 0.016 0.02 0.021 0.01 0.114 0.385 0.025 0.049 0.054 0.014 0.024 0.033 0.007 0.022 0.095
31 L 0.077 0.032 0.034 0.032 0.017 0.025 0.036 0.044 0.015 0.07 0.197 0.04 0.043 0.037 0.022 0.129 0.057 0.006 0.02 0.068
32 V 0.057 0.021 0.015 0.017 0.017 0.015 0.021 0.022 0.009 0.18 0.202 0.025 0.037 0.042 0.015 0.028 0.042 0.006 0.021 0.207
33 N 0.069 0.042 0.144 0.057 0.012 0.034 0.051 0.058 0.109 0.025 0.037 0.051 0.014 0.022 0.024 0.13 0.056 0.005 0.026 0.032
34 I 0.11 0.021 0.017 0.02 0.017 0.016 0.023 0.035 0.01 0.222 0.139 0.028 0.032 0.038 0.018 0.039 0.042 0.006 0.02 0.148
35 L 0.042 0.026 0.018 0.017 0.013 0.019 0.024 0.023 0.028 0.078 0.226 0.028 0.034 0.091 0.015 0.027 0.03 0.017 0.175 0.07
36 L 0.044 0.024 0.014 0.015 0.016 0.016 0.02 0.021 0.01 0.114 0.385 0.025 0.049 0.054 0.014 0.024 0.033 0.007 0.022 0.095
37 F 0.071 0.029 0.035 0.032 0.014 0.022 0.035 0.045 0.018 0.046 0.077 0.036 0.02 0.208 0.02 0.128 0.053 0.011 0.052 0.048
38 I 0.046 0.017 0.014 0.017 0.016 0.013 0.017 0.02 0.009 0.282 0.165 0.023 0.036 0.044 0.014 0.025 0.039 0.006 0.02 0.174
39 P 0.056 0.025 0.023 0.031 0.01 0.02 0.036 0.036 0.013 0.025 0.036 0.041 0.01 0.013 0.501 0.043 0.036 0.003 0.013 0.031
40 L 0.043 0.024 0.014 0.015 0.016 0.016 0.02 0.021 0.011 0.109 0.362 0.024 0.047 0.082 0.014 0.024 0.032 0.008 0.027 0.091
41 L 0.044 0.022 0.014 0.016 0.016 0.015 0.019 0.021 0.01 0.156 0.33 0.025 0.046 0.051 0.014 0.024 0.034 0.007 0.022 0.115
42 L 0.051 0.022 0.015 0.016 0.017 0.015 0.02 0.022 0.009 0.168 0.266 0.025 0.041 0.047 0.015 0.026 0.038 0.006 0.021 0.161
43 Y 0.044 0.047 0.026 0.024 0.009 0.029 0.038 0.029 0.04 0.039 0.061 0.095 0.018 0.1 0.018 0.036 0.03 0.022 0.25 0.043
44 G 0.077 0.023 0.039 0.033 0.011 0.019 0.025 0.517 0.013 0.019 0.028 0.033 0.009 0.016 0.019 0.051 0.029 0.005 0.011 0.024
45 I 0.046 0.018 0.014 0.017 0.016 0.013 0.018 0.02 0.009 0.268 0.184 0.023 0.037 0.044 0.014 0.025 0.039 0.006 0.02 0.167
46 I 0.046 0.019 0.014 0.017 0.016 0.014 0.018 0.02 0.009 0.24 0.22 0.024 0.039 0.046 0.014 0.024 0.038 0.006 0.021 0.154
47 T 0.071 0.041 0.043 0.037 0.017 0.029 0.041 0.043 0.014 0.05 0.062 0.065 0.019 0.023 0.027 0.088 0.239 0.006 0.017 0.067
48 N 0.046 0.137 0.183 0.059 0.008 0.042 0.055 0.051 0.026 0.024 0.038 0.128 0.013 0.017 0.022 0.058 0.043 0.005 0.016 0.029
49 K 0.056 0.097 0.042 0.042 0.009 0.096 0.078 0.042 0.023 0.027 0.044 0.239 0.017 0.015 0.026 0.053 0.039 0.005 0.018 0.033
50 K 0.056 0.106 0.041 0.041 0.008 0.053 0.07 0.043 0.02 0.027 0.043 0.289 0.015 0.015 0.027 0.053 0.039 0.005 0.017 0.032
51 G 0.076 0.029 0.05 0.13 0.011 0.025 0.048 0.286 0.016 0.022 0.031 0.041 0.011 0.017 0.022 0.096 0.044 0.005 0.012 0.028
52 T 0.065 0.032 0.036 0.031 0.017 0.024 0.034 0.037 0.013 0.068 0.144 0.04 0.027 0.031 0.024 0.074 0.201 0.006 0.019 0.076
53 P 0.058 0.025 0.023 0.029 0.012 0.02 0.032 0.034 0.012 0.09 0.069 0.037 0.017 0.021 0.34 0.054 0.04 0.004 0.015 0.067
54 L 0.044 0.024 0.014 0.015 0.016 0.016 0.02 0.021 0.01 0.114 0.385 0.025 0.049 0.054 0.014 0.024 0.033 0.007 0.022 0.095
55 F 0.035 0.021 0.018 0.017 0.01 0.013 0.021 0.025 0.024 0.058 0.101 0.022 0.023 0.329 0.012 0.026 0.026 0.019 0.148 0.052
56 I 0.05 0.022 0.022 0.022 0.015 0.016 0.023 0.027 0.012 0.17 0.127 0.027 0.029 0.127 0.017 0.041 0.09 0.009 0.036 0.118
57 A 0.239 0.029 0.025 0.03 0.018 0.024 0.039 0.067 0.014 0.038 0.053 0.043 0.015 0.019 0.147 0.074 0.046 0.005 0.016 0.058
58 L 0.045 0.021 0.014 0.016 0.016 0.015 0.019 0.021 0.009 0.198 0.275 0.024 0.043 0.049 0.014 0.024 0.036 0.006 0.021 0.134
59 F 0.033 0.019 0.017 0.017 0.01 0.01 0.019 0.025 0.017 0.062 0.113 0.019 0.025 0.396 0.01 0.025 0.025 0.017 0.087 0.054
60 F 0.041 0.018 0.017 0.017 0.131 0.011 0.018 0.027 0.014 0.058 0.1 0.019 0.023 0.302 0.012 0.029 0.028 0.013 0.069 0.055
61 S 0.106 0.038 0.052 0.047 0.017 0.032 0.049 0.103 0.018 0.028 0.04 0.052 0.015 0.02 0.028 0.216 0.076 0.005 0.017 0.04
62 I 0.046 0.019 0.014 0.017 0.016 0.014 0.018 0.02 0.009 0.24 0.22 0.024 0.039 0.046 0.014 0.024 0.038 0.006 0.021 0.154
63 L 0.046 0.021 0.015 0.017 0.016 0.016 0.019 0.021 0.01 0.197 0.259 0.025 0.053 0.048 0.014 0.025 0.037 0.006 0.021 0.134
64 G 0.141 0.029 0.039 0.036 0.015 0.024 0.035 0.294 0.015 0.027 0.039 0.041 0.013 0.018 0.024 0.104 0.047 0.005 0.014 0.039
65 Y 0.042 0.025 0.02 0.018 0.011 0.019 0.025 0.023 0.037 0.103 0.092 0.029 0.023 0.108 0.015 0.029 0.03 0.022 0.251 0.078
66 S 0.078 0.041 0.042 0.037 0.015 0.03 0.044 0.048 0.024 0.038 0.054 0.065 0.017 0.048 0.025 0.131 0.108 0.011 0.095 0.049
67 F 0.033 0.019 0.017 0.017 0.01 0.01 0.019 0.025 0.017 0.062 0.113 0.019 0.025 0.396 0.01 0.025 0.025 0.017 0.087 0.054
68 T 0.069 0.031 0.037 0.033 0.017 0.024 0.035 0.039 0.013 0.108 0.088 0.04 0.023 0.028 0.024 0.086 0.188 0.006 0.018 0.094
69 P 0.056 0.025 0.023 0.031 0.01 0.02 0.036 0.036 0.013 0.025 0.036 0.041 0.01 0.013 0.501 0.043 0.036 0.003 0.013 0.031
70 P 0.056 0.025 0.023 0.031 0.01 0.02 0.036 0.036 0.013 0.025 0.036 0.041 0.01 0.013 0.501 0.043 0.036 0.003 0.013 0.031
71 F 0.04 0.027 0.023 0.035 0.01 0.025 0.092 0.028 0.019 0.055 0.1 0.034 0.034 0.272 0.015 0.033 0.029 0.013 0.064 0.051
72 E 0.051 0.044 0.047 0.168 0.007 0.055 0.253 0.037 0.024 0.022 0.034 0.067 0.012 0.016 0.025 0.054 0.036 0.005 0.015 0.029
73 F 0.033 0.019 0.017 0.017 0.01 0.01 0.019 0.025 0.017 0.062 0.113 0.019 0.025 0.396 0.01 0.025 0.025 0.017 0.087 0.054
74 D 0.04 0.029 0.068 0.406 0.007 0.029 0.09 0.046 0.018 0.022 0.028 0.044 0.009 0.015 0.022 0.051 0.035 0.004 0.011 0.024
75 L 0.044 0.024 0.014 0.015 0.016 0.016 0.02 0.021 0.01 0.114 0.385 0.025 0.049 0.054 0.014 0.024 0.033 0.007 0.022 0.095
76 Y 0.04 0.028 0.021 0.018 0.009 0.021 0.028 0.025 0.046 0.043 0.067 0.031 0.018 0.129 0.015 0.031 0.028 0.028 0.328 0.046
77 R 0.044 0.355 0.038 0.031 0.008 0.048 0.052 0.032 0.023 0.023 0.046 0.118 0.015 0.017 0.019 0.044 0.034 0.006 0.017 0.031
78 H 0.041 0.045 0.053 0.038 0.007 0.038 0.053 0.038 0.365 0.023 0.038 0.045 0.015 0.03 0.019 0.041 0.026 0.007 0.056 0.023
79 Y 0.04 0.028 0.021 0.018 0.009 0.021 0.028 0.025 0.046 0.043 0.067 0.031 0.018 0.129 0.015 0.031 0.028 0.028 0.328 0.046
80 E 0.051 0.048 0.112 0.087 0.008 0.056 0.242 0.042 0.027 0.022 0.035 0.069 0.012 0.017 0.024 0.058 0.039 0.005 0.016 0.03
81 S 0.1 0.035 0.05 0.044 0.016 0.029 0.045 0.178 0.018 0.027 0.038 0.048 0.014 0.019 0.027 0.186 0.068 0.005 0.016 0.037
82 Y 0.038 0.025 0.02 0.018 0.009 0.019 0.025 0.025 0.039 0.048 0.079 0.028 0.02 0.196 0.014 0.029 0.027 0.025 0.268 0.048
83 E 0.054 0.049 0.04 0.089 0.007 0.064 0.307 0.034 0.025 0.022 0.036 0.074 0.013 0.016 0.025 0.054 0.036 0.005 0.016 0.031
84 Y 0.04 0.028 0.021 0.018 0.009 0.021 0.028 0.025 0.046 0.043 0.067 0.031 0.018 0.129 0.015 0.031 0.028 0.028 0.328 0.046
85 Y 0.038 0.025 0.02 0.018 0.009 0.019 0.025 0.025 0.039 0.048 0.079 0.028 0.02 0.196 0.014 0.029 0.027 0.025 0.268 0.048
86 L 0.065 0.026 0.024 0.024 0.135 0.019 0.027 0.035 0.012 0.075 0.219 0.031 0.032 0.037 0.018 0.08 0.046 0.006 0.018 0.072
87 Q 0.053 0.069 0.035 0.037 0.01 0.13 0.073 0.036 0.022 0.048 0.13 0.123 0.026 0.025 0.022 0.047 0.038 0.006 0.02 0.049
88 Y 0.04 0.032 0.098 0.034 0.009 0.024 0.033 0.034 0.042 0.038 0.058 0.036 0.017 0.101 0.017 0.04 0.033 0.022 0.25 0.041
89 N 0.059 0.043 0.259 0.073 0.011 0.033 0.049 0.065 0.028 0.024 0.034 0.053 0.012 0.018 0.022 0.109 0.057 0.005 0.016 0.03
90 E 0.054 0.049 0.04 0.089 0.007 0.064 0.307 0.034 0.025 0.022 0.036 0.074 0.013 0.016 0.025 0.054 0.036 0.005 0.016 0.031
91 F 0.039 0.02 0.018 0.02 0.01 0.013 0.023 0.028 0.016 0.053 0.093 0.024 0.021 0.3 0.133 0.03 0.028 0.013 0.069 0.048
92 L 0.047 0.024 0.016 0.019 0.015 0.017 0.024 0.025 0.011 0.092 0.297 0.029 0.039 0.044 0.136 0.029 0.034 0.006 0.02 0.079
93 Y 0.041 0.031 0.027 0.022 0.01 0.024 0.032 0.027 0.117 0.056 0.139 0.033 0.025 0.085 0.016 0.032 0.029 0.017 0.184 0.052
94 P 0.055 0.073 0.029 0.033 0.01 0.031 0.046 0.037 0.015 0.026 0.038 0.109 0.012 0.014 0.342 0.046 0.036 0.003 0.014 0.031
95 L 0.109 0.022 0.017 0.02 0.017 0.017 0.024 0.035 0.01 0.18 0.194 0.029 0.035 0.041 0.018 0.039 0.04 0.006 0.02 0.128
96 K 0.056 0.106 0.041 0.041 0.008 0.053 0.07 0.043 0.02 0.027 0.043 0.289 0.015 0.015 0.027 0.053 0.039 0.005 0.017 0.032
97 D 0.04 0.029 0.068 0.406 0.007 0.029 0.09 0.046 0.018 0.022 0.028 0.044 0.009 0.015 0.022 0.051 0.035 0.004 0.011 0.024
98 F 0.037 0.02 0.016 0.016 0.012 0.012 0.019 0.024 0.014 0.08 0.203 0.021 0.033 0.282 0.012 0.025 0.028 0.013 0.066 0.068
99 Y 0.04 0.028 0.021 0.018 0.009 0.021 0.028 0.025 0.046 0.043 0.067 0.031 0.018 0.129 0.015 0.031 0.028 0.028 0.328 0.046
100 L 0.044 0.024 0.014 0.015 0.016 0.016 0.02 0.021 0.01 0.114 0.385 0.025 0.049 0.054 0.014 0.024 0.033 0.007 0.022 0.095
101 L 0.069 0.031 0.033 0.035 0.014 0.026 0.057 0.042 0.017 0.058 0.145 0.039 0.026 0.122 0.02 0.113 0.051 0.008 0.036 0.057
102 F 0.074 0.029 0.037 0.034 0.014 0.022 0.036 0.086 0.018 0.042 0.07 0.037 0.019 0.177 0.021 0.13 0.053 0.01 0.046 0.045
103 L 0.05 0.023 0.015 0.016 0.017 0.016 0.021 0.022 0.009 0.126 0.321 0.025 0.044 0.049 0.015 0.026 0.037 0.007 0.022 0.141
104 F 0.035 0.025 0.094 0.033 0.01 0.016 0.026 0.035 0.02 0.052 0.092 0.027 0.022 0.301 0.013 0.036 0.031 0.014 0.069 0.047
105 L 0.042 0.029 0.094 0.033 0.012 0.021 0.029 0.033 0.025 0.069 0.194 0.033 0.03 0.092 0.016 0.037 0.035 0.012 0.102 0.062
106 I 0.046 0.017 0.014 0.017 0.016 0.013 0.017 0.02 0.009 0.282 0.165 0.023 0.036 0.044 0.014 0.025 0.039 0.006 0.02 0.174
107 G 0.077 0.023 0.039 0.033 0.011 0.019 0.025 0.517 0.013 0.019 0.028 0.033 0.009 0.016 0.019 0.051 0.029 0.005 0.011 0.024
108 K 0.058 0.069 0.034 0.047 0.129 0.045 0.116 0.038 0.019 0.03 0.046 0.168 0.015 0.017 0.024 0.05 0.038 0.005 0.016 0.038
109 N 0.055 0.037 0.157 0.052 0.012 0.029 0.041 0.049 0.029 0.036 0.049 0.045 0.015 0.047 0.021 0.078 0.098 0.011 0.094 0.044
110 L 0.044 0.024 0.014 0.015 0.016 0.016 0.02 0.021 0.01 0.114 0.385 0.025 0.049 0.054 0.014 0.024 0.033 0.007 0.022 0.095
111 N 0.075 0.042 0.19 0.065 0.013 0.033 0.05 0.065 0.025 0.026 0.036 0.053 0.013 0.019 0.025 0.15 0.065 0.005 0.016 0.034
112 L 0.044 0.022 0.014 0.016 0.016 0.015 0.019 0.021 0.01 0.156 0.33 0.025 0.046 0.051 0.014 0.024 0.034 0.007 0.022 0.115
113 K 0.056 0.085 0.036 0.038 0.009 0.045 0.061 0.041 0.018 0.027 0.041 0.227 0.014 0.015 0.146 0.05 0.038 0.004 0.016 0.032
114 K 0.052 0.09 0.044 0.04 0.008 0.049 0.065 0.041 0.106 0.026 0.041 0.228 0.015 0.019 0.025 0.05 0.036 0.006 0.027 0.03
115 E 0.055 0.055 0.041 0.078 0.008 0.104 0.256 0.036 0.026 0.023 0.039 0.078 0.015 0.016 0.025 0.055 0.037 0.006 0.017 0.032
116 F 0.033 0.019 0.017 0.017 0.01 0.01 0.019 0.025 0.017 0.062 0.113 0.019 0.025 0.396 0.01 0.025 0.025 0.017 0.087 0.054
117 L 0.042 0.021 0.015 0.016 0.015 0.014 0.019 0.022 0.011 0.143 0.262 0.023 0.04 0.137 0.013 0.024 0.033 0.009 0.038 0.104
118 Y 0.04 0.023 0.019 0.018 0.011 0.017 0.023 0.024 0.029 0.108 0.103 0.026 0.025 0.174 0.014 0.028 0.03 0.019 0.191 0.08
119 F 0.1 0.022 0.019 0.02 0.013 0.014 0.024 0.038 0.016 0.057 0.099 0.025 0.023 0.302 0.015 0.04 0.031 0.014 0.07 0.058
120 Y 0.041 0.028 0.022 0.019 0.009 0.022 0.028 0.025 0.047 0.044 0.069 0.031 0.019 0.131 0.016 0.031 0.028 0.028 0.316 0.047
121 F 0.034 0.019 0.017 0.017 0.011 0.011 0.019 0.025 0.017 0.064 0.115 0.019 0.025 0.385 0.011 0.025 0.025 0.017 0.089 0.055
122 T 0.06 0.034 0.109 0.045 0.015 0.026 0.038 0.044 0.017 0.083 0.073 0.043 0.02 0.025 0.023 0.075 0.169 0.005 0.017 0.076
123 S 0.08 0.033 0.042 0.037 0.016 0.026 0.04 0.05 0.017 0.043 0.065 0.043 0.019 0.115 0.024 0.145 0.111 0.008 0.035 0.052
124 V 0.057 0.03 0.1 0.038 0.015 0.022 0.032 0.038 0.015 0.13 0.097 0.037 0.024 0.03 0.019 0.054 0.099 0.005 0.018 0.138
125 L 0.047 0.02 0.014 0.016 0.016 0.015 0.019 0.021 0.009 0.202 0.254 0.024 0.041 0.047 0.014 0.025 0.037 0.006 0.021 0.15
126 I 0.046 0.019 0.014 0.017 0.016 0.014 0.018 0.02 0.009 0.24 0.22 0.024 0.039 0.046 0.014 0.024 0.038 0.006 0.021 0.154
127 Y 0.04 0.028 0.021 0.018 0.009 0.021 0.028 0.025 0.046 0.043 0.067 0.031 0.018 0.129 0.015 0.031 0.028 0.028 0.328 0.046
128 Y 0.044 0.047 0.026 0.024 0.009 0.029 0.038 0.029 0.04 0.039 0.061 0.095 0.018 0.1 0.018 0.036 0.03 0.022 0.25 0.043
129 H 0.065 0.037 0.043 0.035 0.013 0.03 0.043 0.043 0.111 0.037 0.053 0.043 0.017 0.051 0.023 0.099 0.098 0.012 0.105 0.045
130 I 0.058 0.021 0.021 0.022 0.056 0.016 0.023 0.029 0.01 0.22 0.136 0.028 0.031 0.038 0.017 0.06 0.046 0.006 0.019 0.142
131 I 0.045 0.024 0.093 0.034 0.014 0.018 0.025 0.031 0.014 0.217 0.132 0.031 0.03 0.037 0.016 0.036 0.042 0.005 0.019 0.137
132 C 0.061 0.023 0.022 0.021 0.254 0.017 0.023 0.032 0.01 0.064 0.144 0.027 0.025 0.029 0.018 0.049 0.091 0.005 0.016 0.069
133 T 0.073 0.034 0.039 0.035 0.015 0.027 0.039 0.044 0.026 0.042 0.058 0.043 0.018 0.058 0.024 0.117 0.122 0.013 0.121 0.052
134 V 0.059 0.02 0.015 0.018 0.018 0.015 0.021 0.023 0.008 0.215 0.145 0.025 0.033 0.039 0.015 0.029 0.045 0.006 0.02 0.232
135 L 0.05 0.023 0.017 0.017 0.015 0.017 0.022 0.023 0.018 0.15 0.187 0.026 0.034 0.065 0.015 0.028 0.037 0.011 0.098 0.149
136 L 0.054 0.025 0.024 0.023 0.017 0.019 0.025 0.028 0.011 0.149 0.205 0.031 0.035 0.04 0.019 0.047 0.11 0.006 0.02 0.113
137 N 0.069 0.063 0.14 0.057 0.012 0.04 0.057 0.057 0.023 0.026 0.038 0.131 0.014 0.018 0.025 0.117 0.056 0.005 0.017 0.033
138 L 0.045 0.022 0.014 0.016 0.016 0.015 0.019 0.021 0.01 0.169 0.311 0.024 0.045 0.051 0.014 0.024 0.035 0.007 0.021 0.121
139 L 0.043 0.077 0.024 0.023 0.012 0.026 0.034 0.028 0.016 0.067 0.18 0.092 0.03 0.155 0.016 0.033 0.032 0.01 0.042 0.06
140 K 0.05 0.078 0.168 0.059 0.009 0.044 0.06 0.052 0.025 0.025 0.038 0.183 0.013 0.016 0.024 0.06 0.043 0.005 0.016 0.03
141 D 0.043 0.065 0.104 0.163 0.011 0.027 0.052 0.04 0.019 0.108 0.076 0.048 0.019 0.025 0.019 0.046 0.039 0.005 0.016 0.075
142 P 0.056 0.032 0.125 0.046 0.013 0.025 0.038 0.044 0.018 0.058 0.058 0.042 0.016 0.021 0.18 0.055 0.067 0.004 0.016 0.089
143 P 0.051 0.058 0.13 0.051 0.009 0.035 0.051 0.048 0.021 0.025 0.036 0.127 0.012 0.015 0.182 0.055 0.041 0.004 0.015 0.03
144 L 0.041 0.02 0.015 0.016 0.014 0.013 0.019 0.022 0.012 0.152 0.221 0.022 0.037 0.164 0.013 0.025 0.032 0.01 0.043 0.108
145 R 0.055 0.206 0.04 0.035 0.011 0.042 0.05 0.038 0.019 0.034 0.052 0.122 0.017 0.019 0.023 0.061 0.109 0.006 0.017 0.044
146 D 0.041 0.03 0.069 0.397 0.008 0.03 0.091 0.047 0.019 0.022 0.028 0.045 0.009 0.015 0.022 0.052 0.035 0.004 0.011 0.024
147 G 0.069 0.054 0.041 0.037 0.012 0.033 0.045 0.201 0.016 0.033 0.045 0.122 0.015 0.018 0.024 0.065 0.108 0.005 0.015 0.042
148 V 0.065 0.053 0.03 0.03 0.015 0.031 0.042 0.035 0.013 0.093 0.086 0.117 0.023 0.026 0.022 0.052 0.092 0.005 0.019 0.15
149 L 0.043 0.025 0.017 0.016 0.014 0.018 0.022 0.022 0.022 0.09 0.278 0.027 0.039 0.079 0.014 0.026 0.031 0.014 0.124 0.079
150 F 0.041 0.027 0.119 0.039 0.012 0.019 0.028 0.037 0.019 0.122 0.103 0.032 0.024 0.152 0.015 0.04 0.038 0.009 0.041 0.085
151 L 0.041 0.02 0.015 0.016 0.014 0.013 0.019 0.022 0.012 0.152 0.221 0.022 0.037 0.164 0.013 0.025 0.032 0.01 0.043 0.108
152 L 0.044 0.02 0.015 0.017 0.015 0.014 0.018 0.021 0.01 0.201 0.232 0.023 0.039 0.086 0.014 0.024 0.036 0.007 0.028 0.135
153 L 0.045 0.022 0.014 0.016 0.016 0.015 0.019 0.021 0.01 0.169 0.311 0.024 0.045 0.051 0.014 0.024 0.035 0.007 0.021 0.121
154 S 0.083 0.033 0.041 0.038 0.015 0.025 0.041 0.052 0.018 0.04 0.065 0.042 0.019 0.145 0.023 0.162 0.062 0.009 0.041 0.046
155 L 0.049 0.023 0.019 0.019 0.015 0.015 0.022 0.026 0.012 0.101 0.201 0.025 0.034 0.16 0.015 0.034 0.059 0.01 0.043 0.119
156 L 0.045 0.022 0.014 0.016 0.016 0.015 0.019 0.021 0.01 0.169 0.311 0.024 0.045 0.051 0.014 0.024 0.035 0.007 0.021 0.121
157 F 0.046 0.021 0.018 0.017 0.17 0.015 0.021 0.027 0.024 0.05 0.081 0.023 0.02 0.181 0.014 0.032 0.03 0.016 0.142 0.052
158 L 0.045 0.02 0.014 0.016 0.016 0.014 0.019 0.021 0.009 0.206 0.263 0.024 0.042 0.048 0.014 0.024 0.036 0.006 0.021 0.139
159 F 0.037 0.02 0.016 0.016 0.012 0.012 0.019 0.024 0.014 0.08 0.203 0.021 0.033 0.281 0.012 0.025 0.028 0.013 0.066 0.068
160 S 0.09 0.04 0.113 0.055 0.015 0.032 0.05 0.063 0.021 0.03 0.042 0.052 0.015 0.02 0.027 0.179 0.093 0.005 0.017 0.041
161 N 0.042 0.044 0.326 0.082 0.009 0.033 0.049 0.064 0.031 0.022 0.031 0.053 0.011 0.018 0.02 0.069 0.049 0.004 0.015 0.027
162 T 0.062 0.038 0.137 0.052 0.015 0.029 0.042 0.05 0.019 0.042 0.053 0.048 0.017 0.022 0.025 0.084 0.187 0.005 0.017 0.056
163 L 0.05 0.023 0.015 0.016 0.017 0.016 0.02 0.022 0.009 0.143 0.303 0.025 0.044 0.049 0.015 0.026 0.037 0.007 0.021 0.145
164 V 0.067 0.021 0.016 0.018 0.019 0.016 0.022 0.024 0.008 0.176 0.133 0.025 0.032 0.036 0.016 0.032 0.048 0.005 0.02 0.267
165 E 0.05 0.043 0.049 0.194 0.007 0.052 0.234 0.038 0.023 0.022 0.033 0.064 0.012 0.016 0.024 0.053 0.036 0.005 0.015 0.029
166 I 0.046 0.017 0.015 0.017 0.016 0.013 0.017 0.02 0.009 0.281 0.166 0.023 0.036 0.044 0.015 0.025 0.039 0.006 0.02 0.174
167 S 0.096 0.038 0.05 0.045 0.017 0.031 0.047 0.058 0.017 0.037 0.049 0.051 0.017 0.022 0.029 0.184 0.139 0.005 0.017 0.051
168 G 0.077 0.023 0.039 0.033 0.011 0.019 0.025 0.517 0.013 0.019 0.028 0.033 0.009 0.016 0.019 0.051 0.029 0.005 0.011 0.024
169 L 0.044 0.024 0.014 0.015 0.016 0.016 0.02 0.021 0.01 0.114 0.384 0.025 0.049 0.054 0.014 0.024 0.033 0.007 0.022 0.095
170 R 0.044 0.354 0.038 0.031 0.008 0.048 0.052 0.032 0.023 0.023 0.046 0.119 0.015 0.017 0.019 0.044 0.034 0.006 0.017 0.031
171 F 0.036 0.022 0.018 0.017 0.01 0.014 0.022 0.025 0.026 0.056 0.098 0.023 0.023 0.306 0.012 0.027 0.026 0.02 0.167 0.052
172 P 0.067 0.032 0.036 0.035 0.015 0.025 0.038 0.04 0.013 0.044 0.055 0.043 0.016 0.02 0.185 0.075 0.183 0.005 0.016 0.057
173 T 0.064 0.029 0.033 0.03 0.017 0.023 0.032 0.035 0.012 0.129 0.098 0.038 0.025 0.03 0.023 0.069 0.184 0.006 0.018 0.105
174 A 0.225 0.028 0.03 0.031 0.018 0.023 0.035 0.224 0.014 0.035 0.048 0.04 0.015 0.02 0.026 0.073 0.043 0.005 0.015 0.053
175 L 0.044 0.024 0.014 0.015 0.016 0.016 0.02 0.021 0.01 0.114 0.384 0.025 0.049 0.054 0.014 0.024 0.033 0.007 0.022 0.095
176 A 0.225 0.028 0.03 0.031 0.018 0.023 0.035 0.224 0.014 0.035 0.048 0.04 0.015 0.02 0.026 0.073 0.043 0.005 0.015 0.053
177 F 0.033 0.019 0.017 0.017 0.01 0.01 0.019 0.025 0.017 0.063 0.113 0.019 0.025 0.395 0.01 0.025 0.025 0.017 0.088 0.054
178 S 0.116 0.034 0.042 0.039 0.017 0.028 0.043 0.057 0.016 0.087 0.071 0.046 0.02 0.026 0.026 0.168 0.068 0.005 0.018 0.074
179 Y 0.065 0.028 0.03 0.028 0.014 0.022 0.032 0.037 0.025 0.118 0.092 0.036 0.023 0.064 0.02 0.095 0.049 0.013 0.121 0.087
180 L 0.044 0.024 0.014 0.015 0.016 0.016 0.02 0.021 0.01 0.114 0.384 0.025 0.049 0.054 0.014 0.024 0.033 0.007 0.022 0.095
181 F 0.033 0.019 0.017 0.017 0.01 0.01 0.019 0.025 0.017 0.063 0.113 0.019 0.025 0.395 0.01 0.025 0.025 0.017 0.088 0.054
182 L 0.046 0.02 0.014 0.017 0.016 0.014 0.018 0.021 0.009 0.225 0.238 0.024 0.041 0.047 0.014 0.024 0.037 0.006 0.021 0.148
183 L 0.042 0.032 0.029 0.024 0.011 0.025 0.033 0.028 0.14 0.06 0.163 0.034 0.028 0.071 0.016 0.032 0.029 0.014 0.135 0.055
184 K 0.068 0.058 0.039 0.036 0.012 0.036 0.05 0.044 0.028 0.033 0.051 0.124 0.016 0.055 0.024 0.105 0.049 0.013 0.12 0.04
185 Y 0.043 0.064 0.089 0.034 0.011 0.024 0.032 0.033 0.028 0.115 0.09 0.043 0.022 0.063 0.017 0.039 0.037 0.013 0.121 0.083
186 F 0.101 0.023 0.02 0.02 0.013 0.016 0.025 0.038 0.021 0.054 0.092 0.027 0.022 0.258 0.016 0.041 0.031 0.016 0.11 0.056
187 K 0.051 0.061 0.028 0.029 0.012 0.033 0.044 0.031 0.015 0.154 0.104 0.156 0.026 0.029 0.021 0.039 0.039 0.005 0.019 0.103
188 V 0.053 0.111 0.027 0.039 0.012 0.035 0.1 0.028 0.016 0.122 0.094 0.06 0.024 0.028 0.019 0.039 0.04 0.006 0.019 0.129
189 K 0.066 0.082 0.041 0.04 0.011 0.044 0.06 0.045 0.019 0.037 0.08 0.206 0.019 0.021 0.026 0.089 0.048 0.005 0.018 0.041
190 R 0.065 0.146 0.139 0.054 0.011 0.038 0.051 0.054 0.024 0.025 0.039 0.075 0.014 0.019 0.023 0.114 0.055 0.005 0.017 0.033
191 K 0.074 0.084 0.045 0.043 0.011 0.046 0.064 0.05 0.02 0.028 0.042 0.21 0.015 0.017 0.028 0.112 0.053 0.005 0.017 0.035
192 K 0.054 0.069 0.032 0.031 0.011 0.037 0.048 0.088 0.016 0.055 0.155 0.172 0.026 0.028 0.022 0.043 0.036 0.006 0.018 0.052
193 I 0.047 0.018 0.015 0.018 0.016 0.013 0.018 0.021 0.009 0.271 0.168 0.024 0.037 0.044 0.015 0.025 0.04 0.006 0.021 0.177
194 K 0.076 0.059 0.043 0.04 0.014 0.036 0.051 0.048 0.017 0.043 0.085 0.126 0.02 0.023 0.026 0.117 0.101 0.005 0.018 0.051
195 I 0.067 0.025 0.027 0.028 0.016 0.02 0.029 0.035 0.012 0.197 0.124 0.033 0.029 0.036 0.019 0.093 0.053 0.006 0.019 0.13
196 Y 0.04 0.028 0.022 0.018 0.009 0.022 0.028 0.025 0.046 0.043 0.068 0.031 0.018 0.129 0.015 0.031 0.028 0.028 0.327 0.046
197 L 0.041 0.02 0.015 0.016 0.014 0.013 0.019 0.022 0.012 0.152 0.221 0.022 0.037 0.164 0.013 0.025 0.032 0.01 0.043 0.108
198 F 0.036 0.022 0.018 0.017 0.01 0.014 0.022 0.025 0.026 0.056 0.098 0.023 0.023 0.306 0.012 0.027 0.026 0.02 0.167 0.052
199 L 0.047 0.026 0.016 0.017 0.016 0.02 0.022 0.023 0.012 0.127 0.296 0.028 0.088 0.051 0.015 0.028 0.036 0.007 0.022 0.103
200 L 0.042 0.023 0.015 0.015 0.015 0.015 0.02 0.022 0.011 0.102 0.323 0.024 0.044 0.13 0.013 0.024 0.031 0.009 0.037 0.086
201 L 0.044 0.023 0.014 0.015 0.016 0.016 0.02 0.021 0.01 0.132 0.359 0.025 0.048 0.053 0.014 0.024 0.034 0.007 0.022 0.104
202 A 0.193 0.036 0.041 0.04 0.019 0.029 0.046 0.071 0.017 0.035 0.049 0.049 0.016 0.021 0.029 0.165 0.067 0.005 0.017 0.053
203 I 0.054 0.019 0.015 0.018 0.017 0.014 0.019 0.022 0.008 0.241 0.153 0.024 0.035 0.041 0.015 0.027 0.042 0.006 0.02 0.209
204 L 0.045 0.022 0.014 0.016 0.016 0.015 0.019 0.021 0.01 0.169 0.311 0.024 0.045 0.051 0.014 0.024 0.035 0.007 0.021 0.121
205 S 0.108 0.04 0.053 0.048 0.017 0.033 0.052 0.065 0.019 0.029 0.041 0.053 0.015 0.021 0.029 0.23 0.081 0.005 0.017 0.041
206 H 0.041 0.045 0.053 0.038 0.008 0.038 0.053 0.038 0.363 0.023 0.038 0.045 0.015 0.03 0.019 0.041 0.026 0.008 0.057 0.023
207 F 0.033 0.019 0.017 0.017 0.01 0.01 0.019 0.025 0.017 0.063 0.113 0.019 0.025 0.395 0.01 0.025 0.025 0.017 0.088 0.054
208 S 0.108 0.04 0.053 0.048 0.017 0.033 0.052 0.065 0.019 0.029 0.041 0.053 0.015 0.021 0.029 0.23 0.081 0.005 0.017 0.041
209 L 0.049 0.021 0.016 0.016 0.015 0.014 0.021 0.023 0.012 0.113 0.208 0.023 0.035 0.161 0.014 0.027 0.036 0.01 0.043 0.143
210 I 0.046 0.017 0.015 0.017 0.016 0.013 0.017 0.02 0.009 0.281 0.166 0.023 0.036 0.044 0.015 0.025 0.039 0.006 0.02 0.174
211 I 0.046 0.017 0.015 0.017 0.016 0.013 0.017 0.02 0.009 0.281 0.166 0.023 0.036 0.044 0.015 0.025 0.039 0.006 0.02 0.174
212 L 0.045 0.022 0.014 0.016 0.016 0.015 0.019 0.021 0.01 0.169 0.311 0.024 0.045 0.051 0.014 0.024 0.035 0.007 0.021 0.121
213 P 0.052 0.025 0.02 0.025 0.012 0.019 0.03 0.031 0.012 0.055 0.152 0.035 0.023 0.026 0.338 0.037 0.035 0.004 0.016 0.052
214 I 0.052 0.021 0.018 0.022 0.014 0.016 0.024 0.026 0.01 0.182 0.118 0.029 0.027 0.032 0.177 0.032 0.039 0.005 0.018 0.138
215 L 0.062 0.027 0.024 0.023 0.017 0.02 0.027 0.029 0.011 0.11 0.192 0.032 0.033 0.038 0.019 0.049 0.113 0.006 0.02 0.148
216 I 0.044 0.021 0.017 0.018 0.014 0.016 0.021 0.022 0.021 0.201 0.133 0.026 0.03 0.072 0.015 0.027 0.035 0.013 0.122 0.132
217 L 0.045 0.022 0.014 0.016 0.016 0.015 0.019 0.021 0.01 0.169 0.311 0.024 0.045 0.051 0.014 0.024 0.035 0.007 0.021 0.121
218 L 0.048 0.022 0.014 0.016 0.016 0.015 0.019 0.021 0.009 0.175 0.283 0.024 0.043 0.048 0.014 0.025 0.037 0.006 0.021 0.142
219 Y 0.041 0.026 0.019 0.017 0.011 0.02 0.025 0.023 0.034 0.067 0.173 0.029 0.029 0.104 0.015 0.029 0.029 0.021 0.225 0.062
220 K 0.052 0.188 0.04 0.038 0.008 0.051 0.064 0.039 0.021 0.026 0.044 0.231 0.015 0.016 0.025 0.05 0.038 0.005 0.017 0.032
221 L 0.044 0.024 0.014 0.015 0.016 0.016 0.02 0.021 0.01 0.114 0.384 0.025 0.049 0.054 0.014 0.024 0.033 0.007 0.022 0.095
222 L 0.062 0.027 0.028 0.027 0.015 0.02 0.03 0.037 0.015 0.069 0.179 0.032 0.03 0.157 0.018 0.093 0.046 0.01 0.042 0.064
223 Y 0.041 0.028 0.022 0.019 0.011 0.021 0.028 0.025 0.069 0.064 0.17 0.03 0.028 0.093 0.015 0.03 0.029 0.019 0.195 0.06
224 K 0.052 0.085 0.136 0.055 0.009 0.046 0.063 0.05 0.024 0.026 0.039 0.209 0.014 0.016 0.025 0.058 0.042 0.005 0.017 0.03
225 L 0.046 0.027 0.016 0.017 0.016 0.02 0.023 0.023 0.012 0.109 0.321 0.029 0.09 0.052 0.015 0.028 0.035 0.007 0.023 0.094
226 F 0.038 0.018 0.016 0.017 0.012 0.011 0.018 0.023 0.014 0.135 0.13 0.02 0.029 0.278 0.012 0.025 0.03 0.013 0.065 0.094
227 N 0.039 0.036 0.223 0.06 0.009 0.026 0.039 0.051 0.026 0.036 0.058 0.042 0.016 0.143 0.017 0.054 0.041 0.009 0.04 0.036
228 G 0.075 0.031 0.053 0.162 0.012 0.027 0.056 0.209 0.017 0.023 0.032 0.044 0.011 0.017 0.023 0.111 0.048 0.005 0.013 0.03
229 K 0.052 0.188 0.04 0.038 0.008 0.051 0.064 0.039 0.021 0.026 0.044 0.231 0.015 0.016 0.025 0.05 0.038 0.005 0.017 0.032
230 L 0.048 0.064 0.028 0.028 0.011 0.034 0.045 0.033 0.016 0.062 0.168 0.155 0.028 0.091 0.02 0.039 0.035 0.008 0.031 0.057
231 N 0.042 0.033 0.188 0.053 0.063 0.023 0.035 0.048 0.024 0.038 0.062 0.038 0.016 0.144 0.016 0.051 0.039 0.008 0.039 0.039
232 G 0.141 0.032 0.042 0.039 0.016 0.026 0.04 0.218 0.016 0.029 0.041 0.045 0.014 0.019 0.026 0.138 0.057 0.005 0.015 0.041
233 I 0.046 0.017 0.015 0.017 0.016 0.013 0.017 0.02 0.009 0.281 0.166 0.023 0.036 0.044 0.015 0.025 0.039 0.006 0.02 0.174
234 V 0.05 0.019 0.016 0.017 0.015 0.013 0.02 0.023 0.011 0.169 0.136 0.023 0.031 0.158 0.014 0.027 0.038 0.009 0.043 0.169
235 L 0.046 0.025 0.015 0.016 0.016 0.018 0.021 0.022 0.011 0.129 0.317 0.027 0.075 0.051 0.014 0.027 0.035 0.007 0.022 0.103
236 L 0.053 0.022 0.015 0.016 0.017 0.015 0.02 0.022 0.009 0.167 0.25 0.025 0.04 0.045 0.015 0.027 0.04 0.006 0.021 0.174
237 F 0.039 0.019 0.016 0.017 0.013 0.012 0.018 0.023 0.013 0.141 0.16 0.021 0.031 0.24 0.012 0.025 0.031 0.012 0.058 0.099
238 T 0.059 0.03 0.034 0.03 0.015 0.022 0.032 0.037 0.015 0.056 0.08 0.036 0.021 0.147 0.022 0.069 0.179 0.009 0.041 0.065
239 C 0.082 0.03 0.037 0.034 0.175 0.024 0.036 0.047 0.014 0.042 0.057 0.039 0.017 0.021 0.024 0.121 0.124 0.005 0.016 0.056
240 L 0.052 0.023 0.015 0.016 0.017 0.016 0.021 0.022 0.009 0.13 0.299 0.025 0.043 0.048 0.015 0.027 0.038 0.006 0.021 0.156
241 L 0.045 0.022 0.014 0.016 0.016 0.015 0.019 0.021 0.01 0.169 0.311 0.024 0.045 0.051 0.014 0.024 0.035 0.007 0.021 0.121
242 L 0.138 0.03 0.027 0.027 0.018 0.023 0.033 0.047 0.013 0.07 0.169 0.038 0.029 0.033 0.024 0.066 0.113 0.006 0.019 0.078
243 G 0.077 0.023 0.039 0.033 0.011 0.019 0.025 0.517 0.013 0.019 0.028 0.033 0.009 0.016 0.019 0.051 0.029 0.005 0.011 0.024
244 L 0.044 0.024 0.014 0.015 0.016 0.016 0.02 0.021 0.01 0.114 0.384 0.025 0.049 0.054 0.014 0.024 0.033 0.007 0.022 0.095
245 F 0.036 0.022 0.018 0.017 0.01 0.014 0.022 0.025 0.026 0.056 0.098 0.023 0.023 0.306 0.012 0.027 0.026 0.02 0.167 0.052
246 F 0.037 0.02 0.016 0.016 0.012 0.012 0.019 0.024 0.014 0.08 0.203 0.021 0.033 0.281 0.012 0.025 0.028 0.013 0.066 0.068
247 I 0.054 0.019 0.015 0.018 0.017 0.014 0.019 0.022 0.008 0.241 0.153 0.024 0.035 0.041 0.015 0.027 0.042 0.006 0.02 0.209
248 E 0.051 0.055 0.136 0.072 0.008 0.107 0.152 0.047 0.029 0.023 0.038 0.073 0.015 0.016 0.023 0.059 0.042 0.005 0.017 0.031
249 P 0.057 0.028 0.041 0.157 0.01 0.025 0.056 0.042 0.015 0.025 0.034 0.043 0.01 0.014 0.288 0.067 0.04 0.003 0.013 0.03
250 L 0.048 0.02 0.015 0.017 0.016 0.014 0.019 0.021 0.009 0.212 0.234 0.024 0.04 0.046 0.015 0.025 0.038 0.006 0.021 0.159
251 V 0.063 0.025 0.025 0.024 0.017 0.019 0.026 0.029 0.01 0.165 0.12 0.031 0.029 0.034 0.019 0.05 0.115 0.006 0.019 0.174
252 A 0.154 0.04 0.04 0.056 0.015 0.041 0.132 0.059 0.02 0.031 0.045 0.057 0.015 0.019 0.028 0.123 0.055 0.005 0.017 0.047
253 F 0.126 0.022 0.019 0.021 0.016 0.016 0.025 0.041 0.013 0.129 0.112 0.029 0.026 0.153 0.018 0.045 0.038 0.009 0.042 0.099
254 L 0.108 0.027 0.021 0.022 0.017 0.02 0.028 0.038 0.012 0.089 0.273 0.032 0.038 0.043 0.019 0.06 0.042 0.006 0.02 0.083
255 I 0.051 0.019 0.015 0.017 0.017 0.014 0.019 0.021 0.009 0.236 0.182 0.024 0.037 0.043 0.015 0.026 0.041 0.006 0.021 0.189
256 L 0.045 0.02 0.014 0.016 0.016 0.014 0.019 0.021 0.009 0.206 0.263 0.024 0.042 0.048 0.014 0.024 0.036 0.006 0.021 0.139
257 G 0.058 0.032 0.128 0.045 0.013 0.024 0.034 0.151 0.019 0.053 0.149 0.039 0.024 0.03 0.019 0.068 0.043 0.006 0.017 0.05
258 V 0.059 0.02 0.015 0.018 0.018 0.015 0.021 0.023 0.008 0.215 0.145 0.025 0.033 0.039 0.015 0.029 0.045 0.006 0.02 0.232
259 E 0.055 0.057 0.041 0.075 0.008 0.117 0.238 0.037 0.027 0.023 0.04 0.08 0.015 0.016 0.025 0.055 0.038 0.006 0.018 0.032
260 D 0.05 0.058 0.05 0.179 0.008 0.068 0.159 0.041 0.022 0.024 0.036 0.113 0.013 0.015 0.024 0.053 0.037 0.005 0.015 0.029
261 L 0.04 0.021 0.015 0.016 0.013 0.014 0.02 0.024 0.011 0.16 0.176 0.023 0.032 0.051 0.012 0.024 0.032 0.171 0.036 0.109
262 F 0.071 0.031 0.038 0.034 0.015 0.023 0.036 0.044 0.016 0.048 0.073 0.039 0.02 0.146 0.022 0.116 0.121 0.009 0.041 0.055
263 G 0.066 0.03 0.134 0.05 0.01 0.024 0.033 0.366 0.019 0.02 0.029 0.04 0.01 0.017 0.019 0.057 0.036 0.005 0.012 0.025
264 L 0.048 0.02 0.015 0.017 0.016 0.014 0.019 0.021 0.009 0.212 0.234 0.024 0.04 0.046 0.015 0.025 0.038 0.006 0.021 0.159
265 Y 0.04 0.028 0.022 0.018 0.009 0.022 0.028 0.025 0.046 0.043 0.068 0.031 0.018 0.129 0.015 0.031 0.028 0.028 0.327 0.046
266 I 0.046 0.017 0.015 0.017 0.016 0.013 0.017 0.02 0.009 0.281 0.166 0.023 0.036 0.044 0.015 0.025 0.039 0.006 0.02 0.174
267 G 0.077 0.023 0.039 0.033 0.011 0.019 0.025 0.517 0.013 0.019 0.028 0.033 0.009 0.016 0.019 0.051 0.029 0.005 0.011 0.024
268 A 0.299 0.031 0.025 0.029 0.021 0.025 0.04 0.077 0.015 0.043 0.059 0.044 0.017 0.021 0.029 0.084 0.049 0.005 0.017 0.068
269 E 0.055 0.063 0.04 0.077 0.008 0.061 0.248 0.037 0.024 0.023 0.038 0.128 0.013 0.016 0.026 0.054 0.037 0.005 0.017 0.031
270 A 0.124 0.034 0.031 0.043 0.016 0.033 0.102 0.045 0.015 0.07 0.072 0.047 0.02 0.024 0.025 0.065 0.098 0.005 0.018 0.112
271 Y 0.044 0.047 0.026 0.024 0.009 0.029 0.038 0.029 0.04 0.039 0.061 0.095 0.018 0.1 0.018 0.036 0.03 0.022 0.25 0.043
272 T 0.072 0.035 0.043 0.037 0.018 0.027 0.039 0.043 0.014 0.053 0.064 0.045 0.019 0.023 0.027 0.091 0.256 0.006 0.018 0.07
273 N 0.074 0.04 0.141 0.056 0.015 0.031 0.046 0.058 0.021 0.035 0.046 0.05 0.015 0.021 0.025 0.13 0.129 0.005 0.017 0.046
274 G 0.077 0.023 0.039 0.033 0.011 0.019 0.025 0.517 0.013 0.019 0.028 0.033 0.009 0.016 0.019 0.051 0.029 0.005 0.011 0.024
275 L 0.133 0.035 0.026 0.044 0.015 0.035 0.122 0.044 0.017 0.059 0.16 0.048 0.026 0.031 0.023 0.054 0.04 0.006 0.019 0.065
276 W 0.03 0.022 0.015 0.015 0.008 0.015 0.022 0.03 0.015 0.03 0.052 0.022 0.015 0.06 0.008 0.022 0.022 0.499 0.067 0.03
277 G 0.077 0.023 0.039 0.033 0.011 0.019 0.025 0.517 0.013 0.019 0.028 0.033 0.009 0.016 0.019 0.051 0.029 0.005 0.011 0.024
278 A 0.159 0.031 0.032 0.032 0.019 0.025 0.038 0.056 0.014 0.078 0.076 0.041 0.021 0.026 0.025 0.116 0.06 0.005 0.018 0.129
279 D 0.041 0.034 0.154 0.298 0.008 0.031 0.076 0.052 0.023 0.022 0.029 0.047 0.01 0.016 0.021 0.057 0.04 0.004 0.013 0.025
280 R 0.044 0.354 0.038 0.031 0.008 0.048 0.052 0.032 0.023 0.023 0.046 0.119 0.015 0.017 0.019 0.044 0.034 0.006 0.017 0.031
281 L 0.052 0.023 0.015 0.016 0.017 0.016 0.021 0.022 0.009 0.13 0.299 0.025 0.043 0.048 0.015 0.027 0.038 0.006 0.021 0.156
282 T 0.062 0.033 0.051 0.16 0.014 0.028 0.056 0.044 0.015 0.042 0.052 0.045 0.016 0.02 0.026 0.078 0.183 0.005 0.015 0.055
283 L 0.045 0.022 0.014 0.016 0.016 0.015 0.019 0.021 0.01 0.169 0.311 0.024 0.045 0.051 0.014 0.024 0.035 0.007 0.021 0.121
284 Q 0.051 0.063 0.047 0.044 0.008 0.163 0.085 0.04 0.141 0.025 0.044 0.075 0.019 0.02 0.022 0.051 0.036 0.006 0.032 0.031
285 G 0.07 0.05 0.039 0.036 0.01 0.03 0.04 0.359 0.016 0.022 0.033 0.118 0.011 0.016 0.022 0.051 0.033 0.005 0.013 0.027
286 Y 0.038 0.025 0.02 0.018 0.01 0.018 0.025 0.025 0.036 0.05 0.083 0.027 0.021 0.218 0.014 0.029 0.027 0.024 0.247 0.049
287 N 0.064 0.043 0.235 0.071 0.012 0.033 0.05 0.065 0.027 0.025 0.035 0.053 0.013 0.019 0.023 0.123 0.059 0.005 0.016 0.032
288 S 0.091 0.051 0.05 0.048 0.014 0.097 0.068 0.057 0.022 0.028 0.043 0.066 0.017 0.019 0.027 0.172 0.068 0.005 0.018 0.039
289 T 0.062 0.038 0.137 0.052 0.015 0.029 0.042 0.05 0.019 0.042 0.053 0.048 0.017 0.022 0.025 0.084 0.187 0.005 0.017 0.056
290 G 0.077 0.023 0.039 0.033 0.011 0.019 0.025 0.517 0.013 0.019 0.028 0.033 0.009 0.016 0.019 0.051 0.029 0.005 0.011 0.024
291 V 0.05 0.019 0.016 0.017 0.015 0.013 0.02 0.023 0.011 0.169 0.136 0.023 0.031 0.158 0.014 0.027 0.038 0.009 0.043 0.169
292 L 0.042 0.023 0.016 0.017 0.014 0.016 0.021 0.024 0.013 0.112 0.227 0.025 0.067 0.165 0.013 0.027 0.033 0.01 0.044 0.089
293 V 0.057 0.021 0.016 0.017 0.016 0.014 0.022 0.025 0.011 0.129 0.123 0.023 0.029 0.155 0.014 0.03 0.041 0.009 0.043 0.204
294 E 0.054 0.049 0.04 0.089 0.007 0.064 0.306 0.035 0.025 0.022 0.036 0.075 0.013 0.016 0.025 0.054 0.036 0.005 0.016 0.031
295 K 0.053 0.092 0.104 0.05 0.009 0.048 0.065 0.047 0.023 0.026 0.04 0.236 0.014 0.016 0.026 0.056 0.041 0.005 0.017 0.031
296 F 0.063 0.025 0.028 0.027 0.015 0.019 0.029 0.037 0.015 0.124 0.107 0.032 0.026 0.153 0.018 0.093 0.048 0.009 0.042 0.09
297 K 0.052 0.085 0.136 0.055 0.009 0.046 0.063 0.05 0.024 0.026 0.039 0.209 0.014 0.016 0.025 0.058 0.042 0.005 0.017 0.03
298 L 0.044 0.024 0.014 0.015 0.016 0.016 0.02 0.021 0.01 0.114 0.384 0.025 0.049 0.054 0.014 0.024 0.033 0.007 0.022 0.095
299 Y 0.05 0.029 0.027 0.03 0.009 0.026 0.058 0.135 0.037 0.035 0.055 0.036 0.016 0.091 0.017 0.038 0.029 0.02 0.222 0.039
300 I 0.044 0.021 0.017 0.018 0.014 0.016 0.021 0.022 0.021 0.201 0.133 0.026 0.03 0.072 0.015 0.027 0.035 0.013 0.122 0.132
301 N 0.074 0.04 0.141 0.056 0.015 0.031 0.046 0.058 0.021 0.035 0.046 0.05 0.015 0.021 0.025 0.13 0.129 0.005 0.017 0.046
302 I 0.046 0.017 0.015 0.017 0.016 0.013 0.017 0.02 0.009 0.281 0.166 0.023 0.036 0.044 0.015 0.025 0.039 0.006 0.02 0.174
303 L 0.043 0.022 0.015 0.016 0.014 0.014 0.02 0.023 0.012 0.102 0.265 0.023 0.039 0.166 0.013 0.025 0.032 0.01 0.044 0.102
304 I 0.054 0.019 0.015 0.018 0.017 0.014 0.019 0.022 0.008 0.241 0.153 0.024 0.035 0.041 0.015 0.027 0.042 0.006 0.02 0.209
305 P 0.078 0.029 0.031 0.032 0.015 0.023 0.037 0.042 0.013 0.072 0.069 0.04 0.019 0.023 0.182 0.102 0.055 0.004 0.017 0.117
306 L 0.047 0.023 0.016 0.017 0.015 0.016 0.021 0.024 0.012 0.106 0.216 0.024 0.051 0.163 0.014 0.028 0.035 0.01 0.044 0.122
307 I 0.055 0.023 0.024 0.024 0.017 0.018 0.025 0.028 0.01 0.205 0.132 0.03 0.031 0.037 0.019 0.047 0.112 0.006 0.019 0.14
308 L 0.046 0.02 0.014 0.017 0.016 0.014 0.018 0.021 0.009 0.225 0.238 0.024 0.041 0.047 0.014 0.024 0.037 0.006 0.021 0.148
309 S 0.108 0.04 0.053 0.048 0.017 0.033 0.052 0.065 0.019 0.029 0.041 0.053 0.015 0.021 0.029 0.23 0.081 0.005 0.017 0.041
310 I 0.046 0.017 0.015 0.017 0.016 0.013 0.017 0.02 0.009 0.281 0.166 0.023 0.036 0.044 0.015 0.025 0.039 0.006 0.02 0.174
311 L 0.05 0.026 0.025 0.023 0.015 0.018 0.026 0.03 0.013 0.076 0.187 0.03 0.031 0.157 0.017 0.047 0.105 0.01 0.042 0.073
312 F 0.037 0.02 0.016 0.016 0.012 0.012 0.019 0.024 0.014 0.08 0.203 0.021 0.033 0.281 0.012 0.025 0.028 0.013 0.066 0.068
313 I 0.067 0.025 0.027 0.028 0.016 0.02 0.029 0.035 0.012 0.197 0.124 0.033 0.029 0.036 0.019 0.093 0.053 0.006 0.019 0.13
314 L 0.049 0.021 0.016 0.016 0.015 0.014 0.021 0.023 0.012 0.113 0.208 0.023 0.035 0.161 0.014 0.027 0.036 0.01 0.043 0.143
315 S 0.086 0.04 0.116 0.095 0.014 0.033 0.055 0.063 0.022 0.027 0.038 0.052 0.014 0.019 0.026 0.174 0.069 0.005 0.016 0.036
316 K 0.051 0.106 0.032 0.031 0.011 0.04 0.051 0.034 0.017 0.056 0.157 0.181 0.027 0.028 0.022 0.042 0.037 0.006 0.019 0.053
317 P 0.05 0.035 0.044 0.175 0.008 0.038 0.144 0.039 0.019 0.023 0.033 0.053 0.011 0.015 0.183 0.05 0.036 0.004 0.013 0.028
318 N 0.041 0.036 0.173 0.05 0.009 0.027 0.038 0.045 0.039 0.033 0.049 0.042 0.015 0.074 0.018 0.05 0.038 0.016 0.171 0.036
319 G 0.062 0.024 0.025 0.023 0.013 0.019 0.025 0.188 0.023 0.075 0.075 0.03 0.02 0.06 0.017 0.038 0.035 0.013 0.119 0.116
320 K 0.051 0.106 0.032 0.031 0.011 0.04 0.051 0.034 0.017 0.056 0.157 0.181 0.027 0.028 0.022 0.042 0.037 0.006 0.019 0.053
