#Seq2Logo.py -f /work3/idamei/wzy_ssn/run/1e-50/run/150/MSAs/0006_179.afa -o /work3/idamei/wzy_ssn/run/1e-50/run/150/logos/0006_179.logo
#Position Specific Frequency Matrix
A R N D C Q E G H I L K M F P S T W Y V
0 L 0.052 0.032 0.02 0.02 0.016 0.028 0.028 0.028 0.016 0.099 0.194 0.036 0.172 0.048 0.016 0.036 0.04 0.008 0.024 0.091
1 N 0.047 0.076 0.129 0.064 0.01 0.041 0.128 0.041 0.024 0.043 0.113 0.061 0.021 0.025 0.02 0.051 0.04 0.005 0.017 0.044
2 R 0.045 0.343 0.039 0.031 0.008 0.049 0.052 0.033 0.023 0.023 0.047 0.121 0.016 0.017 0.019 0.045 0.035 0.006 0.017 0.031
3 L 0.045 0.024 0.014 0.015 0.016 0.016 0.02 0.021 0.01 0.116 0.373 0.025 0.05 0.055 0.014 0.024 0.034 0.007 0.022 0.097
4 S 0.11 0.04 0.054 0.049 0.018 0.033 0.053 0.067 0.019 0.03 0.042 0.054 0.016 0.021 0.03 0.217 0.082 0.005 0.018 0.042
5 Q 0.056 0.074 0.044 0.047 0.009 0.212 0.103 0.041 0.029 0.027 0.047 0.092 0.021 0.015 0.024 0.056 0.041 0.006 0.021 0.035
6 R 0.045 0.343 0.039 0.031 0.008 0.049 0.052 0.033 0.023 0.023 0.047 0.121 0.016 0.017 0.019 0.045 0.035 0.006 0.017 0.031
7 S 0.11 0.04 0.054 0.049 0.018 0.033 0.053 0.067 0.019 0.03 0.042 0.054 0.016 0.021 0.03 0.217 0.082 0.005 0.018 0.042
8 R 0.045 0.343 0.039 0.031 0.008 0.049 0.052 0.033 0.023 0.023 0.047 0.121 0.016 0.017 0.019 0.045 0.035 0.006 0.017 0.031
9 L 0.045 0.024 0.014 0.015 0.016 0.016 0.02 0.021 0.01 0.116 0.373 0.025 0.05 0.055 0.014 0.024 0.034 0.007 0.022 0.097
10 I 0.047 0.018 0.015 0.018 0.016 0.013 0.018 0.021 0.009 0.269 0.168 0.024 0.037 0.044 0.015 0.025 0.04 0.006 0.021 0.177
11 T 0.073 0.036 0.044 0.038 0.018 0.028 0.04 0.044 0.014 0.053 0.065 0.046 0.02 0.024 0.028 0.093 0.244 0.006 0.018 0.071
12 L 0.039 0.022 0.016 0.016 0.013 0.013 0.02 0.023 0.013 0.089 0.245 0.022 0.037 0.221 0.012 0.025 0.029 0.012 0.055 0.075
13 F 0.043 0.026 0.018 0.018 0.013 0.019 0.024 0.027 0.016 0.082 0.155 0.028 0.094 0.218 0.013 0.031 0.033 0.012 0.056 0.074
14 L 0.046 0.021 0.014 0.016 0.016 0.015 0.019 0.021 0.009 0.194 0.272 0.024 0.043 0.049 0.014 0.025 0.037 0.006 0.021 0.136
15 F 0.04 0.018 0.016 0.017 0.013 0.012 0.018 0.023 0.013 0.168 0.141 0.021 0.031 0.216 0.013 0.025 0.033 0.011 0.055 0.116
16 S 0.11 0.04 0.054 0.049 0.017 0.033 0.052 0.066 0.019 0.03 0.042 0.054 0.016 0.021 0.03 0.221 0.082 0.005 0.017 0.042
17 L 0.057 0.023 0.015 0.016 0.018 0.016 0.022 0.023 0.009 0.14 0.253 0.026 0.041 0.045 0.015 0.029 0.041 0.006 0.021 0.183
18 W 0.03 0.023 0.015 0.015 0.008 0.015 0.023 0.03 0.015 0.03 0.053 0.023 0.015 0.06 0.008 0.023 0.023 0.493 0.068 0.03
19 I 0.047 0.018 0.015 0.018 0.016 0.013 0.018 0.021 0.009 0.272 0.168 0.024 0.037 0.044 0.015 0.025 0.04 0.006 0.021 0.176
20 L 0.046 0.021 0.014 0.016 0.016 0.015 0.019 0.021 0.009 0.194 0.272 0.024 0.043 0.049 0.014 0.025 0.037 0.006 0.021 0.136
21 L 0.046 0.021 0.014 0.016 0.016 0.015 0.019 0.021 0.009 0.194 0.272 0.024 0.043 0.049 0.014 0.025 0.037 0.006 0.021 0.136
22 G 0.076 0.029 0.041 0.036 0.014 0.023 0.032 0.277 0.014 0.036 0.047 0.039 0.015 0.02 0.023 0.072 0.139 0.006 0.014 0.048
23 V 0.058 0.02 0.016 0.018 0.018 0.015 0.02 0.023 0.008 0.218 0.149 0.025 0.034 0.04 0.016 0.029 0.045 0.006 0.021 0.223
24 L 0.156 0.03 0.028 0.029 0.018 0.024 0.035 0.053 0.014 0.066 0.176 0.039 0.029 0.033 0.024 0.098 0.051 0.006 0.019 0.072
25 L 0.043 0.025 0.017 0.016 0.013 0.018 0.023 0.022 0.024 0.087 0.265 0.027 0.038 0.082 0.015 0.027 0.031 0.015 0.136 0.077
26 Y 0.04 0.028 0.022 0.018 0.009 0.022 0.028 0.025 0.046 0.043 0.068 0.031 0.018 0.129 0.015 0.031 0.028 0.028 0.326 0.046
27 R 0.075 0.156 0.045 0.039 0.014 0.037 0.049 0.047 0.019 0.033 0.049 0.076 0.016 0.02 0.025 0.125 0.107 0.006 0.017 0.045
28 G 0.064 0.031 0.146 0.052 0.01 0.024 0.034 0.347 0.02 0.02 0.029 0.041 0.01 0.017 0.019 0.058 0.037 0.005 0.012 0.025
29 L 0.046 0.032 0.094 0.034 0.014 0.025 0.03 0.034 0.017 0.086 0.224 0.036 0.085 0.043 0.016 0.04 0.039 0.007 0.021 0.077
30 N 0.051 0.039 0.253 0.07 0.009 0.03 0.043 0.177 0.027 0.021 0.03 0.048 0.011 0.017 0.02 0.064 0.044 0.005 0.014 0.026
31 L 0.06 0.023 0.015 0.017 0.018 0.016 0.022 0.023 0.009 0.144 0.224 0.026 0.038 0.042 0.015 0.029 0.043 0.006 0.021 0.209
32 T 0.061 0.039 0.149 0.054 0.014 0.03 0.043 0.051 0.02 0.041 0.052 0.048 0.016 0.021 0.025 0.083 0.178 0.005 0.017 0.054
33 L 0.049 0.025 0.018 0.021 0.014 0.018 0.026 0.027 0.011 0.079 0.243 0.031 0.034 0.038 0.208 0.032 0.034 0.005 0.018 0.069
34 L 0.046 0.021 0.016 0.016 0.015 0.014 0.02 0.023 0.012 0.107 0.218 0.023 0.036 0.177 0.013 0.027 0.034 0.01 0.046 0.125
35 I 0.047 0.017 0.015 0.017 0.016 0.013 0.017 0.02 0.009 0.279 0.166 0.023 0.036 0.044 0.015 0.025 0.039 0.006 0.02 0.175
36 L 0.06 0.023 0.015 0.017 0.018 0.016 0.022 0.023 0.009 0.144 0.224 0.026 0.038 0.042 0.015 0.029 0.043 0.006 0.021 0.209
37 L 0.049 0.023 0.018 0.021 0.014 0.017 0.025 0.026 0.011 0.122 0.198 0.031 0.031 0.036 0.196 0.031 0.036 0.005 0.018 0.091
38 L 0.048 0.024 0.016 0.018 0.016 0.019 0.022 0.023 0.012 0.171 0.231 0.028 0.09 0.048 0.015 0.029 0.038 0.007 0.022 0.124
39 F 0.062 0.027 0.03 0.029 0.013 0.019 0.031 0.04 0.018 0.05 0.086 0.032 0.022 0.254 0.018 0.102 0.046 0.012 0.061 0.05
40 V 0.075 0.028 0.03 0.029 0.016 0.021 0.033 0.04 0.014 0.088 0.092 0.034 0.024 0.119 0.02 0.104 0.055 0.008 0.036 0.133
41 L 0.045 0.022 0.014 0.016 0.016 0.015 0.019 0.021 0.01 0.176 0.301 0.024 0.044 0.05 0.014 0.024 0.035 0.007 0.021 0.125
42 V 0.079 0.026 0.026 0.025 0.019 0.02 0.03 0.035 0.011 0.129 0.107 0.033 0.027 0.032 0.02 0.082 0.057 0.005 0.02 0.218
43 A 0.203 0.028 0.021 0.024 0.019 0.022 0.033 0.056 0.013 0.069 0.18 0.037 0.029 0.034 0.024 0.062 0.043 0.006 0.019 0.078
44 L 0.041 0.02 0.015 0.017 0.014 0.013 0.019 0.022 0.012 0.157 0.2 0.022 0.035 0.178 0.013 0.025 0.032 0.01 0.046 0.11
45 P 0.047 0.033 0.034 0.03 0.009 0.027 0.04 0.034 0.152 0.029 0.045 0.04 0.014 0.048 0.198 0.04 0.03 0.011 0.107 0.032
46 S 0.084 0.157 0.048 0.042 0.014 0.038 0.052 0.053 0.02 0.027 0.043 0.078 0.015 0.019 0.026 0.16 0.064 0.005 0.017 0.037
47 L 0.045 0.022 0.014 0.016 0.016 0.015 0.019 0.021 0.01 0.176 0.301 0.024 0.044 0.05 0.014 0.024 0.035 0.007 0.021 0.125
48 Y 0.038 0.024 0.02 0.018 0.01 0.017 0.024 0.025 0.035 0.05 0.085 0.026 0.021 0.229 0.014 0.029 0.027 0.024 0.236 0.049
49 S 0.092 0.118 0.05 0.044 0.015 0.037 0.052 0.057 0.02 0.028 0.043 0.07 0.015 0.02 0.027 0.183 0.069 0.005 0.017 0.039
50 K 0.076 0.081 0.046 0.044 0.012 0.045 0.063 0.051 0.02 0.028 0.042 0.199 0.015 0.017 0.028 0.119 0.055 0.005 0.017 0.036
51 G 0.077 0.058 0.043 0.04 0.012 0.035 0.049 0.226 0.017 0.025 0.037 0.133 0.013 0.017 0.025 0.096 0.046 0.005 0.015 0.032
52 K 0.052 0.075 0.031 0.031 0.011 0.039 0.051 0.035 0.017 0.06 0.17 0.188 0.028 0.03 0.022 0.042 0.037 0.006 0.019 0.056
53 V 0.07 0.022 0.017 0.018 0.019 0.017 0.023 0.025 0.008 0.165 0.131 0.026 0.032 0.036 0.017 0.033 0.05 0.006 0.021 0.266
54 L 0.041 0.02 0.015 0.017 0.014 0.013 0.019 0.022 0.012 0.157 0.2 0.022 0.035 0.178 0.013 0.025 0.032 0.01 0.046 0.11
55 I 0.065 0.044 0.035 0.036 0.014 0.097 0.058 0.039 0.019 0.122 0.09 0.056 0.025 0.027 0.021 0.087 0.05 0.006 0.02 0.089
56 I 0.047 0.017 0.015 0.017 0.016 0.013 0.017 0.02 0.009 0.279 0.166 0.023 0.036 0.044 0.015 0.025 0.039 0.006 0.02 0.175
57 N 0.042 0.039 0.229 0.203 0.008 0.032 0.064 0.058 0.026 0.022 0.03 0.05 0.01 0.017 0.021 0.062 0.044 0.004 0.014 0.026
58 K 0.053 0.085 0.034 0.035 0.01 0.044 0.057 0.037 0.018 0.049 0.128 0.221 0.024 0.025 0.024 0.046 0.038 0.006 0.018 0.048
59 K 0.053 0.09 0.112 0.051 0.009 0.048 0.065 0.048 0.023 0.026 0.04 0.228 0.014 0.016 0.025 0.057 0.042 0.005 0.017 0.031
60 T 0.076 0.033 0.04 0.036 0.016 0.025 0.039 0.047 0.016 0.046 0.068 0.042 0.019 0.115 0.024 0.126 0.132 0.008 0.035 0.055
61 L 0.041 0.02 0.015 0.017 0.014 0.013 0.019 0.022 0.012 0.157 0.2 0.022 0.035 0.178 0.013 0.025 0.032 0.01 0.046 0.11
62 F 0.037 0.021 0.016 0.016 0.013 0.013 0.019 0.024 0.014 0.082 0.214 0.021 0.034 0.267 0.012 0.025 0.028 0.013 0.063 0.07
63 I 0.055 0.019 0.015 0.018 0.017 0.014 0.02 0.022 0.008 0.236 0.152 0.024 0.034 0.041 0.015 0.028 0.043 0.006 0.02 0.213
64 Y 0.051 0.025 0.02 0.018 0.013 0.02 0.026 0.025 0.032 0.088 0.091 0.029 0.023 0.094 0.016 0.031 0.036 0.019 0.211 0.133
65 L 0.046 0.02 0.014 0.017 0.016 0.014 0.018 0.021 0.009 0.217 0.247 0.024 0.041 0.048 0.014 0.024 0.037 0.006 0.021 0.145
66 F 0.033 0.019 0.017 0.017 0.01 0.01 0.019 0.025 0.017 0.063 0.113 0.019 0.025 0.394 0.01 0.025 0.025 0.017 0.088 0.054
67 L 0.139 0.027 0.018 0.02 0.018 0.019 0.027 0.042 0.012 0.087 0.261 0.032 0.037 0.042 0.02 0.047 0.039 0.006 0.02 0.085
68 L 0.137 0.025 0.019 0.021 0.019 0.019 0.028 0.041 0.011 0.106 0.19 0.032 0.032 0.037 0.02 0.047 0.044 0.006 0.02 0.147
69 Y 0.039 0.027 0.021 0.018 0.009 0.02 0.027 0.025 0.043 0.045 0.073 0.029 0.019 0.159 0.015 0.03 0.027 0.026 0.3 0.047
70 Y 0.041 0.028 0.021 0.019 0.01 0.022 0.028 0.025 0.043 0.049 0.082 0.031 0.035 0.12 0.015 0.031 0.029 0.025 0.293 0.051
71 L 0.042 0.023 0.018 0.025 0.013 0.018 0.05 0.024 0.013 0.142 0.182 0.028 0.033 0.16 0.014 0.028 0.033 0.01 0.043 0.101
72 L 0.041 0.02 0.015 0.016 0.014 0.013 0.019 0.022 0.012 0.152 0.221 0.022 0.037 0.164 0.013 0.025 0.032 0.01 0.043 0.108
73 L 0.054 0.025 0.024 0.023 0.017 0.018 0.025 0.028 0.011 0.168 0.18 0.031 0.033 0.039 0.019 0.047 0.11 0.006 0.02 0.122
74 T 0.081 0.072 0.046 0.04 0.016 0.031 0.045 0.049 0.016 0.042 0.055 0.056 0.018 0.022 0.027 0.132 0.173 0.006 0.017 0.056
75 P 0.057 0.026 0.023 0.031 0.01 0.021 0.036 0.036 0.013 0.026 0.036 0.041 0.01 0.013 0.492 0.044 0.036 0.003 0.013 0.031
76 V 0.058 0.02 0.016 0.017 0.017 0.015 0.021 0.023 0.009 0.191 0.139 0.024 0.032 0.078 0.015 0.029 0.043 0.007 0.028 0.219
77 I 0.049 0.019 0.018 0.02 0.016 0.015 0.02 0.023 0.009 0.255 0.154 0.026 0.034 0.041 0.016 0.032 0.063 0.006 0.02 0.163
78 F 0.039 0.131 0.025 0.023 0.01 0.024 0.032 0.029 0.018 0.045 0.082 0.054 0.02 0.227 0.068 0.033 0.029 0.011 0.056 0.044
79 F 0.075 0.032 0.039 0.035 0.015 0.024 0.038 0.047 0.017 0.046 0.07 0.04 0.02 0.146 0.023 0.131 0.101 0.009 0.041 0.052
80 R 0.051 0.166 0.042 0.041 0.008 0.166 0.085 0.038 0.027 0.025 0.046 0.1 0.019 0.015 0.022 0.051 0.039 0.006 0.019 0.033
81 N 0.067 0.039 0.159 0.15 0.012 0.032 0.06 0.06 0.023 0.025 0.034 0.051 0.012 0.018 0.024 0.125 0.057 0.005 0.015 0.032
82 S 0.11 0.04 0.054 0.049 0.018 0.033 0.053 0.067 0.019 0.03 0.042 0.054 0.016 0.021 0.03 0.217 0.082 0.005 0.018 0.042
83 A 0.288 0.031 0.026 0.03 0.022 0.026 0.041 0.079 0.015 0.043 0.06 0.045 0.018 0.022 0.03 0.085 0.05 0.005 0.018 0.069
84 S 0.11 0.04 0.054 0.049 0.018 0.033 0.053 0.067 0.019 0.03 0.042 0.054 0.016 0.021 0.03 0.217 0.082 0.005 0.018 0.042
85 L 0.048 0.022 0.019 0.02 0.014 0.015 0.022 0.027 0.013 0.143 0.183 0.025 0.033 0.16 0.015 0.047 0.038 0.01 0.043 0.102
86 L 0.053 0.028 0.024 0.022 0.017 0.02 0.026 0.028 0.011 0.093 0.277 0.032 0.039 0.044 0.018 0.046 0.107 0.007 0.021 0.087
87 G 0.06 0.03 0.133 0.087 0.012 0.024 0.04 0.204 0.019 0.052 0.051 0.039 0.015 0.021 0.019 0.053 0.041 0.005 0.014 0.081
88 L 0.046 0.024 0.019 0.019 0.014 0.017 0.022 0.079 0.014 0.083 0.212 0.026 0.064 0.162 0.014 0.03 0.031 0.01 0.043 0.073
89 L 0.075 0.028 0.023 0.022 0.016 0.021 0.028 0.032 0.05 0.089 0.274 0.032 0.038 0.044 0.018 0.04 0.059 0.007 0.025 0.081
90 S 0.088 0.032 0.04 0.038 0.017 0.026 0.04 0.05 0.016 0.113 0.083 0.043 0.022 0.028 0.024 0.162 0.067 0.005 0.018 0.086
91 K 0.051 0.179 0.037 0.035 0.009 0.047 0.058 0.037 0.02 0.035 0.082 0.202 0.019 0.02 0.023 0.047 0.037 0.006 0.018 0.039
92 F 0.039 0.023 0.017 0.017 0.012 0.016 0.022 0.024 0.024 0.073 0.188 0.025 0.031 0.193 0.013 0.027 0.029 0.017 0.145 0.065
93 V 0.062 0.02 0.016 0.018 0.018 0.015 0.021 0.023 0.008 0.202 0.141 0.025 0.033 0.038 0.016 0.03 0.046 0.006 0.02 0.244
94 L 0.046 0.027 0.016 0.017 0.016 0.02 0.023 0.023 0.012 0.109 0.321 0.029 0.09 0.052 0.015 0.028 0.035 0.007 0.023 0.094
95 L 0.04 0.022 0.015 0.016 0.014 0.014 0.02 0.022 0.012 0.097 0.293 0.023 0.041 0.168 0.013 0.024 0.03 0.01 0.044 0.081
96 P 0.056 0.025 0.023 0.031 0.01 0.02 0.036 0.036 0.013 0.025 0.036 0.041 0.01 0.013 0.5 0.043 0.036 0.003 0.013 0.031
97 L 0.046 0.02 0.014 0.017 0.016 0.014 0.018 0.021 0.009 0.225 0.238 0.024 0.041 0.047 0.014 0.024 0.037 0.006 0.021 0.148
98 F 0.038 0.018 0.016 0.017 0.012 0.011 0.018 0.023 0.014 0.135 0.13 0.02 0.029 0.278 0.012 0.025 0.03 0.013 0.065 0.094
99 V 0.138 0.023 0.019 0.021 0.019 0.018 0.027 0.041 0.01 0.162 0.118 0.031 0.028 0.033 0.02 0.047 0.046 0.006 0.019 0.174
100 Y 0.038 0.025 0.02 0.018 0.01 0.018 0.025 0.025 0.036 0.05 0.083 0.027 0.021 0.218 0.014 0.029 0.027 0.024 0.247 0.049
101 Y 0.04 0.028 0.022 0.018 0.009 0.022 0.028 0.025 0.046 0.043 0.068 0.031 0.018 0.129 0.015 0.031 0.028 0.028 0.327 0.046
102 L 0.053 0.021 0.015 0.017 0.017 0.015 0.02 0.022 0.009 0.186 0.226 0.025 0.039 0.044 0.015 0.027 0.04 0.006 0.021 0.183
103 V 0.063 0.025 0.025 0.024 0.017 0.019 0.026 0.029 0.01 0.165 0.12 0.031 0.029 0.034 0.019 0.05 0.115 0.006 0.019 0.174
104 P 0.091 0.035 0.043 0.042 0.015 0.029 0.046 0.056 0.017 0.028 0.039 0.049 0.014 0.018 0.186 0.168 0.066 0.004 0.016 0.038
105 L 0.052 0.067 0.033 0.034 0.011 0.098 0.064 0.035 0.02 0.056 0.158 0.134 0.028 0.028 0.021 0.044 0.038 0.006 0.02 0.054
106 L 0.047 0.058 0.127 0.046 0.011 0.034 0.046 0.043 0.02 0.054 0.152 0.122 0.025 0.029 0.02 0.049 0.04 0.006 0.018 0.051
107 I 0.047 0.031 0.12 0.04 0.014 0.025 0.031 0.037 0.019 0.134 0.13 0.037 0.073 0.036 0.017 0.043 0.043 0.006 0.02 0.097
108 G 0.079 0.023 0.039 0.034 0.011 0.019 0.026 0.508 0.014 0.019 0.028 0.034 0.009 0.016 0.019 0.051 0.03 0.005 0.011 0.024
109 N 0.043 0.045 0.315 0.083 0.009 0.034 0.05 0.065 0.032 0.023 0.032 0.054 0.011 0.018 0.02 0.07 0.05 0.005 0.016 0.027
110 G 0.079 0.023 0.039 0.034 0.011 0.019 0.026 0.508 0.014 0.019 0.028 0.034 0.009 0.016 0.019 0.051 0.03 0.005 0.011 0.024
111 N 0.043 0.045 0.315 0.083 0.009 0.034 0.05 0.065 0.032 0.023 0.032 0.054 0.011 0.018 0.02 0.07 0.05 0.005 0.016 0.027
112 F 0.044 0.056 0.128 0.047 0.009 0.032 0.046 0.044 0.023 0.037 0.062 0.12 0.017 0.143 0.019 0.049 0.038 0.009 0.04 0.038
113 G 0.077 0.139 0.043 0.037 0.012 0.033 0.043 0.205 0.018 0.024 0.038 0.068 0.013 0.018 0.022 0.108 0.048 0.005 0.015 0.032
114 A 0.142 0.053 0.028 0.029 0.016 0.031 0.044 0.048 0.014 0.077 0.077 0.119 0.021 0.024 0.024 0.056 0.046 0.005 0.018 0.126
115 L 0.048 0.03 0.023 0.04 0.013 0.031 0.114 0.025 0.015 0.139 0.195 0.041 0.033 0.038 0.018 0.034 0.036 0.006 0.02 0.1
116 R 0.04 0.242 0.031 0.026 0.009 0.035 0.041 0.03 0.021 0.036 0.068 0.085 0.019 0.143 0.016 0.038 0.031 0.009 0.041 0.038
117 L 0.041 0.02 0.015 0.016 0.014 0.013 0.019 0.022 0.012 0.152 0.221 0.022 0.037 0.164 0.013 0.025 0.032 0.01 0.043 0.108
118 L 0.053 0.021 0.015 0.017 0.017 0.015 0.02 0.022 0.009 0.186 0.226 0.025 0.039 0.044 0.015 0.027 0.04 0.006 0.021 0.183
119 K 0.073 0.073 0.046 0.045 0.011 0.104 0.074 0.05 0.023 0.028 0.043 0.144 0.017 0.017 0.027 0.113 0.054 0.005 0.018 0.036
120 C 0.047 0.019 0.015 0.016 0.171 0.013 0.019 0.027 0.011 0.118 0.094 0.022 0.022 0.041 0.013 0.029 0.033 0.17 0.033 0.087
121 F 0.037 0.02 0.016 0.016 0.012 0.012 0.019 0.024 0.014 0.08 0.203 0.021 0.033 0.281 0.012 0.025 0.028 0.013 0.066 0.068
122 K 0.056 0.095 0.042 0.043 0.009 0.11 0.08 0.042 0.023 0.027 0.044 0.222 0.017 0.015 0.026 0.054 0.04 0.005 0.018 0.033
123 L 0.066 0.027 0.027 0.027 0.016 0.021 0.03 0.036 0.013 0.141 0.197 0.034 0.034 0.039 0.019 0.093 0.051 0.006 0.02 0.104
124 F 0.038 0.018 0.016 0.017 0.012 0.011 0.018 0.023 0.014 0.135 0.13 0.02 0.029 0.278 0.012 0.025 0.03 0.013 0.065 0.094
125 I 0.046 0.017 0.015 0.017 0.016 0.013 0.017 0.02 0.009 0.281 0.166 0.023 0.036 0.044 0.015 0.025 0.039 0.006 0.02 0.174
126 G 0.053 0.026 0.024 0.023 0.011 0.02 0.025 0.191 0.015 0.049 0.091 0.03 0.065 0.041 0.014 0.036 0.03 0.171 0.034 0.048
127 F 0.048 0.02 0.024 0.022 0.011 0.013 0.021 0.189 0.016 0.048 0.084 0.024 0.02 0.269 0.013 0.034 0.026 0.013 0.062 0.044
128 C 0.057 0.023 0.025 0.023 0.173 0.017 0.025 0.033 0.013 0.053 0.08 0.028 0.02 0.146 0.018 0.052 0.106 0.009 0.039 0.06
129 A 0.299 0.031 0.025 0.029 0.021 0.025 0.04 0.077 0.015 0.043 0.059 0.044 0.017 0.021 0.029 0.084 0.049 0.005 0.017 0.068
130 L 0.053 0.021 0.015 0.017 0.017 0.015 0.02 0.022 0.009 0.186 0.226 0.025 0.039 0.044 0.015 0.027 0.04 0.006 0.021 0.183
131 F 0.033 0.019 0.017 0.017 0.01 0.01 0.019 0.025 0.017 0.063 0.113 0.019 0.025 0.395 0.01 0.025 0.025 0.017 0.088 0.054
132 G 0.077 0.023 0.039 0.033 0.011 0.019 0.025 0.517 0.013 0.019 0.028 0.033 0.009 0.016 0.019 0.051 0.029 0.005 0.011 0.024
133 L 0.045 0.022 0.014 0.016 0.016 0.015 0.019 0.021 0.01 0.169 0.311 0.024 0.045 0.051 0.014 0.024 0.035 0.007 0.021 0.121
134 Y 0.042 0.024 0.019 0.018 0.011 0.019 0.024 0.023 0.034 0.122 0.1 0.028 0.024 0.101 0.015 0.029 0.032 0.02 0.225 0.089
135 E 0.054 0.049 0.04 0.089 0.007 0.064 0.306 0.035 0.025 0.022 0.036 0.075 0.013 0.016 0.025 0.054 0.036 0.005 0.016 0.031
136 Y 0.037 0.026 0.019 0.017 0.009 0.019 0.026 0.026 0.036 0.039 0.062 0.028 0.017 0.106 0.013 0.028 0.026 0.185 0.24 0.041
137 L 0.047 0.029 0.019 0.018 0.014 0.023 0.026 0.025 0.022 0.089 0.21 0.032 0.103 0.069 0.015 0.031 0.035 0.013 0.099 0.081
138 L 0.054 0.034 0.022 0.024 0.015 0.068 0.04 0.027 0.014 0.146 0.181 0.041 0.034 0.037 0.017 0.034 0.04 0.006 0.021 0.146
139 H 0.042 0.123 0.049 0.036 0.008 0.04 0.052 0.036 0.279 0.023 0.04 0.063 0.015 0.027 0.019 0.042 0.028 0.007 0.047 0.025
140 F 0.035 0.021 0.018 0.017 0.01 0.013 0.021 0.025 0.024 0.058 0.101 0.022 0.023 0.329 0.012 0.026 0.026 0.019 0.148 0.052
141 N 0.042 0.044 0.327 0.082 0.009 0.033 0.049 0.064 0.031 0.022 0.031 0.053 0.011 0.018 0.02 0.069 0.049 0.004 0.015 0.027
142 L 0.052 0.025 0.019 0.02 0.014 0.019 0.027 0.026 0.019 0.086 0.154 0.031 0.027 0.058 0.137 0.033 0.036 0.011 0.096 0.113
143 L 0.05 0.028 0.018 0.019 0.016 0.024 0.025 0.026 0.014 0.145 0.187 0.032 0.139 0.047 0.016 0.033 0.04 0.007 0.023 0.112
144 V 0.079 0.026 0.026 0.025 0.018 0.02 0.03 0.035 0.011 0.129 0.107 0.033 0.027 0.032 0.02 0.082 0.057 0.005 0.02 0.22
145 Y 0.058 0.035 0.106 0.042 0.011 0.027 0.039 0.045 0.035 0.034 0.052 0.042 0.016 0.074 0.02 0.09 0.046 0.016 0.172 0.04
146 F 0.033 0.019 0.017 0.017 0.01 0.01 0.019 0.025 0.017 0.062 0.113 0.019 0.025 0.396 0.01 0.025 0.025 0.017 0.087 0.054
147 V 0.063 0.021 0.016 0.018 0.018 0.015 0.022 0.023 0.008 0.192 0.138 0.025 0.032 0.037 0.016 0.03 0.046 0.006 0.02 0.253
148 K 0.069 0.089 0.044 0.043 0.011 0.048 0.065 0.048 0.02 0.028 0.042 0.23 0.015 0.017 0.028 0.097 0.05 0.005 0.017 0.035
149 I 0.053 0.022 0.022 0.022 0.016 0.017 0.023 0.026 0.01 0.224 0.14 0.029 0.032 0.038 0.018 0.041 0.094 0.006 0.02 0.148
150 D 0.05 0.028 0.061 0.313 0.008 0.027 0.074 0.164 0.017 0.021 0.028 0.041 0.009 0.015 0.021 0.051 0.033 0.004 0.011 0.024
151 A 0.239 0.029 0.025 0.03 0.018 0.024 0.039 0.067 0.014 0.038 0.053 0.043 0.015 0.019 0.147 0.074 0.046 0.005 0.016 0.058
152 V 0.127 0.024 0.018 0.02 0.02 0.018 0.027 0.038 0.01 0.132 0.111 0.03 0.028 0.032 0.02 0.045 0.049 0.005 0.02 0.227
153 E 0.052 0.062 0.112 0.075 0.008 0.053 0.183 0.044 0.026 0.023 0.037 0.123 0.013 0.016 0.024 0.058 0.04 0.005 0.016 0.03
154 W 0.03 0.022 0.015 0.015 0.007 0.015 0.022 0.03 0.015 0.03 0.052 0.022 0.015 0.06 0.007 0.022 0.022 0.5 0.067 0.03
155 I 0.048 0.021 0.016 0.018 0.016 0.017 0.02 0.022 0.01 0.236 0.173 0.026 0.07 0.045 0.015 0.027 0.039 0.006 0.021 0.153
156 K 0.05 0.06 0.106 0.047 0.01 0.081 0.059 0.042 0.022 0.089 0.071 0.114 0.021 0.023 0.021 0.05 0.042 0.005 0.018 0.067
157 T 0.065 0.115 0.042 0.035 0.015 0.032 0.042 0.04 0.016 0.045 0.06 0.063 0.018 0.022 0.025 0.079 0.202 0.006 0.017 0.06
158 L 0.051 0.032 0.02 0.02 0.016 0.028 0.028 0.028 0.016 0.099 0.194 0.036 0.173 0.047 0.016 0.036 0.04 0.008 0.024 0.091
159 N 0.042 0.044 0.327 0.082 0.009 0.033 0.049 0.064 0.031 0.022 0.031 0.053 0.011 0.018 0.02 0.069 0.049 0.004 0.015 0.027
160 L 0.052 0.035 0.099 0.051 0.013 0.032 0.1 0.036 0.019 0.08 0.145 0.045 0.026 0.031 0.019 0.045 0.042 0.006 0.019 0.108
161 A 0.121 0.033 0.106 0.044 0.014 0.025 0.04 0.058 0.02 0.039 0.061 0.042 0.017 0.114 0.022 0.102 0.051 0.008 0.034 0.047
162 S 0.11 0.04 0.054 0.049 0.018 0.033 0.053 0.067 0.019 0.03 0.042 0.054 0.016 0.021 0.03 0.217 0.082 0.005 0.018 0.042
163 H 0.042 0.046 0.054 0.038 0.008 0.038 0.054 0.038 0.353 0.023 0.038 0.046 0.015 0.031 0.019 0.042 0.027 0.008 0.057 0.023
164 L 0.06 0.028 0.037 0.122 0.014 0.023 0.045 0.038 0.014 0.112 0.155 0.036 0.027 0.033 0.02 0.083 0.047 0.005 0.018 0.084
165 V 0.061 0.024 0.023 0.022 0.016 0.018 0.026 0.029 0.012 0.11 0.108 0.029 0.027 0.122 0.018 0.045 0.095 0.008 0.036 0.171
166 Y 0.04 0.028 0.021 0.018 0.009 0.021 0.028 0.025 0.046 0.043 0.067 0.031 0.018 0.129 0.015 0.031 0.028 0.028 0.328 0.046
167 Y 0.038 0.025 0.02 0.018 0.009 0.019 0.025 0.025 0.039 0.048 0.079 0.028 0.02 0.196 0.014 0.029 0.027 0.025 0.268 0.048
168 P 0.06 0.028 0.028 0.032 0.012 0.022 0.036 0.037 0.013 0.032 0.043 0.042 0.012 0.015 0.383 0.055 0.091 0.003 0.014 0.04
169 S 0.108 0.04 0.053 0.048 0.017 0.033 0.052 0.065 0.019 0.029 0.041 0.053 0.015 0.021 0.029 0.231 0.081 0.005 0.017 0.041
170 S 0.108 0.04 0.053 0.048 0.017 0.033 0.052 0.065 0.019 0.029 0.041 0.053 0.015 0.021 0.029 0.231 0.081 0.005 0.017 0.041
171 L 0.042 0.019 0.015 0.017 0.015 0.013 0.018 0.022 0.011 0.185 0.207 0.023 0.037 0.134 0.013 0.025 0.034 0.009 0.038 0.124
172 F 0.033 0.019 0.017 0.017 0.01 0.01 0.019 0.025 0.017 0.062 0.113 0.019 0.025 0.396 0.01 0.025 0.025 0.017 0.087 0.054
173 L 0.051 0.027 0.021 0.02 0.016 0.019 0.025 0.026 0.011 0.098 0.305 0.03 0.042 0.046 0.017 0.041 0.089 0.007 0.021 0.089
174 H 0.041 0.045 0.053 0.038 0.007 0.038 0.053 0.038 0.365 0.023 0.038 0.045 0.015 0.03 0.019 0.041 0.026 0.007 0.056 0.023
175 Y 0.04 0.028 0.021 0.018 0.009 0.021 0.028 0.025 0.046 0.043 0.067 0.031 0.018 0.129 0.015 0.031 0.028 0.028 0.328 0.046
176 T 0.072 0.035 0.043 0.037 0.018 0.027 0.039 0.043 0.014 0.053 0.064 0.045 0.019 0.023 0.027 0.091 0.258 0.006 0.018 0.07
177 Y 0.04 0.028 0.021 0.018 0.009 0.021 0.028 0.025 0.046 0.043 0.067 0.031 0.018 0.129 0.015 0.031 0.028 0.028 0.328 0.046
178 F 0.035 0.021 0.018 0.017 0.01 0.013 0.021 0.025 0.024 0.058 0.101 0.022 0.023 0.329 0.012 0.026 0.026 0.019 0.148 0.052
179 A 0.204 0.035 0.039 0.039 0.019 0.029 0.046 0.071 0.017 0.036 0.05 0.049 0.016 0.021 0.029 0.158 0.065 0.005 0.017 0.055
180 Y 0.04 0.028 0.021 0.018 0.009 0.021 0.028 0.025 0.046 0.043 0.067 0.031 0.018 0.129 0.015 0.031 0.028 0.028 0.328 0.046
181 V 0.063 0.021 0.016 0.018 0.018 0.015 0.022 0.023 0.008 0.192 0.138 0.025 0.032 0.037 0.016 0.03 0.046 0.006 0.02 0.253
182 L 0.044 0.024 0.014 0.015 0.016 0.016 0.02 0.021 0.01 0.114 0.385 0.025 0.049 0.054 0.014 0.024 0.033 0.007 0.022 0.095
183 L 0.044 0.024 0.014 0.015 0.016 0.016 0.02 0.021 0.01 0.114 0.385 0.025 0.049 0.054 0.014 0.024 0.033 0.007 0.022 0.095
184 L 0.056 0.023 0.015 0.016 0.017 0.016 0.021 0.023 0.009 0.138 0.257 0.025 0.04 0.045 0.015 0.028 0.041 0.006 0.021 0.187
185 G 0.133 0.025 0.035 0.032 0.013 0.02 0.029 0.407 0.014 0.025 0.036 0.036 0.011 0.017 0.021 0.059 0.034 0.005 0.012 0.035
186 F 0.032 0.02 0.016 0.016 0.01 0.012 0.02 0.026 0.016 0.054 0.097 0.02 0.023 0.312 0.01 0.024 0.024 0.137 0.082 0.048
187 I 0.046 0.019 0.014 0.017 0.016 0.014 0.018 0.02 0.009 0.24 0.22 0.024 0.039 0.046 0.014 0.024 0.038 0.006 0.021 0.154
188 L 0.044 0.024 0.014 0.015 0.016 0.016 0.02 0.021 0.01 0.114 0.385 0.025 0.049 0.054 0.014 0.024 0.033 0.007 0.022 0.095
189 A 0.133 0.035 0.034 0.046 0.016 0.034 0.105 0.05 0.017 0.064 0.066 0.049 0.019 0.023 0.025 0.1 0.054 0.005 0.018 0.105
190 L 0.045 0.021 0.014 0.016 0.016 0.015 0.019 0.021 0.009 0.198 0.275 0.024 0.043 0.049 0.014 0.024 0.036 0.006 0.021 0.134
191 V 0.089 0.031 0.035 0.033 0.018 0.024 0.037 0.045 0.013 0.096 0.085 0.04 0.023 0.028 0.023 0.132 0.065 0.005 0.019 0.16
192 L 0.041 0.022 0.017 0.017 0.013 0.015 0.021 0.023 0.02 0.125 0.183 0.024 0.032 0.156 0.014 0.026 0.031 0.014 0.114 0.092
193 P 0.056 0.025 0.023 0.031 0.01 0.02 0.036 0.036 0.013 0.025 0.036 0.041 0.01 0.013 0.501 0.043 0.036 0.003 0.013 0.031
194 Y 0.055 0.028 0.028 0.025 0.012 0.022 0.031 0.035 0.032 0.044 0.072 0.033 0.019 0.169 0.018 0.079 0.04 0.019 0.19 0.047
195 R 0.05 0.23 0.04 0.036 0.008 0.05 0.061 0.037 0.022 0.025 0.044 0.204 0.015 0.016 0.023 0.048 0.037 0.005 0.017 0.031
196 N 0.043 0.122 0.255 0.069 0.009 0.037 0.049 0.056 0.029 0.022 0.035 0.069 0.012 0.018 0.02 0.062 0.045 0.005 0.016 0.028
197 K 0.051 0.146 0.034 0.032 0.01 0.042 0.052 0.034 0.018 0.09 0.074 0.18 0.021 0.023 0.022 0.043 0.038 0.005 0.018 0.067
198 I 0.048 0.02 0.015 0.017 0.015 0.014 0.02 0.024 0.01 0.189 0.128 0.024 0.03 0.045 0.013 0.026 0.037 0.129 0.032 0.164
199 L 0.051 0.022 0.015 0.016 0.017 0.015 0.02 0.022 0.009 0.168 0.266 0.025 0.041 0.047 0.015 0.026 0.038 0.006 0.021 0.161
200 D 0.066 0.037 0.123 0.143 0.013 0.031 0.057 0.055 0.02 0.032 0.041 0.049 0.014 0.019 0.025 0.111 0.105 0.005 0.015 0.04
201 L 0.043 0.108 0.022 0.02 0.012 0.025 0.03 0.025 0.022 0.073 0.221 0.05 0.033 0.063 0.016 0.031 0.032 0.012 0.097 0.067
202 L 0.05 0.023 0.015 0.016 0.017 0.016 0.021 0.022 0.009 0.126 0.321 0.025 0.044 0.049 0.015 0.026 0.037 0.007 0.022 0.141
203 Y 0.038 0.025 0.02 0.018 0.009 0.019 0.025 0.025 0.039 0.048 0.079 0.028 0.02 0.196 0.014 0.029 0.027 0.025 0.268 0.048
204 K 0.053 0.16 0.041 0.04 0.008 0.095 0.073 0.04 0.023 0.026 0.044 0.196 0.017 0.016 0.024 0.051 0.038 0.005 0.018 0.032
205 G 0.057 0.025 0.028 0.025 0.014 0.018 0.026 0.152 0.013 0.062 0.147 0.03 0.026 0.122 0.018 0.048 0.086 0.009 0.034 0.061
206 L 0.058 0.029 0.028 0.026 0.017 0.022 0.029 0.032 0.012 0.083 0.224 0.035 0.034 0.039 0.021 0.058 0.145 0.006 0.02 0.082
207 L 0.051 0.022 0.015 0.016 0.017 0.015 0.02 0.022 0.009 0.168 0.266 0.025 0.041 0.047 0.015 0.026 0.038 0.006 0.021 0.161
208 L 0.109 0.024 0.017 0.019 0.017 0.018 0.024 0.035 0.011 0.138 0.248 0.029 0.038 0.043 0.018 0.039 0.039 0.006 0.02 0.108
209 I 0.049 0.019 0.015 0.017 0.015 0.013 0.019 0.022 0.011 0.197 0.143 0.023 0.032 0.13 0.014 0.027 0.038 0.008 0.037 0.171
210 A 0.188 0.036 0.108 0.047 0.017 0.029 0.045 0.071 0.02 0.034 0.047 0.049 0.015 0.02 0.027 0.117 0.057 0.005 0.017 0.051
211 L 0.045 0.021 0.014 0.016 0.016 0.015 0.019 0.021 0.009 0.198 0.275 0.024 0.043 0.049 0.014 0.024 0.036 0.006 0.021 0.134
212 F 0.04 0.018 0.016 0.017 0.013 0.012 0.018 0.023 0.013 0.172 0.139 0.021 0.031 0.22 0.012 0.025 0.032 0.011 0.054 0.114
213 L 0.05 0.023 0.015 0.016 0.017 0.016 0.021 0.022 0.009 0.126 0.321 0.025 0.044 0.049 0.015 0.026 0.037 0.007 0.022 0.141
214 C 0.073 0.024 0.027 0.028 0.253 0.019 0.03 0.041 0.012 0.036 0.051 0.033 0.014 0.018 0.141 0.089 0.047 0.004 0.013 0.046
215 Q 0.055 0.072 0.043 0.046 0.009 0.226 0.101 0.041 0.029 0.026 0.046 0.09 0.02 0.014 0.023 0.055 0.041 0.006 0.02 0.035
216 S 0.156 0.037 0.046 0.043 0.018 0.031 0.049 0.068 0.018 0.033 0.046 0.051 0.016 0.021 0.029 0.195 0.073 0.005 0.017 0.048
217 R 0.044 0.355 0.038 0.031 0.008 0.048 0.052 0.032 0.023 0.023 0.046 0.118 0.015 0.017 0.019 0.044 0.034 0.006 0.017 0.031
218 I 0.048 0.021 0.016 0.018 0.016 0.017 0.02 0.022 0.01 0.236 0.173 0.026 0.07 0.045 0.015 0.027 0.039 0.006 0.021 0.153
219 V 0.137 0.028 0.028 0.028 0.019 0.023 0.034 0.048 0.012 0.099 0.089 0.037 0.024 0.028 0.023 0.095 0.057 0.005 0.019 0.167
220 W 0.03 0.022 0.015 0.015 0.007 0.015 0.022 0.03 0.015 0.03 0.052 0.022 0.015 0.06 0.007 0.022 0.022 0.5 0.067 0.03
221 I 0.046 0.017 0.014 0.017 0.016 0.013 0.017 0.02 0.009 0.282 0.165 0.023 0.036 0.044 0.014 0.025 0.039 0.006 0.02 0.174
222 A 0.243 0.032 0.03 0.031 0.02 0.026 0.04 0.069 0.014 0.045 0.06 0.044 0.018 0.022 0.029 0.086 0.101 0.005 0.017 0.068
223 F 0.036 0.02 0.016 0.016 0.012 0.012 0.019 0.024 0.015 0.075 0.181 0.02 0.031 0.31 0.011 0.025 0.027 0.014 0.071 0.064
224 L 0.05 0.021 0.021 0.021 0.013 0.015 0.02 0.146 0.012 0.119 0.173 0.025 0.03 0.127 0.014 0.031 0.032 0.009 0.035 0.087
225 V 0.06 0.021 0.016 0.017 0.017 0.015 0.022 0.025 0.01 0.137 0.124 0.024 0.03 0.125 0.015 0.031 0.043 0.008 0.037 0.223
226 L 0.051 0.02 0.015 0.017 0.017 0.015 0.019 0.021 0.009 0.21 0.211 0.024 0.038 0.044 0.015 0.026 0.04 0.006 0.021 0.181
227 L 0.11 0.028 0.018 0.02 0.017 0.021 0.027 0.037 0.013 0.092 0.255 0.032 0.072 0.044 0.018 0.042 0.039 0.007 0.021 0.087
228 L 0.051 0.02 0.015 0.017 0.017 0.015 0.019 0.021 0.009 0.21 0.211 0.024 0.038 0.044 0.015 0.026 0.04 0.006 0.021 0.181
229 I 0.046 0.019 0.014 0.017 0.016 0.014 0.018 0.02 0.009 0.24 0.22 0.024 0.039 0.046 0.014 0.024 0.038 0.006 0.021 0.154
230 N 0.061 0.04 0.11 0.059 0.011 0.038 0.109 0.047 0.03 0.029 0.044 0.053 0.014 0.046 0.022 0.096 0.048 0.011 0.094 0.036
231 F 0.034 0.022 0.017 0.017 0.009 0.014 0.022 0.026 0.024 0.049 0.086 0.023 0.021 0.245 0.011 0.026 0.025 0.14 0.143 0.046
232 L 0.045 0.021 0.014 0.016 0.016 0.015 0.019 0.021 0.009 0.198 0.275 0.024 0.043 0.049 0.014 0.024 0.036 0.006 0.021 0.134
233 L 0.064 0.026 0.025 0.024 0.016 0.019 0.028 0.034 0.013 0.092 0.167 0.031 0.03 0.126 0.017 0.078 0.047 0.009 0.037 0.117
234 F 0.043 0.049 0.102 0.039 0.009 0.029 0.041 0.039 0.029 0.039 0.063 0.098 0.017 0.139 0.018 0.044 0.035 0.013 0.112 0.04
235 A 0.116 0.109 0.03 0.029 0.016 0.028 0.037 0.043 0.015 0.1 0.083 0.058 0.022 0.026 0.023 0.061 0.095 0.006 0.018 0.086
236 P 0.058 0.136 0.035 0.033 0.012 0.032 0.042 0.037 0.017 0.034 0.049 0.069 0.015 0.018 0.181 0.06 0.107 0.005 0.016 0.044
237 K 0.059 0.076 0.035 0.036 0.011 0.087 0.066 0.038 0.019 0.061 0.065 0.173 0.02 0.02 0.023 0.048 0.042 0.005 0.019 0.095
238 G 0.125 0.031 0.03 0.042 0.015 0.031 0.099 0.163 0.015 0.061 0.063 0.044 0.018 0.022 0.022 0.055 0.041 0.005 0.016 0.101
239 R 0.048 0.208 0.033 0.03 0.01 0.04 0.048 0.032 0.019 0.089 0.075 0.137 0.021 0.023 0.02 0.041 0.037 0.006 0.018 0.067
240 L 0.051 0.022 0.015 0.016 0.017 0.015 0.02 0.022 0.009 0.168 0.266 0.025 0.041 0.047 0.015 0.026 0.038 0.006 0.021 0.161
241 T 0.077 0.04 0.045 0.053 0.015 0.038 0.109 0.046 0.018 0.039 0.051 0.054 0.017 0.021 0.027 0.117 0.158 0.006 0.017 0.053
242 W 0.045 0.057 0.03 0.03 0.008 0.079 0.055 0.034 0.028 0.032 0.052 0.108 0.017 0.055 0.018 0.04 0.032 0.135 0.108 0.036
243 G 0.054 0.14 0.134 0.049 0.009 0.033 0.042 0.204 0.022 0.021 0.035 0.068 0.012 0.017 0.019 0.054 0.038 0.005 0.014 0.027
244 K 0.056 0.106 0.041 0.041 0.008 0.053 0.07 0.043 0.02 0.027 0.043 0.288 0.015 0.015 0.027 0.053 0.039 0.005 0.017 0.032
245 L 0.044 0.024 0.014 0.015 0.016 0.016 0.02 0.021 0.01 0.114 0.384 0.025 0.049 0.054 0.014 0.024 0.033 0.007 0.022 0.095
246 L 0.066 0.027 0.027 0.027 0.016 0.021 0.03 0.036 0.013 0.141 0.197 0.034 0.034 0.039 0.019 0.093 0.051 0.006 0.02 0.104
247 Y 0.055 0.052 0.026 0.026 0.012 0.03 0.04 0.031 0.025 0.078 0.08 0.115 0.022 0.06 0.02 0.039 0.039 0.013 0.121 0.119
248 G 0.052 0.02 0.023 0.022 0.012 0.014 0.02 0.187 0.013 0.121 0.102 0.025 0.024 0.152 0.015 0.033 0.031 0.009 0.04 0.084
249 L 0.057 0.028 0.019 0.019 0.017 0.024 0.026 0.027 0.013 0.12 0.172 0.032 0.125 0.043 0.016 0.035 0.043 0.007 0.023 0.154
250 L 0.044 0.022 0.014 0.016 0.016 0.015 0.019 0.021 0.01 0.156 0.33 0.025 0.046 0.051 0.014 0.024 0.034 0.007 0.022 0.115
251 L 0.051 0.02 0.015 0.017 0.017 0.015 0.019 0.021 0.009 0.21 0.211 0.024 0.038 0.044 0.015 0.026 0.04 0.006 0.021 0.181
252 L 0.05 0.022 0.021 0.02 0.013 0.015 0.021 0.146 0.012 0.077 0.227 0.025 0.033 0.13 0.014 0.031 0.03 0.009 0.036 0.067
253 L 0.058 0.024 0.022 0.022 0.017 0.018 0.025 0.027 0.01 0.153 0.186 0.03 0.034 0.039 0.018 0.043 0.095 0.006 0.02 0.155
254 L 0.053 0.021 0.017 0.02 0.133 0.015 0.022 0.027 0.01 0.116 0.162 0.027 0.028 0.033 0.136 0.033 0.036 0.005 0.017 0.089
255 L 0.056 0.023 0.015 0.016 0.017 0.016 0.021 0.023 0.009 0.138 0.257 0.025 0.04 0.045 0.015 0.028 0.041 0.006 0.021 0.187
256 L 0.112 0.024 0.018 0.02 0.017 0.017 0.025 0.037 0.012 0.095 0.171 0.028 0.031 0.127 0.017 0.041 0.039 0.009 0.037 0.124
257 V 0.069 0.028 0.026 0.026 0.017 0.022 0.03 0.034 0.013 0.143 0.132 0.034 0.064 0.037 0.019 0.081 0.052 0.006 0.02 0.147
258 F 0.036 0.02 0.016 0.016 0.012 0.012 0.019 0.024 0.015 0.075 0.181 0.02 0.031 0.31 0.011 0.025 0.027 0.014 0.071 0.064
259 G 0.074 0.024 0.031 0.029 0.134 0.019 0.028 0.159 0.012 0.093 0.075 0.032 0.019 0.025 0.02 0.087 0.046 0.005 0.015 0.074
260 L 0.045 0.024 0.014 0.015 0.016 0.016 0.02 0.021 0.01 0.116 0.373 0.025 0.05 0.055 0.014 0.024 0.034 0.007 0.022 0.097
261 Y 0.048 0.025 0.018 0.017 0.013 0.019 0.025 0.024 0.028 0.09 0.162 0.028 0.029 0.087 0.015 0.029 0.034 0.017 0.175 0.117
262 V 0.062 0.023 0.018 0.018 0.016 0.018 0.024 0.024 0.018 0.132 0.113 0.027 0.028 0.059 0.016 0.032 0.043 0.011 0.097 0.221
263 F 0.043 0.023 0.023 0.022 0.012 0.015 0.024 0.029 0.016 0.06 0.1 0.025 0.024 0.303 0.015 0.042 0.083 0.014 0.07 0.058
264 N 0.05 0.035 0.19 0.151 0.009 0.029 0.053 0.173 0.023 0.021 0.029 0.046 0.01 0.017 0.02 0.06 0.04 0.004 0.013 0.025
265 V 0.063 0.021 0.016 0.018 0.018 0.015 0.022 0.023 0.008 0.192 0.138 0.025 0.032 0.037 0.016 0.03 0.046 0.006 0.02 0.253
266 F 0.033 0.019 0.017 0.017 0.01 0.01 0.019 0.025 0.017 0.062 0.113 0.019 0.025 0.396 0.01 0.025 0.025 0.017 0.087 0.054
267 G 0.135 0.041 0.04 0.039 0.014 0.076 0.055 0.175 0.019 0.029 0.044 0.055 0.016 0.018 0.025 0.105 0.05 0.005 0.016 0.042
268 F 0.039 0.104 0.021 0.02 0.011 0.021 0.027 0.026 0.017 0.065 0.164 0.045 0.029 0.216 0.013 0.029 0.029 0.012 0.054 0.058
269 L 0.048 0.02 0.015 0.017 0.015 0.014 0.02 0.023 0.011 0.155 0.198 0.023 0.035 0.132 0.014 0.027 0.036 0.009 0.038 0.151
270 L 0.124 0.035 0.105 0.044 0.016 0.027 0.04 0.057 0.019 0.052 0.129 0.044 0.023 0.028 0.023 0.102 0.053 0.005 0.018 0.058
271 N 0.107 0.041 0.252 0.069 0.012 0.031 0.046 0.067 0.027 0.027 0.038 0.051 0.013 0.019 0.022 0.072 0.049 0.005 0.016 0.037
272 Y 0.039 0.024 0.018 0.017 0.011 0.017 0.023 0.024 0.03 0.066 0.158 0.026 0.028 0.177 0.014 0.028 0.028 0.02 0.191 0.06
273 I 0.052 0.018 0.015 0.017 0.017 0.014 0.019 0.021 0.009 0.252 0.156 0.024 0.035 0.041 0.015 0.027 0.042 0.006 0.02 0.2
274 S 0.099 0.038 0.051 0.045 0.017 0.031 0.048 0.06 0.018 0.035 0.047 0.051 0.016 0.021 0.029 0.196 0.125 0.005 0.017 0.048
275 L 0.053 0.044 0.107 0.045 0.013 0.076 0.052 0.042 0.021 0.054 0.132 0.053 0.025 0.027 0.021 0.06 0.095 0.006 0.019 0.057
276 R 0.044 0.355 0.038 0.031 0.008 0.048 0.052 0.032 0.023 0.023 0.046 0.118 0.015 0.017 0.019 0.044 0.034 0.006 0.017 0.031
277 F 0.033 0.019 0.017 0.017 0.01 0.01 0.019 0.025 0.017 0.062 0.113 0.019 0.025 0.396 0.01 0.025 0.025 0.017 0.087 0.054
278 S 0.099 0.038 0.051 0.045 0.017 0.031 0.048 0.06 0.018 0.035 0.047 0.051 0.016 0.021 0.029 0.196 0.125 0.005 0.017 0.048
279 S 0.079 0.135 0.046 0.042 0.013 0.041 0.056 0.051 0.02 0.027 0.043 0.128 0.015 0.018 0.026 0.14 0.059 0.005 0.017 0.036
280 L 0.044 0.022 0.014 0.016 0.016 0.015 0.019 0.021 0.01 0.156 0.33 0.025 0.046 0.051 0.014 0.024 0.034 0.007 0.022 0.115
281 F 0.035 0.021 0.018 0.017 0.01 0.013 0.021 0.025 0.024 0.058 0.101 0.022 0.023 0.329 0.012 0.026 0.026 0.019 0.148 0.052
282 S 0.082 0.114 0.04 0.036 0.015 0.032 0.044 0.047 0.017 0.061 0.064 0.063 0.019 0.023 0.023 0.135 0.061 0.005 0.018 0.098
283 Y 0.043 0.029 0.021 0.019 0.011 0.023 0.028 0.025 0.038 0.057 0.099 0.032 0.057 0.109 0.015 0.032 0.031 0.023 0.252 0.057
284 G 0.077 0.023 0.039 0.033 0.011 0.019 0.025 0.517 0.013 0.019 0.028 0.033 0.009 0.016 0.019 0.051 0.029 0.005 0.011 0.024
285 L 0.041 0.023 0.015 0.015 0.015 0.015 0.02 0.022 0.012 0.101 0.317 0.023 0.043 0.139 0.013 0.024 0.031 0.009 0.038 0.085
286 S 0.14 0.038 0.115 0.052 0.016 0.031 0.048 0.068 0.021 0.031 0.043 0.051 0.015 0.02 0.027 0.154 0.065 0.005 0.017 0.044
287 D 0.04 0.029 0.068 0.406 0.007 0.029 0.09 0.046 0.018 0.022 0.028 0.044 0.009 0.015 0.022 0.051 0.035 0.004 0.011 0.024
288 G 0.077 0.023 0.039 0.033 0.011 0.019 0.025 0.517 0.013 0.019 0.028 0.033 0.009 0.016 0.019 0.051 0.029 0.005 0.011 0.024
289 S 0.108 0.04 0.053 0.048 0.017 0.033 0.052 0.065 0.019 0.029 0.041 0.053 0.015 0.021 0.029 0.231 0.081 0.005 0.017 0.041
290 L 0.044 0.024 0.014 0.015 0.016 0.016 0.02 0.021 0.01 0.114 0.385 0.025 0.049 0.054 0.014 0.024 0.033 0.007 0.022 0.095
291 G 0.077 0.023 0.039 0.033 0.011 0.019 0.025 0.517 0.013 0.019 0.028 0.033 0.009 0.016 0.019 0.051 0.029 0.005 0.011 0.024
292 Q 0.055 0.072 0.043 0.046 0.009 0.226 0.101 0.041 0.029 0.026 0.046 0.09 0.02 0.014 0.023 0.055 0.041 0.006 0.02 0.035
293 R 0.044 0.355 0.038 0.031 0.008 0.048 0.052 0.032 0.023 0.023 0.046 0.118 0.015 0.017 0.019 0.044 0.034 0.006 0.017 0.031
294 F 0.04 0.018 0.016 0.017 0.013 0.012 0.018 0.023 0.013 0.172 0.139 0.021 0.031 0.22 0.012 0.025 0.032 0.011 0.054 0.114
295 G 0.077 0.023 0.039 0.033 0.011 0.019 0.025 0.517 0.013 0.019 0.028 0.033 0.009 0.016 0.019 0.051 0.029 0.005 0.011 0.024
296 T 0.072 0.035 0.043 0.037 0.018 0.027 0.039 0.043 0.014 0.053 0.064 0.045 0.019 0.023 0.027 0.091 0.258 0.006 0.018 0.07
297 L 0.044 0.024 0.014 0.015 0.016 0.016 0.02 0.021 0.01 0.114 0.385 0.025 0.049 0.054 0.014 0.024 0.033 0.007 0.022 0.095
298 G 0.058 0.131 0.041 0.039 0.009 0.13 0.07 0.158 0.024 0.023 0.042 0.083 0.016 0.016 0.021 0.051 0.036 0.006 0.017 0.031
299 N 0.042 0.044 0.327 0.082 0.009 0.033 0.049 0.064 0.031 0.022 0.031 0.053 0.011 0.018 0.02 0.069 0.049 0.004 0.015 0.027
300 W 0.034 0.021 0.015 0.016 0.01 0.015 0.021 0.027 0.013 0.093 0.081 0.023 0.02 0.056 0.009 0.023 0.027 0.376 0.055 0.066
301 G 0.074 0.054 0.043 0.053 0.011 0.042 0.113 0.165 0.02 0.024 0.037 0.112 0.013 0.017 0.025 0.097 0.046 0.005 0.015 0.032
302 N 0.049 0.047 0.18 0.06 0.009 0.078 0.059 0.051 0.026 0.024 0.036 0.059 0.013 0.016 0.141 0.059 0.043 0.004 0.016 0.03
303 Y 0.038 0.025 0.02 0.018 0.009 0.019 0.025 0.025 0.039 0.048 0.079 0.028 0.02 0.196 0.014 0.029 0.027 0.025 0.268 0.048
304 L 0.043 0.025 0.016 0.017 0.015 0.018 0.022 0.024 0.013 0.097 0.269 0.026 0.074 0.138 0.014 0.027 0.033 0.01 0.039 0.084
305 D 0.106 0.033 0.122 0.231 0.011 0.029 0.067 0.058 0.021 0.027 0.036 0.046 0.012 0.017 0.023 0.064 0.042 0.004 0.014 0.036
306 N 0.068 0.039 0.109 0.059 0.013 0.036 0.108 0.047 0.021 0.059 0.059 0.052 0.018 0.022 0.023 0.097 0.054 0.005 0.017 0.095
307 D 0.058 0.04 0.125 0.143 0.01 0.033 0.061 0.053 0.108 0.024 0.034 0.049 0.013 0.021 0.023 0.098 0.048 0.005 0.025 0.029
308 P 0.073 0.031 0.035 0.037 0.014 0.025 0.04 0.045 0.014 0.033 0.044 0.045 0.014 0.017 0.265 0.102 0.102 0.004 0.015 0.043
309 V 0.057 0.021 0.015 0.017 0.017 0.015 0.021 0.022 0.009 0.18 0.202 0.025 0.037 0.042 0.015 0.028 0.042 0.006 0.021 0.207
310 K 0.047 0.146 0.034 0.032 0.009 0.041 0.052 0.036 0.02 0.035 0.061 0.179 0.018 0.111 0.021 0.044 0.034 0.008 0.035 0.037
311 A 0.301 0.031 0.025 0.029 0.021 0.025 0.04 0.077 0.015 0.043 0.059 0.044 0.017 0.021 0.029 0.084 0.049 0.005 0.017 0.068
312 I 0.046 0.019 0.014 0.017 0.016 0.014 0.018 0.02 0.009 0.24 0.22 0.024 0.039 0.046 0.014 0.024 0.038 0.006 0.021 0.154
313 F 0.04 0.018 0.016 0.017 0.013 0.012 0.018 0.023 0.013 0.172 0.139 0.021 0.031 0.22 0.012 0.025 0.032 0.011 0.054 0.114
314 G 0.077 0.023 0.039 0.033 0.011 0.019 0.025 0.517 0.013 0.019 0.028 0.033 0.009 0.016 0.019 0.051 0.029 0.005 0.011 0.024
315 G 0.084 0.031 0.04 0.036 0.015 0.025 0.037 0.167 0.015 0.048 0.124 0.041 0.022 0.028 0.023 0.134 0.056 0.006 0.017 0.05
316 G 0.077 0.023 0.039 0.033 0.011 0.019 0.025 0.517 0.013 0.019 0.028 0.033 0.009 0.016 0.019 0.051 0.029 0.005 0.011 0.024
317 F 0.035 0.021 0.018 0.017 0.01 0.013 0.021 0.025 0.024 0.058 0.101 0.022 0.023 0.329 0.012 0.026 0.026 0.019 0.148 0.052
318 G 0.133 0.025 0.035 0.032 0.013 0.02 0.029 0.407 0.014 0.025 0.036 0.036 0.011 0.017 0.021 0.059 0.034 0.005 0.012 0.035
319 G 0.085 0.027 0.042 0.037 0.012 0.022 0.032 0.404 0.015 0.021 0.031 0.038 0.011 0.017 0.021 0.096 0.042 0.005 0.012 0.028
320 T 0.073 0.036 0.044 0.038 0.018 0.028 0.04 0.044 0.014 0.053 0.065 0.046 0.02 0.024 0.028 0.093 0.244 0.006 0.018 0.071
