#Seq2Logo.py -f /work3/idamei/wzy_ssn/run/1e-50/run/150/MSAs/0006_119.afa -o /work3/idamei/wzy_ssn/run/1e-50/run/150/logos/0006_119.logo
#Position Specific Frequency Matrix
A R N D C Q E G H I L K M F P S T W Y V
0 L 0.051 0.032 0.02 0.02 0.016 0.028 0.028 0.028 0.016 0.099 0.194 0.036 0.173 0.047 0.016 0.036 0.04 0.008 0.024 0.091
1 I 0.054 0.02 0.019 0.021 0.016 0.016 0.022 0.026 0.01 0.25 0.15 0.027 0.034 0.041 0.016 0.05 0.044 0.006 0.02 0.157
2 F 0.042 0.025 0.057 0.026 0.012 0.019 0.025 0.029 0.024 0.112 0.114 0.029 0.043 0.15 0.015 0.033 0.034 0.014 0.114 0.083
3 N 0.044 0.05 0.145 0.049 0.009 0.033 0.045 0.044 0.035 0.032 0.048 0.09 0.015 0.062 0.02 0.051 0.039 0.014 0.138 0.036
4 L 0.04 0.022 0.016 0.017 0.013 0.015 0.02 0.023 0.018 0.113 0.204 0.024 0.034 0.178 0.013 0.026 0.031 0.014 0.094 0.087
5 I 0.07 0.029 0.041 0.107 0.015 0.024 0.046 0.044 0.015 0.127 0.089 0.04 0.023 0.029 0.022 0.111 0.055 0.005 0.017 0.092
6 Y 0.04 0.134 0.026 0.022 0.009 0.029 0.034 0.027 0.034 0.04 0.068 0.058 0.019 0.136 0.016 0.034 0.03 0.019 0.183 0.042
7 D 0.052 0.027 0.048 0.217 0.009 0.025 0.061 0.121 0.016 0.023 0.03 0.041 0.01 0.014 0.18 0.049 0.034 0.004 0.012 0.026
8 L 0.044 0.024 0.014 0.015 0.016 0.016 0.02 0.021 0.01 0.115 0.377 0.025 0.049 0.055 0.014 0.024 0.033 0.007 0.022 0.096
9 N 0.043 0.045 0.315 0.083 0.009 0.034 0.05 0.065 0.032 0.023 0.032 0.054 0.011 0.018 0.02 0.07 0.05 0.005 0.016 0.027
10 G 0.078 0.023 0.039 0.034 0.011 0.019 0.026 0.509 0.014 0.019 0.028 0.034 0.009 0.016 0.019 0.051 0.03 0.005 0.011 0.024
11 R 0.044 0.196 0.179 0.057 0.008 0.041 0.051 0.049 0.027 0.023 0.039 0.087 0.013 0.018 0.02 0.057 0.042 0.005 0.017 0.029
12 K 0.057 0.107 0.041 0.041 0.009 0.053 0.071 0.043 0.021 0.028 0.043 0.28 0.015 0.015 0.028 0.053 0.04 0.005 0.017 0.033
13 W 0.038 0.022 0.015 0.016 0.012 0.015 0.021 0.025 0.012 0.112 0.163 0.023 0.029 0.055 0.011 0.024 0.03 0.251 0.045 0.083
14 L 0.043 0.022 0.015 0.016 0.015 0.015 0.019 0.022 0.011 0.133 0.301 0.024 0.043 0.109 0.014 0.024 0.033 0.008 0.033 0.102
15 G 0.067 0.064 0.04 0.037 0.01 0.036 0.047 0.28 0.017 0.023 0.035 0.161 0.012 0.016 0.023 0.052 0.034 0.005 0.014 0.028
16 Y 0.043 0.024 0.018 0.017 0.013 0.018 0.023 0.023 0.028 0.12 0.171 0.027 0.03 0.089 0.015 0.028 0.032 0.017 0.175 0.09
17 F 0.048 0.021 0.018 0.02 0.012 0.014 0.024 0.028 0.014 0.078 0.097 0.026 0.023 0.21 0.135 0.031 0.034 0.01 0.052 0.105
18 L 0.044 0.023 0.016 0.017 0.015 0.017 0.021 0.023 0.013 0.139 0.214 0.026 0.071 0.135 0.014 0.027 0.034 0.009 0.038 0.104
19 V 0.073 0.025 0.025 0.025 0.018 0.02 0.029 0.034 0.011 0.159 0.116 0.032 0.028 0.034 0.019 0.08 0.054 0.005 0.02 0.194
20 G 0.059 0.022 0.024 0.024 0.013 0.016 0.026 0.151 0.013 0.067 0.076 0.03 0.019 0.115 0.137 0.038 0.035 0.007 0.033 0.097
21 F 0.04 0.018 0.016 0.017 0.013 0.012 0.018 0.023 0.013 0.172 0.139 0.021 0.031 0.22 0.012 0.025 0.032 0.011 0.054 0.114
22 L 0.062 0.025 0.025 0.024 0.134 0.018 0.027 0.036 0.013 0.062 0.151 0.029 0.026 0.123 0.017 0.08 0.044 0.008 0.035 0.062
23 F 0.039 0.02 0.015 0.016 0.013 0.012 0.019 0.023 0.013 0.13 0.194 0.021 0.034 0.222 0.012 0.025 0.031 0.012 0.054 0.094
24 F 0.055 0.024 0.025 0.025 0.014 0.017 0.027 0.034 0.015 0.109 0.108 0.028 0.025 0.214 0.016 0.077 0.043 0.011 0.053 0.081
25 I 0.049 0.018 0.015 0.017 0.016 0.013 0.018 0.021 0.009 0.267 0.161 0.024 0.036 0.042 0.015 0.026 0.04 0.006 0.02 0.187
26 Y 0.048 0.029 0.027 0.023 0.011 0.023 0.03 0.029 0.038 0.045 0.067 0.034 0.019 0.102 0.018 0.046 0.085 0.022 0.25 0.052
27 L 0.045 0.021 0.014 0.016 0.016 0.015 0.019 0.021 0.009 0.198 0.275 0.024 0.043 0.049 0.014 0.024 0.036 0.006 0.021 0.134
28 F 0.038 0.022 0.017 0.017 0.012 0.015 0.021 0.024 0.022 0.07 0.169 0.023 0.029 0.244 0.013 0.026 0.028 0.017 0.131 0.062
29 F 0.038 0.031 0.172 0.049 0.01 0.022 0.034 0.045 0.024 0.042 0.072 0.036 0.018 0.207 0.015 0.047 0.037 0.011 0.051 0.04
30 L 0.044 0.022 0.014 0.016 0.016 0.015 0.019 0.021 0.01 0.156 0.33 0.025 0.046 0.051 0.014 0.024 0.034 0.007 0.022 0.115
31 K 0.056 0.106 0.041 0.041 0.008 0.053 0.07 0.043 0.02 0.027 0.043 0.289 0.015 0.015 0.027 0.053 0.039 0.005 0.017 0.032
32 L 0.047 0.023 0.016 0.017 0.016 0.017 0.021 0.022 0.011 0.194 0.227 0.027 0.074 0.047 0.015 0.027 0.038 0.007 0.022 0.133
33 N 0.114 0.038 0.18 0.057 0.014 0.03 0.044 0.062 0.023 0.035 0.046 0.049 0.015 0.02 0.024 0.078 0.101 0.005 0.016 0.048
34 F 0.037 0.021 0.017 0.016 0.012 0.013 0.02 0.024 0.019 0.073 0.175 0.022 0.03 0.277 0.012 0.025 0.027 0.016 0.101 0.063
35 F 0.042 0.02 0.018 0.02 0.012 0.014 0.023 0.027 0.014 0.108 0.107 0.025 0.024 0.212 0.134 0.029 0.031 0.01 0.052 0.078
36 P 0.056 0.025 0.023 0.031 0.01 0.02 0.036 0.036 0.013 0.025 0.036 0.041 0.01 0.013 0.501 0.043 0.036 0.003 0.013 0.031
37 Y 0.048 0.025 0.018 0.017 0.013 0.019 0.025 0.024 0.028 0.09 0.162 0.028 0.029 0.087 0.015 0.029 0.034 0.017 0.175 0.117
38 Y 0.061 0.03 0.03 0.029 0.011 0.024 0.036 0.038 0.031 0.035 0.053 0.039 0.016 0.073 0.14 0.084 0.043 0.016 0.171 0.041
39 L 0.051 0.027 0.021 0.02 0.016 0.019 0.025 0.026 0.011 0.098 0.305 0.03 0.042 0.046 0.017 0.041 0.089 0.007 0.021 0.089
40 L 0.051 0.02 0.015 0.017 0.017 0.015 0.019 0.021 0.009 0.21 0.211 0.024 0.038 0.044 0.015 0.026 0.04 0.006 0.021 0.181
41 L 0.105 0.024 0.017 0.019 0.016 0.017 0.025 0.036 0.013 0.083 0.235 0.028 0.035 0.131 0.017 0.039 0.035 0.009 0.037 0.078
42 P 0.047 0.023 0.019 0.023 0.012 0.017 0.027 0.029 0.013 0.057 0.142 0.031 0.024 0.119 0.257 0.034 0.032 0.007 0.034 0.053
43 L 0.05 0.028 0.023 0.021 0.015 0.02 0.027 0.027 0.02 0.081 0.225 0.031 0.034 0.065 0.018 0.042 0.088 0.012 0.097 0.076
44 G 0.075 0.027 0.031 0.028 0.016 0.021 0.03 0.157 0.013 0.081 0.146 0.034 0.026 0.031 0.02 0.085 0.048 0.006 0.018 0.11
45 L 0.051 0.021 0.021 0.02 0.014 0.015 0.02 0.145 0.011 0.126 0.207 0.026 0.033 0.085 0.015 0.031 0.033 0.007 0.027 0.092
46 F 0.105 0.022 0.018 0.02 0.015 0.015 0.024 0.036 0.013 0.119 0.146 0.027 0.029 0.171 0.017 0.039 0.036 0.01 0.045 0.093
47 G 0.077 0.023 0.039 0.033 0.011 0.019 0.025 0.517 0.013 0.019 0.028 0.033 0.009 0.016 0.019 0.051 0.029 0.005 0.011 0.024
48 L 0.041 0.022 0.015 0.016 0.014 0.014 0.02 0.022 0.012 0.097 0.292 0.023 0.041 0.167 0.013 0.024 0.03 0.01 0.044 0.082
49 L 0.046 0.022 0.015 0.016 0.094 0.014 0.019 0.024 0.011 0.094 0.284 0.023 0.04 0.105 0.014 0.027 0.032 0.008 0.031 0.082
50 I 0.044 0.021 0.017 0.018 0.014 0.016 0.021 0.022 0.021 0.2 0.133 0.026 0.03 0.072 0.015 0.027 0.036 0.013 0.122 0.132
51 F 0.033 0.019 0.017 0.017 0.01 0.01 0.019 0.025 0.017 0.062 0.113 0.019 0.025 0.396 0.01 0.025 0.025 0.017 0.087 0.054
52 F 0.043 0.019 0.016 0.017 0.014 0.012 0.019 0.023 0.013 0.157 0.134 0.021 0.03 0.219 0.013 0.026 0.033 0.011 0.054 0.127
53 F 0.044 0.054 0.029 0.03 0.01 0.075 0.052 0.033 0.021 0.045 0.078 0.104 0.021 0.205 0.018 0.039 0.032 0.011 0.053 0.044
54 N 0.051 0.038 0.177 0.067 0.129 0.035 0.105 0.049 0.024 0.028 0.041 0.05 0.013 0.018 0.02 0.058 0.042 0.005 0.015 0.035
55 L 0.056 0.023 0.015 0.016 0.017 0.016 0.021 0.023 0.009 0.138 0.257 0.025 0.04 0.045 0.015 0.028 0.041 0.006 0.021 0.187
56 I 0.049 0.02 0.015 0.017 0.016 0.014 0.019 0.021 0.009 0.225 0.216 0.024 0.039 0.045 0.015 0.025 0.039 0.006 0.021 0.167
57 K 0.059 0.119 0.041 0.039 0.011 0.046 0.06 0.041 0.019 0.033 0.048 0.206 0.016 0.018 0.026 0.061 0.093 0.005 0.017 0.042
58 N 0.059 0.082 0.222 0.067 0.011 0.035 0.05 0.061 0.027 0.024 0.035 0.061 0.013 0.018 0.022 0.106 0.055 0.005 0.016 0.031
59 G 0.063 0.049 0.111 0.047 0.01 0.031 0.042 0.285 0.02 0.022 0.032 0.102 0.011 0.016 0.021 0.056 0.037 0.005 0.013 0.027
60 L 0.045 0.021 0.014 0.016 0.016 0.015 0.019 0.021 0.009 0.198 0.275 0.024 0.043 0.049 0.014 0.024 0.036 0.006 0.021 0.134
61 L 0.05 0.065 0.028 0.028 0.012 0.035 0.045 0.032 0.015 0.071 0.211 0.153 0.032 0.035 0.021 0.039 0.036 0.006 0.02 0.064
62 L 0.057 0.023 0.015 0.016 0.018 0.016 0.022 0.023 0.009 0.139 0.254 0.026 0.04 0.045 0.015 0.028 0.041 0.006 0.021 0.184
63 P 0.054 0.09 0.031 0.04 0.009 0.037 0.08 0.037 0.018 0.025 0.039 0.117 0.012 0.014 0.263 0.047 0.036 0.004 0.015 0.031
64 K 0.053 0.168 0.04 0.038 0.008 0.051 0.065 0.04 0.021 0.026 0.043 0.246 0.015 0.016 0.025 0.051 0.038 0.005 0.017 0.032
65 K 0.048 0.067 0.043 0.127 0.008 0.039 0.064 0.039 0.026 0.03 0.045 0.163 0.015 0.044 0.023 0.047 0.035 0.01 0.093 0.034
66 Y 0.057 0.035 0.037 0.031 0.011 0.028 0.04 0.038 0.119 0.034 0.053 0.04 0.017 0.077 0.02 0.084 0.041 0.017 0.182 0.039
67 F 0.038 0.022 0.017 0.017 0.012 0.015 0.021 0.024 0.022 0.07 0.169 0.023 0.029 0.244 0.013 0.026 0.028 0.017 0.131 0.062
68 F 0.056 0.033 0.105 0.041 0.011 0.024 0.037 0.045 0.028 0.039 0.063 0.039 0.017 0.141 0.019 0.089 0.046 0.013 0.112 0.042
69 F 0.037 0.023 0.019 0.018 0.01 0.016 0.023 0.025 0.031 0.053 0.09 0.025 0.022 0.262 0.013 0.028 0.026 0.022 0.208 0.05
70 F 0.039 0.02 0.015 0.016 0.013 0.012 0.019 0.023 0.013 0.13 0.194 0.021 0.034 0.222 0.012 0.025 0.031 0.012 0.054 0.094
71 F 0.052 0.021 0.016 0.017 0.015 0.014 0.021 0.024 0.012 0.119 0.154 0.023 0.031 0.173 0.014 0.029 0.038 0.01 0.046 0.172
72 L 0.044 0.022 0.014 0.016 0.016 0.015 0.019 0.021 0.01 0.156 0.33 0.025 0.046 0.051 0.014 0.024 0.034 0.007 0.022 0.115
73 I 0.052 0.018 0.015 0.017 0.017 0.014 0.019 0.021 0.009 0.252 0.156 0.024 0.035 0.041 0.015 0.027 0.042 0.006 0.02 0.2
74 L 0.061 0.026 0.024 0.024 0.016 0.019 0.027 0.032 0.012 0.135 0.244 0.032 0.037 0.043 0.018 0.076 0.046 0.006 0.02 0.101
75 L 0.042 0.02 0.015 0.016 0.015 0.014 0.019 0.022 0.011 0.164 0.234 0.023 0.038 0.136 0.013 0.024 0.033 0.009 0.038 0.114
76 L 0.057 0.027 0.024 0.024 0.015 0.019 0.028 0.033 0.014 0.08 0.231 0.03 0.035 0.131 0.017 0.076 0.043 0.009 0.037 0.071
77 L 0.065 0.028 0.031 0.029 0.014 0.021 0.031 0.098 0.015 0.06 0.146 0.034 0.026 0.123 0.019 0.088 0.071 0.009 0.035 0.059
78 L 0.078 0.025 0.018 0.019 0.016 0.019 0.024 0.031 0.013 0.094 0.196 0.028 0.068 0.131 0.016 0.036 0.037 0.009 0.038 0.103
79 I 0.039 0.019 0.015 0.017 0.012 0.013 0.019 0.024 0.012 0.164 0.124 0.022 0.028 0.136 0.012 0.024 0.031 0.132 0.049 0.108
80 L 0.088 0.026 0.023 0.022 0.134 0.02 0.027 0.037 0.02 0.059 0.142 0.031 0.025 0.056 0.019 0.063 0.04 0.011 0.095 0.063
81 L 0.117 0.026 0.022 0.023 0.017 0.02 0.028 0.04 0.012 0.127 0.205 0.033 0.034 0.039 0.02 0.065 0.045 0.006 0.02 0.101
82 I 0.044 0.018 0.016 0.017 0.014 0.012 0.019 0.023 0.012 0.185 0.141 0.022 0.031 0.175 0.013 0.026 0.035 0.01 0.045 0.142
83 S 0.108 0.04 0.053 0.048 0.017 0.033 0.052 0.065 0.019 0.029 0.041 0.053 0.015 0.021 0.029 0.231 0.081 0.005 0.017 0.041
84 F 0.04 0.025 0.019 0.018 0.011 0.019 0.024 0.026 0.027 0.064 0.116 0.027 0.06 0.209 0.014 0.03 0.03 0.019 0.162 0.06
85 L 0.049 0.025 0.016 0.017 0.016 0.019 0.022 0.023 0.011 0.137 0.278 0.027 0.076 0.049 0.015 0.028 0.037 0.007 0.022 0.127
86 L 0.049 0.024 0.018 0.018 0.014 0.018 0.023 0.025 0.017 0.1 0.165 0.027 0.066 0.142 0.014 0.03 0.036 0.012 0.077 0.124
87 N 0.042 0.044 0.327 0.082 0.009 0.033 0.049 0.064 0.031 0.022 0.031 0.053 0.011 0.018 0.02 0.069 0.049 0.004 0.015 0.027
88 G 0.061 0.047 0.035 0.036 0.011 0.121 0.062 0.155 0.02 0.073 0.067 0.059 0.021 0.021 0.02 0.047 0.039 0.006 0.018 0.08
89 G 0.055 0.044 0.04 0.124 0.011 0.028 0.051 0.157 0.015 0.087 0.066 0.097 0.017 0.022 0.021 0.045 0.036 0.005 0.015 0.064
90 G 0.091 0.031 0.04 0.037 0.016 0.025 0.038 0.168 0.015 0.06 0.06 0.041 0.018 0.023 0.023 0.136 0.06 0.005 0.016 0.097
91 D 0.04 0.029 0.068 0.406 0.007 0.029 0.09 0.046 0.018 0.022 0.028 0.044 0.009 0.015 0.022 0.051 0.035 0.004 0.011 0.024
92 F 0.036 0.02 0.016 0.016 0.012 0.012 0.019 0.024 0.015 0.075 0.181 0.02 0.031 0.31 0.011 0.025 0.027 0.014 0.071 0.064
93 Y 0.038 0.025 0.02 0.018 0.009 0.019 0.025 0.025 0.039 0.048 0.079 0.028 0.02 0.196 0.014 0.029 0.027 0.025 0.268 0.048
94 F 0.034 0.02 0.017 0.017 0.01 0.012 0.02 0.025 0.02 0.06 0.107 0.02 0.024 0.363 0.011 0.026 0.025 0.018 0.118 0.053
95 L 0.054 0.021 0.016 0.017 0.016 0.015 0.021 0.024 0.011 0.125 0.188 0.024 0.034 0.13 0.014 0.028 0.039 0.009 0.038 0.177
96 K 0.054 0.083 0.034 0.035 0.01 0.043 0.057 0.037 0.017 0.091 0.073 0.222 0.021 0.022 0.024 0.046 0.039 0.005 0.018 0.068
97 E 0.054 0.049 0.04 0.089 0.007 0.064 0.307 0.034 0.025 0.022 0.036 0.074 0.013 0.016 0.025 0.054 0.036 0.005 0.016 0.031
98 I 0.051 0.025 0.093 0.034 0.015 0.019 0.027 0.032 0.014 0.187 0.123 0.031 0.029 0.035 0.016 0.038 0.044 0.005 0.019 0.164
99 L 0.05 0.019 0.015 0.016 0.135 0.014 0.018 0.023 0.009 0.18 0.195 0.023 0.034 0.04 0.015 0.028 0.037 0.006 0.019 0.125
100 L 0.057 0.022 0.015 0.017 0.017 0.016 0.021 0.023 0.009 0.159 0.229 0.025 0.038 0.043 0.015 0.028 0.042 0.006 0.021 0.197
101 L 0.042 0.026 0.018 0.017 0.013 0.019 0.024 0.023 0.028 0.078 0.226 0.028 0.034 0.091 0.015 0.027 0.03 0.017 0.175 0.07
102 S 0.156 0.037 0.046 0.043 0.018 0.031 0.049 0.068 0.018 0.033 0.046 0.051 0.016 0.021 0.029 0.195 0.073 0.005 0.017 0.048
103 L 0.05 0.023 0.015 0.016 0.017 0.016 0.021 0.022 0.009 0.126 0.321 0.025 0.044 0.049 0.015 0.026 0.037 0.007 0.022 0.141
104 V 0.055 0.023 0.023 0.022 0.016 0.017 0.024 0.028 0.012 0.14 0.118 0.028 0.028 0.125 0.017 0.043 0.093 0.008 0.036 0.144
105 F 0.055 0.027 0.027 0.025 0.013 0.019 0.029 0.034 0.024 0.056 0.117 0.031 0.024 0.193 0.017 0.078 0.041 0.015 0.122 0.054
106 F 0.037 0.023 0.019 0.018 0.01 0.016 0.023 0.025 0.031 0.053 0.09 0.025 0.022 0.262 0.013 0.028 0.026 0.022 0.208 0.05
107 F 0.033 0.019 0.017 0.017 0.01 0.01 0.019 0.025 0.017 0.062 0.113 0.019 0.025 0.396 0.01 0.025 0.025 0.017 0.087 0.054
108 S 0.156 0.037 0.046 0.043 0.018 0.031 0.049 0.068 0.018 0.033 0.046 0.051 0.016 0.021 0.029 0.195 0.073 0.005 0.017 0.048
109 A 0.301 0.031 0.025 0.029 0.021 0.025 0.04 0.077 0.015 0.043 0.059 0.044 0.017 0.021 0.029 0.084 0.049 0.005 0.017 0.068
110 L 0.039 0.021 0.015 0.016 0.013 0.013 0.019 0.023 0.013 0.088 0.249 0.022 0.037 0.225 0.012 0.024 0.029 0.012 0.055 0.074
111 F 0.052 0.024 0.026 0.025 0.012 0.016 0.027 0.035 0.017 0.054 0.095 0.027 0.023 0.302 0.015 0.077 0.039 0.014 0.07 0.051
112 L 0.051 0.02 0.015 0.017 0.017 0.015 0.019 0.021 0.009 0.21 0.211 0.024 0.038 0.044 0.015 0.026 0.04 0.006 0.021 0.181
113 K 0.059 0.085 0.035 0.035 0.011 0.044 0.058 0.038 0.017 0.061 0.064 0.223 0.019 0.02 0.024 0.048 0.042 0.005 0.018 0.094
114 Y 0.066 0.039 0.031 0.028 0.014 0.027 0.038 0.037 0.027 0.067 0.073 0.067 0.02 0.064 0.021 0.084 0.048 0.014 0.134 0.102
115 L 0.048 0.02 0.015 0.017 0.015 0.014 0.02 0.023 0.011 0.155 0.198 0.023 0.035 0.132 0.014 0.027 0.036 0.009 0.038 0.151
116 L 0.047 0.023 0.017 0.017 0.014 0.016 0.022 0.024 0.02 0.095 0.173 0.025 0.031 0.153 0.014 0.028 0.034 0.014 0.114 0.119
117 K 0.059 0.076 0.033 0.033 0.169 0.039 0.052 0.039 0.016 0.033 0.05 0.197 0.016 0.017 0.024 0.049 0.038 0.005 0.015 0.04
118 L 0.047 0.052 0.026 0.025 0.011 0.03 0.039 0.029 0.025 0.089 0.128 0.113 0.026 0.065 0.019 0.036 0.034 0.013 0.121 0.071
119 L 0.052 0.023 0.022 0.022 0.014 0.016 0.024 0.03 0.013 0.138 0.164 0.027 0.031 0.158 0.016 0.059 0.041 0.01 0.043 0.099
120 G 0.063 0.025 0.05 0.173 0.009 0.023 0.05 0.341 0.015 0.02 0.028 0.037 0.009 0.015 0.02 0.051 0.031 0.005 0.011 0.024
121 V 0.051 0.041 0.022 0.023 0.013 0.023 0.032 0.028 0.013 0.133 0.112 0.089 0.027 0.122 0.017 0.034 0.038 0.008 0.036 0.135
122 D 0.049 0.038 0.123 0.141 0.01 0.032 0.058 0.048 0.107 0.03 0.04 0.047 0.014 0.021 0.022 0.063 0.092 0.005 0.025 0.036
123 Y 0.046 0.027 0.026 0.023 0.012 0.02 0.028 0.029 0.031 0.05 0.078 0.031 0.02 0.169 0.017 0.044 0.084 0.019 0.19 0.054
124 N 0.042 0.041 0.262 0.163 0.008 0.032 0.059 0.06 0.028 0.022 0.03 0.051 0.011 0.017 0.02 0.064 0.045 0.004 0.014 0.026
125 Y 0.038 0.026 0.032 0.115 0.009 0.021 0.041 0.03 0.032 0.043 0.069 0.031 0.018 0.167 0.016 0.034 0.029 0.019 0.189 0.043
126 D 0.048 0.05 0.119 0.16 0.008 0.046 0.158 0.046 0.024 0.023 0.034 0.088 0.012 0.016 0.023 0.057 0.039 0.005 0.015 0.028
127 N 0.049 0.038 0.191 0.152 0.011 0.031 0.057 0.054 0.024 0.03 0.038 0.049 0.013 0.018 0.022 0.07 0.097 0.005 0.015 0.037
128 L 0.045 0.021 0.014 0.016 0.016 0.015 0.019 0.021 0.009 0.198 0.275 0.024 0.043 0.049 0.014 0.024 0.036 0.006 0.021 0.134
129 T 0.065 0.027 0.029 0.027 0.017 0.021 0.03 0.033 0.011 0.137 0.106 0.035 0.027 0.031 0.021 0.06 0.151 0.006 0.019 0.148
130 K 0.051 0.076 0.035 0.036 0.01 0.086 0.065 0.037 0.021 0.042 0.095 0.172 0.022 0.067 0.022 0.046 0.037 0.007 0.027 0.043
131 F 0.044 0.026 0.094 0.033 0.012 0.018 0.027 0.035 0.018 0.077 0.096 0.029 0.023 0.211 0.014 0.038 0.037 0.011 0.053 0.104
132 L 0.097 0.029 0.031 0.03 0.016 0.022 0.034 0.046 0.016 0.06 0.147 0.036 0.026 0.123 0.021 0.109 0.051 0.008 0.036 0.061
133 V 0.089 0.031 0.035 0.033 0.018 0.024 0.037 0.045 0.013 0.096 0.085 0.04 0.023 0.028 0.023 0.132 0.065 0.005 0.019 0.16
134 L 0.044 0.022 0.016 0.017 0.014 0.016 0.021 0.022 0.018 0.18 0.196 0.026 0.035 0.067 0.015 0.026 0.035 0.012 0.098 0.122
135 A 0.186 0.029 0.027 0.028 0.02 0.023 0.035 0.055 0.013 0.075 0.077 0.04 0.021 0.025 0.025 0.073 0.101 0.005 0.018 0.121
136 V 0.057 0.021 0.015 0.017 0.017 0.015 0.021 0.022 0.009 0.18 0.202 0.025 0.037 0.042 0.015 0.028 0.042 0.006 0.021 0.207
137 V 0.108 0.027 0.027 0.027 0.019 0.021 0.032 0.041 0.012 0.114 0.098 0.035 0.025 0.03 0.021 0.089 0.057 0.005 0.019 0.194
138 F 0.045 0.019 0.016 0.017 0.014 0.013 0.019 0.024 0.013 0.142 0.13 0.022 0.029 0.218 0.013 0.027 0.034 0.011 0.054 0.141
139 Q 0.055 0.072 0.043 0.046 0.009 0.226 0.101 0.041 0.029 0.026 0.046 0.09 0.02 0.014 0.023 0.055 0.041 0.006 0.02 0.035
140 L 0.044 0.024 0.014 0.015 0.016 0.016 0.02 0.021 0.01 0.114 0.385 0.025 0.049 0.054 0.014 0.024 0.033 0.007 0.022 0.095
141 L 0.042 0.019 0.015 0.017 0.015 0.013 0.018 0.022 0.011 0.185 0.207 0.023 0.037 0.134 0.013 0.025 0.034 0.009 0.038 0.124
142 F 0.039 0.02 0.015 0.016 0.013 0.012 0.019 0.023 0.013 0.13 0.194 0.021 0.034 0.222 0.012 0.025 0.031 0.012 0.054 0.094
143 S 0.108 0.04 0.053 0.048 0.017 0.033 0.052 0.065 0.019 0.029 0.041 0.053 0.015 0.021 0.029 0.231 0.081 0.005 0.017 0.041
144 L 0.042 0.021 0.015 0.016 0.015 0.014 0.019 0.022 0.011 0.143 0.262 0.023 0.04 0.137 0.013 0.024 0.033 0.009 0.038 0.104
145 I 0.049 0.02 0.015 0.017 0.016 0.014 0.019 0.021 0.009 0.225 0.216 0.024 0.039 0.045 0.015 0.025 0.039 0.006 0.021 0.167
146 A 0.184 0.025 0.021 0.023 0.138 0.02 0.03 0.053 0.011 0.073 0.077 0.033 0.02 0.024 0.023 0.06 0.046 0.005 0.017 0.118
147 Y 0.04 0.032 0.098 0.034 0.009 0.024 0.033 0.034 0.042 0.038 0.058 0.036 0.017 0.101 0.017 0.04 0.033 0.022 0.25 0.041
148 I 0.05 0.022 0.017 0.018 0.015 0.017 0.022 0.024 0.012 0.151 0.15 0.026 0.066 0.131 0.014 0.029 0.038 0.009 0.038 0.15
149 N 0.053 0.032 0.171 0.05 0.014 0.024 0.035 0.044 0.02 0.107 0.084 0.039 0.022 0.027 0.018 0.05 0.047 0.005 0.018 0.14
150 P 0.117 0.027 0.024 0.03 0.013 0.022 0.037 0.046 0.013 0.03 0.041 0.041 0.012 0.015 0.383 0.053 0.039 0.003 0.014 0.04
151 S 0.089 0.034 0.041 0.038 0.018 0.027 0.041 0.049 0.015 0.068 0.069 0.044 0.02 0.025 0.025 0.147 0.117 0.005 0.018 0.108
152 F 0.039 0.021 0.015 0.016 0.013 0.013 0.019 0.023 0.013 0.109 0.221 0.022 0.035 0.224 0.012 0.025 0.03 0.012 0.055 0.084
153 F 0.033 0.019 0.017 0.017 0.01 0.01 0.019 0.025 0.017 0.062 0.113 0.019 0.025 0.396 0.01 0.025 0.025 0.017 0.087 0.054
154 N 0.042 0.041 0.262 0.163 0.008 0.032 0.059 0.06 0.028 0.022 0.03 0.051 0.011 0.017 0.02 0.064 0.045 0.004 0.014 0.026
155 L 0.08 0.025 0.019 0.02 0.017 0.018 0.024 0.031 0.011 0.139 0.249 0.029 0.038 0.043 0.018 0.04 0.065 0.006 0.02 0.108
156 I 0.058 0.021 0.019 0.02 0.017 0.016 0.022 0.025 0.009 0.208 0.139 0.027 0.032 0.038 0.017 0.036 0.07 0.006 0.02 0.201
157 F 0.037 0.018 0.016 0.017 0.012 0.011 0.018 0.024 0.015 0.117 0.126 0.02 0.028 0.308 0.011 0.025 0.029 0.014 0.071 0.084
158 S 0.095 0.048 0.051 0.048 0.015 0.081 0.064 0.059 0.021 0.028 0.043 0.062 0.017 0.019 0.028 0.187 0.071 0.005 0.018 0.04
159 I 0.046 0.019 0.014 0.017 0.016 0.014 0.018 0.02 0.009 0.24 0.22 0.024 0.039 0.046 0.014 0.024 0.038 0.006 0.021 0.154
160 V 0.052 0.019 0.016 0.017 0.016 0.014 0.02 0.023 0.01 0.182 0.138 0.023 0.032 0.129 0.014 0.028 0.039 0.008 0.037 0.184
161 N 0.066 0.039 0.16 0.15 0.012 0.032 0.06 0.06 0.023 0.025 0.034 0.051 0.012 0.018 0.024 0.125 0.057 0.004 0.015 0.031
162 I 0.046 0.102 0.02 0.021 0.014 0.022 0.026 0.023 0.012 0.217 0.136 0.047 0.031 0.037 0.016 0.029 0.038 0.006 0.02 0.138
163 G 0.067 0.034 0.122 0.142 0.011 0.028 0.054 0.173 0.02 0.023 0.032 0.046 0.011 0.017 0.022 0.101 0.048 0.005 0.014 0.029
164 G 0.078 0.023 0.039 0.034 0.011 0.019 0.026 0.511 0.013 0.019 0.028 0.034 0.009 0.016 0.019 0.051 0.03 0.005 0.011 0.024
165 L 0.043 0.025 0.027 0.113 0.014 0.019 0.037 0.027 0.012 0.091 0.295 0.03 0.039 0.044 0.016 0.031 0.033 0.006 0.019 0.077
166 P 0.072 0.034 0.033 0.046 0.013 0.033 0.104 0.04 0.016 0.06 0.06 0.049 0.017 0.021 0.143 0.09 0.05 0.005 0.017 0.096
167 D 0.062 0.05 0.044 0.128 0.012 0.033 0.058 0.044 0.017 0.048 0.124 0.103 0.022 0.026 0.023 0.09 0.047 0.005 0.017 0.048
168 D 0.052 0.036 0.055 0.235 0.01 0.037 0.131 0.042 0.019 0.03 0.039 0.052 0.013 0.017 0.024 0.062 0.091 0.005 0.014 0.037
169 T 0.062 0.05 0.033 0.031 0.015 0.032 0.042 0.037 0.015 0.071 0.099 0.101 0.058 0.029 0.023 0.06 0.122 0.006 0.019 0.092
170 L 0.051 0.022 0.015 0.016 0.017 0.015 0.02 0.022 0.009 0.168 0.266 0.025 0.041 0.047 0.015 0.026 0.038 0.006 0.021 0.161
171 D 0.049 0.042 0.041 0.14 0.01 0.083 0.129 0.035 0.02 0.088 0.069 0.058 0.02 0.022 0.021 0.046 0.038 0.005 0.017 0.066
172 G 0.067 0.036 0.154 0.102 0.011 0.029 0.049 0.175 0.022 0.023 0.032 0.047 0.011 0.018 0.022 0.103 0.05 0.005 0.014 0.029
173 F 0.036 0.02 0.016 0.016 0.012 0.012 0.019 0.024 0.015 0.075 0.181 0.02 0.031 0.31 0.011 0.025 0.027 0.014 0.071 0.064
174 N 0.059 0.043 0.259 0.073 0.011 0.033 0.049 0.065 0.028 0.024 0.034 0.053 0.012 0.018 0.022 0.109 0.057 0.005 0.016 0.03
175 E 0.055 0.055 0.041 0.078 0.008 0.104 0.256 0.036 0.026 0.023 0.039 0.078 0.015 0.016 0.025 0.055 0.037 0.006 0.017 0.032
176 G 0.131 0.024 0.03 0.028 0.015 0.02 0.028 0.284 0.012 0.06 0.061 0.034 0.017 0.022 0.021 0.054 0.039 0.005 0.015 0.099
177 R 0.044 0.355 0.038 0.031 0.008 0.048 0.052 0.032 0.023 0.023 0.046 0.118 0.015 0.017 0.019 0.044 0.034 0.006 0.017 0.031
178 L 0.046 0.026 0.015 0.016 0.016 0.019 0.022 0.023 0.011 0.11 0.337 0.028 0.08 0.052 0.014 0.027 0.035 0.007 0.022 0.094
179 V 0.069 0.022 0.016 0.018 0.019 0.016 0.023 0.024 0.008 0.162 0.128 0.026 0.031 0.035 0.016 0.032 0.049 0.005 0.02 0.28
180 G 0.077 0.023 0.039 0.033 0.011 0.019 0.025 0.517 0.013 0.019 0.028 0.033 0.009 0.016 0.019 0.051 0.029 0.005 0.011 0.024
181 I 0.046 0.019 0.014 0.017 0.016 0.014 0.018 0.02 0.009 0.24 0.22 0.024 0.039 0.046 0.014 0.024 0.038 0.006 0.021 0.154
182 G 0.077 0.023 0.039 0.033 0.011 0.019 0.025 0.517 0.013 0.019 0.028 0.033 0.009 0.016 0.019 0.051 0.029 0.005 0.011 0.024
183 A 0.301 0.031 0.025 0.029 0.021 0.025 0.04 0.077 0.015 0.043 0.059 0.044 0.017 0.021 0.029 0.084 0.049 0.005 0.017 0.068
184 A 0.204 0.035 0.039 0.039 0.019 0.029 0.046 0.071 0.017 0.036 0.05 0.049 0.016 0.021 0.029 0.158 0.065 0.005 0.017 0.055
185 F 0.033 0.019 0.017 0.017 0.01 0.01 0.019 0.025 0.017 0.062 0.113 0.019 0.025 0.396 0.01 0.025 0.025 0.017 0.087 0.054
186 F 0.033 0.019 0.017 0.017 0.01 0.01 0.019 0.025 0.017 0.062 0.113 0.019 0.025 0.396 0.01 0.025 0.025 0.017 0.087 0.054
187 G 0.189 0.027 0.032 0.031 0.016 0.022 0.033 0.297 0.014 0.031 0.043 0.039 0.013 0.019 0.024 0.067 0.039 0.005 0.014 0.046
188 S 0.132 0.038 0.05 0.046 0.018 0.032 0.05 0.067 0.018 0.031 0.043 0.052 0.016 0.021 0.029 0.213 0.077 0.005 0.017 0.045
189 G 0.077 0.023 0.039 0.033 0.011 0.019 0.025 0.517 0.013 0.019 0.028 0.033 0.009 0.016 0.019 0.051 0.029 0.005 0.011 0.024
190 I 0.046 0.017 0.014 0.017 0.016 0.013 0.017 0.02 0.009 0.282 0.165 0.023 0.036 0.044 0.014 0.025 0.039 0.006 0.02 0.174
191 L 0.051 0.022 0.015 0.016 0.017 0.015 0.02 0.022 0.009 0.168 0.266 0.025 0.041 0.047 0.015 0.026 0.038 0.006 0.021 0.161
192 N 0.042 0.044 0.327 0.082 0.009 0.033 0.049 0.064 0.031 0.022 0.031 0.053 0.011 0.018 0.02 0.069 0.049 0.004 0.015 0.027
193 S 0.108 0.04 0.053 0.048 0.017 0.033 0.052 0.065 0.019 0.029 0.041 0.053 0.015 0.021 0.029 0.231 0.081 0.005 0.017 0.041
194 F 0.037 0.018 0.016 0.017 0.012 0.011 0.018 0.024 0.015 0.117 0.126 0.02 0.028 0.308 0.011 0.025 0.029 0.014 0.071 0.084
195 F 0.114 0.026 0.025 0.025 0.016 0.019 0.03 0.042 0.014 0.067 0.089 0.032 0.022 0.164 0.02 0.057 0.092 0.01 0.044 0.09
196 L 0.044 0.024 0.014 0.015 0.016 0.016 0.02 0.021 0.01 0.114 0.385 0.025 0.049 0.054 0.014 0.024 0.033 0.007 0.022 0.095
197 I 0.052 0.018 0.015 0.017 0.017 0.014 0.019 0.021 0.009 0.252 0.156 0.024 0.035 0.041 0.015 0.027 0.042 0.006 0.02 0.2
198 L 0.044 0.024 0.014 0.015 0.016 0.016 0.02 0.021 0.01 0.114 0.385 0.025 0.049 0.054 0.014 0.024 0.033 0.007 0.022 0.095
199 L 0.045 0.021 0.014 0.016 0.016 0.015 0.019 0.021 0.009 0.198 0.275 0.024 0.043 0.049 0.014 0.024 0.036 0.006 0.021 0.134
200 A 0.301 0.031 0.025 0.029 0.021 0.025 0.04 0.077 0.015 0.043 0.059 0.044 0.017 0.021 0.029 0.084 0.049 0.005 0.017 0.068
201 G 0.131 0.03 0.035 0.032 0.015 0.025 0.036 0.171 0.023 0.033 0.049 0.04 0.015 0.047 0.023 0.099 0.047 0.011 0.093 0.045
202 L 0.044 0.025 0.054 0.024 0.014 0.018 0.024 0.027 0.017 0.135 0.246 0.029 0.037 0.056 0.015 0.031 0.036 0.009 0.059 0.1
203 L 0.047 0.023 0.014 0.016 0.016 0.016 0.02 0.021 0.01 0.141 0.325 0.025 0.045 0.05 0.014 0.025 0.036 0.007 0.022 0.128
204 G 0.061 0.048 0.106 0.043 0.012 0.03 0.042 0.162 0.018 0.058 0.057 0.1 0.017 0.021 0.02 0.051 0.041 0.005 0.016 0.091
205 G 0.07 0.049 0.039 0.035 0.011 0.031 0.044 0.162 0.025 0.03 0.045 0.102 0.015 0.045 0.023 0.091 0.044 0.011 0.093 0.036
206 S 0.07 0.041 0.113 0.063 0.012 0.038 0.111 0.052 0.022 0.036 0.08 0.055 0.018 0.023 0.024 0.121 0.056 0.005 0.017 0.042
207 R 0.077 0.193 0.046 0.04 0.013 0.041 0.052 0.049 0.021 0.026 0.044 0.087 0.016 0.019 0.024 0.133 0.058 0.005 0.017 0.036
208 K 0.068 0.056 0.034 0.034 0.073 0.033 0.045 0.041 0.016 0.093 0.076 0.13 0.021 0.024 0.023 0.089 0.049 0.005 0.017 0.073
209 S 0.079 0.037 0.122 0.099 0.013 0.031 0.052 0.119 0.021 0.025 0.035 0.05 0.013 0.019 0.025 0.146 0.061 0.005 0.015 0.033
210 K 0.056 0.085 0.036 0.038 0.009 0.045 0.061 0.041 0.018 0.027 0.041 0.227 0.014 0.015 0.146 0.05 0.038 0.004 0.016 0.032
211 L 0.053 0.049 0.1 0.039 0.013 0.03 0.04 0.038 0.017 0.081 0.147 0.098 0.027 0.031 0.019 0.044 0.042 0.005 0.019 0.108
212 N 0.049 0.075 0.184 0.061 0.009 0.043 0.059 0.053 0.026 0.025 0.037 0.171 0.013 0.017 0.024 0.061 0.044 0.005 0.016 0.029
213 L 0.059 0.034 0.104 0.041 0.013 0.026 0.037 0.044 0.026 0.052 0.131 0.041 0.023 0.055 0.02 0.089 0.047 0.011 0.096 0.052
214 L 0.045 0.033 0.096 0.035 0.013 0.026 0.032 0.036 0.024 0.068 0.127 0.037 0.095 0.094 0.016 0.042 0.039 0.011 0.068 0.065
215 L 0.051 0.042 0.021 0.022 0.014 0.024 0.032 0.027 0.012 0.14 0.212 0.091 0.035 0.039 0.018 0.032 0.038 0.006 0.02 0.122
216 L 0.042 0.026 0.018 0.017 0.013 0.019 0.024 0.023 0.028 0.078 0.226 0.028 0.034 0.091 0.015 0.027 0.03 0.017 0.175 0.07
217 L 0.042 0.021 0.015 0.016 0.015 0.014 0.019 0.022 0.011 0.143 0.262 0.023 0.04 0.137 0.013 0.024 0.033 0.009 0.038 0.104
218 F 0.049 0.023 0.02 0.02 0.014 0.016 0.023 0.027 0.014 0.091 0.121 0.026 0.044 0.216 0.015 0.036 0.062 0.011 0.054 0.117
219 L 0.063 0.026 0.024 0.024 0.134 0.019 0.027 0.036 0.012 0.065 0.177 0.03 0.028 0.038 0.018 0.08 0.044 0.067 0.024 0.064
220 F 0.103 0.025 0.021 0.02 0.013 0.018 0.027 0.038 0.027 0.05 0.082 0.03 0.021 0.202 0.017 0.042 0.032 0.018 0.16 0.055
221 L 0.044 0.022 0.014 0.016 0.016 0.015 0.019 0.021 0.01 0.156 0.33 0.025 0.046 0.051 0.014 0.024 0.034 0.007 0.022 0.115
222 I 0.046 0.019 0.014 0.017 0.016 0.014 0.018 0.02 0.009 0.24 0.22 0.024 0.039 0.046 0.014 0.024 0.038 0.006 0.021 0.154
223 I 0.046 0.019 0.014 0.017 0.016 0.014 0.018 0.02 0.009 0.24 0.22 0.024 0.039 0.046 0.014 0.024 0.038 0.006 0.021 0.154
224 A 0.204 0.035 0.039 0.039 0.019 0.029 0.046 0.071 0.017 0.036 0.05 0.049 0.016 0.021 0.029 0.158 0.065 0.005 0.017 0.055
225 S 0.074 0.029 0.034 0.033 0.015 0.022 0.035 0.044 0.016 0.101 0.09 0.037 0.023 0.12 0.021 0.128 0.056 0.008 0.036 0.078
226 I 0.053 0.022 0.016 0.018 0.017 0.018 0.021 0.023 0.01 0.206 0.163 0.027 0.069 0.042 0.015 0.029 0.042 0.006 0.021 0.18
227 G 0.077 0.023 0.039 0.033 0.011 0.019 0.025 0.517 0.013 0.019 0.028 0.033 0.009 0.016 0.019 0.051 0.029 0.005 0.011 0.024
228 I 0.053 0.022 0.016 0.018 0.017 0.018 0.021 0.023 0.01 0.206 0.163 0.027 0.069 0.042 0.015 0.029 0.042 0.006 0.021 0.18
229 L 0.048 0.026 0.017 0.018 0.016 0.021 0.023 0.024 0.013 0.148 0.234 0.03 0.108 0.048 0.015 0.03 0.038 0.007 0.022 0.113
230 S 0.138 0.032 0.037 0.036 0.017 0.025 0.04 0.058 0.017 0.041 0.063 0.042 0.018 0.115 0.025 0.143 0.059 0.008 0.035 0.051
231 S 0.108 0.04 0.053 0.048 0.017 0.033 0.052 0.065 0.019 0.029 0.041 0.053 0.015 0.021 0.029 0.231 0.081 0.005 0.017 0.041
232 R 0.044 0.355 0.038 0.031 0.008 0.048 0.052 0.032 0.023 0.023 0.046 0.118 0.015 0.017 0.019 0.044 0.034 0.006 0.017 0.031
233 T 0.072 0.035 0.043 0.037 0.018 0.027 0.039 0.043 0.014 0.053 0.064 0.045 0.019 0.023 0.027 0.091 0.258 0.006 0.018 0.07
234 T 0.072 0.035 0.043 0.037 0.018 0.027 0.039 0.043 0.014 0.053 0.064 0.045 0.019 0.023 0.027 0.091 0.258 0.006 0.018 0.07
235 I 0.052 0.018 0.015 0.017 0.017 0.014 0.019 0.021 0.009 0.252 0.156 0.024 0.035 0.041 0.015 0.027 0.042 0.006 0.02 0.2
236 I 0.052 0.018 0.015 0.017 0.017 0.014 0.019 0.021 0.009 0.252 0.156 0.024 0.035 0.041 0.015 0.027 0.042 0.006 0.02 0.2
237 G 0.077 0.023 0.039 0.033 0.011 0.019 0.025 0.517 0.013 0.019 0.028 0.033 0.009 0.016 0.019 0.051 0.029 0.005 0.011 0.024
238 I 0.046 0.017 0.014 0.017 0.016 0.013 0.017 0.02 0.009 0.282 0.165 0.023 0.036 0.044 0.014 0.025 0.039 0.006 0.02 0.174
239 L 0.046 0.024 0.016 0.017 0.015 0.018 0.022 0.024 0.013 0.103 0.237 0.026 0.072 0.135 0.014 0.028 0.035 0.009 0.039 0.107
240 L 0.045 0.021 0.014 0.016 0.016 0.015 0.019 0.021 0.009 0.198 0.275 0.024 0.043 0.049 0.014 0.024 0.036 0.006 0.021 0.134
241 S 0.09 0.034 0.044 0.04 0.016 0.027 0.043 0.055 0.018 0.038 0.059 0.045 0.018 0.114 0.025 0.18 0.067 0.008 0.035 0.045
242 I 0.053 0.022 0.019 0.021 0.016 0.016 0.022 0.026 0.01 0.208 0.205 0.027 0.037 0.043 0.016 0.05 0.043 0.006 0.02 0.138
243 F 0.037 0.021 0.016 0.016 0.013 0.013 0.019 0.024 0.014 0.082 0.215 0.021 0.034 0.268 0.012 0.025 0.028 0.013 0.063 0.069
244 L 0.042 0.019 0.015 0.017 0.015 0.013 0.018 0.022 0.011 0.185 0.207 0.023 0.037 0.134 0.013 0.025 0.034 0.009 0.038 0.124
245 F 0.055 0.024 0.025 0.025 0.014 0.017 0.027 0.034 0.015 0.109 0.108 0.028 0.025 0.214 0.016 0.077 0.043 0.011 0.053 0.081
246 L 0.044 0.023 0.014 0.015 0.016 0.016 0.02 0.021 0.01 0.135 0.357 0.025 0.047 0.053 0.014 0.024 0.034 0.007 0.022 0.105
247 L 0.048 0.027 0.093 0.032 0.133 0.019 0.026 0.035 0.015 0.073 0.216 0.031 0.031 0.036 0.016 0.039 0.038 0.006 0.018 0.068
248 N 0.045 0.055 0.179 0.056 0.009 0.035 0.049 0.049 0.032 0.029 0.043 0.106 0.014 0.045 0.021 0.055 0.041 0.01 0.094 0.033
249 F 0.034 0.019 0.017 0.017 0.011 0.011 0.019 0.025 0.017 0.063 0.114 0.019 0.025 0.387 0.011 0.025 0.025 0.017 0.089 0.055
250 K 0.052 0.082 0.113 0.053 0.009 0.091 0.072 0.047 0.025 0.026 0.041 0.18 0.015 0.016 0.024 0.057 0.042 0.005 0.017 0.032
251 P 0.055 0.111 0.066 0.035 0.012 0.029 0.039 0.038 0.018 0.047 0.126 0.059 0.022 0.026 0.14 0.065 0.042 0.005 0.017 0.047
252 L 0.043 0.029 0.092 0.032 0.014 0.02 0.027 0.032 0.015 0.091 0.296 0.032 0.039 0.045 0.015 0.035 0.037 0.006 0.02 0.078
253 I 0.047 0.018 0.015 0.018 0.016 0.013 0.018 0.021 0.009 0.271 0.168 0.024 0.037 0.044 0.015 0.025 0.04 0.006 0.021 0.177
254 K 0.057 0.107 0.042 0.042 0.009 0.054 0.071 0.043 0.021 0.028 0.043 0.278 0.016 0.016 0.028 0.054 0.04 0.005 0.017 0.033
255 T 0.073 0.036 0.043 0.038 0.018 0.028 0.039 0.043 0.014 0.053 0.065 0.045 0.02 0.024 0.028 0.093 0.246 0.006 0.018 0.071
256 F 0.043 0.024 0.018 0.018 0.013 0.018 0.023 0.024 0.022 0.122 0.135 0.027 0.063 0.154 0.014 0.029 0.033 0.014 0.115 0.091
257 K 0.056 0.106 0.041 0.041 0.009 0.053 0.07 0.043 0.02 0.027 0.043 0.285 0.015 0.015 0.027 0.053 0.039 0.005 0.017 0.032
258 V 0.053 0.022 0.018 0.018 0.014 0.016 0.023 0.025 0.02 0.107 0.109 0.025 0.026 0.149 0.015 0.03 0.037 0.014 0.114 0.165
259 F 0.039 0.02 0.016 0.017 0.012 0.012 0.019 0.024 0.015 0.081 0.149 0.02 0.029 0.308 0.012 0.026 0.029 0.014 0.071 0.087
260 F 0.05 0.023 0.017 0.017 0.014 0.016 0.023 0.024 0.02 0.101 0.141 0.025 0.029 0.151 0.014 0.029 0.036 0.014 0.114 0.142
261 L 0.06 0.028 0.024 0.023 0.016 0.02 0.028 0.032 0.012 0.093 0.299 0.032 0.041 0.046 0.018 0.076 0.045 0.007 0.021 0.081
262 V 0.061 0.023 0.022 0.022 0.017 0.018 0.025 0.027 0.01 0.18 0.126 0.03 0.03 0.035 0.018 0.044 0.097 0.006 0.02 0.188
263 L 0.053 0.021 0.015 0.017 0.016 0.015 0.02 0.023 0.01 0.167 0.2 0.024 0.036 0.087 0.015 0.027 0.039 0.007 0.029 0.179
264 P 0.054 0.023 0.021 0.027 0.012 0.019 0.031 0.032 0.012 0.09 0.068 0.036 0.017 0.02 0.379 0.039 0.037 0.003 0.015 0.066
265 L 0.064 0.025 0.02 0.02 0.018 0.018 0.025 0.028 0.01 0.127 0.214 0.029 0.036 0.04 0.017 0.054 0.047 0.006 0.021 0.181
266 L 0.044 0.02 0.015 0.016 0.015 0.014 0.019 0.021 0.01 0.191 0.241 0.023 0.04 0.091 0.014 0.024 0.035 0.008 0.029 0.129
267 L 0.104 0.023 0.018 0.019 0.015 0.016 0.024 0.036 0.013 0.098 0.174 0.027 0.03 0.173 0.017 0.039 0.035 0.01 0.045 0.083
268 L 0.051 0.022 0.015 0.016 0.017 0.015 0.02 0.022 0.009 0.168 0.266 0.025 0.041 0.047 0.015 0.026 0.038 0.006 0.021 0.161
269 L 0.076 0.032 0.034 0.032 0.017 0.024 0.036 0.043 0.014 0.071 0.213 0.039 0.032 0.037 0.022 0.128 0.057 0.006 0.02 0.068
270 P 0.057 0.026 0.023 0.031 0.01 0.021 0.036 0.036 0.013 0.026 0.036 0.041 0.01 0.013 0.492 0.044 0.036 0.003 0.013 0.031
271 L 0.048 0.021 0.014 0.016 0.016 0.015 0.019 0.021 0.009 0.183 0.27 0.024 0.042 0.048 0.014 0.025 0.037 0.006 0.021 0.148
272 F 0.04 0.018 0.016 0.017 0.013 0.012 0.018 0.023 0.013 0.172 0.139 0.021 0.031 0.22 0.012 0.025 0.032 0.011 0.054 0.114
273 F 0.044 0.022 0.018 0.017 0.012 0.015 0.022 0.025 0.022 0.083 0.105 0.023 0.025 0.239 0.013 0.028 0.032 0.017 0.131 0.109
274 N 0.043 0.045 0.319 0.083 0.009 0.034 0.049 0.065 0.031 0.022 0.031 0.054 0.011 0.018 0.02 0.07 0.049 0.004 0.016 0.027
275 W 0.032 0.021 0.016 0.016 0.009 0.013 0.021 0.028 0.016 0.047 0.083 0.021 0.02 0.224 0.009 0.024 0.024 0.255 0.078 0.043
276 L 0.05 0.021 0.021 0.021 0.013 0.015 0.02 0.146 0.012 0.119 0.173 0.025 0.03 0.127 0.014 0.031 0.032 0.009 0.035 0.087
277 P 0.082 0.052 0.043 0.042 0.013 0.035 0.052 0.052 0.018 0.028 0.04 0.109 0.014 0.017 0.147 0.14 0.059 0.004 0.016 0.036
278 S 0.087 0.04 0.12 0.055 0.015 0.032 0.049 0.062 0.021 0.03 0.042 0.052 0.015 0.02 0.027 0.173 0.095 0.005 0.017 0.041
279 D 0.059 0.034 0.116 0.138 0.012 0.028 0.053 0.049 0.02 0.047 0.121 0.044 0.021 0.027 0.021 0.094 0.049 0.005 0.016 0.047
280 D 0.102 0.038 0.05 0.146 0.013 0.039 0.124 0.054 0.02 0.027 0.039 0.055 0.013 0.018 0.027 0.124 0.054 0.005 0.015 0.038
281 R 0.047 0.278 0.039 0.045 0.008 0.052 0.115 0.033 0.024 0.023 0.043 0.107 0.015 0.017 0.021 0.047 0.035 0.006 0.017 0.031
282 L 0.051 0.028 0.023 0.029 0.014 0.023 0.059 0.029 0.015 0.079 0.23 0.033 0.034 0.131 0.016 0.054 0.037 0.009 0.037 0.07
283 N 0.073 0.035 0.11 0.046 0.016 0.027 0.041 0.049 0.018 0.067 0.066 0.044 0.019 0.024 0.023 0.106 0.109 0.005 0.018 0.104
284 D 0.077 0.036 0.088 0.239 0.009 0.038 0.133 0.049 0.021 0.025 0.034 0.053 0.011 0.016 0.024 0.058 0.039 0.004 0.014 0.031
285 L 0.047 0.036 0.021 0.023 0.014 0.069 0.04 0.026 0.015 0.092 0.3 0.041 0.042 0.044 0.016 0.032 0.035 0.007 0.022 0.08
286 L 0.044 0.022 0.014 0.016 0.016 0.015 0.019 0.021 0.01 0.156 0.33 0.025 0.046 0.051 0.014 0.024 0.034 0.007 0.022 0.115
287 D 0.11 0.052 0.115 0.14 0.012 0.035 0.062 0.057 0.021 0.028 0.04 0.107 0.013 0.017 0.025 0.064 0.043 0.005 0.015 0.038
288 F 0.033 0.019 0.017 0.017 0.01 0.01 0.019 0.025 0.017 0.062 0.113 0.019 0.025 0.396 0.01 0.025 0.025 0.017 0.087 0.054
289 G 0.077 0.023 0.039 0.033 0.011 0.019 0.025 0.517 0.013 0.019 0.028 0.033 0.009 0.016 0.019 0.051 0.029 0.005 0.011 0.024
290 F 0.046 0.024 0.023 0.021 0.014 0.016 0.024 0.028 0.014 0.073 0.168 0.027 0.03 0.217 0.016 0.041 0.085 0.012 0.054 0.068
291 D 0.044 0.048 0.061 0.315 0.008 0.035 0.085 0.045 0.019 0.023 0.031 0.105 0.011 0.015 0.023 0.052 0.036 0.004 0.013 0.026
292 F 0.033 0.019 0.017 0.017 0.01 0.01 0.019 0.025 0.017 0.062 0.113 0.019 0.025 0.396 0.01 0.025 0.025 0.017 0.087 0.054
293 L 0.044 0.024 0.014 0.015 0.016 0.016 0.02 0.021 0.01 0.114 0.385 0.025 0.049 0.054 0.014 0.024 0.033 0.007 0.022 0.095
294 F 0.035 0.021 0.018 0.017 0.01 0.013 0.021 0.025 0.024 0.058 0.101 0.022 0.023 0.329 0.012 0.026 0.026 0.019 0.148 0.052
295 D 0.041 0.037 0.197 0.244 0.008 0.031 0.069 0.055 0.025 0.022 0.029 0.049 0.01 0.016 0.021 0.06 0.042 0.004 0.013 0.025
296 F 0.041 0.025 0.022 0.02 0.011 0.018 0.026 0.027 0.031 0.051 0.084 0.028 0.021 0.216 0.015 0.036 0.055 0.021 0.199 0.052
297 E 0.052 0.069 0.112 0.069 0.008 0.052 0.153 0.045 0.025 0.024 0.037 0.149 0.013 0.016 0.025 0.057 0.04 0.005 0.016 0.03
298 N 0.041 0.039 0.23 0.204 0.008 0.032 0.064 0.057 0.026 0.022 0.03 0.05 0.01 0.017 0.021 0.062 0.043 0.004 0.014 0.026
299 S 0.108 0.04 0.053 0.048 0.017 0.033 0.052 0.065 0.019 0.029 0.041 0.053 0.015 0.021 0.029 0.231 0.081 0.005 0.017 0.041
300 Q 0.055 0.072 0.043 0.046 0.009 0.226 0.101 0.041 0.029 0.026 0.046 0.09 0.02 0.014 0.023 0.055 0.041 0.006 0.02 0.035
301 A 0.301 0.031 0.025 0.029 0.021 0.025 0.04 0.077 0.015 0.043 0.059 0.044 0.017 0.021 0.029 0.084 0.049 0.005 0.017 0.068
302 S 0.108 0.04 0.053 0.048 0.017 0.033 0.052 0.065 0.019 0.029 0.041 0.053 0.015 0.021 0.029 0.231 0.081 0.005 0.017 0.041
303 S 0.078 0.043 0.118 0.067 0.013 0.041 0.115 0.057 0.024 0.026 0.037 0.059 0.014 0.019 0.026 0.146 0.062 0.005 0.017 0.035
304 S 0.108 0.04 0.053 0.048 0.017 0.033 0.052 0.065 0.019 0.029 0.041 0.053 0.015 0.021 0.029 0.231 0.081 0.005 0.017 0.041
305 L 0.112 0.027 0.025 0.024 0.016 0.02 0.029 0.041 0.014 0.068 0.155 0.033 0.028 0.124 0.02 0.056 0.091 0.009 0.036 0.072
306 G 0.081 0.03 0.078 0.043 0.012 0.024 0.035 0.348 0.017 0.022 0.032 0.041 0.011 0.017 0.021 0.098 0.045 0.005 0.013 0.029
307 G 0.068 0.032 0.034 0.044 0.014 0.031 0.098 0.155 0.015 0.064 0.064 0.045 0.018 0.023 0.022 0.057 0.093 0.005 0.016 0.101
308 L 0.044 0.024 0.014 0.015 0.016 0.016 0.02 0.021 0.01 0.114 0.385 0.025 0.049 0.054 0.014 0.024 0.033 0.007 0.022 0.095
309 K 0.049 0.065 0.03 0.03 0.011 0.036 0.046 0.034 0.018 0.054 0.098 0.158 0.057 0.118 0.02 0.042 0.036 0.009 0.036 0.052
310 D 0.047 0.039 0.054 0.248 0.007 0.047 0.198 0.04 0.022 0.022 0.032 0.059 0.011 0.016 0.024 0.053 0.036 0.005 0.014 0.027
311 L 0.051 0.032 0.02 0.02 0.016 0.028 0.028 0.028 0.016 0.099 0.194 0.036 0.173 0.047 0.016 0.036 0.04 0.008 0.024 0.091
312 F 0.037 0.023 0.017 0.016 0.011 0.016 0.022 0.025 0.022 0.062 0.154 0.024 0.027 0.16 0.012 0.026 0.027 0.138 0.126 0.056
313 K 0.067 0.064 0.048 0.096 0.01 0.09 0.105 0.047 0.023 0.026 0.041 0.123 0.015 0.016 0.026 0.098 0.049 0.005 0.017 0.034
314 V 0.058 0.02 0.015 0.017 0.017 0.015 0.02 0.022 0.008 0.222 0.147 0.024 0.034 0.039 0.015 0.029 0.044 0.006 0.02 0.227
315 L 0.044 0.022 0.016 0.017 0.014 0.016 0.021 0.022 0.018 0.18 0.196 0.026 0.035 0.067 0.015 0.026 0.035 0.012 0.098 0.122
316 P 0.056 0.025 0.023 0.031 0.01 0.02 0.036 0.036 0.013 0.025 0.036 0.041 0.01 0.013 0.501 0.043 0.036 0.003 0.013 0.031
317 S 0.082 0.036 0.054 0.135 0.015 0.031 0.058 0.055 0.017 0.033 0.044 0.049 0.015 0.02 0.027 0.151 0.114 0.005 0.016 0.044
318 N 0.058 0.037 0.184 0.058 0.011 0.028 0.04 0.172 0.022 0.029 0.039 0.046 0.013 0.019 0.021 0.07 0.096 0.005 0.015 0.037
319 L 0.045 0.021 0.015 0.016 0.015 0.014 0.019 0.022 0.011 0.149 0.23 0.023 0.038 0.134 0.014 0.025 0.034 0.009 0.038 0.128
320 K 0.053 0.168 0.04 0.038 0.008 0.051 0.065 0.04 0.021 0.026 0.043 0.246 0.015 0.016 0.025 0.051 0.038 0.005 0.017 0.032
