#Seq2Logo.py -f /work3/idamei/wzy_ssn/run/1e-50/run/150/MSAs/0007_37.afa -o /work3/idamei/wzy_ssn/run/1e-50/run/150/logos/0007_37.logo
#Position Specific Frequency Matrix
A R N D C Q E G H I L K M F P S T W Y V
0 L 0.051 0.032 0.02 0.02 0.016 0.028 0.028 0.028 0.016 0.099 0.194 0.036 0.173 0.047 0.016 0.036 0.04 0.008 0.024 0.091
1 G 0.07 0.024 0.03 0.029 0.015 0.019 0.028 0.156 0.012 0.153 0.1 0.033 0.024 0.031 0.019 0.083 0.047 0.006 0.017 0.103
2 P 0.055 0.025 0.021 0.024 0.012 0.02 0.03 0.03 0.02 0.064 0.067 0.034 0.017 0.047 0.258 0.037 0.037 0.01 0.093 0.097
3 Y 0.04 0.028 0.021 0.018 0.009 0.021 0.028 0.025 0.046 0.043 0.067 0.031 0.018 0.129 0.015 0.031 0.028 0.028 0.328 0.046
4 V 0.06 0.022 0.015 0.017 0.018 0.016 0.022 0.023 0.009 0.165 0.197 0.025 0.036 0.041 0.015 0.029 0.044 0.006 0.021 0.22
5 L 0.118 0.03 0.026 0.026 0.018 0.025 0.032 0.043 0.014 0.096 0.124 0.038 0.079 0.034 0.022 0.06 0.096 0.006 0.02 0.09
6 F 0.035 0.021 0.018 0.017 0.01 0.013 0.021 0.025 0.024 0.058 0.101 0.022 0.023 0.329 0.012 0.026 0.026 0.019 0.148 0.052
7 Y 0.038 0.025 0.02 0.018 0.009 0.019 0.025 0.025 0.039 0.048 0.079 0.028 0.02 0.196 0.014 0.029 0.027 0.025 0.268 0.048
8 C 0.082 0.026 0.03 0.028 0.195 0.021 0.031 0.043 0.012 0.068 0.072 0.034 0.02 0.024 0.021 0.11 0.056 0.005 0.016 0.106
9 L 0.065 0.028 0.029 0.028 0.015 0.021 0.032 0.039 0.015 0.069 0.188 0.034 0.03 0.127 0.019 0.102 0.049 0.009 0.037 0.065
10 S 0.092 0.036 0.043 0.04 0.017 0.029 0.044 0.054 0.017 0.05 0.127 0.046 0.024 0.029 0.025 0.18 0.069 0.006 0.018 0.055
11 L 0.044 0.022 0.014 0.016 0.016 0.015 0.019 0.021 0.01 0.156 0.33 0.025 0.046 0.051 0.014 0.024 0.034 0.007 0.022 0.115
12 V 0.069 0.023 0.02 0.02 0.019 0.018 0.025 0.027 0.009 0.148 0.12 0.028 0.03 0.034 0.018 0.04 0.075 0.005 0.02 0.253
13 L 0.06 0.028 0.024 0.023 0.016 0.02 0.028 0.032 0.012 0.093 0.299 0.032 0.041 0.046 0.018 0.076 0.045 0.007 0.021 0.081
14 V 0.121 0.024 0.018 0.02 0.019 0.018 0.026 0.037 0.01 0.12 0.175 0.03 0.032 0.036 0.019 0.043 0.045 0.006 0.02 0.18
15 V 0.058 0.02 0.015 0.017 0.017 0.015 0.02 0.022 0.008 0.222 0.147 0.024 0.034 0.039 0.015 0.029 0.044 0.006 0.02 0.227
16 L 0.042 0.021 0.015 0.016 0.015 0.014 0.019 0.022 0.011 0.143 0.262 0.023 0.04 0.137 0.013 0.024 0.033 0.009 0.038 0.104
17 S 0.095 0.036 0.046 0.044 0.015 0.03 0.048 0.058 0.017 0.028 0.04 0.05 0.014 0.019 0.147 0.184 0.07 0.004 0.016 0.039
18 L 0.044 0.022 0.014 0.016 0.016 0.015 0.019 0.021 0.01 0.156 0.33 0.025 0.046 0.051 0.014 0.024 0.034 0.007 0.022 0.115
19 K 0.063 0.064 0.029 0.029 0.014 0.034 0.046 0.033 0.014 0.095 0.085 0.157 0.023 0.025 0.022 0.043 0.044 0.005 0.019 0.156
20 L 0.042 0.03 0.094 0.033 0.012 0.022 0.029 0.033 0.024 0.073 0.217 0.033 0.032 0.064 0.016 0.037 0.036 0.012 0.097 0.066
21 K 0.053 0.168 0.04 0.038 0.008 0.051 0.065 0.04 0.021 0.026 0.043 0.246 0.015 0.016 0.025 0.051 0.038 0.005 0.017 0.032
22 K 0.05 0.064 0.041 0.126 0.01 0.037 0.062 0.038 0.017 0.09 0.07 0.161 0.019 0.022 0.023 0.045 0.038 0.005 0.016 0.066
23 L 0.044 0.028 0.019 0.018 0.013 0.022 0.026 0.024 0.029 0.075 0.178 0.03 0.065 0.09 0.015 0.03 0.032 0.018 0.175 0.069
24 D 0.04 0.029 0.068 0.406 0.007 0.029 0.09 0.046 0.018 0.022 0.028 0.044 0.009 0.015 0.022 0.051 0.035 0.004 0.011 0.024
25 W 0.043 0.023 0.015 0.016 0.012 0.016 0.022 0.026 0.012 0.084 0.154 0.024 0.027 0.052 0.011 0.025 0.032 0.253 0.044 0.109
26 F 0.035 0.021 0.018 0.017 0.01 0.013 0.021 0.025 0.024 0.058 0.101 0.022 0.023 0.329 0.012 0.026 0.026 0.019 0.148 0.052
27 W 0.039 0.02 0.016 0.016 0.129 0.013 0.02 0.029 0.014 0.042 0.07 0.021 0.018 0.134 0.01 0.027 0.026 0.255 0.058 0.042
28 L 0.043 0.025 0.016 0.016 0.014 0.017 0.022 0.022 0.019 0.096 0.305 0.026 0.041 0.073 0.014 0.026 0.032 0.012 0.098 0.083
29 L 0.042 0.021 0.015 0.016 0.015 0.014 0.019 0.022 0.011 0.143 0.262 0.023 0.04 0.137 0.013 0.024 0.033 0.009 0.038 0.104
30 F 0.043 0.023 0.023 0.022 0.012 0.015 0.024 0.029 0.016 0.06 0.1 0.025 0.024 0.303 0.015 0.042 0.083 0.014 0.07 0.058
31 L 0.05 0.023 0.015 0.016 0.017 0.016 0.021 0.022 0.009 0.126 0.321 0.025 0.044 0.049 0.015 0.026 0.037 0.007 0.022 0.141
32 L 0.057 0.027 0.024 0.024 0.015 0.019 0.028 0.033 0.014 0.08 0.231 0.03 0.035 0.131 0.017 0.076 0.043 0.009 0.037 0.071
33 F 0.044 0.018 0.016 0.017 0.132 0.012 0.018 0.026 0.012 0.113 0.114 0.02 0.026 0.214 0.013 0.029 0.031 0.011 0.052 0.085
34 V 0.053 0.02 0.016 0.017 0.015 0.014 0.021 0.024 0.011 0.14 0.127 0.023 0.029 0.172 0.014 0.029 0.039 0.01 0.045 0.182
35 S 0.156 0.037 0.046 0.043 0.018 0.031 0.049 0.068 0.018 0.033 0.046 0.051 0.016 0.021 0.029 0.195 0.073 0.005 0.017 0.048
36 A 0.163 0.029 0.029 0.03 0.019 0.023 0.036 0.054 0.013 0.099 0.085 0.039 0.023 0.027 0.024 0.1 0.056 0.005 0.018 0.127
37 V 0.052 0.019 0.016 0.017 0.016 0.014 0.02 0.023 0.01 0.182 0.138 0.023 0.032 0.129 0.014 0.028 0.039 0.008 0.037 0.184
38 F 0.033 0.019 0.017 0.017 0.01 0.01 0.019 0.025 0.017 0.062 0.113 0.019 0.025 0.396 0.01 0.025 0.025 0.017 0.087 0.054
39 I 0.055 0.019 0.015 0.017 0.017 0.014 0.02 0.022 0.008 0.237 0.152 0.024 0.034 0.04 0.015 0.028 0.043 0.006 0.02 0.214
40 G 0.077 0.023 0.039 0.033 0.011 0.019 0.025 0.517 0.013 0.019 0.028 0.033 0.009 0.016 0.019 0.051 0.029 0.005 0.011 0.024
41 L 0.116 0.025 0.023 0.023 0.016 0.019 0.026 0.159 0.012 0.072 0.214 0.032 0.031 0.036 0.019 0.046 0.036 0.006 0.018 0.07
42 R 0.044 0.355 0.038 0.031 0.008 0.048 0.052 0.032 0.023 0.023 0.046 0.118 0.015 0.017 0.019 0.044 0.034 0.006 0.017 0.031
43 V 0.053 0.022 0.018 0.018 0.014 0.016 0.023 0.025 0.02 0.107 0.109 0.025 0.026 0.149 0.015 0.03 0.037 0.014 0.114 0.165
44 D 0.045 0.04 0.158 0.205 0.008 0.039 0.129 0.05 0.025 0.022 0.031 0.055 0.011 0.016 0.022 0.059 0.04 0.004 0.014 0.027
45 V 0.071 0.022 0.022 0.021 0.017 0.017 0.024 0.148 0.009 0.126 0.103 0.028 0.026 0.03 0.017 0.037 0.044 0.005 0.018 0.216
46 G 0.077 0.023 0.039 0.033 0.011 0.019 0.025 0.517 0.013 0.019 0.028 0.033 0.009 0.016 0.019 0.051 0.029 0.005 0.011 0.024
47 A 0.301 0.031 0.025 0.029 0.021 0.025 0.04 0.077 0.015 0.043 0.059 0.044 0.017 0.021 0.029 0.084 0.049 0.005 0.017 0.068
48 D 0.04 0.029 0.068 0.406 0.007 0.029 0.09 0.046 0.018 0.022 0.028 0.044 0.009 0.015 0.022 0.051 0.035 0.004 0.011 0.024
49 Y 0.038 0.025 0.02 0.018 0.009 0.019 0.025 0.025 0.039 0.048 0.079 0.028 0.02 0.196 0.014 0.029 0.027 0.025 0.268 0.048
50 T 0.066 0.031 0.036 0.032 0.017 0.024 0.033 0.037 0.012 0.11 0.089 0.039 0.024 0.028 0.024 0.075 0.203 0.006 0.018 0.096
51 E 0.116 0.044 0.036 0.074 0.011 0.054 0.24 0.045 0.023 0.027 0.042 0.067 0.014 0.018 0.026 0.062 0.039 0.005 0.017 0.04
52 Y 0.04 0.028 0.021 0.018 0.009 0.021 0.028 0.025 0.046 0.043 0.067 0.031 0.018 0.129 0.015 0.031 0.028 0.028 0.328 0.046
53 A 0.166 0.033 0.036 0.034 0.019 0.026 0.04 0.059 0.015 0.057 0.064 0.044 0.019 0.023 0.027 0.116 0.109 0.005 0.018 0.088
54 K 0.067 0.108 0.045 0.043 0.011 0.112 0.075 0.046 0.024 0.027 0.044 0.134 0.017 0.017 0.025 0.097 0.049 0.005 0.018 0.035
55 L 0.045 0.026 0.024 0.022 0.014 0.02 0.027 0.025 0.098 0.175 0.188 0.029 0.034 0.043 0.015 0.029 0.034 0.007 0.03 0.116
56 Y 0.038 0.025 0.02 0.018 0.009 0.019 0.025 0.025 0.039 0.048 0.079 0.028 0.02 0.196 0.014 0.029 0.027 0.025 0.268 0.048
57 N 0.041 0.036 0.174 0.05 0.009 0.027 0.038 0.044 0.039 0.033 0.049 0.042 0.015 0.073 0.018 0.05 0.038 0.016 0.172 0.036
58 H 0.042 0.046 0.053 0.038 0.008 0.038 0.053 0.038 0.355 0.023 0.038 0.046 0.015 0.03 0.019 0.042 0.027 0.008 0.057 0.023
59 D 0.065 0.053 0.052 0.137 0.01 0.129 0.086 0.048 0.024 0.026 0.04 0.069 0.016 0.016 0.024 0.098 0.049 0.005 0.017 0.034
60 S 0.092 0.041 0.122 0.057 0.015 0.033 0.051 0.065 0.022 0.027 0.039 0.053 0.014 0.02 0.027 0.191 0.073 0.005 0.017 0.038
61 G 0.136 0.029 0.037 0.034 0.015 0.024 0.036 0.233 0.019 0.03 0.044 0.041 0.014 0.033 0.024 0.102 0.047 0.008 0.054 0.042
62 N 0.048 0.047 0.208 0.086 0.008 0.046 0.149 0.053 0.029 0.022 0.033 0.062 0.012 0.017 0.022 0.064 0.044 0.005 0.016 0.029
63 I 0.052 0.023 0.028 0.071 0.015 0.019 0.032 0.029 0.011 0.192 0.123 0.031 0.029 0.035 0.019 0.045 0.093 0.006 0.018 0.129
64 T 0.067 0.034 0.037 0.033 0.017 0.027 0.036 0.039 0.014 0.064 0.097 0.042 0.058 0.029 0.024 0.077 0.203 0.006 0.019 0.075
65 N 0.043 0.122 0.255 0.069 0.009 0.037 0.049 0.056 0.029 0.022 0.035 0.069 0.012 0.018 0.02 0.062 0.045 0.005 0.016 0.028
66 F 0.033 0.019 0.017 0.017 0.01 0.01 0.019 0.025 0.017 0.062 0.113 0.019 0.025 0.396 0.01 0.025 0.025 0.017 0.087 0.054
67 E 0.054 0.049 0.04 0.089 0.007 0.064 0.307 0.034 0.025 0.022 0.036 0.074 0.013 0.016 0.025 0.054 0.036 0.005 0.016 0.031
68 L 0.047 0.024 0.016 0.019 0.015 0.017 0.024 0.025 0.011 0.092 0.297 0.029 0.039 0.044 0.136 0.029 0.034 0.006 0.02 0.079
69 G 0.066 0.022 0.033 0.029 0.011 0.017 0.024 0.394 0.014 0.03 0.049 0.03 0.013 0.111 0.017 0.044 0.028 0.008 0.03 0.032
70 F 0.033 0.019 0.017 0.017 0.01 0.01 0.019 0.025 0.017 0.062 0.113 0.019 0.025 0.396 0.01 0.025 0.025 0.017 0.087 0.054
71 D 0.044 0.038 0.126 0.246 0.008 0.039 0.134 0.048 0.023 0.022 0.031 0.054 0.011 0.016 0.022 0.056 0.039 0.004 0.013 0.026
72 I 0.05 0.021 0.017 0.018 0.015 0.016 0.021 0.022 0.018 0.192 0.132 0.026 0.031 0.063 0.015 0.028 0.039 0.011 0.097 0.168
73 L 0.052 0.023 0.021 0.022 0.016 0.017 0.023 0.026 0.01 0.182 0.195 0.029 0.035 0.041 0.018 0.041 0.092 0.006 0.02 0.128
74 F 0.033 0.019 0.017 0.017 0.01 0.01 0.019 0.025 0.017 0.062 0.113 0.019 0.025 0.396 0.01 0.025 0.025 0.017 0.087 0.054
75 N 0.045 0.041 0.179 0.068 0.009 0.038 0.108 0.047 0.033 0.027 0.041 0.053 0.013 0.045 0.02 0.056 0.04 0.01 0.094 0.033
76 L 0.042 0.025 0.017 0.016 0.013 0.018 0.023 0.022 0.023 0.087 0.266 0.027 0.037 0.082 0.015 0.026 0.031 0.015 0.137 0.076
77 G 0.053 0.02 0.024 0.023 0.012 0.014 0.021 0.208 0.013 0.101 0.094 0.025 0.022 0.165 0.015 0.034 0.03 0.01 0.042 0.073
78 R 0.05 0.23 0.04 0.036 0.008 0.05 0.061 0.037 0.022 0.025 0.044 0.204 0.015 0.016 0.023 0.048 0.037 0.005 0.017 0.031
79 R 0.046 0.197 0.046 0.139 0.008 0.047 0.125 0.036 0.022 0.022 0.039 0.089 0.013 0.016 0.021 0.048 0.035 0.005 0.015 0.029
80 L 0.043 0.023 0.014 0.015 0.015 0.015 0.02 0.021 0.011 0.107 0.351 0.024 0.046 0.097 0.014 0.024 0.032 0.008 0.03 0.09
81 G 0.077 0.023 0.039 0.033 0.011 0.019 0.025 0.517 0.013 0.019 0.028 0.033 0.009 0.016 0.019 0.051 0.029 0.005 0.011 0.024
82 F 0.037 0.023 0.019 0.018 0.01 0.016 0.023 0.025 0.031 0.053 0.09 0.025 0.022 0.262 0.013 0.028 0.026 0.022 0.208 0.05
83 D 0.065 0.033 0.058 0.224 0.012 0.03 0.068 0.05 0.017 0.031 0.04 0.047 0.013 0.018 0.025 0.106 0.102 0.005 0.014 0.04
84 Y 0.038 0.025 0.02 0.018 0.009 0.019 0.025 0.025 0.039 0.048 0.079 0.028 0.02 0.196 0.014 0.029 0.027 0.025 0.268 0.048
85 N 0.056 0.033 0.172 0.05 0.014 0.025 0.036 0.044 0.02 0.092 0.08 0.039 0.021 0.026 0.018 0.051 0.049 0.005 0.018 0.153
86 F 0.054 0.031 0.035 0.03 0.011 0.023 0.035 0.038 0.104 0.044 0.076 0.034 0.02 0.211 0.017 0.081 0.039 0.011 0.062 0.043
87 V 0.121 0.024 0.018 0.02 0.019 0.018 0.026 0.037 0.01 0.12 0.175 0.03 0.032 0.036 0.019 0.043 0.045 0.006 0.02 0.18
88 S 0.108 0.04 0.053 0.048 0.017 0.033 0.052 0.065 0.019 0.029 0.041 0.053 0.015 0.021 0.029 0.231 0.081 0.005 0.017 0.041
89 L 0.044 0.024 0.014 0.015 0.016 0.016 0.02 0.021 0.01 0.114 0.385 0.025 0.049 0.054 0.014 0.024 0.033 0.007 0.022 0.095
90 F 0.044 0.018 0.016 0.017 0.132 0.012 0.018 0.026 0.012 0.113 0.114 0.02 0.026 0.214 0.013 0.029 0.031 0.011 0.052 0.085
91 F 0.043 0.021 0.017 0.017 0.013 0.015 0.021 0.024 0.021 0.125 0.116 0.024 0.027 0.196 0.013 0.027 0.032 0.015 0.122 0.11
92 F 0.033 0.019 0.017 0.017 0.01 0.01 0.019 0.025 0.017 0.062 0.113 0.019 0.025 0.396 0.01 0.025 0.025 0.017 0.087 0.054
93 L 0.05 0.023 0.015 0.016 0.017 0.016 0.02 0.022 0.009 0.147 0.293 0.025 0.043 0.048 0.015 0.026 0.038 0.006 0.021 0.151
94 L 0.051 0.022 0.015 0.016 0.017 0.015 0.02 0.022 0.009 0.168 0.266 0.025 0.041 0.047 0.015 0.026 0.038 0.006 0.021 0.161
95 T 0.064 0.037 0.114 0.048 0.015 0.029 0.041 0.048 0.018 0.045 0.056 0.047 0.017 0.022 0.025 0.086 0.205 0.005 0.017 0.059
96 I 0.064 0.027 0.03 0.029 0.017 0.021 0.03 0.034 0.012 0.164 0.112 0.035 0.027 0.033 0.021 0.075 0.126 0.006 0.019 0.118
97 L 0.051 0.023 0.02 0.02 0.014 0.016 0.021 0.146 0.012 0.084 0.261 0.026 0.036 0.087 0.015 0.031 0.031 0.008 0.027 0.072
98 F 0.036 0.02 0.016 0.016 0.012 0.012 0.019 0.024 0.015 0.075 0.181 0.02 0.031 0.31 0.011 0.025 0.027 0.014 0.071 0.064
99 F 0.036 0.02 0.016 0.016 0.012 0.012 0.019 0.024 0.015 0.075 0.181 0.02 0.031 0.31 0.011 0.025 0.027 0.014 0.071 0.064
100 I 0.058 0.024 0.022 0.022 0.017 0.018 0.024 0.027 0.01 0.174 0.158 0.029 0.032 0.038 0.018 0.043 0.095 0.006 0.02 0.165
101 Y 0.038 0.025 0.02 0.018 0.009 0.019 0.025 0.025 0.039 0.048 0.079 0.028 0.02 0.196 0.014 0.029 0.027 0.025 0.268 0.048
102 A 0.204 0.035 0.039 0.039 0.019 0.029 0.046 0.071 0.017 0.036 0.05 0.049 0.016 0.021 0.029 0.158 0.065 0.005 0.017 0.055
103 I 0.046 0.017 0.014 0.017 0.016 0.013 0.017 0.02 0.009 0.282 0.165 0.023 0.036 0.044 0.014 0.025 0.039 0.006 0.02 0.174
104 K 0.056 0.106 0.041 0.041 0.008 0.053 0.07 0.043 0.02 0.027 0.043 0.289 0.015 0.015 0.027 0.053 0.039 0.005 0.017 0.032
105 E 0.058 0.043 0.049 0.163 0.009 0.051 0.221 0.041 0.023 0.023 0.035 0.064 0.012 0.016 0.025 0.076 0.041 0.005 0.015 0.03
106 L 0.041 0.023 0.015 0.015 0.015 0.015 0.02 0.022 0.012 0.101 0.317 0.023 0.043 0.139 0.013 0.024 0.031 0.009 0.038 0.085
107 N 0.05 0.064 0.148 0.069 0.008 0.07 0.125 0.048 0.027 0.024 0.037 0.122 0.014 0.016 0.024 0.059 0.042 0.005 0.017 0.03
108 Y 0.04 0.03 0.025 0.021 0.009 0.023 0.031 0.026 0.086 0.04 0.064 0.033 0.018 0.117 0.016 0.032 0.027 0.025 0.294 0.043
109 K 0.056 0.106 0.041 0.041 0.008 0.053 0.07 0.043 0.02 0.027 0.043 0.289 0.015 0.015 0.027 0.053 0.039 0.005 0.017 0.032
110 T 0.072 0.035 0.043 0.037 0.018 0.027 0.039 0.043 0.014 0.053 0.064 0.045 0.019 0.023 0.027 0.091 0.258 0.006 0.018 0.07
111 L 0.044 0.024 0.014 0.015 0.016 0.016 0.02 0.021 0.01 0.114 0.385 0.025 0.049 0.054 0.014 0.024 0.033 0.007 0.022 0.095
112 I 0.059 0.023 0.025 0.025 0.015 0.017 0.026 0.033 0.013 0.164 0.121 0.03 0.028 0.126 0.017 0.076 0.046 0.008 0.036 0.111
113 L 0.042 0.026 0.018 0.017 0.013 0.019 0.024 0.023 0.028 0.078 0.226 0.028 0.034 0.091 0.015 0.027 0.03 0.017 0.175 0.07
114 F 0.042 0.019 0.017 0.017 0.013 0.012 0.02 0.025 0.015 0.087 0.116 0.02 0.027 0.306 0.012 0.027 0.031 0.014 0.071 0.111
115 C 0.071 0.022 0.025 0.024 0.254 0.017 0.025 0.037 0.011 0.1 0.084 0.029 0.021 0.026 0.019 0.084 0.048 0.005 0.015 0.082
116 F 0.033 0.019 0.017 0.017 0.01 0.01 0.019 0.025 0.017 0.062 0.113 0.019 0.025 0.396 0.01 0.025 0.025 0.017 0.087 0.054
117 L 0.045 0.021 0.014 0.016 0.016 0.015 0.019 0.021 0.009 0.198 0.275 0.024 0.043 0.049 0.014 0.024 0.036 0.006 0.021 0.134
118 L 0.044 0.024 0.014 0.015 0.016 0.016 0.02 0.021 0.01 0.114 0.385 0.025 0.049 0.054 0.014 0.024 0.033 0.007 0.022 0.095
119 F 0.035 0.021 0.018 0.017 0.01 0.013 0.021 0.025 0.024 0.058 0.101 0.022 0.023 0.329 0.012 0.026 0.026 0.019 0.148 0.052
120 L 0.045 0.026 0.018 0.018 0.015 0.02 0.023 0.025 0.015 0.093 0.221 0.029 0.105 0.136 0.014 0.03 0.034 0.01 0.039 0.083
121 F 0.033 0.019 0.017 0.017 0.01 0.01 0.019 0.025 0.017 0.062 0.113 0.019 0.025 0.396 0.01 0.025 0.025 0.017 0.087 0.054
122 V 0.063 0.021 0.016 0.018 0.018 0.015 0.022 0.023 0.008 0.192 0.138 0.025 0.032 0.037 0.016 0.03 0.046 0.006 0.02 0.253
123 P 0.056 0.025 0.023 0.031 0.01 0.02 0.036 0.036 0.013 0.025 0.036 0.041 0.01 0.013 0.501 0.043 0.036 0.003 0.013 0.031
124 L 0.044 0.022 0.014 0.016 0.016 0.015 0.019 0.021 0.01 0.156 0.33 0.025 0.046 0.051 0.014 0.024 0.034 0.007 0.022 0.115
125 T 0.072 0.035 0.043 0.037 0.018 0.027 0.039 0.043 0.014 0.053 0.064 0.045 0.019 0.023 0.027 0.091 0.258 0.006 0.018 0.07
126 S 0.156 0.037 0.046 0.043 0.018 0.031 0.049 0.068 0.018 0.033 0.046 0.051 0.016 0.021 0.029 0.195 0.073 0.005 0.017 0.048
127 T 0.071 0.032 0.036 0.032 0.018 0.024 0.035 0.038 0.012 0.08 0.08 0.04 0.022 0.026 0.024 0.077 0.205 0.006 0.018 0.122
128 I 0.046 0.017 0.014 0.017 0.016 0.013 0.017 0.02 0.009 0.282 0.165 0.023 0.036 0.044 0.014 0.025 0.039 0.006 0.02 0.174
129 R 0.044 0.355 0.038 0.031 0.008 0.048 0.052 0.032 0.023 0.023 0.046 0.118 0.015 0.017 0.019 0.044 0.034 0.006 0.017 0.031
130 Q 0.055 0.072 0.043 0.046 0.009 0.226 0.101 0.041 0.029 0.026 0.046 0.09 0.02 0.014 0.023 0.055 0.041 0.006 0.02 0.035
131 G 0.077 0.023 0.039 0.033 0.011 0.019 0.025 0.517 0.013 0.019 0.028 0.033 0.009 0.016 0.019 0.051 0.029 0.005 0.011 0.024
132 L 0.044 0.024 0.014 0.015 0.016 0.016 0.02 0.021 0.01 0.114 0.385 0.025 0.049 0.054 0.014 0.024 0.033 0.007 0.022 0.095
133 A 0.204 0.035 0.039 0.039 0.019 0.029 0.046 0.071 0.017 0.036 0.05 0.049 0.016 0.021 0.029 0.158 0.065 0.005 0.017 0.055
134 I 0.046 0.019 0.014 0.017 0.016 0.014 0.018 0.02 0.009 0.24 0.22 0.024 0.039 0.046 0.014 0.024 0.038 0.006 0.021 0.154
135 P 0.056 0.025 0.023 0.031 0.01 0.02 0.036 0.036 0.013 0.025 0.036 0.041 0.01 0.013 0.501 0.043 0.036 0.003 0.013 0.031
136 F 0.033 0.019 0.017 0.017 0.01 0.01 0.019 0.025 0.017 0.062 0.113 0.019 0.025 0.396 0.01 0.025 0.025 0.017 0.087 0.054
137 F 0.039 0.024 0.019 0.018 0.011 0.018 0.023 0.026 0.024 0.067 0.122 0.026 0.06 0.242 0.013 0.029 0.029 0.017 0.132 0.061
138 I 0.117 0.022 0.018 0.02 0.018 0.017 0.025 0.036 0.01 0.185 0.127 0.029 0.03 0.035 0.019 0.042 0.045 0.006 0.02 0.181
139 L 0.047 0.026 0.016 0.017 0.016 0.02 0.023 0.023 0.012 0.129 0.286 0.029 0.094 0.05 0.015 0.028 0.036 0.007 0.022 0.103
140 C 0.182 0.023 0.021 0.023 0.256 0.019 0.028 0.055 0.011 0.043 0.061 0.032 0.017 0.021 0.023 0.062 0.043 0.005 0.015 0.062
141 I 0.046 0.018 0.014 0.017 0.016 0.013 0.018 0.02 0.009 0.261 0.193 0.023 0.038 0.045 0.014 0.025 0.038 0.006 0.021 0.164
142 L 0.051 0.022 0.015 0.016 0.017 0.015 0.02 0.022 0.009 0.168 0.266 0.025 0.041 0.047 0.015 0.026 0.038 0.006 0.021 0.161
143 N 0.042 0.044 0.327 0.082 0.009 0.033 0.049 0.064 0.031 0.022 0.031 0.053 0.011 0.018 0.02 0.069 0.049 0.004 0.015 0.027
144 S 0.105 0.031 0.033 0.031 0.016 0.025 0.037 0.046 0.022 0.068 0.072 0.04 0.02 0.051 0.023 0.113 0.056 0.011 0.096 0.105
145 D 0.042 0.114 0.125 0.231 0.008 0.035 0.07 0.047 0.023 0.022 0.033 0.065 0.011 0.016 0.021 0.054 0.038 0.004 0.014 0.026
146 R 0.06 0.198 0.114 0.048 0.01 0.04 0.051 0.049 0.024 0.024 0.041 0.086 0.014 0.018 0.022 0.097 0.05 0.005 0.017 0.032
147 P 0.063 0.027 0.029 0.031 0.012 0.021 0.035 0.04 0.015 0.036 0.056 0.038 0.015 0.11 0.26 0.086 0.044 0.007 0.033 0.039
148 K 0.052 0.09 0.044 0.04 0.008 0.049 0.065 0.041 0.106 0.026 0.041 0.228 0.015 0.019 0.025 0.05 0.036 0.006 0.027 0.03
149 K 0.063 0.064 0.029 0.029 0.014 0.034 0.046 0.033 0.014 0.095 0.085 0.157 0.023 0.025 0.022 0.043 0.044 0.005 0.019 0.156
150 Y 0.04 0.028 0.021 0.018 0.009 0.021 0.028 0.025 0.046 0.043 0.067 0.031 0.018 0.129 0.015 0.031 0.028 0.028 0.328 0.046
151 F 0.052 0.024 0.026 0.025 0.012 0.016 0.027 0.035 0.017 0.054 0.095 0.027 0.023 0.302 0.015 0.077 0.039 0.014 0.07 0.051
152 F 0.053 0.026 0.026 0.025 0.015 0.02 0.027 0.031 0.013 0.118 0.118 0.032 0.044 0.125 0.018 0.051 0.118 0.009 0.036 0.095
153 F 0.072 0.031 0.036 0.033 0.014 0.024 0.037 0.045 0.025 0.041 0.066 0.039 0.019 0.142 0.021 0.13 0.054 0.014 0.112 0.046
154 I 0.059 0.026 0.029 0.027 0.017 0.02 0.028 0.032 0.011 0.167 0.115 0.034 0.028 0.033 0.021 0.058 0.148 0.006 0.019 0.122
155 A 0.173 0.024 0.02 0.023 0.019 0.019 0.029 0.049 0.012 0.162 0.112 0.034 0.027 0.032 0.022 0.054 0.044 0.006 0.019 0.121
156 L 0.05 0.023 0.015 0.016 0.017 0.016 0.02 0.022 0.009 0.147 0.293 0.025 0.043 0.048 0.015 0.026 0.038 0.006 0.021 0.151
157 G 0.133 0.025 0.035 0.032 0.013 0.02 0.029 0.407 0.014 0.025 0.036 0.036 0.011 0.017 0.021 0.059 0.034 0.005 0.012 0.035
158 C 0.182 0.023 0.021 0.023 0.256 0.019 0.028 0.055 0.011 0.043 0.061 0.032 0.017 0.021 0.023 0.062 0.043 0.005 0.015 0.062
159 F 0.037 0.021 0.016 0.016 0.013 0.013 0.019 0.024 0.014 0.082 0.215 0.021 0.034 0.268 0.012 0.025 0.028 0.013 0.063 0.069
160 F 0.033 0.019 0.017 0.017 0.01 0.01 0.019 0.025 0.017 0.062 0.113 0.019 0.025 0.396 0.01 0.025 0.025 0.017 0.087 0.054
161 H 0.041 0.045 0.053 0.038 0.007 0.038 0.053 0.038 0.365 0.023 0.038 0.045 0.015 0.03 0.019 0.041 0.026 0.007 0.056 0.023
162 Y 0.107 0.026 0.021 0.021 0.014 0.02 0.028 0.037 0.029 0.103 0.09 0.032 0.023 0.081 0.019 0.042 0.036 0.017 0.173 0.083
163 S 0.108 0.04 0.053 0.048 0.017 0.033 0.052 0.065 0.019 0.029 0.041 0.053 0.015 0.021 0.029 0.231 0.081 0.005 0.017 0.041
164 I 0.068 0.027 0.031 0.03 0.017 0.022 0.031 0.037 0.012 0.161 0.109 0.036 0.027 0.033 0.021 0.093 0.104 0.006 0.019 0.115
165 L 0.044 0.024 0.014 0.015 0.016 0.016 0.02 0.021 0.01 0.114 0.385 0.025 0.049 0.054 0.014 0.024 0.033 0.007 0.022 0.095
166 F 0.045 0.019 0.016 0.017 0.014 0.013 0.019 0.024 0.013 0.142 0.13 0.022 0.029 0.218 0.013 0.027 0.034 0.011 0.054 0.141
167 L 0.05 0.03 0.018 0.019 0.016 0.025 0.026 0.026 0.014 0.103 0.242 0.033 0.142 0.049 0.015 0.033 0.038 0.008 0.023 0.092
168 I 0.041 0.019 0.015 0.017 0.014 0.012 0.018 0.022 0.012 0.179 0.173 0.022 0.034 0.177 0.013 0.025 0.033 0.01 0.046 0.119
169 P 0.045 0.022 0.02 0.024 0.01 0.015 0.027 0.03 0.015 0.044 0.074 0.03 0.018 0.204 0.256 0.034 0.03 0.01 0.05 0.042
170 L 0.057 0.027 0.024 0.024 0.015 0.019 0.028 0.033 0.014 0.08 0.231 0.03 0.035 0.131 0.017 0.076 0.043 0.009 0.037 0.071
171 F 0.035 0.021 0.018 0.017 0.01 0.013 0.021 0.025 0.024 0.058 0.101 0.022 0.023 0.329 0.012 0.026 0.026 0.019 0.148 0.052
172 F 0.046 0.021 0.021 0.02 0.012 0.014 0.021 0.148 0.014 0.06 0.152 0.024 0.026 0.173 0.013 0.031 0.028 0.072 0.049 0.054
173 V 0.073 0.027 0.025 0.025 0.018 0.02 0.029 0.034 0.011 0.117 0.171 0.032 0.032 0.036 0.019 0.08 0.053 0.006 0.02 0.174
174 R 0.059 0.195 0.049 0.129 0.01 0.039 0.061 0.044 0.021 0.024 0.04 0.084 0.014 0.017 0.022 0.093 0.046 0.005 0.016 0.032
175 R 0.047 0.128 0.033 0.029 0.01 0.036 0.045 0.032 0.064 0.091 0.077 0.117 0.021 0.039 0.019 0.039 0.035 0.009 0.062 0.068
176 F 0.04 0.018 0.016 0.017 0.013 0.012 0.018 0.023 0.013 0.172 0.139 0.021 0.031 0.219 0.012 0.025 0.032 0.011 0.054 0.114
177 K 0.056 0.106 0.041 0.041 0.008 0.053 0.07 0.043 0.02 0.027 0.043 0.288 0.015 0.015 0.027 0.053 0.039 0.005 0.017 0.032
178 L 0.048 0.038 0.024 0.026 0.014 0.085 0.046 0.027 0.016 0.14 0.199 0.046 0.035 0.037 0.017 0.035 0.038 0.006 0.021 0.101
179 S 0.108 0.04 0.053 0.048 0.017 0.033 0.052 0.065 0.019 0.029 0.041 0.053 0.015 0.021 0.029 0.23 0.081 0.005 0.017 0.041
180 R 0.047 0.162 0.034 0.03 0.008 0.041 0.05 0.033 0.03 0.031 0.052 0.146 0.016 0.054 0.021 0.043 0.034 0.013 0.12 0.036
181 C 0.132 0.022 0.019 0.021 0.174 0.016 0.025 0.045 0.013 0.05 0.078 0.028 0.019 0.146 0.019 0.05 0.037 0.009 0.039 0.059
182 R 0.046 0.143 0.128 0.044 0.011 0.036 0.043 0.041 0.023 0.048 0.09 0.069 0.066 0.027 0.018 0.049 0.041 0.006 0.019 0.049
183 F 0.122 0.023 0.02 0.021 0.014 0.015 0.026 0.042 0.016 0.056 0.095 0.027 0.022 0.271 0.017 0.045 0.033 0.013 0.064 0.059
184 A 0.128 0.024 0.02 0.021 0.016 0.018 0.027 0.041 0.018 0.125 0.105 0.031 0.025 0.109 0.019 0.045 0.038 0.011 0.082 0.097
185 L 0.043 0.021 0.015 0.016 0.015 0.014 0.019 0.021 0.011 0.161 0.266 0.023 0.041 0.107 0.014 0.024 0.034 0.008 0.032 0.115
186 L 0.066 0.027 0.027 0.027 0.016 0.021 0.03 0.036 0.013 0.141 0.197 0.034 0.034 0.039 0.019 0.093 0.051 0.006 0.02 0.104
187 V 0.058 0.02 0.015 0.018 0.017 0.015 0.02 0.022 0.008 0.222 0.147 0.025 0.034 0.039 0.015 0.029 0.044 0.006 0.02 0.227
188 L 0.062 0.027 0.028 0.027 0.015 0.02 0.03 0.037 0.015 0.069 0.179 0.032 0.03 0.157 0.018 0.093 0.046 0.01 0.042 0.063
189 L 0.051 0.02 0.015 0.017 0.016 0.014 0.02 0.023 0.01 0.177 0.181 0.024 0.035 0.101 0.014 0.027 0.039 0.008 0.032 0.176
190 C 0.069 0.025 0.029 0.027 0.173 0.018 0.029 0.041 0.015 0.045 0.073 0.031 0.019 0.145 0.019 0.099 0.047 0.009 0.039 0.051
191 L 0.052 0.023 0.022 0.022 0.014 0.016 0.024 0.03 0.013 0.138 0.164 0.027 0.031 0.159 0.016 0.059 0.04 0.01 0.043 0.099
192 F 0.054 0.021 0.02 0.019 0.014 0.015 0.021 0.106 0.012 0.097 0.149 0.025 0.028 0.155 0.014 0.032 0.035 0.009 0.041 0.131
193 L 0.046 0.02 0.014 0.017 0.016 0.014 0.018 0.021 0.009 0.225 0.238 0.024 0.041 0.047 0.014 0.024 0.037 0.006 0.021 0.148
194 G 0.088 0.028 0.044 0.038 0.013 0.023 0.034 0.366 0.015 0.022 0.032 0.04 0.011 0.018 0.022 0.111 0.046 0.005 0.013 0.03
195 F 0.044 0.022 0.018 0.018 0.012 0.016 0.022 0.024 0.024 0.109 0.109 0.025 0.026 0.188 0.014 0.028 0.032 0.017 0.145 0.109
196 L 0.05 0.026 0.024 0.023 0.015 0.018 0.026 0.03 0.013 0.076 0.187 0.029 0.031 0.158 0.017 0.047 0.105 0.01 0.042 0.073
197 N 0.042 0.044 0.326 0.082 0.009 0.033 0.049 0.064 0.031 0.022 0.031 0.053 0.011 0.018 0.02 0.069 0.049 0.004 0.015 0.027
198 P 0.053 0.023 0.02 0.026 0.012 0.018 0.03 0.031 0.011 0.111 0.079 0.035 0.019 0.023 0.338 0.037 0.037 0.004 0.015 0.078
199 I 0.054 0.019 0.015 0.017 0.017 0.014 0.019 0.022 0.008 0.241 0.153 0.024 0.035 0.041 0.015 0.027 0.042 0.006 0.02 0.209
200 E 0.05 0.047 0.135 0.087 0.008 0.053 0.22 0.044 0.027 0.022 0.035 0.067 0.012 0.017 0.024 0.059 0.04 0.005 0.016 0.029
201 I 0.044 0.021 0.017 0.018 0.014 0.016 0.021 0.022 0.021 0.202 0.133 0.026 0.03 0.072 0.015 0.027 0.035 0.013 0.123 0.132
202 L 0.046 0.022 0.015 0.017 0.016 0.017 0.02 0.022 0.01 0.195 0.243 0.026 0.063 0.048 0.015 0.026 0.037 0.007 0.021 0.134
203 I 0.046 0.017 0.015 0.017 0.016 0.013 0.017 0.02 0.009 0.281 0.166 0.023 0.036 0.044 0.015 0.025 0.039 0.006 0.02 0.174
204 S 0.089 0.035 0.041 0.038 0.017 0.029 0.042 0.052 0.017 0.083 0.088 0.045 0.045 0.029 0.025 0.164 0.067 0.006 0.019 0.072
205 L 0.065 0.029 0.027 0.026 0.016 0.022 0.031 0.036 0.013 0.086 0.27 0.034 0.038 0.043 0.019 0.093 0.049 0.006 0.02 0.077
206 L 0.046 0.027 0.016 0.017 0.016 0.02 0.023 0.023 0.012 0.109 0.321 0.029 0.09 0.052 0.015 0.028 0.035 0.007 0.023 0.094
207 S 0.068 0.052 0.095 0.052 0.011 0.098 0.068 0.052 0.082 0.026 0.041 0.064 0.016 0.02 0.024 0.114 0.053 0.006 0.025 0.034
208 G 0.056 0.027 0.027 0.024 0.012 0.023 0.027 0.19 0.025 0.054 0.097 0.033 0.067 0.064 0.017 0.039 0.032 0.014 0.12 0.054
209 L 0.046 0.022 0.015 0.017 0.016 0.017 0.02 0.022 0.01 0.195 0.243 0.026 0.063 0.048 0.015 0.026 0.037 0.007 0.021 0.134
210 P 0.069 0.036 0.134 0.054 0.012 0.029 0.045 0.055 0.021 0.026 0.036 0.049 0.012 0.017 0.183 0.114 0.055 0.004 0.015 0.033
211 S 0.103 0.037 0.051 0.046 0.016 0.03 0.047 0.141 0.018 0.028 0.039 0.05 0.014 0.02 0.028 0.201 0.072 0.005 0.016 0.038
212 D 0.042 0.033 0.045 0.153 0.01 0.028 0.054 0.035 0.131 0.053 0.15 0.038 0.024 0.033 0.018 0.039 0.031 0.006 0.03 0.047
213 G 0.056 0.021 0.028 0.025 0.011 0.015 0.022 0.27 0.015 0.041 0.071 0.026 0.017 0.204 0.015 0.038 0.027 0.011 0.049 0.039
214 L 0.114 0.029 0.024 0.024 0.018 0.021 0.03 0.041 0.012 0.081 0.221 0.035 0.034 0.038 0.021 0.056 0.092 0.006 0.02 0.082
215 I 0.044 0.022 0.017 0.017 0.014 0.016 0.021 0.022 0.021 0.174 0.169 0.026 0.032 0.074 0.015 0.027 0.034 0.013 0.123 0.118
216 A 0.159 0.031 0.032 0.032 0.019 0.025 0.038 0.056 0.014 0.078 0.076 0.041 0.021 0.026 0.025 0.116 0.06 0.005 0.018 0.129
217 T 0.068 0.039 0.139 0.054 0.015 0.03 0.044 0.054 0.02 0.039 0.049 0.049 0.016 0.021 0.025 0.107 0.158 0.005 0.017 0.051
218 K 0.052 0.188 0.04 0.037 0.008 0.051 0.064 0.039 0.021 0.026 0.044 0.231 0.015 0.016 0.025 0.05 0.038 0.005 0.017 0.032
219 L 0.045 0.022 0.014 0.016 0.016 0.015 0.019 0.021 0.01 0.17 0.311 0.024 0.045 0.051 0.014 0.024 0.035 0.007 0.021 0.121
220 L 0.046 0.027 0.016 0.017 0.016 0.02 0.023 0.023 0.012 0.109 0.321 0.029 0.09 0.052 0.015 0.028 0.035 0.007 0.023 0.094
221 I 0.057 0.028 0.026 0.025 0.016 0.023 0.028 0.03 0.013 0.144 0.141 0.035 0.076 0.038 0.019 0.051 0.112 0.007 0.021 0.112
222 Y 0.04 0.028 0.022 0.018 0.009 0.022 0.028 0.025 0.046 0.043 0.068 0.031 0.018 0.129 0.015 0.031 0.028 0.028 0.327 0.046
223 S 0.096 0.038 0.05 0.044 0.017 0.031 0.047 0.058 0.017 0.037 0.049 0.051 0.017 0.022 0.029 0.184 0.139 0.005 0.017 0.051
224 T 0.066 0.048 0.043 0.04 0.015 0.093 0.06 0.042 0.019 0.044 0.058 0.06 0.02 0.02 0.026 0.079 0.185 0.006 0.018 0.058
225 R 0.043 0.246 0.048 0.156 0.008 0.042 0.064 0.037 0.021 0.023 0.04 0.094 0.013 0.016 0.02 0.046 0.035 0.005 0.015 0.028
226 Y 0.04 0.028 0.022 0.018 0.009 0.022 0.028 0.025 0.046 0.043 0.068 0.031 0.018 0.129 0.015 0.031 0.028 0.028 0.327 0.046
227 S 0.076 0.047 0.093 0.049 0.015 0.049 0.053 0.054 0.02 0.035 0.048 0.073 0.016 0.02 0.026 0.128 0.127 0.005 0.017 0.047
228 D 0.05 0.027 0.051 0.276 0.011 0.025 0.068 0.039 0.015 0.069 0.061 0.038 0.017 0.022 0.02 0.045 0.04 0.004 0.014 0.109
229 P 0.058 0.031 0.029 0.041 0.011 0.029 0.081 0.037 0.015 0.029 0.041 0.047 0.012 0.015 0.342 0.053 0.073 0.004 0.014 0.037
230 L 0.047 0.028 0.018 0.018 0.015 0.023 0.025 0.026 0.015 0.095 0.212 0.031 0.127 0.107 0.015 0.032 0.036 0.009 0.034 0.086
231 S 0.108 0.04 0.053 0.048 0.017 0.033 0.052 0.065 0.019 0.029 0.041 0.053 0.015 0.021 0.029 0.23 0.081 0.005 0.017 0.041
232 L 0.045 0.025 0.015 0.016 0.016 0.018 0.021 0.022 0.011 0.111 0.352 0.027 0.069 0.053 0.014 0.026 0.034 0.007 0.022 0.094
233 T 0.079 0.038 0.094 0.048 0.016 0.03 0.045 0.054 0.018 0.04 0.051 0.049 0.017 0.022 0.027 0.134 0.163 0.005 0.017 0.053
234 A 0.236 0.034 0.035 0.036 0.02 0.028 0.044 0.073 0.016 0.038 0.053 0.047 0.017 0.021 0.029 0.133 0.06 0.005 0.017 0.059
235 Q 0.054 0.055 0.034 0.037 0.011 0.155 0.075 0.035 0.023 0.055 0.071 0.067 0.023 0.081 0.02 0.046 0.039 0.008 0.032 0.079
236 L 0.091 0.025 0.016 0.018 0.017 0.018 0.024 0.031 0.01 0.11 0.287 0.028 0.041 0.045 0.017 0.035 0.038 0.006 0.021 0.121
237 Y 0.04 0.028 0.022 0.018 0.009 0.022 0.028 0.025 0.046 0.043 0.068 0.031 0.018 0.129 0.015 0.031 0.028 0.028 0.327 0.046
238 R 0.048 0.271 0.039 0.034 0.008 0.049 0.058 0.036 0.022 0.024 0.045 0.175 0.015 0.017 0.022 0.047 0.036 0.006 0.017 0.031
239 L 0.052 0.023 0.015 0.016 0.017 0.016 0.021 0.022 0.009 0.13 0.299 0.025 0.043 0.048 0.015 0.027 0.038 0.006 0.021 0.156
240 A 0.226 0.028 0.03 0.031 0.018 0.023 0.035 0.224 0.014 0.035 0.048 0.04 0.015 0.02 0.026 0.073 0.043 0.005 0.015 0.053
241 G 0.137 0.024 0.027 0.026 0.014 0.018 0.028 0.206 0.015 0.041 0.066 0.032 0.017 0.144 0.019 0.053 0.035 0.009 0.039 0.049
242 L 0.052 0.023 0.015 0.016 0.017 0.016 0.021 0.022 0.009 0.13 0.299 0.025 0.043 0.048 0.015 0.027 0.038 0.006 0.021 0.156
243 G 0.063 0.023 0.023 0.022 0.015 0.017 0.023 0.187 0.01 0.098 0.18 0.028 0.03 0.035 0.016 0.036 0.037 0.006 0.018 0.133
244 V 0.061 0.022 0.016 0.017 0.018 0.016 0.022 0.023 0.009 0.146 0.214 0.025 0.037 0.041 0.016 0.03 0.043 0.006 0.021 0.218
245 L 0.049 0.022 0.014 0.016 0.016 0.016 0.02 0.021 0.009 0.15 0.305 0.025 0.044 0.049 0.014 0.025 0.037 0.007 0.021 0.139
246 L 0.05 0.026 0.024 0.023 0.015 0.018 0.026 0.03 0.013 0.076 0.187 0.029 0.031 0.158 0.017 0.047 0.105 0.01 0.042 0.073
247 F 0.051 0.027 0.025 0.023 0.012 0.021 0.029 0.032 0.027 0.057 0.099 0.031 0.046 0.186 0.016 0.063 0.038 0.017 0.145 0.056
248 I 0.042 0.018 0.015 0.017 0.014 0.012 0.018 0.022 0.011 0.208 0.148 0.022 0.033 0.161 0.013 0.025 0.035 0.009 0.043 0.134
249 W 0.037 0.025 0.017 0.017 0.01 0.019 0.024 0.029 0.015 0.053 0.1 0.027 0.067 0.056 0.01 0.027 0.028 0.335 0.053 0.05
250 N 0.055 0.04 0.23 0.068 0.01 0.031 0.047 0.06 0.026 0.024 0.034 0.051 0.012 0.017 0.102 0.091 0.052 0.004 0.015 0.03
251 F 0.052 0.03 0.024 0.041 0.012 0.03 0.116 0.028 0.017 0.082 0.092 0.04 0.023 0.149 0.017 0.037 0.037 0.009 0.041 0.121
252 I 0.046 0.017 0.015 0.017 0.016 0.013 0.017 0.02 0.009 0.281 0.166 0.023 0.036 0.044 0.015 0.025 0.039 0.006 0.02 0.174
253 E 0.055 0.076 0.041 0.059 0.008 0.114 0.159 0.039 0.025 0.025 0.042 0.151 0.016 0.015 0.025 0.054 0.039 0.005 0.018 0.033
254 N 0.051 0.038 0.127 0.063 0.011 0.037 0.125 0.04 0.022 0.089 0.071 0.051 0.019 0.025 0.02 0.051 0.043 0.005 0.017 0.095
255 D 0.041 0.034 0.154 0.298 0.008 0.031 0.076 0.052 0.023 0.022 0.029 0.047 0.01 0.016 0.021 0.057 0.04 0.004 0.013 0.025
256 D 0.047 0.154 0.049 0.167 0.008 0.045 0.11 0.039 0.021 0.023 0.038 0.115 0.013 0.016 0.023 0.05 0.036 0.005 0.015 0.029
257 E 0.06 0.059 0.032 0.049 0.012 0.044 0.133 0.034 0.018 0.07 0.069 0.129 0.02 0.022 0.023 0.047 0.041 0.005 0.018 0.114
258 L 0.129 0.026 0.018 0.02 0.018 0.019 0.027 0.04 0.012 0.09 0.276 0.031 0.038 0.043 0.019 0.044 0.038 0.006 0.02 0.086
259 H 0.052 0.09 0.041 0.032 0.012 0.032 0.042 0.036 0.131 0.048 0.106 0.054 0.022 0.03 0.021 0.056 0.106 0.007 0.031 0.052
260 F 0.044 0.018 0.016 0.016 0.171 0.011 0.018 0.027 0.014 0.056 0.096 0.019 0.022 0.27 0.012 0.03 0.029 0.012 0.062 0.055
261 S 0.108 0.04 0.053 0.048 0.017 0.033 0.052 0.065 0.019 0.029 0.041 0.053 0.015 0.021 0.029 0.23 0.081 0.005 0.017 0.041
262 G 0.058 0.052 0.034 0.031 0.009 0.031 0.041 0.195 0.027 0.03 0.046 0.117 0.014 0.053 0.02 0.045 0.032 0.013 0.118 0.034
263 N 0.042 0.044 0.326 0.082 0.009 0.033 0.049 0.064 0.031 0.022 0.031 0.053 0.011 0.018 0.02 0.069 0.049 0.004 0.015 0.027
264 L 0.046 0.02 0.014 0.017 0.016 0.014 0.018 0.021 0.009 0.225 0.238 0.024 0.041 0.047 0.014 0.024 0.037 0.006 0.021 0.148
265 Y 0.04 0.028 0.022 0.018 0.009 0.022 0.028 0.025 0.046 0.043 0.068 0.031 0.018 0.129 0.015 0.031 0.028 0.028 0.327 0.046
266 L 0.042 0.022 0.016 0.017 0.014 0.015 0.02 0.022 0.017 0.149 0.213 0.024 0.036 0.12 0.014 0.026 0.033 0.012 0.083 0.106
267 C 0.048 0.017 0.016 0.017 0.172 0.012 0.017 0.026 0.011 0.129 0.114 0.021 0.026 0.153 0.014 0.03 0.033 0.009 0.04 0.095
268 V 0.069 0.025 0.026 0.026 0.017 0.02 0.029 0.033 0.011 0.161 0.116 0.033 0.028 0.034 0.02 0.073 0.086 0.006 0.019 0.17
269 F 0.041 0.02 0.016 0.017 0.013 0.012 0.02 0.024 0.014 0.088 0.161 0.021 0.03 0.278 0.012 0.026 0.03 0.013 0.065 0.098
270 L 0.051 0.021 0.015 0.015 0.174 0.015 0.019 0.025 0.009 0.091 0.277 0.023 0.038 0.043 0.015 0.029 0.034 0.006 0.019 0.082
271 L 0.044 0.023 0.014 0.015 0.016 0.016 0.02 0.021 0.01 0.142 0.348 0.025 0.047 0.052 0.014 0.024 0.034 0.007 0.022 0.108
272 T 0.059 0.03 0.034 0.03 0.015 0.022 0.032 0.037 0.015 0.056 0.08 0.036 0.021 0.147 0.022 0.069 0.179 0.009 0.041 0.065
273 L 0.041 0.02 0.015 0.016 0.014 0.013 0.019 0.022 0.012 0.152 0.221 0.022 0.037 0.164 0.013 0.025 0.032 0.01 0.043 0.108
274 L 0.052 0.023 0.015 0.016 0.017 0.016 0.021 0.022 0.009 0.13 0.299 0.025 0.043 0.048 0.015 0.027 0.038 0.006 0.021 0.156
275 F 0.035 0.02 0.016 0.016 0.011 0.011 0.019 0.024 0.016 0.071 0.158 0.02 0.029 0.338 0.011 0.025 0.026 0.015 0.077 0.061
276 K 0.056 0.106 0.041 0.041 0.008 0.053 0.07 0.043 0.02 0.027 0.043 0.288 0.015 0.015 0.027 0.053 0.039 0.005 0.017 0.032
277 D 0.04 0.029 0.068 0.406 0.007 0.029 0.09 0.046 0.018 0.022 0.028 0.044 0.009 0.015 0.022 0.051 0.035 0.004 0.011 0.024
278 N 0.042 0.044 0.326 0.082 0.009 0.033 0.049 0.064 0.031 0.022 0.031 0.053 0.011 0.018 0.02 0.069 0.049 0.004 0.015 0.027
279 G 0.12 0.027 0.039 0.035 0.014 0.022 0.032 0.368 0.014 0.024 0.035 0.038 0.012 0.018 0.022 0.086 0.041 0.005 0.013 0.034
280 V 0.069 0.022 0.016 0.018 0.019 0.016 0.023 0.024 0.008 0.162 0.129 0.026 0.031 0.035 0.016 0.032 0.049 0.005 0.02 0.279
281 L 0.043 0.023 0.014 0.015 0.015 0.015 0.02 0.021 0.011 0.107 0.351 0.024 0.046 0.097 0.014 0.024 0.032 0.008 0.03 0.09
282 V 0.074 0.028 0.032 0.03 0.017 0.022 0.033 0.038 0.012 0.131 0.1 0.037 0.026 0.031 0.022 0.095 0.107 0.006 0.019 0.141
283 N 0.059 0.043 0.259 0.073 0.011 0.033 0.049 0.065 0.028 0.024 0.034 0.053 0.012 0.018 0.022 0.109 0.057 0.005 0.016 0.03
284 R 0.044 0.354 0.038 0.031 0.008 0.048 0.052 0.032 0.023 0.023 0.046 0.119 0.015 0.017 0.019 0.044 0.034 0.006 0.017 0.031
285 L 0.045 0.022 0.014 0.016 0.016 0.015 0.019 0.021 0.01 0.17 0.311 0.024 0.045 0.051 0.014 0.024 0.035 0.007 0.021 0.121
286 A 0.157 0.034 0.037 0.035 0.018 0.028 0.042 0.059 0.016 0.049 0.076 0.046 0.043 0.026 0.027 0.126 0.093 0.006 0.018 0.063
287 F 0.036 0.022 0.018 0.017 0.01 0.014 0.022 0.025 0.026 0.056 0.098 0.023 0.023 0.306 0.012 0.027 0.026 0.02 0.167 0.052
288 S 0.172 0.037 0.044 0.042 0.019 0.03 0.048 0.069 0.017 0.034 0.047 0.05 0.016 0.021 0.029 0.182 0.07 0.005 0.017 0.05
289 T 0.072 0.035 0.043 0.037 0.018 0.027 0.039 0.043 0.014 0.053 0.064 0.045 0.019 0.023 0.027 0.091 0.257 0.006 0.018 0.07
290 N 0.042 0.044 0.326 0.082 0.009 0.033 0.049 0.064 0.031 0.022 0.031 0.053 0.011 0.018 0.02 0.069 0.049 0.004 0.015 0.027
291 I 0.046 0.017 0.015 0.017 0.016 0.013 0.017 0.02 0.009 0.281 0.166 0.023 0.036 0.044 0.015 0.025 0.039 0.006 0.02 0.174
292 S 0.096 0.038 0.05 0.044 0.017 0.031 0.047 0.058 0.017 0.037 0.049 0.051 0.017 0.022 0.029 0.184 0.139 0.005 0.017 0.051
293 L 0.041 0.02 0.015 0.016 0.014 0.013 0.019 0.022 0.012 0.152 0.221 0.022 0.037 0.164 0.013 0.025 0.032 0.01 0.043 0.108
294 L 0.052 0.023 0.015 0.016 0.017 0.016 0.021 0.022 0.009 0.13 0.299 0.025 0.043 0.048 0.015 0.027 0.038 0.006 0.021 0.156
295 C 0.059 0.026 0.027 0.024 0.172 0.02 0.028 0.033 0.023 0.047 0.065 0.032 0.018 0.057 0.02 0.054 0.107 0.012 0.119 0.057
296 I 0.042 0.018 0.015 0.017 0.014 0.012 0.018 0.022 0.011 0.208 0.148 0.022 0.033 0.161 0.013 0.025 0.035 0.009 0.043 0.134
297 L 0.043 0.025 0.017 0.017 0.014 0.018 0.022 0.025 0.014 0.092 0.23 0.026 0.082 0.166 0.013 0.028 0.033 0.011 0.044 0.08
298 S 0.087 0.034 0.04 0.037 0.017 0.027 0.041 0.051 0.016 0.057 0.156 0.044 0.027 0.032 0.024 0.162 0.065 0.006 0.019 0.059
299 R 0.042 0.14 0.127 0.043 0.01 0.031 0.04 0.04 0.022 0.044 0.108 0.065 0.021 0.087 0.017 0.046 0.037 0.007 0.029 0.044
300 Y 0.041 0.026 0.019 0.017 0.011 0.02 0.025 0.023 0.034 0.067 0.173 0.029 0.029 0.104 0.015 0.029 0.029 0.021 0.225 0.062
301 L 0.039 0.023 0.014 0.015 0.013 0.016 0.021 0.024 0.012 0.086 0.273 0.024 0.038 0.056 0.012 0.023 0.029 0.171 0.037 0.073
302 V 0.075 0.026 0.028 0.028 0.017 0.021 0.031 0.037 0.012 0.158 0.112 0.034 0.028 0.033 0.02 0.096 0.056 0.005 0.019 0.165
303 L 0.055 0.026 0.017 0.017 0.017 0.02 0.024 0.024 0.011 0.125 0.236 0.029 0.084 0.046 0.015 0.031 0.04 0.007 0.022 0.155
304 V 0.057 0.032 0.024 0.042 0.014 0.033 0.117 0.028 0.015 0.125 0.115 0.043 0.049 0.032 0.019 0.039 0.041 0.006 0.02 0.147
305 N 0.047 0.116 0.183 0.06 0.009 0.042 0.056 0.052 0.026 0.024 0.037 0.142 0.013 0.017 0.022 0.059 0.043 0.005 0.016 0.029
306 C 0.1 0.02 0.021 0.022 0.174 0.016 0.022 0.116 0.01 0.119 0.091 0.027 0.022 0.027 0.018 0.044 0.038 0.005 0.015 0.092
307 F 0.065 0.036 0.037 0.051 0.012 0.036 0.125 0.042 0.02 0.038 0.063 0.049 0.018 0.144 0.022 0.103 0.047 0.009 0.04 0.042
308 L 0.064 0.03 0.03 0.027 0.014 0.023 0.033 0.037 0.025 0.062 0.164 0.036 0.028 0.068 0.02 0.095 0.047 0.013 0.122 0.061
309 K 0.054 0.147 0.04 0.039 0.008 0.052 0.067 0.041 0.021 0.027 0.043 0.26 0.015 0.016 0.026 0.051 0.038 0.005 0.017 0.032
310 K 0.056 0.106 0.041 0.041 0.008 0.053 0.07 0.043 0.02 0.027 0.043 0.288 0.015 0.015 0.027 0.053 0.039 0.005 0.017 0.032
311 A 0.139 0.028 0.028 0.028 0.018 0.022 0.032 0.047 0.012 0.125 0.096 0.037 0.024 0.029 0.024 0.067 0.115 0.006 0.018 0.104
312 I 0.042 0.018 0.015 0.017 0.014 0.012 0.018 0.022 0.011 0.208 0.148 0.022 0.033 0.161 0.013 0.025 0.035 0.009 0.043 0.134
313 V 0.061 0.022 0.016 0.017 0.018 0.016 0.022 0.023 0.009 0.146 0.214 0.025 0.037 0.041 0.016 0.03 0.043 0.006 0.021 0.218
314 F 0.077 0.032 0.039 0.036 0.015 0.024 0.039 0.048 0.017 0.044 0.069 0.04 0.019 0.146 0.023 0.139 0.092 0.009 0.041 0.05
315 L 0.043 0.022 0.015 0.016 0.015 0.015 0.019 0.022 0.011 0.133 0.302 0.024 0.043 0.109 0.013 0.024 0.033 0.008 0.033 0.101
316 F 0.037 0.02 0.016 0.016 0.012 0.012 0.019 0.024 0.014 0.08 0.203 0.021 0.033 0.281 0.012 0.025 0.028 0.013 0.066 0.068
317 L 0.041 0.02 0.015 0.016 0.014 0.013 0.019 0.022 0.012 0.152 0.221 0.022 0.037 0.164 0.013 0.025 0.032 0.01 0.043 0.108
318 L 0.053 0.021 0.015 0.017 0.017 0.015 0.02 0.022 0.009 0.186 0.226 0.025 0.039 0.044 0.015 0.027 0.04 0.006 0.021 0.183
319 V 0.053 0.024 0.017 0.018 0.016 0.019 0.023 0.025 0.012 0.144 0.154 0.027 0.078 0.101 0.015 0.031 0.04 0.008 0.033 0.161
320 Y 0.04 0.028 0.022 0.018 0.009 0.022 0.028 0.025 0.046 0.043 0.068 0.031 0.018 0.129 0.015 0.031 0.028 0.028 0.327 0.046
