#Seq2Logo.py -f /work3/idamei/wzy_ssn/run/1e-50/run/150/MSAs/0007_164.afa -o /work3/idamei/wzy_ssn/run/1e-50/run/150/logos/0007_164.logo
#Position Specific Frequency Matrix
A R N D C Q E G H I L K M F P S T W Y V
0 L 0.051 0.031 0.02 0.02 0.016 0.028 0.028 0.028 0.016 0.098 0.193 0.035 0.177 0.047 0.016 0.035 0.039 0.008 0.024 0.091
1 Y 0.039 0.027 0.021 0.018 0.009 0.02 0.027 0.024 0.043 0.045 0.072 0.029 0.019 0.155 0.015 0.03 0.027 0.026 0.307 0.047
2 W 0.03 0.022 0.015 0.015 0.007 0.015 0.022 0.03 0.015 0.03 0.052 0.022 0.015 0.06 0.007 0.022 0.022 0.5 0.067 0.03
3 I 0.043 0.018 0.015 0.017 0.015 0.013 0.018 0.021 0.01 0.233 0.154 0.022 0.034 0.122 0.014 0.025 0.036 0.008 0.035 0.147
4 Y 0.047 0.029 0.026 0.023 0.011 0.023 0.03 0.029 0.039 0.045 0.067 0.034 0.019 0.105 0.018 0.044 0.079 0.023 0.259 0.051
5 C 0.094 0.032 0.041 0.037 0.175 0.026 0.04 0.054 0.015 0.034 0.049 0.042 0.016 0.02 0.025 0.168 0.066 0.005 0.016 0.046
6 L 0.099 0.024 0.017 0.019 0.016 0.017 0.024 0.034 0.012 0.087 0.252 0.028 0.037 0.123 0.017 0.037 0.035 0.009 0.035 0.08
7 G 0.084 0.026 0.028 0.026 0.014 0.019 0.027 0.143 0.014 0.06 0.137 0.032 0.025 0.111 0.019 0.052 0.082 0.008 0.033 0.061
8 L 0.043 0.022 0.014 0.016 0.015 0.015 0.019 0.021 0.01 0.145 0.306 0.024 0.043 0.09 0.014 0.024 0.033 0.008 0.029 0.108
9 L 0.043 0.024 0.016 0.016 0.015 0.017 0.021 0.023 0.013 0.099 0.282 0.026 0.071 0.128 0.014 0.027 0.033 0.009 0.037 0.085
10 L 0.041 0.021 0.015 0.016 0.014 0.013 0.019 0.022 0.012 0.134 0.245 0.022 0.038 0.166 0.013 0.024 0.032 0.01 0.043 0.099
11 L 0.054 0.026 0.021 0.023 0.014 0.022 0.027 0.082 0.013 0.114 0.134 0.034 0.088 0.035 0.124 0.037 0.037 0.006 0.019 0.089
12 L 0.056 0.026 0.025 0.023 0.016 0.019 0.027 0.03 0.012 0.093 0.16 0.03 0.03 0.116 0.018 0.049 0.11 0.008 0.035 0.119
13 S 0.092 0.035 0.045 0.041 0.016 0.028 0.044 0.056 0.018 0.037 0.057 0.046 0.018 0.104 0.025 0.186 0.068 0.008 0.033 0.044
14 L 0.041 0.023 0.015 0.015 0.015 0.015 0.02 0.022 0.011 0.102 0.324 0.024 0.044 0.13 0.013 0.024 0.031 0.009 0.037 0.086
15 L 0.042 0.021 0.015 0.016 0.015 0.014 0.019 0.022 0.011 0.14 0.276 0.023 0.041 0.128 0.013 0.024 0.033 0.009 0.036 0.103
16 E 0.049 0.044 0.11 0.158 0.008 0.049 0.201 0.044 0.025 0.022 0.033 0.063 0.012 0.016 0.023 0.057 0.039 0.005 0.015 0.028
17 K 0.052 0.176 0.04 0.048 0.008 0.053 0.116 0.037 0.022 0.025 0.042 0.184 0.015 0.016 0.024 0.05 0.037 0.005 0.017 0.031
18 G 0.067 0.022 0.034 0.03 0.011 0.017 0.024 0.408 0.014 0.028 0.047 0.03 0.013 0.1 0.017 0.045 0.028 0.008 0.028 0.031
19 S 0.11 0.04 0.054 0.049 0.018 0.033 0.053 0.066 0.019 0.03 0.042 0.054 0.016 0.021 0.03 0.218 0.082 0.005 0.018 0.042
20 N 0.043 0.045 0.315 0.083 0.009 0.034 0.05 0.065 0.032 0.023 0.032 0.054 0.011 0.018 0.02 0.07 0.05 0.005 0.016 0.027
21 L 0.045 0.024 0.014 0.015 0.016 0.016 0.02 0.021 0.01 0.116 0.374 0.025 0.05 0.055 0.014 0.024 0.033 0.007 0.022 0.096
22 R 0.057 0.179 0.104 0.045 0.01 0.038 0.048 0.046 0.026 0.026 0.044 0.08 0.015 0.03 0.021 0.09 0.047 0.008 0.051 0.034
23 Y 0.043 0.037 0.026 0.024 0.009 0.066 0.043 0.028 0.039 0.041 0.068 0.043 0.02 0.133 0.017 0.036 0.03 0.022 0.233 0.044
24 K 0.085 0.069 0.048 0.045 0.013 0.042 0.06 0.055 0.02 0.028 0.042 0.158 0.015 0.018 0.028 0.152 0.062 0.005 0.017 0.037
25 K 0.084 0.063 0.034 0.033 0.014 0.036 0.048 0.042 0.016 0.054 0.125 0.149 0.024 0.026 0.024 0.058 0.087 0.006 0.018 0.059
26 V 0.056 0.021 0.015 0.017 0.017 0.015 0.02 0.022 0.009 0.191 0.198 0.025 0.037 0.042 0.015 0.028 0.042 0.006 0.021 0.203
27 I 0.136 0.023 0.018 0.021 0.018 0.018 0.026 0.04 0.011 0.175 0.122 0.031 0.029 0.034 0.02 0.046 0.045 0.006 0.019 0.162
28 Y 0.041 0.1 0.025 0.021 0.009 0.027 0.033 0.026 0.041 0.039 0.063 0.05 0.018 0.104 0.016 0.034 0.029 0.023 0.259 0.043
29 K 0.053 0.087 0.035 0.035 0.01 0.045 0.059 0.038 0.018 0.046 0.119 0.23 0.023 0.024 0.024 0.046 0.038 0.006 0.018 0.046
30 L 0.104 0.026 0.018 0.022 0.016 0.019 0.028 0.037 0.012 0.078 0.235 0.033 0.033 0.037 0.126 0.042 0.037 0.006 0.019 0.075
31 S 0.1 0.036 0.045 0.041 0.018 0.029 0.045 0.056 0.017 0.059 0.061 0.047 0.019 0.024 0.026 0.187 0.074 0.005 0.018 0.094
32 L 0.041 0.023 0.015 0.015 0.015 0.015 0.02 0.022 0.011 0.102 0.324 0.024 0.044 0.13 0.013 0.024 0.031 0.009 0.037 0.086
33 F 0.036 0.02 0.016 0.016 0.012 0.012 0.019 0.024 0.015 0.074 0.173 0.02 0.03 0.32 0.011 0.025 0.027 0.015 0.073 0.063
34 V 0.056 0.021 0.015 0.017 0.017 0.015 0.02 0.022 0.009 0.191 0.198 0.025 0.037 0.042 0.015 0.028 0.042 0.006 0.021 0.203
35 F 0.037 0.019 0.016 0.017 0.012 0.012 0.019 0.024 0.014 0.117 0.155 0.02 0.03 0.28 0.012 0.025 0.029 0.013 0.065 0.085
36 F 0.033 0.019 0.017 0.017 0.01 0.01 0.019 0.025 0.017 0.062 0.113 0.019 0.025 0.396 0.01 0.025 0.025 0.017 0.087 0.054
37 I 0.046 0.017 0.014 0.017 0.016 0.013 0.017 0.02 0.009 0.282 0.165 0.023 0.036 0.044 0.014 0.025 0.039 0.006 0.02 0.174
38 F 0.104 0.022 0.018 0.02 0.016 0.016 0.024 0.035 0.013 0.129 0.116 0.027 0.027 0.154 0.017 0.04 0.039 0.009 0.042 0.134
39 V 0.116 0.026 0.024 0.024 0.018 0.02 0.029 0.039 0.011 0.138 0.107 0.033 0.027 0.031 0.021 0.055 0.093 0.006 0.019 0.163
40 T 0.08 0.036 0.045 0.039 0.017 0.028 0.042 0.048 0.015 0.047 0.059 0.047 0.019 0.023 0.028 0.122 0.218 0.006 0.017 0.064
41 G 0.077 0.023 0.039 0.033 0.011 0.019 0.025 0.517 0.013 0.019 0.028 0.033 0.009 0.016 0.019 0.051 0.029 0.005 0.011 0.024
42 N 0.071 0.042 0.205 0.067 0.013 0.033 0.05 0.065 0.026 0.025 0.036 0.053 0.013 0.019 0.024 0.141 0.063 0.005 0.016 0.033
43 Y 0.04 0.028 0.021 0.018 0.009 0.021 0.028 0.025 0.046 0.043 0.067 0.031 0.018 0.129 0.015 0.031 0.028 0.028 0.328 0.046
44 Y 0.04 0.028 0.021 0.018 0.009 0.021 0.028 0.025 0.046 0.043 0.067 0.031 0.018 0.129 0.015 0.031 0.028 0.028 0.328 0.046
45 N 0.042 0.044 0.327 0.082 0.009 0.033 0.049 0.064 0.031 0.022 0.031 0.053 0.011 0.018 0.02 0.069 0.049 0.004 0.015 0.027
46 G 0.077 0.023 0.039 0.033 0.011 0.019 0.025 0.517 0.013 0.019 0.028 0.033 0.009 0.016 0.019 0.051 0.029 0.005 0.011 0.024
47 I 0.056 0.019 0.015 0.017 0.017 0.015 0.02 0.022 0.008 0.229 0.149 0.024 0.034 0.04 0.015 0.028 0.043 0.006 0.02 0.221
48 D 0.04 0.029 0.068 0.406 0.007 0.029 0.09 0.046 0.018 0.022 0.028 0.044 0.009 0.015 0.022 0.051 0.035 0.004 0.011 0.024
49 W 0.03 0.022 0.015 0.015 0.007 0.015 0.022 0.03 0.015 0.03 0.052 0.022 0.015 0.06 0.007 0.022 0.022 0.5 0.067 0.03
50 I 0.046 0.017 0.014 0.017 0.016 0.013 0.017 0.02 0.009 0.282 0.165 0.023 0.036 0.044 0.014 0.025 0.039 0.006 0.02 0.174
51 N 0.042 0.044 0.327 0.082 0.009 0.033 0.049 0.064 0.031 0.022 0.031 0.053 0.011 0.018 0.02 0.069 0.049 0.004 0.015 0.027
52 Y 0.04 0.028 0.021 0.018 0.009 0.021 0.028 0.025 0.046 0.043 0.067 0.031 0.018 0.129 0.015 0.031 0.028 0.028 0.328 0.046
53 Q 0.056 0.049 0.031 0.034 0.013 0.132 0.065 0.032 0.02 0.113 0.091 0.061 0.026 0.026 0.02 0.043 0.042 0.006 0.02 0.12
54 Y 0.047 0.064 0.034 0.031 0.009 0.037 0.049 0.034 0.07 0.034 0.053 0.147 0.017 0.067 0.021 0.042 0.033 0.015 0.16 0.037
55 H 0.041 0.041 0.046 0.033 0.008 0.034 0.047 0.035 0.294 0.027 0.044 0.042 0.016 0.052 0.018 0.039 0.027 0.012 0.117 0.028
56 Y 0.04 0.028 0.021 0.018 0.009 0.021 0.028 0.025 0.046 0.043 0.067 0.031 0.018 0.129 0.015 0.031 0.028 0.028 0.328 0.046
57 E 0.063 0.052 0.101 0.074 0.01 0.05 0.182 0.047 0.025 0.024 0.037 0.087 0.013 0.017 0.025 0.093 0.048 0.005 0.016 0.032
58 F 0.056 0.065 0.031 0.039 0.011 0.032 0.089 0.035 0.025 0.045 0.095 0.05 0.021 0.12 0.019 0.076 0.04 0.012 0.094 0.047
59 I 0.046 0.018 0.014 0.017 0.016 0.013 0.018 0.02 0.009 0.268 0.187 0.023 0.037 0.044 0.014 0.024 0.038 0.006 0.02 0.165
60 V 0.072 0.026 0.029 0.027 0.015 0.021 0.03 0.132 0.019 0.083 0.078 0.034 0.021 0.047 0.019 0.076 0.047 0.01 0.08 0.135
61 N 0.043 0.047 0.218 0.065 0.008 0.054 0.055 0.054 0.132 0.023 0.034 0.054 0.013 0.021 0.02 0.059 0.041 0.005 0.028 0.026
62 N 0.062 0.039 0.216 0.065 0.011 0.03 0.044 0.155 0.025 0.023 0.032 0.049 0.012 0.018 0.021 0.098 0.051 0.005 0.015 0.029
63 G 0.083 0.028 0.04 0.036 0.013 0.022 0.032 0.333 0.015 0.031 0.068 0.038 0.015 0.021 0.021 0.103 0.045 0.005 0.014 0.036
64 L 0.045 0.024 0.014 0.015 0.016 0.016 0.02 0.021 0.01 0.116 0.374 0.025 0.05 0.055 0.014 0.024 0.033 0.007 0.022 0.096
65 G 0.053 0.024 0.027 0.024 0.013 0.018 0.025 0.126 0.02 0.092 0.087 0.03 0.022 0.122 0.017 0.044 0.076 0.012 0.093 0.073
66 S 0.097 0.037 0.047 0.044 0.016 0.03 0.048 0.059 0.018 0.028 0.04 0.051 0.014 0.019 0.124 0.197 0.071 0.005 0.016 0.039
67 A 0.124 0.032 0.037 0.035 0.018 0.026 0.038 0.052 0.014 0.09 0.076 0.043 0.021 0.026 0.026 0.119 0.12 0.005 0.018 0.081
68 E 0.054 0.035 0.04 0.127 0.01 0.038 0.151 0.131 0.018 0.039 0.103 0.05 0.018 0.023 0.021 0.047 0.034 0.005 0.015 0.041
69 Y 0.053 0.029 0.027 0.024 0.011 0.023 0.031 0.033 0.037 0.042 0.066 0.034 0.018 0.134 0.018 0.071 0.038 0.022 0.244 0.046
70 F 0.034 0.019 0.016 0.016 0.011 0.011 0.019 0.024 0.016 0.067 0.14 0.019 0.027 0.364 0.011 0.025 0.026 0.016 0.081 0.058
71 A 0.156 0.028 0.026 0.029 0.017 0.022 0.034 0.05 0.013 0.09 0.076 0.039 0.02 0.024 0.121 0.065 0.087 0.005 0.017 0.082
72 Y 0.04 0.027 0.021 0.018 0.009 0.021 0.027 0.024 0.046 0.043 0.067 0.031 0.018 0.128 0.015 0.031 0.027 0.027 0.331 0.046
73 E 0.054 0.049 0.04 0.088 0.007 0.063 0.31 0.034 0.025 0.022 0.036 0.074 0.013 0.016 0.025 0.054 0.036 0.005 0.016 0.031
74 P 0.056 0.025 0.023 0.03 0.01 0.02 0.035 0.035 0.013 0.025 0.035 0.04 0.01 0.013 0.503 0.043 0.035 0.003 0.013 0.03
75 G 0.077 0.022 0.038 0.033 0.011 0.019 0.025 0.52 0.013 0.019 0.028 0.033 0.009 0.016 0.019 0.05 0.029 0.005 0.011 0.024
76 F 0.033 0.019 0.017 0.017 0.01 0.01 0.019 0.025 0.017 0.062 0.112 0.019 0.025 0.399 0.01 0.025 0.025 0.017 0.087 0.054
77 L 0.057 0.026 0.017 0.018 0.017 0.021 0.024 0.025 0.012 0.127 0.206 0.029 0.093 0.044 0.016 0.032 0.042 0.007 0.022 0.168
78 L 0.041 0.024 0.016 0.016 0.013 0.016 0.021 0.022 0.018 0.089 0.268 0.025 0.038 0.138 0.013 0.025 0.03 0.013 0.097 0.077
79 L 0.049 0.022 0.014 0.016 0.016 0.015 0.02 0.021 0.009 0.157 0.291 0.025 0.043 0.048 0.014 0.026 0.037 0.006 0.021 0.148
80 L 0.048 0.032 0.081 0.031 0.014 0.026 0.03 0.033 0.018 0.086 0.199 0.037 0.118 0.043 0.016 0.04 0.04 0.007 0.022 0.079
81 Y 0.036 0.025 0.019 0.017 0.009 0.018 0.025 0.026 0.034 0.044 0.073 0.027 0.019 0.169 0.013 0.028 0.026 0.12 0.229 0.044
82 F 0.039 0.02 0.015 0.016 0.013 0.013 0.019 0.023 0.013 0.122 0.205 0.021 0.034 0.224 0.012 0.024 0.03 0.012 0.054 0.09
83 F 0.038 0.019 0.016 0.016 0.06 0.012 0.019 0.025 0.014 0.071 0.162 0.02 0.029 0.292 0.012 0.026 0.028 0.013 0.067 0.062
84 G 0.168 0.026 0.033 0.031 0.015 0.021 0.031 0.343 0.014 0.028 0.04 0.037 0.012 0.018 0.023 0.064 0.037 0.005 0.013 0.041
85 N 0.09 0.039 0.158 0.056 0.014 0.03 0.045 0.059 0.022 0.035 0.046 0.049 0.015 0.02 0.025 0.11 0.119 0.005 0.017 0.046
86 I 0.055 0.019 0.015 0.017 0.017 0.014 0.02 0.022 0.008 0.236 0.15 0.024 0.034 0.04 0.015 0.028 0.043 0.006 0.02 0.217
87 L 0.047 0.022 0.014 0.016 0.016 0.015 0.02 0.021 0.009 0.152 0.317 0.025 0.044 0.05 0.014 0.025 0.036 0.007 0.021 0.129
88 K 0.054 0.061 0.104 0.121 0.009 0.037 0.06 0.143 0.021 0.023 0.034 0.143 0.012 0.016 0.023 0.055 0.038 0.005 0.014 0.028
89 F 0.045 0.019 0.016 0.017 0.014 0.013 0.019 0.023 0.012 0.171 0.136 0.022 0.031 0.184 0.013 0.026 0.035 0.01 0.047 0.148
90 E 0.069 0.055 0.043 0.06 0.012 0.048 0.156 0.044 0.021 0.03 0.044 0.108 0.015 0.018 0.027 0.097 0.091 0.005 0.017 0.041
91 N 0.042 0.044 0.33 0.081 0.009 0.033 0.048 0.064 0.031 0.022 0.031 0.053 0.011 0.018 0.02 0.068 0.048 0.004 0.015 0.026
92 F 0.033 0.019 0.017 0.017 0.01 0.01 0.019 0.025 0.017 0.062 0.112 0.019 0.025 0.399 0.01 0.025 0.025 0.017 0.087 0.054
93 H 0.044 0.05 0.051 0.039 0.008 0.076 0.062 0.038 0.3 0.023 0.039 0.054 0.016 0.027 0.02 0.044 0.029 0.007 0.049 0.025
94 I 0.154 0.023 0.019 0.022 0.019 0.018 0.027 0.044 0.011 0.163 0.115 0.032 0.027 0.033 0.021 0.05 0.045 0.006 0.019 0.153
95 I 0.055 0.019 0.015 0.017 0.017 0.014 0.02 0.022 0.008 0.236 0.15 0.024 0.034 0.04 0.015 0.028 0.043 0.006 0.02 0.217
96 V 0.066 0.022 0.018 0.02 0.017 0.017 0.025 0.026 0.009 0.134 0.109 0.029 0.027 0.031 0.114 0.034 0.046 0.005 0.019 0.233
97 F 0.036 0.018 0.016 0.017 0.011 0.011 0.018 0.024 0.015 0.107 0.122 0.02 0.027 0.328 0.011 0.025 0.028 0.014 0.074 0.078
98 F 0.055 0.023 0.024 0.023 0.013 0.016 0.026 0.033 0.015 0.075 0.101 0.027 0.024 0.25 0.015 0.068 0.041 0.012 0.06 0.097
99 S 0.107 0.03 0.035 0.034 0.018 0.025 0.038 0.049 0.014 0.108 0.085 0.041 0.023 0.028 0.024 0.137 0.063 0.005 0.018 0.119
100 S 0.099 0.035 0.046 0.042 0.112 0.028 0.044 0.058 0.017 0.032 0.046 0.046 0.016 0.02 0.026 0.196 0.071 0.005 0.016 0.044
101 A 0.15 0.033 0.036 0.035 0.018 0.026 0.04 0.057 0.015 0.052 0.118 0.044 0.023 0.028 0.026 0.133 0.08 0.006 0.018 0.062
102 I 0.055 0.019 0.015 0.017 0.017 0.014 0.02 0.022 0.008 0.236 0.15 0.024 0.034 0.04 0.015 0.028 0.043 0.006 0.02 0.217
103 F 0.117 0.029 0.033 0.032 0.015 0.022 0.036 0.051 0.017 0.045 0.073 0.037 0.02 0.172 0.022 0.121 0.052 0.01 0.045 0.051
104 V 0.058 0.023 0.021 0.021 0.016 0.017 0.024 0.027 0.011 0.144 0.119 0.027 0.028 0.107 0.017 0.041 0.084 0.008 0.033 0.173
105 L 0.043 0.023 0.016 0.016 0.015 0.016 0.021 0.021 0.017 0.133 0.279 0.026 0.04 0.066 0.014 0.025 0.033 0.011 0.083 0.1
106 S 0.101 0.038 0.051 0.046 0.017 0.031 0.049 0.061 0.018 0.034 0.046 0.051 0.016 0.021 0.029 0.206 0.117 0.005 0.017 0.047
107 L 0.045 0.02 0.014 0.016 0.016 0.014 0.018 0.02 0.009 0.216 0.254 0.024 0.041 0.047 0.014 0.024 0.037 0.006 0.021 0.142
108 S 0.073 0.031 0.038 0.033 0.11 0.026 0.038 0.044 0.084 0.082 0.07 0.039 0.02 0.027 0.021 0.115 0.052 0.005 0.025 0.067
109 K 0.055 0.067 0.033 0.032 0.011 0.037 0.049 0.037 0.023 0.048 0.116 0.163 0.023 0.046 0.022 0.061 0.04 0.01 0.081 0.048
110 F 0.048 0.023 0.024 0.023 0.012 0.015 0.025 0.033 0.017 0.056 0.098 0.026 0.023 0.323 0.014 0.067 0.036 0.014 0.073 0.051
111 I 0.046 0.019 0.014 0.017 0.016 0.014 0.018 0.02 0.009 0.251 0.209 0.023 0.039 0.045 0.014 0.024 0.038 0.006 0.021 0.157
112 K 0.053 0.156 0.04 0.039 0.008 0.051 0.066 0.04 0.021 0.026 0.043 0.257 0.015 0.016 0.025 0.051 0.038 0.005 0.017 0.032
113 K 0.052 0.073 0.033 0.034 0.011 0.077 0.061 0.035 0.019 0.07 0.124 0.171 0.025 0.026 0.022 0.044 0.038 0.006 0.019 0.059
114 I 0.051 0.018 0.015 0.017 0.016 0.014 0.018 0.021 0.009 0.261 0.157 0.024 0.035 0.042 0.015 0.026 0.041 0.006 0.02 0.195
115 P 0.053 0.042 0.035 0.108 0.009 0.029 0.053 0.039 0.015 0.025 0.035 0.092 0.011 0.014 0.312 0.047 0.036 0.003 0.013 0.029
116 F 0.038 0.038 0.022 0.021 0.009 0.022 0.031 0.029 0.023 0.045 0.077 0.076 0.02 0.2 0.014 0.031 0.028 0.114 0.118 0.043
117 G 0.056 0.09 0.098 0.056 0.009 0.043 0.103 0.14 0.022 0.023 0.036 0.131 0.013 0.016 0.023 0.055 0.038 0.005 0.015 0.029
118 F 0.043 0.019 0.016 0.017 0.013 0.012 0.019 0.024 0.013 0.127 0.126 0.021 0.028 0.255 0.012 0.026 0.032 0.012 0.06 0.124
119 N 0.042 0.044 0.33 0.081 0.009 0.033 0.048 0.064 0.031 0.022 0.031 0.053 0.011 0.018 0.02 0.068 0.048 0.004 0.015 0.026
120 R 0.046 0.24 0.034 0.029 0.009 0.042 0.049 0.032 0.02 0.042 0.113 0.134 0.022 0.024 0.02 0.041 0.035 0.006 0.018 0.044
121 S 0.108 0.039 0.053 0.048 0.017 0.033 0.051 0.065 0.019 0.029 0.041 0.053 0.015 0.02 0.029 0.235 0.08 0.005 0.017 0.041
122 L 0.096 0.025 0.016 0.018 0.017 0.018 0.024 0.032 0.011 0.099 0.322 0.029 0.042 0.047 0.017 0.036 0.036 0.007 0.021 0.089
123 F 0.039 0.021 0.017 0.017 0.012 0.014 0.02 0.023 0.019 0.113 0.169 0.023 0.031 0.205 0.013 0.026 0.03 0.015 0.109 0.084
124 L 0.042 0.021 0.015 0.016 0.015 0.014 0.019 0.022 0.011 0.137 0.288 0.023 0.041 0.121 0.013 0.024 0.032 0.009 0.035 0.102
125 F 0.05 0.024 0.023 0.023 0.013 0.016 0.025 0.032 0.016 0.066 0.153 0.027 0.028 0.254 0.015 0.067 0.038 0.012 0.06 0.059
126 L 0.055 0.025 0.022 0.021 0.015 0.02 0.025 0.076 0.012 0.127 0.233 0.03 0.065 0.043 0.016 0.05 0.04 0.007 0.02 0.097
127 L 0.053 0.026 0.023 0.022 0.016 0.019 0.025 0.027 0.011 0.129 0.246 0.03 0.037 0.042 0.018 0.044 0.103 0.006 0.02 0.103
128 L 0.05 0.021 0.015 0.016 0.016 0.015 0.019 0.021 0.009 0.192 0.246 0.024 0.04 0.046 0.015 0.026 0.038 0.006 0.021 0.164
129 A 0.2 0.026 0.021 0.024 0.019 0.021 0.031 0.054 0.012 0.105 0.145 0.036 0.027 0.032 0.023 0.06 0.044 0.006 0.019 0.094
130 F 0.033 0.019 0.017 0.017 0.01 0.01 0.019 0.025 0.017 0.062 0.112 0.019 0.025 0.399 0.01 0.025 0.025 0.017 0.087 0.054
131 L 0.047 0.02 0.014 0.016 0.016 0.014 0.019 0.021 0.009 0.204 0.25 0.024 0.041 0.047 0.014 0.025 0.037 0.006 0.021 0.153
132 Y 0.093 0.027 0.021 0.02 0.013 0.021 0.028 0.034 0.032 0.057 0.129 0.032 0.024 0.092 0.018 0.04 0.033 0.019 0.207 0.06
133 P 0.056 0.025 0.023 0.03 0.01 0.02 0.035 0.035 0.013 0.025 0.035 0.04 0.01 0.013 0.503 0.043 0.035 0.003 0.013 0.03
134 L 0.044 0.024 0.014 0.015 0.016 0.016 0.02 0.021 0.01 0.113 0.388 0.025 0.049 0.054 0.014 0.024 0.033 0.007 0.022 0.094
135 F 0.034 0.02 0.018 0.017 0.01 0.013 0.02 0.025 0.022 0.058 0.103 0.021 0.024 0.345 0.011 0.026 0.025 0.019 0.136 0.052
136 N 0.042 0.044 0.33 0.081 0.009 0.033 0.048 0.064 0.031 0.022 0.031 0.053 0.011 0.018 0.02 0.068 0.048 0.004 0.015 0.026
137 D 0.04 0.029 0.068 0.409 0.007 0.029 0.09 0.046 0.018 0.022 0.027 0.044 0.009 0.015 0.022 0.051 0.035 0.004 0.011 0.024
138 A 0.235 0.029 0.029 0.031 0.019 0.024 0.037 0.162 0.014 0.039 0.053 0.042 0.016 0.02 0.027 0.077 0.066 0.005 0.016 0.059
139 I 0.049 0.02 0.016 0.018 0.015 0.015 0.02 0.022 0.016 0.212 0.138 0.025 0.032 0.059 0.015 0.027 0.039 0.01 0.082 0.17
140 R 0.044 0.358 0.038 0.03 0.008 0.047 0.051 0.032 0.023 0.023 0.046 0.118 0.015 0.017 0.019 0.044 0.034 0.006 0.017 0.03
141 Q 0.055 0.072 0.043 0.046 0.009 0.23 0.101 0.04 0.029 0.026 0.046 0.089 0.02 0.014 0.023 0.055 0.04 0.006 0.02 0.035
142 L 0.044 0.024 0.014 0.015 0.016 0.016 0.02 0.021 0.01 0.113 0.388 0.025 0.049 0.054 0.014 0.024 0.033 0.007 0.022 0.094
143 L 0.094 0.023 0.017 0.019 0.016 0.016 0.023 0.033 0.012 0.123 0.222 0.027 0.035 0.114 0.016 0.036 0.036 0.008 0.034 0.097
144 A 0.304 0.03 0.025 0.029 0.021 0.025 0.04 0.077 0.015 0.042 0.058 0.044 0.017 0.021 0.029 0.083 0.049 0.005 0.017 0.067
145 F 0.039 0.022 0.017 0.017 0.013 0.015 0.021 0.025 0.015 0.08 0.183 0.023 0.06 0.26 0.012 0.027 0.029 0.013 0.061 0.069
146 A 0.177 0.031 0.034 0.034 0.114 0.025 0.04 0.063 0.015 0.037 0.052 0.043 0.016 0.021 0.026 0.135 0.059 0.005 0.016 0.055
147 I 0.051 0.018 0.015 0.017 0.016 0.014 0.018 0.021 0.009 0.261 0.157 0.024 0.035 0.042 0.015 0.026 0.041 0.006 0.02 0.195
148 L 0.045 0.02 0.014 0.016 0.016 0.014 0.018 0.02 0.009 0.216 0.254 0.024 0.041 0.047 0.014 0.024 0.037 0.006 0.021 0.142
149 L 0.044 0.024 0.014 0.015 0.016 0.016 0.02 0.021 0.01 0.113 0.388 0.025 0.049 0.054 0.014 0.024 0.033 0.007 0.022 0.094
150 P 0.056 0.025 0.023 0.03 0.01 0.02 0.035 0.035 0.013 0.025 0.035 0.04 0.01 0.013 0.503 0.043 0.035 0.003 0.013 0.03
151 L 0.039 0.022 0.016 0.016 0.012 0.015 0.021 0.023 0.02 0.079 0.213 0.023 0.033 0.207 0.013 0.026 0.029 0.015 0.11 0.068
152 L 0.044 0.024 0.014 0.015 0.016 0.016 0.02 0.021 0.01 0.113 0.388 0.025 0.049 0.054 0.014 0.024 0.033 0.007 0.022 0.094
153 P 0.051 0.024 0.022 0.028 0.01 0.018 0.032 0.033 0.013 0.033 0.051 0.036 0.013 0.09 0.405 0.039 0.033 0.005 0.028 0.035
154 N 0.048 0.126 0.156 0.06 0.008 0.045 0.081 0.048 0.026 0.024 0.038 0.14 0.013 0.017 0.022 0.057 0.041 0.005 0.016 0.029
155 I 0.046 0.019 0.014 0.017 0.016 0.014 0.018 0.02 0.009 0.251 0.209 0.023 0.039 0.045 0.014 0.024 0.038 0.006 0.021 0.157
156 R 0.047 0.12 0.1 0.056 0.008 0.047 0.106 0.042 0.093 0.023 0.038 0.116 0.014 0.019 0.022 0.052 0.037 0.006 0.024 0.028
157 S 0.078 0.115 0.049 0.079 0.013 0.039 0.059 0.052 0.02 0.027 0.041 0.113 0.015 0.018 0.026 0.142 0.058 0.005 0.016 0.035
158 I 0.067 0.025 0.028 0.027 0.112 0.02 0.028 0.036 0.012 0.139 0.1 0.033 0.025 0.03 0.02 0.083 0.091 0.005 0.017 0.103
159 S 0.147 0.038 0.047 0.044 0.018 0.031 0.049 0.067 0.018 0.032 0.045 0.051 0.016 0.021 0.029 0.205 0.074 0.005 0.017 0.046
160 L 0.045 0.02 0.014 0.016 0.016 0.014 0.018 0.02 0.009 0.216 0.254 0.024 0.041 0.047 0.014 0.024 0.037 0.006 0.021 0.142
161 K 0.053 0.089 0.037 0.036 0.009 0.046 0.061 0.039 0.025 0.03 0.047 0.24 0.016 0.038 0.025 0.048 0.037 0.01 0.08 0.035
162 K 0.056 0.105 0.041 0.041 0.008 0.052 0.069 0.042 0.02 0.027 0.042 0.292 0.015 0.015 0.027 0.052 0.039 0.005 0.017 0.032
163 I 0.042 0.02 0.014 0.016 0.014 0.014 0.019 0.022 0.01 0.2 0.187 0.023 0.034 0.049 0.013 0.024 0.034 0.105 0.03 0.129
164 I 0.042 0.018 0.015 0.017 0.014 0.012 0.018 0.022 0.011 0.218 0.149 0.022 0.033 0.15 0.013 0.025 0.035 0.009 0.04 0.137
165 F 0.045 0.019 0.016 0.017 0.014 0.013 0.019 0.023 0.012 0.171 0.136 0.022 0.031 0.184 0.013 0.026 0.035 0.01 0.047 0.148
166 I 0.054 0.021 0.02 0.021 0.016 0.016 0.022 0.025 0.01 0.226 0.141 0.028 0.032 0.038 0.017 0.039 0.084 0.006 0.02 0.164
167 C 0.065 0.017 0.016 0.016 0.399 0.013 0.017 0.03 0.008 0.067 0.077 0.021 0.019 0.023 0.016 0.038 0.038 0.004 0.014 0.101
168 L 0.053 0.022 0.019 0.019 0.015 0.016 0.021 0.121 0.01 0.133 0.245 0.026 0.036 0.042 0.015 0.03 0.035 0.006 0.019 0.115
169 L 0.052 0.02 0.019 0.02 0.062 0.014 0.019 0.122 0.011 0.151 0.167 0.025 0.03 0.073 0.015 0.031 0.034 0.007 0.024 0.104
170 A 0.226 0.034 0.036 0.037 0.02 0.028 0.044 0.072 0.016 0.037 0.051 0.047 0.016 0.021 0.029 0.144 0.062 0.005 0.017 0.057
171 S 0.147 0.038 0.047 0.044 0.018 0.031 0.049 0.067 0.018 0.032 0.045 0.051 0.016 0.021 0.029 0.205 0.074 0.005 0.017 0.046
172 L 0.047 0.027 0.016 0.017 0.016 0.021 0.023 0.024 0.012 0.107 0.31 0.029 0.1 0.051 0.015 0.028 0.035 0.007 0.023 0.093
173 F 0.033 0.019 0.017 0.017 0.01 0.01 0.019 0.025 0.017 0.062 0.112 0.019 0.025 0.399 0.01 0.025 0.025 0.017 0.087 0.054
174 H 0.041 0.045 0.052 0.037 0.007 0.037 0.052 0.037 0.368 0.022 0.037 0.045 0.015 0.03 0.019 0.041 0.026 0.007 0.056 0.022
175 A 0.211 0.03 0.029 0.03 0.018 0.024 0.038 0.064 0.016 0.044 0.066 0.041 0.018 0.097 0.025 0.102 0.05 0.008 0.031 0.059
176 S 0.108 0.039 0.053 0.048 0.017 0.033 0.051 0.065 0.019 0.029 0.041 0.053 0.015 0.02 0.029 0.235 0.08 0.005 0.017 0.041
177 A 0.213 0.03 0.029 0.031 0.019 0.024 0.038 0.063 0.014 0.088 0.076 0.041 0.021 0.025 0.026 0.102 0.053 0.005 0.018 0.083
178 I 0.046 0.017 0.014 0.017 0.016 0.013 0.017 0.02 0.009 0.285 0.165 0.023 0.036 0.043 0.014 0.025 0.039 0.006 0.02 0.173
179 L 0.044 0.024 0.014 0.015 0.016 0.016 0.02 0.021 0.01 0.113 0.388 0.025 0.049 0.054 0.014 0.024 0.033 0.007 0.022 0.094
180 L 0.048 0.028 0.017 0.018 0.016 0.023 0.024 0.025 0.013 0.104 0.271 0.031 0.126 0.05 0.015 0.031 0.037 0.007 0.023 0.092
181 I 0.051 0.018 0.015 0.017 0.016 0.014 0.018 0.021 0.009 0.261 0.157 0.024 0.035 0.042 0.015 0.026 0.041 0.006 0.02 0.195
182 P 0.056 0.025 0.023 0.03 0.01 0.02 0.035 0.035 0.013 0.025 0.035 0.04 0.01 0.013 0.503 0.043 0.035 0.003 0.013 0.03
183 L 0.052 0.021 0.015 0.017 0.016 0.014 0.02 0.023 0.01 0.157 0.184 0.024 0.034 0.113 0.014 0.028 0.039 0.008 0.034 0.178
184 F 0.039 0.02 0.015 0.016 0.013 0.013 0.019 0.023 0.013 0.122 0.205 0.021 0.034 0.224 0.012 0.024 0.03 0.012 0.054 0.09
185 L 0.042 0.019 0.015 0.017 0.014 0.013 0.018 0.022 0.011 0.184 0.193 0.022 0.035 0.152 0.013 0.024 0.034 0.009 0.041 0.122
186 L 0.046 0.024 0.014 0.015 0.016 0.016 0.02 0.021 0.01 0.118 0.362 0.025 0.047 0.052 0.014 0.025 0.034 0.007 0.022 0.113
187 L 0.046 0.024 0.015 0.016 0.016 0.018 0.021 0.022 0.011 0.145 0.304 0.027 0.072 0.05 0.014 0.026 0.035 0.007 0.022 0.109
188 R 0.049 0.257 0.039 0.035 0.008 0.049 0.059 0.036 0.022 0.025 0.044 0.188 0.015 0.016 0.022 0.047 0.036 0.005 0.017 0.031
189 L 0.051 0.089 0.021 0.02 0.11 0.024 0.027 0.027 0.013 0.128 0.129 0.045 0.07 0.035 0.016 0.035 0.038 0.006 0.019 0.096
190 P 0.05 0.047 0.098 0.057 0.008 0.077 0.109 0.042 0.093 0.023 0.037 0.06 0.014 0.018 0.118 0.052 0.037 0.005 0.024 0.029
191 L 0.039 0.022 0.015 0.016 0.014 0.014 0.019 0.022 0.013 0.093 0.277 0.022 0.039 0.192 0.013 0.024 0.03 0.011 0.048 0.078
192 T 0.08 0.038 0.104 0.05 0.016 0.03 0.046 0.056 0.019 0.037 0.048 0.05 0.016 0.021 0.026 0.144 0.146 0.005 0.017 0.05
193 K 0.059 0.084 0.042 0.041 0.01 0.083 0.07 0.042 0.021 0.032 0.047 0.202 0.017 0.017 0.026 0.061 0.084 0.005 0.018 0.04
194 K 0.052 0.14 0.042 0.04 0.008 0.103 0.074 0.039 0.058 0.025 0.044 0.172 0.017 0.017 0.023 0.05 0.037 0.006 0.022 0.032
195 N 0.043 0.114 0.151 0.05 0.009 0.035 0.047 0.045 0.024 0.031 0.052 0.107 0.015 0.093 0.019 0.052 0.039 0.007 0.03 0.034
196 L 0.049 0.026 0.018 0.019 0.016 0.022 0.023 0.025 0.013 0.173 0.182 0.03 0.121 0.046 0.015 0.031 0.039 0.007 0.022 0.124
197 I 0.043 0.019 0.015 0.017 0.015 0.013 0.018 0.021 0.01 0.206 0.199 0.023 0.036 0.117 0.014 0.024 0.035 0.008 0.034 0.134
198 L 0.044 0.027 0.018 0.017 0.013 0.02 0.024 0.024 0.025 0.082 0.221 0.029 0.062 0.082 0.015 0.029 0.032 0.015 0.146 0.074
199 L 0.068 0.031 0.031 0.029 0.015 0.024 0.034 0.039 0.021 0.065 0.185 0.037 0.029 0.055 0.02 0.11 0.051 0.01 0.082 0.063
200 F 0.045 0.02 0.016 0.017 0.014 0.013 0.019 0.023 0.012 0.137 0.181 0.022 0.033 0.186 0.013 0.026 0.034 0.01 0.047 0.132
201 I 0.058 0.023 0.022 0.023 0.016 0.018 0.025 0.029 0.011 0.2 0.185 0.029 0.034 0.041 0.017 0.067 0.046 0.006 0.02 0.131
202 F 0.096 0.021 0.018 0.019 0.11 0.015 0.023 0.036 0.013 0.065 0.147 0.025 0.026 0.179 0.016 0.039 0.033 0.01 0.045 0.065
203 A 0.194 0.03 0.031 0.032 0.019 0.025 0.039 0.062 0.015 0.087 0.074 0.042 0.02 0.025 0.026 0.117 0.056 0.005 0.018 0.081
204 L 0.114 0.026 0.025 0.025 0.018 0.021 0.03 0.041 0.012 0.126 0.156 0.034 0.03 0.035 0.021 0.08 0.05 0.006 0.019 0.132
205 L 0.05 0.02 0.015 0.016 0.111 0.014 0.019 0.024 0.01 0.133 0.225 0.023 0.035 0.077 0.014 0.028 0.035 0.007 0.026 0.117
206 F 0.035 0.02 0.016 0.016 0.011 0.011 0.019 0.024 0.015 0.072 0.167 0.02 0.03 0.33 0.011 0.025 0.026 0.015 0.074 0.062
207 I 0.048 0.019 0.014 0.017 0.016 0.014 0.018 0.021 0.009 0.238 0.206 0.024 0.038 0.045 0.014 0.025 0.039 0.006 0.021 0.168
208 L 0.062 0.024 0.022 0.023 0.017 0.018 0.026 0.03 0.011 0.175 0.177 0.03 0.033 0.039 0.018 0.068 0.048 0.006 0.02 0.153
209 L 0.049 0.023 0.014 0.015 0.016 0.016 0.02 0.022 0.01 0.123 0.336 0.025 0.045 0.05 0.014 0.026 0.036 0.007 0.022 0.132
210 L 0.042 0.023 0.014 0.015 0.015 0.015 0.02 0.022 0.011 0.103 0.333 0.024 0.044 0.123 0.013 0.024 0.031 0.009 0.035 0.086
211 L 0.043 0.02 0.015 0.016 0.015 0.014 0.019 0.021 0.011 0.172 0.243 0.023 0.039 0.119 0.013 0.024 0.034 0.008 0.034 0.118
212 S 0.081 0.041 0.164 0.061 0.014 0.033 0.05 0.065 0.024 0.026 0.037 0.053 0.014 0.019 0.025 0.168 0.068 0.005 0.016 0.035
213 L 0.044 0.023 0.014 0.015 0.016 0.015 0.019 0.021 0.01 0.148 0.343 0.024 0.046 0.052 0.014 0.024 0.034 0.007 0.022 0.11
214 P 0.063 0.037 0.094 0.056 0.011 0.034 0.096 0.047 0.02 0.025 0.036 0.052 0.012 0.016 0.216 0.089 0.047 0.004 0.015 0.032
215 F 0.046 0.021 0.017 0.017 0.013 0.015 0.022 0.024 0.019 0.11 0.113 0.024 0.027 0.2 0.014 0.028 0.034 0.014 0.109 0.133
216 I 0.05 0.019 0.015 0.017 0.016 0.014 0.019 0.021 0.009 0.226 0.202 0.024 0.038 0.044 0.015 0.026 0.04 0.006 0.021 0.179
217 V 0.057 0.021 0.015 0.017 0.017 0.015 0.021 0.022 0.009 0.189 0.191 0.025 0.036 0.041 0.015 0.028 0.042 0.006 0.021 0.212
218 S 0.073 0.036 0.096 0.045 0.014 0.029 0.043 0.051 0.019 0.041 0.068 0.047 0.046 0.024 0.119 0.123 0.057 0.005 0.017 0.046
219 I 0.071 0.028 0.032 0.032 0.016 0.022 0.034 0.04 0.013 0.136 0.094 0.038 0.024 0.029 0.07 0.103 0.096 0.005 0.018 0.099
220 L 0.046 0.023 0.015 0.017 0.016 0.017 0.02 0.022 0.011 0.179 0.26 0.026 0.069 0.048 0.014 0.026 0.037 0.007 0.022 0.125
221 G 0.071 0.035 0.1 0.057 0.011 0.033 0.092 0.241 0.02 0.022 0.033 0.049 0.011 0.017 0.022 0.092 0.045 0.005 0.014 0.029
222 G 0.128 0.035 0.1 0.048 0.015 0.028 0.043 0.158 0.019 0.028 0.04 0.047 0.014 0.019 0.025 0.134 0.057 0.005 0.015 0.04
223 I 0.043 0.019 0.015 0.017 0.015 0.013 0.018 0.021 0.01 0.206 0.199 0.023 0.036 0.117 0.014 0.024 0.035 0.008 0.034 0.134
224 I 0.046 0.019 0.014 0.017 0.016 0.014 0.018 0.02 0.009 0.251 0.209 0.023 0.039 0.045 0.014 0.024 0.038 0.006 0.021 0.157
225 P 0.056 0.025 0.023 0.03 0.01 0.02 0.035 0.035 0.013 0.025 0.035 0.04 0.01 0.013 0.503 0.043 0.035 0.003 0.013 0.03
226 A 0.114 0.061 0.07 0.046 0.013 0.094 0.067 0.055 0.022 0.03 0.045 0.11 0.017 0.017 0.026 0.097 0.051 0.005 0.018 0.041
227 L 0.045 0.091 0.021 0.02 0.014 0.025 0.028 0.025 0.017 0.12 0.204 0.046 0.062 0.05 0.016 0.031 0.035 0.009 0.052 0.092
228 L 0.042 0.021 0.015 0.016 0.015 0.014 0.019 0.021 0.011 0.155 0.266 0.023 0.04 0.12 0.013 0.024 0.033 0.009 0.034 0.11
229 Y 0.04 0.031 0.028 0.022 0.009 0.025 0.032 0.027 0.11 0.039 0.061 0.033 0.018 0.109 0.016 0.033 0.027 0.023 0.276 0.041
230 A 0.185 0.032 0.087 0.039 0.018 0.026 0.039 0.063 0.017 0.061 0.065 0.043 0.019 0.023 0.025 0.085 0.052 0.005 0.017 0.1
231 K 0.056 0.105 0.041 0.041 0.008 0.052 0.069 0.042 0.02 0.027 0.042 0.292 0.015 0.015 0.027 0.052 0.039 0.005 0.017 0.032
232 L 0.044 0.024 0.014 0.015 0.016 0.016 0.02 0.021 0.01 0.113 0.388 0.025 0.049 0.054 0.014 0.024 0.033 0.007 0.022 0.094
233 V 0.06 0.022 0.021 0.021 0.017 0.017 0.024 0.026 0.009 0.189 0.13 0.028 0.031 0.036 0.018 0.041 0.087 0.006 0.02 0.197
234 G 0.076 0.032 0.098 0.046 0.014 0.026 0.039 0.147 0.018 0.077 0.061 0.043 0.017 0.024 0.022 0.123 0.055 0.005 0.016 0.061
235 Y 0.04 0.027 0.021 0.018 0.009 0.021 0.027 0.024 0.046 0.043 0.067 0.031 0.018 0.128 0.015 0.031 0.027 0.027 0.331 0.046
236 L 0.049 0.021 0.015 0.016 0.016 0.015 0.02 0.021 0.009 0.174 0.269 0.024 0.041 0.047 0.015 0.026 0.038 0.006 0.021 0.156
237 S 0.075 0.037 0.108 0.124 0.013 0.03 0.055 0.057 0.02 0.035 0.071 0.048 0.017 0.022 0.024 0.144 0.06 0.005 0.016 0.04
238 K 0.052 0.078 0.094 0.045 0.01 0.044 0.057 0.044 0.022 0.04 0.07 0.193 0.047 0.022 0.023 0.052 0.041 0.006 0.018 0.043
239 L 0.055 0.027 0.022 0.022 0.016 0.02 0.026 0.029 0.012 0.13 0.237 0.031 0.066 0.044 0.017 0.054 0.063 0.007 0.021 0.102
240 D 0.048 0.04 0.055 0.244 0.007 0.047 0.194 0.041 0.022 0.022 0.032 0.06 0.011 0.016 0.024 0.054 0.036 0.005 0.014 0.028
241 G 0.086 0.029 0.043 0.038 0.013 0.024 0.034 0.336 0.015 0.025 0.035 0.04 0.012 0.018 0.023 0.11 0.068 0.005 0.013 0.034
242 D 0.052 0.037 0.106 0.172 0.008 0.038 0.135 0.141 0.022 0.021 0.031 0.053 0.011 0.016 0.022 0.055 0.037 0.005 0.013 0.026
243 F 0.037 0.021 0.016 0.016 0.013 0.013 0.019 0.023 0.014 0.083 0.222 0.021 0.034 0.261 0.012 0.024 0.028 0.013 0.061 0.07
244 K 0.053 0.156 0.04 0.039 0.008 0.051 0.066 0.04 0.021 0.026 0.043 0.257 0.015 0.016 0.025 0.051 0.038 0.005 0.017 0.032
245 L 0.044 0.021 0.015 0.016 0.014 0.014 0.02 0.023 0.012 0.102 0.225 0.022 0.036 0.188 0.013 0.026 0.033 0.01 0.048 0.116
246 G 0.077 0.022 0.038 0.033 0.011 0.019 0.025 0.52 0.013 0.019 0.028 0.033 0.009 0.016 0.019 0.05 0.029 0.005 0.011 0.024
247 F 0.035 0.02 0.016 0.016 0.011 0.011 0.019 0.024 0.015 0.072 0.167 0.02 0.03 0.33 0.011 0.025 0.026 0.015 0.074 0.062
248 F 0.033 0.019 0.017 0.017 0.01 0.01 0.019 0.025 0.017 0.062 0.112 0.019 0.025 0.399 0.01 0.025 0.025 0.017 0.087 0.054
249 A 0.234 0.031 0.027 0.029 0.02 0.026 0.038 0.066 0.015 0.052 0.083 0.043 0.049 0.026 0.026 0.089 0.05 0.006 0.018 0.069
250 I 0.055 0.019 0.015 0.017 0.017 0.014 0.02 0.022 0.008 0.236 0.15 0.024 0.034 0.04 0.015 0.028 0.043 0.006 0.02 0.217
251 I 0.046 0.017 0.014 0.017 0.016 0.013 0.017 0.02 0.009 0.285 0.165 0.023 0.036 0.043 0.014 0.025 0.039 0.006 0.02 0.173
252 D 0.04 0.029 0.068 0.409 0.007 0.029 0.09 0.046 0.018 0.022 0.027 0.044 0.009 0.015 0.022 0.051 0.035 0.004 0.011 0.024
253 L 0.047 0.019 0.015 0.016 0.158 0.012 0.018 0.025 0.011 0.111 0.163 0.021 0.029 0.145 0.014 0.029 0.033 0.009 0.038 0.086
254 L 0.049 0.021 0.015 0.016 0.016 0.015 0.02 0.021 0.009 0.174 0.269 0.024 0.041 0.047 0.015 0.026 0.038 0.006 0.021 0.156
255 G 0.077 0.022 0.038 0.033 0.011 0.019 0.025 0.52 0.013 0.019 0.028 0.033 0.009 0.016 0.019 0.05 0.029 0.005 0.011 0.024
256 I 0.046 0.019 0.014 0.017 0.016 0.014 0.018 0.02 0.009 0.251 0.209 0.023 0.039 0.045 0.014 0.024 0.038 0.006 0.021 0.157
257 L 0.06 0.024 0.023 0.022 0.111 0.017 0.025 0.032 0.012 0.112 0.181 0.029 0.031 0.073 0.017 0.07 0.043 0.007 0.025 0.088
258 L 0.045 0.021 0.014 0.016 0.016 0.014 0.019 0.021 0.009 0.199 0.276 0.024 0.042 0.048 0.014 0.024 0.036 0.006 0.021 0.134
259 I 0.054 0.021 0.021 0.021 0.111 0.015 0.022 0.028 0.011 0.133 0.11 0.026 0.026 0.105 0.017 0.042 0.081 0.008 0.031 0.116
260 L 0.045 0.021 0.016 0.017 0.109 0.015 0.02 0.024 0.018 0.109 0.159 0.023 0.029 0.129 0.014 0.029 0.032 0.012 0.094 0.085
261 F 0.09 0.023 0.017 0.019 0.014 0.015 0.023 0.034 0.014 0.073 0.184 0.025 0.03 0.22 0.015 0.036 0.032 0.011 0.054 0.069
262 T 0.065 0.03 0.032 0.03 0.017 0.023 0.032 0.036 0.012 0.109 0.146 0.037 0.028 0.033 0.022 0.079 0.153 0.006 0.019 0.092
263 S 0.07 0.051 0.044 0.038 0.012 0.035 0.05 0.047 0.094 0.03 0.046 0.095 0.016 0.043 0.024 0.119 0.051 0.01 0.088 0.037
264 R 0.046 0.142 0.047 0.12 0.008 0.045 0.113 0.037 0.091 0.023 0.038 0.097 0.013 0.019 0.022 0.048 0.034 0.006 0.023 0.028
265 R 0.057 0.145 0.094 0.042 0.011 0.038 0.049 0.042 0.021 0.052 0.058 0.115 0.018 0.021 0.021 0.067 0.045 0.005 0.017 0.082
266 F 0.047 0.024 0.026 0.059 0.061 0.017 0.03 0.03 0.014 0.065 0.144 0.028 0.026 0.178 0.016 0.042 0.076 0.01 0.045 0.062
267 R 0.043 0.196 0.179 0.057 0.008 0.041 0.051 0.049 0.027 0.023 0.039 0.087 0.013 0.018 0.02 0.057 0.042 0.005 0.016 0.029
268 K 0.054 0.13 0.043 0.037 0.01 0.043 0.056 0.039 0.089 0.03 0.046 0.158 0.016 0.02 0.024 0.056 0.08 0.006 0.025 0.037
269 E 0.065 0.048 0.101 0.065 0.01 0.08 0.136 0.096 0.025 0.024 0.037 0.065 0.014 0.017 0.024 0.093 0.048 0.005 0.016 0.032
270 N 0.045 0.044 0.217 0.116 0.008 0.042 0.131 0.053 0.028 0.022 0.032 0.058 0.011 0.017 0.022 0.062 0.043 0.005 0.015 0.027
271 R 0.054 0.134 0.11 0.046 0.01 0.039 0.051 0.045 0.022 0.036 0.083 0.125 0.018 0.022 0.022 0.073 0.045 0.005 0.017 0.039
272 D 0.053 0.038 0.054 0.224 0.009 0.076 0.076 0.163 0.02 0.022 0.032 0.053 0.012 0.015 0.021 0.052 0.035 0.005 0.013 0.027
273 K 0.051 0.123 0.031 0.03 0.011 0.039 0.047 0.033 0.018 0.092 0.098 0.152 0.052 0.028 0.021 0.042 0.038 0.006 0.019 0.072
274 N 0.066 0.037 0.154 0.053 0.014 0.028 0.042 0.052 0.02 0.057 0.059 0.046 0.018 0.023 0.022 0.099 0.097 0.005 0.017 0.089
275 L 0.052 0.022 0.015 0.016 0.017 0.015 0.02 0.022 0.009 0.162 0.265 0.025 0.041 0.046 0.015 0.026 0.039 0.006 0.021 0.167
276 Y 0.051 0.029 0.026 0.024 0.01 0.022 0.031 0.034 0.034 0.037 0.059 0.033 0.017 0.093 0.016 0.07 0.037 0.118 0.216 0.042
277 A 0.245 0.032 0.03 0.031 0.02 0.026 0.04 0.068 0.014 0.045 0.06 0.044 0.018 0.022 0.029 0.085 0.102 0.005 0.017 0.068
278 L 0.052 0.032 0.085 0.035 0.015 0.026 0.032 0.036 0.017 0.111 0.129 0.038 0.084 0.036 0.019 0.051 0.086 0.006 0.02 0.09
279 G 0.128 0.027 0.039 0.035 0.014 0.023 0.033 0.34 0.015 0.025 0.037 0.039 0.012 0.018 0.023 0.094 0.043 0.005 0.013 0.036
280 G 0.126 0.032 0.04 0.037 0.017 0.026 0.039 0.149 0.015 0.039 0.051 0.044 0.016 0.021 0.026 0.11 0.136 0.005 0.016 0.054
281 F 0.036 0.022 0.018 0.017 0.01 0.015 0.022 0.025 0.028 0.054 0.094 0.023 0.022 0.291 0.012 0.027 0.026 0.021 0.185 0.051
282 L 0.045 0.023 0.017 0.018 0.015 0.018 0.022 0.023 0.018 0.165 0.195 0.027 0.063 0.063 0.015 0.028 0.036 0.011 0.083 0.115
283 F 0.034 0.02 0.018 0.017 0.01 0.013 0.02 0.025 0.022 0.058 0.103 0.021 0.024 0.345 0.011 0.026 0.025 0.019 0.136 0.052
284 F 0.033 0.019 0.017 0.017 0.01 0.01 0.019 0.025 0.017 0.062 0.112 0.019 0.025 0.399 0.01 0.025 0.025 0.017 0.087 0.054
285 L 0.044 0.023 0.014 0.015 0.016 0.015 0.019 0.021 0.01 0.148 0.343 0.024 0.046 0.052 0.014 0.024 0.034 0.007 0.022 0.11
286 L 0.043 0.02 0.015 0.016 0.109 0.013 0.019 0.025 0.012 0.079 0.213 0.021 0.033 0.185 0.013 0.027 0.03 0.01 0.046 0.07
287 H 0.041 0.045 0.052 0.037 0.007 0.037 0.052 0.037 0.368 0.022 0.037 0.045 0.015 0.03 0.019 0.041 0.026 0.007 0.056 0.022
288 L 0.044 0.024 0.014 0.015 0.016 0.016 0.02 0.021 0.01 0.113 0.388 0.025 0.049 0.054 0.014 0.024 0.033 0.007 0.022 0.094
289 A 0.205 0.027 0.021 0.024 0.02 0.021 0.032 0.055 0.012 0.08 0.138 0.036 0.026 0.03 0.023 0.061 0.046 0.006 0.019 0.116
290 F 0.033 0.019 0.017 0.017 0.01 0.01 0.019 0.025 0.017 0.062 0.112 0.019 0.025 0.399 0.01 0.025 0.025 0.017 0.087 0.054
291 Y 0.04 0.027 0.021 0.018 0.009 0.021 0.027 0.024 0.046 0.043 0.067 0.031 0.018 0.128 0.015 0.031 0.027 0.027 0.331 0.046
292 G 0.061 0.028 0.032 0.029 0.014 0.022 0.03 0.131 0.015 0.057 0.092 0.035 0.05 0.102 0.02 0.058 0.123 0.008 0.031 0.062
293 A 0.218 0.033 0.034 0.034 0.02 0.027 0.042 0.068 0.015 0.042 0.056 0.046 0.017 0.021 0.029 0.115 0.098 0.005 0.017 0.063
294 P 0.056 0.025 0.023 0.03 0.01 0.02 0.035 0.035 0.013 0.025 0.035 0.04 0.01 0.013 0.503 0.043 0.035 0.003 0.013 0.03
295 F 0.033 0.019 0.017 0.017 0.01 0.01 0.019 0.025 0.017 0.062 0.112 0.019 0.025 0.399 0.01 0.025 0.025 0.017 0.087 0.054
296 L 0.044 0.024 0.014 0.015 0.016 0.016 0.02 0.021 0.01 0.113 0.388 0.025 0.049 0.054 0.014 0.024 0.033 0.007 0.022 0.094
297 Q 0.055 0.072 0.043 0.046 0.009 0.23 0.101 0.04 0.029 0.026 0.046 0.089 0.02 0.014 0.023 0.055 0.04 0.006 0.02 0.035
298 R 0.044 0.358 0.038 0.03 0.008 0.047 0.051 0.032 0.023 0.023 0.046 0.118 0.015 0.017 0.019 0.044 0.034 0.006 0.017 0.03
299 L 0.044 0.024 0.014 0.015 0.016 0.016 0.02 0.021 0.01 0.113 0.388 0.025 0.049 0.054 0.014 0.024 0.033 0.007 0.022 0.094
300 L 0.044 0.024 0.014 0.015 0.016 0.016 0.02 0.021 0.01 0.113 0.388 0.025 0.049 0.054 0.014 0.024 0.033 0.007 0.022 0.094
301 Y 0.038 0.026 0.02 0.018 0.009 0.019 0.026 0.025 0.04 0.047 0.076 0.028 0.02 0.182 0.014 0.029 0.027 0.025 0.282 0.047
302 Y 0.039 0.027 0.021 0.018 0.009 0.02 0.027 0.024 0.043 0.045 0.072 0.029 0.019 0.155 0.015 0.03 0.027 0.026 0.307 0.047
303 I 0.046 0.019 0.014 0.017 0.016 0.014 0.018 0.02 0.009 0.251 0.209 0.023 0.039 0.045 0.014 0.024 0.038 0.006 0.021 0.157
304 F 0.034 0.02 0.018 0.017 0.01 0.013 0.02 0.025 0.022 0.058 0.103 0.021 0.024 0.345 0.011 0.026 0.025 0.019 0.136 0.052
305 P 0.056 0.025 0.023 0.03 0.01 0.02 0.035 0.035 0.013 0.025 0.035 0.04 0.01 0.013 0.503 0.043 0.035 0.003 0.013 0.03
306 L 0.044 0.023 0.014 0.015 0.016 0.015 0.019 0.021 0.01 0.148 0.343 0.024 0.046 0.052 0.014 0.024 0.034 0.007 0.022 0.11
307 L 0.054 0.023 0.015 0.016 0.017 0.016 0.021 0.022 0.009 0.132 0.284 0.025 0.042 0.046 0.015 0.027 0.039 0.006 0.021 0.17
308 I 0.069 0.024 0.027 0.027 0.016 0.019 0.027 0.13 0.011 0.156 0.105 0.032 0.026 0.032 0.019 0.073 0.047 0.005 0.018 0.139
309 L 0.054 0.022 0.015 0.016 0.017 0.015 0.021 0.022 0.009 0.167 0.239 0.025 0.039 0.044 0.015 0.027 0.04 0.006 0.021 0.186
310 Y 0.04 0.034 0.089 0.035 0.009 0.027 0.037 0.035 0.107 0.035 0.054 0.038 0.016 0.086 0.017 0.04 0.031 0.019 0.213 0.037
311 A 0.205 0.035 0.039 0.039 0.019 0.029 0.046 0.071 0.017 0.036 0.05 0.048 0.016 0.021 0.029 0.158 0.065 0.005 0.017 0.054
312 L 0.051 0.035 0.055 0.036 0.108 0.064 0.067 0.032 0.017 0.098 0.139 0.044 0.027 0.03 0.018 0.041 0.038 0.005 0.018 0.077
313 F 0.043 0.021 0.016 0.016 0.014 0.013 0.02 0.024 0.013 0.097 0.198 0.022 0.033 0.223 0.013 0.026 0.032 0.011 0.054 0.112
314 I 0.061 0.022 0.022 0.023 0.016 0.017 0.025 0.03 0.011 0.222 0.136 0.029 0.031 0.038 0.018 0.067 0.048 0.006 0.02 0.158
315 F 0.037 0.021 0.017 0.017 0.011 0.014 0.02 0.025 0.016 0.069 0.128 0.022 0.055 0.329 0.011 0.027 0.028 0.015 0.074 0.061
316 S 0.07 0.112 0.04 0.037 0.012 0.035 0.048 0.046 0.019 0.034 0.056 0.107 0.017 0.094 0.023 0.118 0.052 0.008 0.031 0.04
317 R 0.049 0.195 0.036 0.029 0.01 0.037 0.045 0.032 0.105 0.058 0.064 0.077 0.019 0.025 0.018 0.04 0.036 0.006 0.028 0.091
318 G 0.078 0.023 0.035 0.031 0.132 0.019 0.026 0.34 0.013 0.026 0.039 0.032 0.012 0.018 0.019 0.071 0.037 0.005 0.012 0.034
319 R 0.08 0.131 0.111 0.049 0.01 0.109 0.068 0.049 0.026 0.026 0.044 0.082 0.016 0.017 0.022 0.059 0.042 0.005 0.018 0.036
320 V 0.051 0.106 0.025 0.023 0.013 0.024 0.03 0.028 0.015 0.104 0.1 0.049 0.025 0.121 0.017 0.04 0.064 0.008 0.036 0.122
