#Seq2Logo.py -f /work3/idamei/wzy_ssn/run/1e-50/run/150/MSAs/0007_198.afa -o /work3/idamei/wzy_ssn/run/1e-50/run/150/logos/0007_198.logo
#Position Specific Frequency Matrix
A R N D C Q E G H I L K M F P S T W Y V
0 L 0.051 0.031 0.02 0.02 0.016 0.028 0.028 0.028 0.016 0.098 0.193 0.035 0.177 0.047 0.016 0.035 0.039 0.008 0.024 0.091
1 N 0.057 0.04 0.183 0.06 0.013 0.03 0.044 0.054 0.022 0.038 0.048 0.049 0.015 0.021 0.024 0.08 0.151 0.005 0.017 0.049
2 K 0.083 0.073 0.047 0.045 0.013 0.043 0.061 0.054 0.02 0.028 0.042 0.169 0.015 0.018 0.028 0.14 0.06 0.005 0.017 0.037
3 L 0.042 0.026 0.018 0.017 0.013 0.019 0.024 0.023 0.028 0.079 0.225 0.028 0.034 0.092 0.015 0.027 0.03 0.017 0.173 0.071
4 R 0.05 0.229 0.04 0.036 0.008 0.05 0.061 0.038 0.022 0.025 0.044 0.202 0.015 0.016 0.023 0.049 0.037 0.005 0.017 0.032
5 L 0.044 0.024 0.014 0.015 0.016 0.016 0.02 0.021 0.01 0.115 0.379 0.025 0.049 0.054 0.014 0.024 0.033 0.007 0.022 0.096
6 L 0.043 0.044 0.023 0.023 0.011 0.025 0.034 0.028 0.023 0.061 0.152 0.091 0.027 0.149 0.017 0.033 0.031 0.014 0.114 0.057
7 N 0.045 0.042 0.191 0.165 0.008 0.04 0.124 0.052 0.026 0.022 0.031 0.056 0.011 0.017 0.022 0.061 0.042 0.004 0.015 0.027
8 S 0.157 0.037 0.046 0.043 0.018 0.031 0.049 0.068 0.018 0.033 0.045 0.051 0.016 0.021 0.029 0.196 0.073 0.005 0.017 0.048
9 F 0.045 0.019 0.016 0.017 0.014 0.013 0.019 0.024 0.012 0.142 0.129 0.022 0.029 0.218 0.013 0.027 0.034 0.011 0.054 0.141
10 L 0.042 0.021 0.015 0.016 0.015 0.014 0.019 0.022 0.011 0.143 0.262 0.023 0.04 0.137 0.013 0.024 0.032 0.009 0.038 0.104
11 I 0.046 0.019 0.014 0.017 0.016 0.014 0.018 0.02 0.009 0.241 0.22 0.024 0.039 0.046 0.014 0.024 0.038 0.006 0.021 0.154
12 F 0.045 0.024 0.022 0.021 0.014 0.016 0.024 0.028 0.014 0.073 0.169 0.027 0.03 0.218 0.015 0.041 0.086 0.011 0.053 0.068
13 I 0.046 0.019 0.014 0.017 0.016 0.014 0.018 0.02 0.009 0.241 0.22 0.024 0.039 0.046 0.014 0.024 0.038 0.006 0.021 0.154
14 L 0.078 0.034 0.035 0.033 0.017 0.027 0.038 0.045 0.016 0.068 0.166 0.042 0.064 0.036 0.022 0.131 0.058 0.006 0.02 0.067
15 L 0.044 0.024 0.014 0.015 0.016 0.016 0.02 0.021 0.01 0.113 0.386 0.025 0.049 0.054 0.014 0.024 0.033 0.007 0.022 0.095
16 L 0.05 0.023 0.015 0.016 0.017 0.016 0.021 0.022 0.009 0.126 0.322 0.025 0.044 0.049 0.015 0.026 0.037 0.007 0.021 0.141
17 L 0.044 0.022 0.014 0.016 0.016 0.015 0.019 0.021 0.01 0.156 0.331 0.024 0.046 0.051 0.014 0.024 0.034 0.007 0.021 0.114
18 S 0.099 0.038 0.051 0.045 0.017 0.031 0.048 0.06 0.018 0.035 0.047 0.051 0.016 0.021 0.029 0.198 0.125 0.005 0.017 0.048
19 T 0.09 0.037 0.048 0.042 0.017 0.03 0.045 0.054 0.016 0.041 0.053 0.049 0.017 0.022 0.028 0.162 0.17 0.005 0.017 0.055
20 K 0.056 0.105 0.041 0.041 0.008 0.053 0.07 0.042 0.02 0.027 0.042 0.291 0.015 0.015 0.027 0.053 0.039 0.005 0.017 0.032
21 F 0.035 0.021 0.018 0.017 0.01 0.013 0.021 0.025 0.024 0.057 0.101 0.022 0.023 0.33 0.012 0.026 0.026 0.019 0.148 0.052
22 L 0.051 0.032 0.02 0.02 0.016 0.028 0.028 0.028 0.016 0.099 0.193 0.035 0.175 0.047 0.016 0.035 0.04 0.008 0.024 0.091
23 I 0.05 0.019 0.015 0.017 0.016 0.014 0.019 0.021 0.009 0.226 0.202 0.024 0.038 0.044 0.015 0.026 0.04 0.006 0.021 0.179
24 F 0.041 0.023 0.018 0.019 0.011 0.016 0.024 0.026 0.02 0.061 0.143 0.027 0.025 0.198 0.111 0.029 0.029 0.014 0.108 0.056
25 S 0.108 0.039 0.053 0.048 0.017 0.033 0.051 0.065 0.019 0.029 0.041 0.053 0.015 0.02 0.029 0.235 0.08 0.005 0.017 0.041
26 L 0.102 0.022 0.017 0.019 0.018 0.017 0.023 0.032 0.01 0.177 0.181 0.028 0.034 0.039 0.018 0.038 0.042 0.006 0.02 0.158
27 L 0.041 0.026 0.028 0.095 0.011 0.021 0.037 0.027 0.026 0.067 0.187 0.031 0.029 0.076 0.016 0.032 0.031 0.014 0.143 0.061
28 G 0.074 0.032 0.038 0.047 0.011 0.031 0.089 0.235 0.017 0.023 0.034 0.047 0.011 0.016 0.119 0.087 0.042 0.005 0.013 0.03
29 I 0.045 0.024 0.077 0.03 0.014 0.018 0.024 0.029 0.013 0.198 0.182 0.029 0.034 0.04 0.015 0.033 0.04 0.006 0.02 0.128
30 G 0.07 0.025 0.032 0.029 0.014 0.02 0.028 0.229 0.013 0.093 0.13 0.033 0.024 0.03 0.019 0.077 0.042 0.006 0.016 0.071
31 P 0.051 0.045 0.086 0.04 0.011 0.028 0.042 0.04 0.017 0.043 0.106 0.09 0.019 0.022 0.214 0.046 0.038 0.004 0.016 0.043
32 Y 0.047 0.024 0.019 0.018 0.012 0.019 0.025 0.024 0.031 0.115 0.099 0.028 0.024 0.093 0.015 0.03 0.034 0.019 0.207 0.119
33 A 0.154 0.027 0.024 0.025 0.018 0.021 0.031 0.047 0.012 0.107 0.147 0.036 0.028 0.033 0.023 0.061 0.086 0.006 0.019 0.094
34 L 0.043 0.032 0.14 0.042 0.013 0.023 0.031 0.038 0.018 0.077 0.245 0.036 0.034 0.039 0.016 0.042 0.039 0.006 0.019 0.067
35 L 0.049 0.023 0.014 0.015 0.016 0.016 0.02 0.022 0.01 0.123 0.336 0.025 0.045 0.05 0.014 0.026 0.036 0.007 0.022 0.132
36 L 0.042 0.021 0.015 0.016 0.015 0.014 0.019 0.022 0.011 0.137 0.288 0.023 0.041 0.121 0.013 0.024 0.032 0.009 0.035 0.102
37 A 0.213 0.031 0.028 0.03 0.019 0.025 0.038 0.063 0.014 0.054 0.121 0.042 0.023 0.028 0.026 0.102 0.052 0.006 0.018 0.068
38 N 0.046 0.031 0.143 0.043 0.108 0.023 0.032 0.042 0.02 0.05 0.086 0.036 0.048 0.1 0.016 0.047 0.039 0.007 0.031 0.051
39 L 0.051 0.024 0.016 0.017 0.016 0.018 0.021 0.023 0.01 0.154 0.252 0.027 0.068 0.047 0.015 0.028 0.038 0.007 0.022 0.147
40 L 0.048 0.021 0.014 0.016 0.111 0.015 0.019 0.023 0.009 0.134 0.278 0.023 0.04 0.045 0.014 0.027 0.035 0.006 0.02 0.102
41 G 0.078 0.023 0.039 0.034 0.011 0.019 0.026 0.51 0.014 0.019 0.028 0.034 0.009 0.016 0.019 0.051 0.03 0.005 0.011 0.024
42 S 0.081 0.041 0.164 0.061 0.014 0.033 0.05 0.065 0.024 0.026 0.037 0.053 0.014 0.019 0.025 0.168 0.068 0.005 0.016 0.035
43 F 0.044 0.022 0.017 0.017 0.013 0.015 0.021 0.024 0.019 0.088 0.161 0.024 0.03 0.203 0.013 0.027 0.032 0.015 0.109 0.106
44 F 0.04 0.02 0.017 0.017 0.012 0.014 0.02 0.023 0.019 0.148 0.124 0.023 0.028 0.203 0.013 0.026 0.031 0.014 0.109 0.1
45 L 0.056 0.02 0.019 0.02 0.015 0.015 0.02 0.121 0.01 0.173 0.174 0.026 0.032 0.038 0.015 0.031 0.038 0.006 0.019 0.15
46 I 0.05 0.019 0.015 0.017 0.016 0.014 0.019 0.021 0.009 0.226 0.202 0.024 0.038 0.044 0.015 0.026 0.04 0.006 0.021 0.179
47 L 0.041 0.022 0.016 0.016 0.013 0.015 0.021 0.022 0.018 0.123 0.224 0.024 0.035 0.136 0.014 0.026 0.031 0.013 0.096 0.092
48 K 0.045 0.124 0.04 0.107 0.008 0.039 0.06 0.038 0.019 0.026 0.042 0.154 0.014 0.024 0.021 0.044 0.034 0.104 0.026 0.03
49 N 0.043 0.101 0.209 0.058 0.01 0.032 0.043 0.049 0.025 0.075 0.061 0.06 0.017 0.023 0.019 0.055 0.044 0.005 0.017 0.057
50 R 0.056 0.161 0.033 0.028 0.011 0.033 0.04 0.035 0.024 0.046 0.117 0.069 0.023 0.047 0.019 0.075 0.042 0.01 0.081 0.048
51 F 0.042 0.042 0.026 0.036 0.009 0.029 0.087 0.03 0.019 0.047 0.083 0.084 0.021 0.246 0.017 0.036 0.03 0.012 0.059 0.045
52 C 0.065 0.016 0.016 0.016 0.484 0.012 0.016 0.032 0.008 0.045 0.065 0.02 0.016 0.02 0.016 0.041 0.037 0.004 0.012 0.057
53 E 0.061 0.051 0.096 0.055 0.012 0.039 0.099 0.045 0.021 0.077 0.063 0.099 0.018 0.023 0.023 0.087 0.049 0.005 0.017 0.061
54 V 0.054 0.025 0.023 0.021 0.015 0.019 0.027 0.025 0.08 0.183 0.124 0.028 0.03 0.037 0.016 0.031 0.04 0.006 0.027 0.187
55 L 0.05 0.055 0.03 0.041 0.011 0.076 0.104 0.032 0.019 0.06 0.18 0.101 0.029 0.031 0.021 0.042 0.036 0.006 0.019 0.057
56 C 0.048 0.104 0.025 0.024 0.107 0.028 0.035 0.031 0.015 0.082 0.074 0.095 0.019 0.031 0.017 0.037 0.034 0.105 0.027 0.064
57 L 0.051 0.041 0.022 0.025 0.013 0.026 0.034 0.029 0.013 0.11 0.165 0.083 0.057 0.034 0.115 0.036 0.037 0.006 0.019 0.084
58 S 0.077 0.052 0.104 0.051 0.014 0.036 0.052 0.056 0.02 0.032 0.044 0.099 0.015 0.019 0.026 0.136 0.102 0.005 0.017 0.042
59 G 0.058 0.046 0.093 0.041 0.012 0.029 0.04 0.138 0.018 0.047 0.111 0.089 0.021 0.025 0.021 0.057 0.082 0.006 0.016 0.049
60 E 0.079 0.042 0.046 0.062 0.013 0.044 0.152 0.048 0.02 0.031 0.044 0.06 0.015 0.019 0.027 0.134 0.099 0.005 0.017 0.043
61 R 0.048 0.25 0.04 0.036 0.008 0.085 0.065 0.036 0.024 0.024 0.045 0.147 0.016 0.016 0.021 0.048 0.036 0.006 0.018 0.032
62 K 0.051 0.071 0.03 0.031 0.011 0.037 0.049 0.034 0.016 0.096 0.136 0.185 0.026 0.029 0.022 0.041 0.038 0.006 0.019 0.073
63 L 0.047 0.022 0.016 0.016 0.11 0.016 0.02 0.024 0.016 0.12 0.214 0.025 0.034 0.06 0.015 0.029 0.034 0.01 0.081 0.093
64 A 0.211 0.027 0.026 0.028 0.019 0.022 0.033 0.155 0.013 0.061 0.066 0.038 0.018 0.023 0.024 0.067 0.045 0.005 0.016 0.102
65 V 0.058 0.02 0.015 0.017 0.113 0.015 0.02 0.024 0.009 0.153 0.174 0.024 0.033 0.037 0.015 0.031 0.041 0.006 0.019 0.178
66 I 0.098 0.02 0.017 0.02 0.017 0.015 0.022 0.032 0.01 0.237 0.143 0.027 0.032 0.039 0.017 0.036 0.041 0.006 0.02 0.152
67 L 0.043 0.02 0.015 0.016 0.109 0.013 0.019 0.025 0.012 0.079 0.213 0.021 0.033 0.185 0.013 0.027 0.03 0.01 0.046 0.07
68 F 0.048 0.023 0.024 0.023 0.012 0.015 0.025 0.033 0.017 0.056 0.098 0.026 0.023 0.323 0.014 0.067 0.036 0.014 0.073 0.051
69 F 0.051 0.025 0.027 0.025 0.014 0.018 0.026 0.031 0.014 0.103 0.103 0.03 0.025 0.178 0.018 0.051 0.122 0.01 0.046 0.084
70 L 0.049 0.022 0.014 0.016 0.016 0.015 0.02 0.021 0.009 0.157 0.291 0.025 0.043 0.048 0.014 0.026 0.037 0.006 0.021 0.148
71 S 0.14 0.037 0.045 0.042 0.018 0.03 0.046 0.063 0.017 0.036 0.049 0.049 0.017 0.021 0.029 0.176 0.11 0.005 0.017 0.052
72 L 0.043 0.024 0.016 0.016 0.015 0.017 0.021 0.023 0.012 0.1 0.294 0.026 0.07 0.121 0.014 0.026 0.033 0.009 0.035 0.085
73 C 0.05 0.02 0.015 0.016 0.206 0.013 0.018 0.026 0.01 0.075 0.203 0.022 0.031 0.109 0.014 0.03 0.032 0.008 0.031 0.071
74 L 0.052 0.023 0.015 0.016 0.017 0.016 0.021 0.022 0.009 0.129 0.303 0.025 0.043 0.047 0.015 0.027 0.038 0.006 0.021 0.158
75 L 0.041 0.019 0.015 0.017 0.014 0.013 0.018 0.022 0.011 0.184 0.184 0.022 0.034 0.164 0.013 0.024 0.033 0.01 0.043 0.12
76 N 0.042 0.044 0.334 0.081 0.009 0.033 0.048 0.064 0.031 0.022 0.031 0.053 0.011 0.018 0.02 0.068 0.048 0.004 0.015 0.026
77 I 0.05 0.018 0.015 0.017 0.016 0.013 0.018 0.021 0.008 0.267 0.158 0.023 0.035 0.042 0.015 0.026 0.04 0.006 0.02 0.191
78 S 0.135 0.037 0.046 0.043 0.018 0.03 0.047 0.063 0.017 0.035 0.047 0.05 0.016 0.021 0.029 0.188 0.106 0.005 0.017 0.05
79 K 0.054 0.147 0.04 0.039 0.008 0.051 0.066 0.04 0.021 0.026 0.043 0.266 0.015 0.015 0.026 0.051 0.038 0.005 0.017 0.032
80 L 0.039 0.023 0.016 0.016 0.013 0.015 0.021 0.023 0.018 0.084 0.244 0.024 0.035 0.182 0.013 0.025 0.029 0.014 0.095 0.072
81 N 0.068 0.041 0.191 0.063 0.013 0.032 0.048 0.06 0.024 0.029 0.04 0.051 0.014 0.019 0.024 0.129 0.095 0.005 0.016 0.038
82 N 0.101 0.036 0.135 0.049 0.014 0.029 0.042 0.056 0.026 0.035 0.048 0.046 0.015 0.038 0.023 0.096 0.086 0.009 0.069 0.046
83 E 0.062 0.036 0.043 0.115 0.012 0.038 0.137 0.04 0.018 0.072 0.061 0.052 0.017 0.022 0.024 0.085 0.082 0.005 0.016 0.061
84 L 0.047 0.023 0.023 0.082 0.015 0.018 0.031 0.025 0.011 0.135 0.248 0.028 0.037 0.042 0.016 0.03 0.037 0.006 0.019 0.127
85 S 0.083 0.034 0.043 0.039 0.016 0.027 0.041 0.051 0.017 0.042 0.06 0.044 0.018 0.085 0.025 0.154 0.132 0.007 0.029 0.052
86 L 0.053 0.023 0.021 0.021 0.015 0.017 0.024 0.029 0.012 0.149 0.21 0.028 0.035 0.103 0.016 0.06 0.041 0.008 0.031 0.105
87 G 0.108 0.039 0.031 0.031 0.014 0.026 0.038 0.126 0.015 0.056 0.068 0.078 0.019 0.085 0.022 0.08 0.045 0.007 0.028 0.084
88 D 0.043 0.041 0.152 0.241 0.008 0.065 0.077 0.051 0.024 0.023 0.032 0.054 0.012 0.016 0.021 0.057 0.04 0.004 0.014 0.026
89 A 0.179 0.026 0.029 0.089 0.018 0.022 0.041 0.053 0.013 0.1 0.082 0.037 0.021 0.026 0.023 0.059 0.045 0.005 0.017 0.114
90 L 0.045 0.019 0.014 0.016 0.016 0.014 0.018 0.02 0.009 0.23 0.239 0.024 0.04 0.047 0.014 0.024 0.037 0.006 0.021 0.146
91 Y 0.044 0.023 0.018 0.018 0.012 0.017 0.023 0.024 0.028 0.106 0.1 0.026 0.024 0.144 0.014 0.029 0.032 0.018 0.188 0.108
92 P 0.055 0.025 0.023 0.03 0.01 0.02 0.035 0.035 0.013 0.025 0.035 0.04 0.01 0.013 0.506 0.043 0.035 0.003 0.013 0.03
93 T 0.067 0.032 0.038 0.033 0.017 0.025 0.035 0.039 0.013 0.091 0.08 0.041 0.022 0.026 0.025 0.079 0.227 0.006 0.018 0.086
94 G 0.058 0.026 0.053 0.222 0.009 0.024 0.057 0.284 0.016 0.02 0.027 0.038 0.009 0.015 0.02 0.05 0.032 0.004 0.011 0.024
95 L 0.049 0.022 0.019 0.02 0.016 0.016 0.022 0.024 0.01 0.191 0.223 0.027 0.037 0.043 0.016 0.035 0.074 0.006 0.02 0.129
96 I 0.042 0.027 0.027 0.024 0.012 0.021 0.029 0.027 0.131 0.162 0.113 0.029 0.027 0.098 0.015 0.03 0.032 0.008 0.043 0.103
97 L 0.047 0.024 0.016 0.017 0.016 0.019 0.021 0.023 0.011 0.166 0.249 0.028 0.088 0.048 0.015 0.028 0.037 0.007 0.022 0.119
98 L 0.046 0.022 0.015 0.016 0.015 0.015 0.02 0.022 0.011 0.112 0.3 0.024 0.042 0.108 0.014 0.025 0.034 0.008 0.032 0.119
99 L 0.052 0.026 0.022 0.022 0.014 0.019 0.026 0.031 0.015 0.079 0.206 0.029 0.057 0.163 0.016 0.062 0.039 0.01 0.043 0.071
100 A 0.109 0.032 0.031 0.03 0.016 0.026 0.036 0.048 0.017 0.06 0.106 0.04 0.072 0.093 0.021 0.109 0.052 0.008 0.031 0.064
101 L 0.046 0.021 0.016 0.017 0.014 0.015 0.02 0.022 0.016 0.159 0.171 0.024 0.032 0.117 0.014 0.027 0.035 0.011 0.084 0.137
102 L 0.049 0.023 0.019 0.019 0.016 0.017 0.022 0.024 0.01 0.161 0.261 0.027 0.039 0.045 0.016 0.035 0.073 0.006 0.02 0.116
103 L 0.103 0.025 0.023 0.024 0.017 0.019 0.028 0.038 0.011 0.154 0.157 0.032 0.031 0.036 0.019 0.071 0.048 0.006 0.019 0.139
104 P 0.096 0.023 0.019 0.024 0.015 0.018 0.028 0.035 0.011 0.138 0.097 0.033 0.023 0.028 0.181 0.042 0.041 0.005 0.017 0.127
105 L 0.045 0.02 0.015 0.016 0.095 0.014 0.018 0.023 0.01 0.122 0.252 0.023 0.037 0.104 0.014 0.027 0.033 0.008 0.031 0.094
106 L 0.106 0.027 0.023 0.024 0.018 0.02 0.029 0.038 0.011 0.103 0.189 0.033 0.032 0.036 0.02 0.072 0.048 0.006 0.02 0.145
107 L 0.05 0.022 0.019 0.019 0.095 0.016 0.022 0.027 0.011 0.112 0.197 0.026 0.032 0.099 0.016 0.038 0.072 0.008 0.03 0.09
108 K 0.061 0.058 0.044 0.11 0.01 0.042 0.105 0.044 0.019 0.025 0.037 0.134 0.013 0.016 0.106 0.082 0.044 0.004 0.015 0.032
109 K 0.062 0.081 0.039 0.038 0.01 0.044 0.059 0.043 0.024 0.03 0.046 0.211 0.016 0.035 0.025 0.08 0.044 0.009 0.07 0.036
110 K 0.052 0.081 0.036 0.044 0.009 0.047 0.101 0.038 0.02 0.032 0.053 0.213 0.016 0.08 0.024 0.048 0.036 0.007 0.028 0.035
111 T 0.054 0.036 0.09 0.112 0.012 0.032 0.091 0.041 0.018 0.047 0.102 0.047 0.02 0.025 0.022 0.063 0.113 0.005 0.016 0.052
112 L 0.046 0.022 0.015 0.017 0.016 0.016 0.02 0.022 0.01 0.198 0.244 0.026 0.064 0.047 0.014 0.026 0.037 0.006 0.021 0.133
113 V 0.052 0.021 0.016 0.017 0.016 0.016 0.021 0.022 0.015 0.176 0.173 0.025 0.033 0.056 0.015 0.028 0.039 0.009 0.073 0.176
114 D 0.047 0.031 0.09 0.162 0.012 0.025 0.051 0.04 0.017 0.057 0.155 0.039 0.024 0.029 0.02 0.051 0.075 0.005 0.016 0.055
115 A 0.195 0.033 0.035 0.035 0.019 0.027 0.041 0.063 0.015 0.043 0.057 0.045 0.017 0.022 0.028 0.111 0.126 0.005 0.017 0.063
116 L 0.056 0.023 0.015 0.016 0.017 0.016 0.021 0.022 0.009 0.137 0.259 0.025 0.04 0.044 0.015 0.028 0.04 0.006 0.021 0.19
117 K 0.052 0.127 0.036 0.036 0.01 0.075 0.063 0.036 0.02 0.07 0.064 0.186 0.019 0.02 0.023 0.047 0.038 0.005 0.018 0.056
118 K 0.047 0.064 0.029 0.028 0.01 0.035 0.046 0.034 0.022 0.044 0.106 0.161 0.021 0.048 0.02 0.039 0.033 0.092 0.079 0.044
119 Y 0.04 0.027 0.021 0.018 0.009 0.021 0.027 0.024 0.046 0.043 0.067 0.03 0.018 0.128 0.015 0.03 0.027 0.027 0.334 0.046
120 L 0.064 0.032 0.08 0.037 0.015 0.024 0.035 0.043 0.016 0.07 0.214 0.039 0.031 0.036 0.02 0.103 0.051 0.006 0.019 0.065
121 N 0.093 0.048 0.18 0.055 0.012 0.032 0.046 0.056 0.022 0.049 0.053 0.087 0.016 0.021 0.022 0.062 0.047 0.005 0.017 0.077
122 F 0.043 0.02 0.016 0.016 0.014 0.013 0.019 0.023 0.013 0.125 0.169 0.021 0.032 0.223 0.013 0.026 0.032 0.011 0.054 0.119
123 N 0.043 0.032 0.174 0.049 0.012 0.023 0.033 0.042 0.02 0.126 0.135 0.038 0.025 0.032 0.017 0.046 0.042 0.005 0.018 0.086
124 A 0.216 0.026 0.022 0.025 0.017 0.02 0.033 0.059 0.015 0.049 0.076 0.035 0.02 0.148 0.023 0.064 0.041 0.009 0.04 0.063
125 W 0.044 0.021 0.015 0.016 0.013 0.015 0.02 0.024 0.011 0.152 0.158 0.023 0.03 0.049 0.012 0.025 0.034 0.172 0.036 0.131
126 L 0.053 0.021 0.015 0.016 0.017 0.015 0.02 0.022 0.009 0.187 0.227 0.024 0.038 0.044 0.015 0.027 0.04 0.006 0.021 0.184
127 L 0.052 0.02 0.015 0.016 0.096 0.014 0.019 0.023 0.009 0.168 0.217 0.023 0.036 0.041 0.015 0.028 0.038 0.006 0.019 0.146
128 L 0.065 0.026 0.026 0.025 0.016 0.02 0.029 0.033 0.012 0.096 0.143 0.032 0.028 0.095 0.019 0.074 0.083 0.007 0.031 0.139
129 L 0.043 0.021 0.014 0.016 0.015 0.014 0.019 0.021 0.011 0.163 0.269 0.023 0.04 0.108 0.013 0.024 0.033 0.008 0.032 0.113
130 G 0.076 0.022 0.038 0.033 0.011 0.018 0.025 0.522 0.013 0.018 0.028 0.033 0.009 0.016 0.018 0.05 0.029 0.005 0.011 0.024
131 L 0.048 0.021 0.014 0.016 0.016 0.015 0.019 0.021 0.009 0.179 0.271 0.024 0.041 0.047 0.014 0.025 0.037 0.006 0.021 0.152
132 V 0.065 0.024 0.02 0.02 0.018 0.018 0.025 0.027 0.009 0.134 0.16 0.028 0.032 0.036 0.018 0.04 0.082 0.006 0.02 0.218
133 L 0.131 0.026 0.018 0.02 0.018 0.019 0.026 0.039 0.011 0.089 0.28 0.031 0.038 0.043 0.019 0.043 0.038 0.006 0.02 0.085
134 Y 0.038 0.026 0.02 0.018 0.009 0.019 0.026 0.024 0.041 0.046 0.074 0.028 0.019 0.173 0.014 0.029 0.027 0.026 0.293 0.047
135 F 0.084 0.021 0.017 0.018 0.014 0.014 0.022 0.032 0.013 0.124 0.162 0.025 0.03 0.191 0.015 0.034 0.034 0.01 0.048 0.092
136 L 0.047 0.022 0.014 0.015 0.096 0.015 0.019 0.023 0.01 0.101 0.336 0.024 0.043 0.048 0.014 0.026 0.033 0.006 0.02 0.087
137 N 0.052 0.038 0.198 0.186 0.01 0.032 0.062 0.058 0.025 0.023 0.031 0.05 0.011 0.017 0.022 0.091 0.049 0.004 0.014 0.028
138 L 0.047 0.025 0.021 0.021 0.014 0.019 0.025 0.027 0.018 0.109 0.165 0.029 0.055 0.116 0.016 0.038 0.071 0.012 0.084 0.087
139 L 0.04 0.021 0.015 0.016 0.014 0.014 0.019 0.022 0.012 0.125 0.26 0.022 0.038 0.168 0.013 0.024 0.031 0.01 0.043 0.094
140 G 0.061 0.043 0.09 0.043 0.009 0.03 0.041 0.285 0.077 0.021 0.032 0.082 0.011 0.018 0.02 0.052 0.033 0.005 0.02 0.025
141 L 0.046 0.021 0.015 0.016 0.015 0.014 0.02 0.022 0.01 0.141 0.262 0.024 0.039 0.107 0.014 0.025 0.035 0.008 0.032 0.132
142 I 0.049 0.019 0.015 0.017 0.016 0.014 0.019 0.021 0.009 0.238 0.196 0.024 0.037 0.043 0.015 0.026 0.039 0.006 0.02 0.178
143 S 0.091 0.035 0.053 0.106 0.014 0.03 0.053 0.138 0.018 0.026 0.036 0.048 0.013 0.019 0.026 0.176 0.064 0.005 0.015 0.035
144 P 0.115 0.031 0.033 0.036 0.014 0.025 0.041 0.052 0.015 0.029 0.041 0.045 0.013 0.017 0.267 0.115 0.052 0.004 0.015 0.04
145 S 0.085 0.034 0.043 0.039 0.017 0.027 0.041 0.05 0.015 0.08 0.069 0.045 0.02 0.025 0.026 0.154 0.135 0.005 0.018 0.072
146 G 0.092 0.031 0.045 0.04 0.014 0.025 0.038 0.293 0.016 0.024 0.034 0.043 0.012 0.018 0.024 0.144 0.054 0.005 0.014 0.032
147 L 0.048 0.021 0.014 0.016 0.016 0.015 0.019 0.021 0.009 0.179 0.271 0.024 0.041 0.047 0.014 0.025 0.037 0.006 0.021 0.152
148 V 0.065 0.021 0.016 0.017 0.018 0.016 0.022 0.023 0.008 0.182 0.133 0.025 0.032 0.036 0.016 0.031 0.047 0.005 0.02 0.268
149 V 0.106 0.086 0.033 0.03 0.015 0.029 0.04 0.043 0.074 0.073 0.073 0.052 0.021 0.026 0.021 0.078 0.048 0.006 0.025 0.122
150 A 0.307 0.03 0.025 0.029 0.021 0.025 0.04 0.076 0.014 0.042 0.058 0.043 0.017 0.021 0.029 0.083 0.049 0.005 0.017 0.067
151 P 0.106 0.028 0.028 0.033 0.013 0.023 0.039 0.047 0.014 0.029 0.04 0.043 0.012 0.015 0.347 0.082 0.045 0.003 0.014 0.038
152 D 0.04 0.029 0.067 0.412 0.007 0.029 0.089 0.045 0.018 0.022 0.027 0.044 0.009 0.015 0.022 0.051 0.035 0.004 0.011 0.024
153 H 0.041 0.045 0.052 0.037 0.007 0.037 0.052 0.037 0.371 0.022 0.037 0.045 0.015 0.03 0.019 0.041 0.026 0.007 0.056 0.022
154 A 0.307 0.03 0.025 0.029 0.021 0.025 0.04 0.076 0.014 0.042 0.058 0.043 0.017 0.021 0.029 0.083 0.049 0.005 0.017 0.067
155 N 0.044 0.054 0.285 0.074 0.009 0.036 0.052 0.06 0.029 0.023 0.033 0.093 0.012 0.017 0.021 0.065 0.047 0.005 0.016 0.027
156 L 0.051 0.061 0.033 0.035 0.011 0.131 0.068 0.034 0.021 0.055 0.16 0.102 0.029 0.027 0.021 0.044 0.037 0.006 0.02 0.054
157 D 0.056 0.033 0.043 0.166 0.012 0.033 0.098 0.04 0.018 0.051 0.119 0.046 0.046 0.028 0.021 0.076 0.043 0.005 0.017 0.05
158 G 0.076 0.022 0.038 0.033 0.011 0.018 0.025 0.522 0.013 0.018 0.028 0.033 0.009 0.016 0.018 0.05 0.029 0.005 0.011 0.024
159 Y 0.04 0.027 0.021 0.018 0.009 0.021 0.027 0.024 0.046 0.043 0.067 0.03 0.018 0.128 0.015 0.03 0.027 0.027 0.334 0.046
160 V 0.108 0.038 0.081 0.04 0.015 0.059 0.047 0.049 0.018 0.073 0.072 0.048 0.021 0.024 0.022 0.085 0.052 0.005 0.018 0.124
161 S 0.096 0.04 0.1 0.053 0.016 0.032 0.051 0.065 0.021 0.028 0.039 0.053 0.015 0.02 0.027 0.21 0.075 0.005 0.017 0.038
162 L 0.044 0.023 0.014 0.015 0.016 0.015 0.019 0.021 0.01 0.142 0.353 0.024 0.046 0.052 0.014 0.024 0.034 0.007 0.021 0.107
163 Y 0.04 0.027 0.02 0.018 0.01 0.02 0.026 0.024 0.04 0.054 0.121 0.029 0.023 0.115 0.015 0.029 0.028 0.024 0.282 0.054
164 G 0.064 0.033 0.136 0.049 0.011 0.026 0.037 0.21 0.025 0.025 0.037 0.042 0.012 0.036 0.02 0.084 0.044 0.009 0.067 0.031
165 L 0.044 0.023 0.014 0.015 0.016 0.015 0.019 0.021 0.01 0.142 0.353 0.024 0.046 0.052 0.014 0.024 0.034 0.007 0.021 0.107
166 A 0.241 0.033 0.034 0.035 0.02 0.027 0.043 0.072 0.016 0.038 0.052 0.047 0.016 0.021 0.029 0.135 0.059 0.005 0.017 0.058
167 Y 0.038 0.026 0.02 0.018 0.009 0.019 0.026 0.024 0.041 0.046 0.074 0.028 0.019 0.173 0.014 0.029 0.027 0.026 0.293 0.047
168 Y 0.045 0.029 0.025 0.021 0.01 0.022 0.029 0.027 0.04 0.044 0.066 0.033 0.018 0.11 0.017 0.04 0.067 0.024 0.282 0.05
169 P 0.055 0.025 0.023 0.03 0.01 0.02 0.035 0.035 0.013 0.025 0.035 0.04 0.01 0.013 0.506 0.043 0.035 0.003 0.013 0.03
170 S 0.141 0.038 0.048 0.045 0.018 0.031 0.049 0.067 0.018 0.031 0.044 0.051 0.016 0.021 0.029 0.213 0.075 0.005 0.017 0.045
171 W 0.03 0.022 0.015 0.015 0.007 0.015 0.022 0.03 0.015 0.03 0.052 0.022 0.015 0.059 0.007 0.022 0.022 0.505 0.067 0.03
172 I 0.046 0.017 0.014 0.017 0.016 0.013 0.017 0.02 0.009 0.289 0.164 0.023 0.036 0.043 0.014 0.024 0.039 0.006 0.02 0.172
173 N 0.057 0.042 0.191 0.061 0.011 0.033 0.048 0.056 0.083 0.028 0.039 0.05 0.014 0.021 0.022 0.096 0.086 0.005 0.023 0.035
174 L 0.043 0.02 0.015 0.016 0.015 0.013 0.018 0.021 0.01 0.192 0.231 0.023 0.038 0.106 0.014 0.024 0.034 0.008 0.032 0.126
175 P 0.053 0.044 0.041 0.098 0.01 0.031 0.053 0.04 0.075 0.029 0.04 0.085 0.013 0.018 0.184 0.053 0.072 0.004 0.021 0.035
176 V 0.058 0.019 0.015 0.017 0.017 0.015 0.02 0.022 0.008 0.223 0.147 0.024 0.034 0.039 0.015 0.028 0.044 0.006 0.02 0.228
177 S 0.091 0.041 0.122 0.056 0.015 0.033 0.051 0.065 0.022 0.027 0.039 0.053 0.014 0.02 0.027 0.192 0.073 0.005 0.017 0.038
178 G 0.092 0.031 0.046 0.041 0.014 0.026 0.038 0.292 0.016 0.024 0.034 0.043 0.012 0.018 0.024 0.142 0.055 0.005 0.014 0.033
179 F 0.038 0.02 0.017 0.017 0.012 0.014 0.02 0.024 0.015 0.106 0.134 0.022 0.053 0.283 0.012 0.026 0.03 0.013 0.065 0.08
180 G 0.064 0.02 0.023 0.023 0.015 0.016 0.022 0.189 0.01 0.156 0.106 0.027 0.025 0.031 0.016 0.036 0.039 0.005 0.017 0.161
181 F 0.039 0.019 0.015 0.016 0.013 0.012 0.018 0.023 0.013 0.146 0.175 0.021 0.032 0.224 0.012 0.024 0.031 0.011 0.054 0.1
182 H 0.059 0.052 0.049 0.039 0.011 0.037 0.052 0.043 0.194 0.029 0.043 0.088 0.016 0.025 0.023 0.084 0.077 0.006 0.037 0.035
183 R 0.044 0.361 0.038 0.03 0.008 0.047 0.051 0.032 0.023 0.023 0.045 0.117 0.015 0.017 0.019 0.044 0.034 0.006 0.017 0.03
184 F 0.033 0.019 0.016 0.016 0.01 0.01 0.019 0.025 0.016 0.062 0.111 0.019 0.025 0.402 0.01 0.025 0.025 0.016 0.087 0.054
185 A 0.168 0.035 0.042 0.04 0.018 0.029 0.045 0.065 0.016 0.037 0.05 0.048 0.017 0.021 0.029 0.162 0.1 0.005 0.017 0.054
186 G 0.097 0.034 0.048 0.043 0.015 0.028 0.042 0.217 0.017 0.025 0.036 0.046 0.013 0.019 0.025 0.176 0.063 0.005 0.015 0.035
187 V 0.066 0.021 0.019 0.02 0.017 0.016 0.022 0.106 0.009 0.158 0.117 0.026 0.028 0.033 0.016 0.034 0.043 0.005 0.019 0.224
188 F 0.033 0.019 0.016 0.016 0.01 0.01 0.019 0.025 0.016 0.062 0.111 0.019 0.025 0.402 0.01 0.025 0.025 0.016 0.087 0.054
189 W 0.03 0.022 0.015 0.015 0.007 0.015 0.022 0.03 0.015 0.03 0.052 0.022 0.015 0.059 0.007 0.022 0.022 0.505 0.067 0.03
190 E 0.054 0.048 0.04 0.088 0.007 0.063 0.314 0.034 0.025 0.022 0.036 0.074 0.013 0.016 0.025 0.054 0.036 0.005 0.016 0.031
191 P 0.055 0.025 0.023 0.03 0.01 0.02 0.035 0.035 0.013 0.025 0.035 0.04 0.01 0.013 0.506 0.043 0.035 0.003 0.013 0.03
192 G 0.076 0.022 0.038 0.033 0.011 0.018 0.025 0.522 0.013 0.018 0.028 0.033 0.009 0.016 0.018 0.05 0.029 0.005 0.011 0.024
193 T 0.071 0.035 0.042 0.037 0.017 0.027 0.038 0.042 0.013 0.052 0.064 0.044 0.019 0.023 0.027 0.09 0.265 0.006 0.017 0.069
194 L 0.04 0.022 0.015 0.015 0.014 0.014 0.019 0.022 0.012 0.096 0.298 0.023 0.041 0.17 0.013 0.024 0.03 0.01 0.043 0.08
195 G 0.076 0.022 0.038 0.033 0.011 0.018 0.025 0.522 0.013 0.018 0.028 0.033 0.009 0.016 0.018 0.05 0.029 0.005 0.011 0.024
196 L 0.043 0.024 0.014 0.015 0.016 0.016 0.02 0.021 0.01 0.113 0.391 0.025 0.048 0.053 0.014 0.024 0.033 0.007 0.022 0.094
197 Y 0.04 0.027 0.021 0.018 0.009 0.021 0.027 0.024 0.046 0.043 0.067 0.03 0.018 0.128 0.015 0.03 0.027 0.027 0.334 0.046
198 L 0.048 0.023 0.014 0.015 0.016 0.016 0.02 0.021 0.01 0.121 0.347 0.025 0.045 0.05 0.014 0.025 0.035 0.007 0.021 0.126
199 I 0.046 0.017 0.014 0.017 0.016 0.013 0.017 0.02 0.009 0.289 0.164 0.023 0.036 0.043 0.014 0.024 0.039 0.006 0.02 0.172
200 F 0.079 0.02 0.018 0.019 0.012 0.013 0.022 0.033 0.016 0.059 0.103 0.023 0.023 0.338 0.013 0.034 0.029 0.015 0.075 0.056
201 L 0.042 0.023 0.014 0.015 0.015 0.015 0.02 0.021 0.011 0.104 0.344 0.024 0.044 0.111 0.013 0.024 0.031 0.009 0.033 0.087
202 L 0.045 0.019 0.014 0.016 0.016 0.014 0.018 0.02 0.009 0.23 0.239 0.024 0.04 0.047 0.014 0.024 0.037 0.006 0.021 0.146
203 C 0.07 0.027 0.031 0.028 0.177 0.021 0.03 0.039 0.012 0.055 0.114 0.034 0.022 0.027 0.021 0.087 0.119 0.005 0.016 0.064
204 I 0.05 0.018 0.015 0.017 0.016 0.013 0.018 0.021 0.008 0.267 0.158 0.023 0.035 0.042 0.015 0.026 0.04 0.006 0.02 0.191
205 E 0.054 0.048 0.04 0.088 0.007 0.063 0.314 0.034 0.025 0.022 0.036 0.074 0.013 0.016 0.025 0.054 0.036 0.005 0.016 0.031
206 L 0.089 0.032 0.022 0.023 0.014 0.054 0.037 0.034 0.019 0.104 0.186 0.039 0.031 0.052 0.018 0.04 0.037 0.01 0.073 0.085
207 L 0.063 0.024 0.021 0.022 0.017 0.018 0.026 0.029 0.011 0.144 0.207 0.029 0.035 0.04 0.017 0.062 0.047 0.006 0.02 0.162
208 L 0.038 0.021 0.015 0.016 0.013 0.013 0.019 0.023 0.013 0.087 0.251 0.022 0.037 0.228 0.012 0.024 0.029 0.012 0.054 0.074
209 F 0.035 0.018 0.016 0.017 0.011 0.011 0.018 0.024 0.015 0.1 0.12 0.019 0.027 0.342 0.011 0.025 0.027 0.015 0.076 0.073
210 L 0.053 0.105 0.032 0.039 0.011 0.071 0.096 0.032 0.019 0.062 0.115 0.104 0.024 0.025 0.021 0.043 0.038 0.006 0.019 0.085
211 E 0.046 0.048 0.084 0.047 0.009 0.037 0.088 0.037 0.083 0.071 0.063 0.087 0.018 0.042 0.02 0.045 0.036 0.009 0.076 0.055
212 K 0.056 0.088 0.041 0.057 0.008 0.057 0.147 0.04 0.022 0.026 0.041 0.213 0.015 0.016 0.027 0.054 0.039 0.005 0.017 0.032
213 N 0.05 0.076 0.18 0.062 0.009 0.043 0.06 0.054 0.026 0.025 0.037 0.167 0.013 0.017 0.024 0.061 0.044 0.005 0.016 0.03
214 E 0.053 0.04 0.038 0.059 0.01 0.044 0.175 0.034 0.078 0.071 0.062 0.055 0.018 0.024 0.023 0.053 0.073 0.006 0.024 0.059
215 K 0.049 0.112 0.04 0.104 0.009 0.043 0.102 0.036 0.019 0.039 0.097 0.142 0.019 0.022 0.022 0.046 0.036 0.005 0.017 0.04
216 L 0.045 0.108 0.026 0.024 0.011 0.031 0.038 0.028 0.022 0.064 0.186 0.098 0.029 0.054 0.018 0.035 0.033 0.01 0.082 0.059
217 Y 0.052 0.031 0.026 0.025 0.011 0.054 0.037 0.11 0.026 0.059 0.074 0.038 0.02 0.12 0.016 0.037 0.033 0.015 0.134 0.082
218 S 0.085 0.041 0.099 0.052 0.014 0.033 0.051 0.06 0.079 0.027 0.039 0.051 0.015 0.021 0.026 0.177 0.066 0.005 0.023 0.035
219 K 0.094 0.12 0.033 0.033 0.012 0.04 0.053 0.043 0.018 0.072 0.066 0.178 0.019 0.021 0.024 0.051 0.04 0.005 0.017 0.061
220 L 0.092 0.078 0.02 0.021 0.016 0.022 0.028 0.032 0.012 0.153 0.158 0.043 0.031 0.035 0.018 0.039 0.04 0.006 0.019 0.137
221 R 0.044 0.361 0.038 0.03 0.008 0.047 0.051 0.032 0.023 0.023 0.045 0.117 0.015 0.017 0.019 0.044 0.034 0.006 0.017 0.03
222 I 0.051 0.018 0.018 0.02 0.015 0.014 0.019 0.104 0.009 0.244 0.141 0.025 0.031 0.039 0.015 0.029 0.037 0.006 0.019 0.148
223 F 0.1 0.027 0.024 0.024 0.016 0.02 0.03 0.04 0.015 0.076 0.107 0.032 0.049 0.155 0.018 0.073 0.044 0.009 0.042 0.099
224 I 0.053 0.019 0.015 0.017 0.017 0.014 0.019 0.021 0.008 0.246 0.152 0.024 0.034 0.04 0.015 0.027 0.042 0.006 0.02 0.211
225 F 0.035 0.021 0.018 0.017 0.01 0.014 0.021 0.025 0.026 0.055 0.097 0.023 0.023 0.31 0.012 0.027 0.026 0.02 0.169 0.051
226 L 0.052 0.02 0.015 0.016 0.096 0.014 0.019 0.023 0.009 0.168 0.217 0.023 0.036 0.041 0.015 0.028 0.038 0.006 0.019 0.146
227 I 0.047 0.019 0.015 0.017 0.015 0.014 0.019 0.022 0.01 0.2 0.187 0.023 0.035 0.103 0.014 0.026 0.037 0.008 0.031 0.159
228 A 0.207 0.035 0.039 0.038 0.019 0.029 0.045 0.071 0.017 0.036 0.049 0.048 0.016 0.021 0.029 0.161 0.064 0.005 0.017 0.054
229 G 0.076 0.022 0.038 0.033 0.011 0.018 0.025 0.522 0.013 0.018 0.028 0.033 0.009 0.016 0.018 0.05 0.029 0.005 0.011 0.024
230 L 0.05 0.022 0.015 0.017 0.016 0.017 0.021 0.022 0.01 0.177 0.238 0.026 0.063 0.046 0.015 0.027 0.038 0.006 0.021 0.152
231 L 0.112 0.026 0.019 0.02 0.017 0.019 0.026 0.036 0.011 0.09 0.28 0.031 0.038 0.043 0.019 0.044 0.056 0.006 0.02 0.085
232 S 0.107 0.039 0.053 0.048 0.017 0.032 0.051 0.065 0.019 0.029 0.041 0.053 0.015 0.02 0.029 0.239 0.08 0.005 0.017 0.041
233 L 0.04 0.022 0.015 0.015 0.014 0.014 0.019 0.022 0.012 0.096 0.298 0.023 0.041 0.17 0.013 0.024 0.03 0.01 0.043 0.08
234 S 0.107 0.039 0.053 0.048 0.017 0.032 0.051 0.065 0.019 0.029 0.041 0.053 0.015 0.02 0.029 0.239 0.08 0.005 0.017 0.041
235 L 0.136 0.025 0.018 0.02 0.018 0.019 0.027 0.04 0.011 0.097 0.236 0.031 0.035 0.04 0.019 0.045 0.041 0.006 0.02 0.117
236 L 0.043 0.024 0.014 0.015 0.016 0.016 0.02 0.021 0.01 0.113 0.391 0.025 0.048 0.053 0.014 0.024 0.033 0.007 0.022 0.094
237 F 0.033 0.019 0.016 0.016 0.01 0.01 0.019 0.025 0.016 0.062 0.111 0.019 0.025 0.402 0.01 0.025 0.025 0.016 0.087 0.054
238 F 0.038 0.023 0.019 0.017 0.011 0.016 0.023 0.024 0.03 0.09 0.098 0.025 0.023 0.205 0.013 0.028 0.028 0.02 0.199 0.069
239 V 0.06 0.021 0.015 0.017 0.018 0.016 0.021 0.023 0.008 0.174 0.177 0.025 0.035 0.039 0.015 0.029 0.044 0.006 0.02 0.236
240 L 0.062 0.029 0.026 0.025 0.015 0.023 0.028 0.114 0.014 0.078 0.206 0.034 0.081 0.039 0.018 0.068 0.042 0.007 0.02 0.072
241 L 0.048 0.021 0.014 0.016 0.016 0.015 0.019 0.021 0.009 0.179 0.271 0.024 0.041 0.047 0.014 0.025 0.037 0.006 0.021 0.152
242 F 0.05 0.019 0.016 0.017 0.094 0.013 0.019 0.026 0.012 0.092 0.109 0.021 0.025 0.216 0.013 0.03 0.034 0.011 0.052 0.132
243 L 0.058 0.023 0.016 0.019 0.016 0.017 0.024 0.025 0.009 0.122 0.2 0.028 0.033 0.037 0.097 0.031 0.041 0.005 0.019 0.18
244 L 0.091 0.025 0.017 0.018 0.016 0.018 0.025 0.031 0.016 0.097 0.237 0.029 0.035 0.057 0.017 0.036 0.037 0.01 0.073 0.113
245 L 0.069 0.028 0.029 0.027 0.016 0.022 0.032 0.036 0.018 0.11 0.138 0.035 0.027 0.05 0.02 0.098 0.051 0.009 0.072 0.113
246 L 0.049 0.02 0.016 0.017 0.015 0.014 0.02 0.023 0.011 0.141 0.172 0.023 0.033 0.162 0.014 0.027 0.036 0.009 0.043 0.158
247 F 0.039 0.019 0.015 0.016 0.013 0.012 0.018 0.023 0.013 0.146 0.175 0.021 0.032 0.224 0.012 0.024 0.031 0.011 0.054 0.1
248 F 0.055 0.029 0.032 0.028 0.013 0.022 0.033 0.036 0.074 0.081 0.078 0.034 0.021 0.096 0.018 0.074 0.076 0.091 0.044 0.065
249 F 0.042 0.021 0.016 0.016 0.014 0.013 0.02 0.023 0.013 0.095 0.207 0.022 0.034 0.225 0.012 0.026 0.031 0.011 0.054 0.106
250 I 0.046 0.027 0.121 0.038 0.013 0.02 0.029 0.036 0.017 0.141 0.105 0.033 0.025 0.093 0.016 0.04 0.041 0.007 0.03 0.123
251 W 0.053 0.032 0.08 0.036 0.011 0.024 0.035 0.042 0.023 0.034 0.051 0.037 0.016 0.051 0.018 0.079 0.077 0.175 0.086 0.04
252 C 0.05 0.048 0.078 0.037 0.091 0.061 0.047 0.038 0.02 0.046 0.081 0.085 0.045 0.086 0.019 0.046 0.038 0.007 0.029 0.049
253 K 0.098 0.092 0.038 0.039 0.011 0.048 0.064 0.048 0.019 0.029 0.045 0.254 0.015 0.016 0.027 0.057 0.04 0.005 0.017 0.038
254 K 0.052 0.112 0.085 0.041 0.011 0.038 0.049 0.041 0.02 0.044 0.102 0.138 0.021 0.024 0.022 0.055 0.076 0.005 0.018 0.047
255 D 0.055 0.099 0.101 0.117 0.011 0.032 0.052 0.045 0.02 0.042 0.107 0.058 0.02 0.025 0.021 0.085 0.046 0.005 0.016 0.043
256 N 0.051 0.117 0.157 0.054 0.01 0.039 0.051 0.049 0.024 0.029 0.043 0.112 0.014 0.018 0.022 0.065 0.087 0.005 0.016 0.037
257 K 0.049 0.077 0.033 0.033 0.009 0.039 0.053 0.037 0.019 0.039 0.066 0.199 0.019 0.142 0.022 0.043 0.034 0.009 0.041 0.04
258 R 0.062 0.137 0.032 0.028 0.015 0.03 0.038 0.033 0.015 0.079 0.079 0.063 0.022 0.025 0.021 0.056 0.114 0.006 0.018 0.127
259 L 0.04 0.023 0.014 0.015 0.014 0.016 0.02 0.023 0.011 0.093 0.303 0.024 0.04 0.055 0.012 0.023 0.03 0.131 0.033 0.078
260 L 0.053 0.021 0.015 0.017 0.017 0.015 0.02 0.022 0.009 0.186 0.226 0.025 0.039 0.044 0.015 0.027 0.04 0.006 0.021 0.182
261 A 0.214 0.028 0.022 0.025 0.02 0.022 0.033 0.059 0.013 0.066 0.167 0.038 0.028 0.032 0.024 0.064 0.044 0.006 0.019 0.077
262 F 0.039 0.023 0.017 0.017 0.012 0.016 0.022 0.024 0.024 0.073 0.188 0.025 0.031 0.193 0.013 0.027 0.029 0.017 0.145 0.065
263 I 0.07 0.094 0.035 0.032 0.015 0.028 0.038 0.041 0.016 0.13 0.091 0.054 0.024 0.029 0.021 0.113 0.055 0.005 0.018 0.092
264 L 0.045 0.021 0.014 0.016 0.016 0.015 0.019 0.021 0.009 0.182 0.298 0.024 0.044 0.05 0.014 0.024 0.035 0.006 0.021 0.126
265 L 0.045 0.021 0.014 0.016 0.016 0.015 0.019 0.021 0.009 0.182 0.298 0.024 0.044 0.05 0.014 0.024 0.035 0.006 0.021 0.126
266 L 0.05 0.021 0.015 0.016 0.016 0.015 0.019 0.021 0.009 0.192 0.246 0.024 0.04 0.046 0.015 0.026 0.038 0.006 0.021 0.164
267 C 0.11 0.023 0.023 0.023 0.208 0.018 0.026 0.041 0.011 0.094 0.083 0.03 0.021 0.026 0.021 0.056 0.084 0.005 0.016 0.084
268 L 0.048 0.02 0.015 0.017 0.015 0.014 0.019 0.022 0.01 0.181 0.191 0.023 0.035 0.115 0.014 0.026 0.037 0.008 0.034 0.156
269 L 0.061 0.024 0.022 0.022 0.112 0.018 0.025 0.032 0.011 0.117 0.209 0.029 0.033 0.038 0.017 0.069 0.044 0.006 0.019 0.092
270 V 0.117 0.029 0.029 0.028 0.019 0.022 0.033 0.042 0.012 0.094 0.088 0.037 0.024 0.028 0.023 0.066 0.134 0.006 0.018 0.155
271 I 0.047 0.018 0.015 0.018 0.016 0.013 0.018 0.021 0.009 0.271 0.168 0.024 0.037 0.044 0.015 0.025 0.04 0.006 0.021 0.177
272 L 0.056 0.026 0.024 0.023 0.015 0.02 0.027 0.032 0.014 0.118 0.18 0.031 0.06 0.113 0.017 0.069 0.043 0.008 0.034 0.091
273 I 0.098 0.02 0.017 0.02 0.017 0.015 0.022 0.032 0.01 0.237 0.143 0.027 0.032 0.039 0.017 0.036 0.041 0.006 0.02 0.152
274 L 0.043 0.02 0.015 0.016 0.109 0.013 0.019 0.025 0.012 0.079 0.213 0.021 0.033 0.185 0.013 0.027 0.03 0.01 0.046 0.07
275 L 0.05 0.021 0.015 0.016 0.016 0.015 0.019 0.021 0.009 0.192 0.246 0.024 0.04 0.046 0.015 0.026 0.038 0.006 0.021 0.164
276 L 0.048 0.024 0.017 0.017 0.014 0.018 0.023 0.023 0.024 0.129 0.163 0.027 0.03 0.078 0.015 0.028 0.035 0.015 0.145 0.128
277 L 0.042 0.029 0.08 0.03 0.012 0.022 0.028 0.032 0.024 0.068 0.158 0.032 0.056 0.129 0.015 0.037 0.035 0.013 0.096 0.062
278 Y 0.038 0.026 0.02 0.018 0.009 0.019 0.026 0.025 0.04 0.047 0.076 0.028 0.02 0.182 0.014 0.029 0.027 0.025 0.282 0.047
279 D 0.041 0.035 0.173 0.278 0.008 0.031 0.073 0.053 0.023 0.022 0.029 0.047 0.01 0.016 0.021 0.058 0.04 0.004 0.013 0.025
280 L 0.05 0.06 0.032 0.033 0.01 0.11 0.064 0.034 0.027 0.047 0.118 0.105 0.025 0.045 0.02 0.043 0.036 0.01 0.082 0.048
281 L 0.042 0.023 0.014 0.015 0.015 0.015 0.02 0.022 0.011 0.103 0.333 0.024 0.044 0.123 0.013 0.024 0.031 0.009 0.035 0.086
282 Y 0.04 0.027 0.021 0.018 0.009 0.021 0.027 0.024 0.046 0.043 0.067 0.031 0.018 0.128 0.015 0.031 0.027 0.027 0.331 0.046
283 E 0.049 0.049 0.104 0.143 0.008 0.084 0.172 0.044 0.026 0.023 0.035 0.067 0.013 0.016 0.023 0.057 0.039 0.005 0.016 0.029
284 L 0.096 0.025 0.016 0.018 0.017 0.018 0.024 0.032 0.011 0.099 0.322 0.029 0.042 0.047 0.017 0.036 0.036 0.007 0.021 0.089
285 I 0.048 0.018 0.015 0.017 0.015 0.013 0.019 0.022 0.01 0.216 0.147 0.023 0.033 0.113 0.014 0.026 0.038 0.008 0.034 0.171
286 L 0.042 0.023 0.014 0.015 0.015 0.015 0.02 0.022 0.011 0.103 0.333 0.024 0.044 0.123 0.013 0.024 0.031 0.009 0.035 0.086
287 Y 0.04 0.027 0.021 0.018 0.009 0.021 0.027 0.024 0.046 0.043 0.067 0.031 0.018 0.128 0.015 0.031 0.027 0.027 0.331 0.046
288 R 0.044 0.358 0.038 0.03 0.008 0.047 0.051 0.032 0.023 0.023 0.046 0.118 0.015 0.017 0.019 0.044 0.034 0.006 0.017 0.03
289 L 0.042 0.023 0.014 0.015 0.015 0.015 0.02 0.022 0.011 0.103 0.333 0.024 0.044 0.123 0.013 0.024 0.031 0.009 0.035 0.086
290 D 0.109 0.035 0.051 0.197 0.012 0.036 0.116 0.053 0.019 0.027 0.038 0.052 0.013 0.017 0.025 0.095 0.047 0.005 0.015 0.037
291 F 0.037 0.024 0.019 0.018 0.01 0.017 0.024 0.025 0.034 0.051 0.085 0.026 0.021 0.237 0.013 0.028 0.026 0.023 0.234 0.049
292 D 0.04 0.029 0.068 0.409 0.007 0.029 0.09 0.046 0.018 0.022 0.027 0.044 0.009 0.015 0.022 0.051 0.035 0.004 0.011 0.024
293 P 0.069 0.03 0.033 0.035 0.013 0.024 0.039 0.043 0.014 0.031 0.042 0.044 0.013 0.016 0.313 0.091 0.09 0.004 0.015 0.04
294 D 0.06 0.047 0.107 0.135 0.01 0.078 0.12 0.05 0.024 0.024 0.036 0.063 0.014 0.017 0.024 0.093 0.048 0.005 0.016 0.031
295 R 0.044 0.358 0.038 0.03 0.008 0.047 0.051 0.032 0.023 0.023 0.046 0.118 0.015 0.017 0.019 0.044 0.034 0.006 0.017 0.03
296 G 0.077 0.022 0.038 0.033 0.011 0.019 0.025 0.52 0.013 0.019 0.028 0.033 0.009 0.016 0.019 0.05 0.029 0.005 0.011 0.024
297 F 0.033 0.019 0.017 0.017 0.01 0.01 0.019 0.025 0.017 0.062 0.112 0.019 0.025 0.399 0.01 0.025 0.025 0.017 0.087 0.054
298 V 0.069 0.021 0.016 0.017 0.019 0.016 0.023 0.024 0.008 0.161 0.128 0.026 0.031 0.035 0.016 0.032 0.048 0.005 0.02 0.283
299 G 0.077 0.022 0.038 0.033 0.011 0.019 0.025 0.52 0.013 0.019 0.028 0.033 0.009 0.016 0.019 0.05 0.029 0.005 0.011 0.024
300 N 0.042 0.044 0.33 0.081 0.009 0.033 0.048 0.064 0.031 0.022 0.031 0.053 0.011 0.018 0.02 0.068 0.048 0.004 0.015 0.026
301 N 0.054 0.04 0.215 0.064 0.012 0.031 0.045 0.055 0.024 0.034 0.044 0.05 0.014 0.02 0.023 0.077 0.134 0.005 0.016 0.044
302 R 0.044 0.358 0.038 0.03 0.008 0.047 0.051 0.032 0.023 0.023 0.046 0.118 0.015 0.017 0.019 0.044 0.034 0.006 0.017 0.03
303 S 0.108 0.039 0.053 0.048 0.017 0.033 0.051 0.065 0.019 0.029 0.041 0.053 0.015 0.02 0.029 0.235 0.08 0.005 0.017 0.041
304 G 0.083 0.026 0.041 0.036 0.012 0.021 0.03 0.429 0.014 0.021 0.03 0.037 0.01 0.017 0.021 0.087 0.039 0.005 0.012 0.027
305 A 0.21 0.029 0.027 0.028 0.02 0.024 0.036 0.059 0.013 0.068 0.073 0.04 0.02 0.024 0.026 0.075 0.091 0.005 0.018 0.111
306 F 0.042 0.021 0.016 0.016 0.013 0.014 0.02 0.025 0.013 0.086 0.158 0.022 0.029 0.189 0.012 0.026 0.031 0.11 0.057 0.103
307 S 0.079 0.033 0.049 0.114 0.014 0.027 0.052 0.053 0.018 0.034 0.053 0.044 0.016 0.095 0.024 0.156 0.06 0.007 0.03 0.04
308 F 0.042 0.029 0.084 0.044 0.011 0.026 0.083 0.034 0.02 0.091 0.091 0.037 0.022 0.175 0.016 0.039 0.035 0.01 0.045 0.068
309 F 0.039 0.025 0.019 0.018 0.011 0.018 0.024 0.025 0.028 0.062 0.11 0.027 0.053 0.22 0.013 0.029 0.029 0.019 0.172 0.058
310 L 0.054 0.027 0.022 0.022 0.014 0.019 0.027 0.031 0.013 0.08 0.251 0.03 0.035 0.048 0.016 0.066 0.04 0.106 0.03 0.071
311 N 0.05 0.04 0.162 0.139 0.01 0.037 0.107 0.05 0.024 0.028 0.038 0.054 0.013 0.018 0.023 0.067 0.086 0.005 0.015 0.035
312 S 0.126 0.051 0.044 0.043 0.015 0.11 0.069 0.058 0.022 0.031 0.047 0.066 0.018 0.018 0.027 0.133 0.058 0.005 0.018 0.044
313 F 0.046 0.022 0.017 0.018 0.014 0.016 0.021 0.024 0.013 0.134 0.142 0.024 0.059 0.185 0.013 0.028 0.035 0.01 0.048 0.131
314 F 0.062 0.049 0.041 0.036 0.012 0.032 0.046 0.042 0.087 0.039 0.059 0.091 0.018 0.098 0.022 0.089 0.086 0.008 0.039 0.044
315 N 0.055 0.043 0.275 0.075 0.01 0.033 0.049 0.064 0.028 0.023 0.033 0.053 0.012 0.018 0.022 0.102 0.055 0.005 0.016 0.029
316 G 0.076 0.025 0.039 0.034 0.012 0.02 0.028 0.424 0.013 0.025 0.035 0.035 0.011 0.017 0.02 0.058 0.076 0.005 0.012 0.033
317 G 0.069 0.032 0.05 0.112 0.011 0.027 0.049 0.238 0.086 0.022 0.032 0.042 0.012 0.019 0.021 0.086 0.04 0.005 0.021 0.027
318 W 0.036 0.022 0.015 0.015 0.011 0.014 0.021 0.025 0.013 0.07 0.198 0.023 0.03 0.125 0.011 0.023 0.027 0.207 0.053 0.06
319 L 0.045 0.02 0.014 0.016 0.016 0.014 0.018 0.02 0.009 0.216 0.254 0.024 0.041 0.047 0.014 0.024 0.037 0.006 0.021 0.142
320 N 0.064 0.053 0.159 0.058 0.012 0.036 0.051 0.056 0.023 0.031 0.042 0.099 0.014 0.019 0.025 0.103 0.095 0.005 0.016 0.039
