#Seq2Logo.py -f /work3/idamei/wzy_ssn/run/1e-50/run/150/MSAs/0007_56.afa -o /work3/idamei/wzy_ssn/run/1e-50/run/150/logos/0007_56.logo
#Position Specific Frequency Matrix
A R N D C Q E G H I L K M F P S T W Y V
0 L 0.051 0.032 0.02 0.02 0.016 0.028 0.028 0.028 0.016 0.099 0.194 0.036 0.173 0.047 0.016 0.036 0.04 0.008 0.024 0.091
1 D 0.056 0.11 0.041 0.123 0.013 0.03 0.051 0.036 0.016 0.065 0.066 0.058 0.019 0.023 0.021 0.055 0.094 0.005 0.017 0.101
2 K 0.05 0.064 0.029 0.029 0.011 0.035 0.046 0.032 0.024 0.095 0.08 0.158 0.021 0.051 0.021 0.04 0.036 0.011 0.096 0.071
3 L 0.049 0.063 0.103 0.043 0.011 0.036 0.048 0.041 0.02 0.055 0.153 0.141 0.026 0.029 0.021 0.047 0.04 0.006 0.018 0.052
4 F 0.038 0.021 0.017 0.017 0.012 0.014 0.021 0.024 0.022 0.112 0.114 0.023 0.026 0.241 0.013 0.026 0.029 0.017 0.131 0.082
5 Y 0.039 0.03 0.097 0.034 0.009 0.022 0.031 0.035 0.035 0.043 0.07 0.033 0.018 0.168 0.015 0.039 0.032 0.019 0.19 0.043
6 T 0.121 0.036 0.041 0.035 0.016 0.029 0.043 0.05 0.102 0.043 0.056 0.045 0.018 0.025 0.026 0.077 0.148 0.006 0.027 0.058
7 L 0.057 0.055 0.033 0.031 0.014 0.032 0.043 0.035 0.015 0.065 0.164 0.119 0.028 0.031 0.023 0.056 0.11 0.006 0.019 0.066
8 P 0.056 0.033 0.029 0.05 0.009 0.035 0.126 0.035 0.017 0.024 0.036 0.052 0.011 0.014 0.342 0.047 0.036 0.004 0.014 0.031
9 I 0.054 0.019 0.015 0.017 0.017 0.014 0.019 0.022 0.008 0.241 0.153 0.024 0.035 0.041 0.015 0.027 0.042 0.006 0.02 0.209
10 T 0.072 0.035 0.043 0.037 0.018 0.027 0.039 0.043 0.014 0.053 0.064 0.045 0.019 0.023 0.027 0.091 0.257 0.006 0.018 0.07
11 L 0.138 0.025 0.019 0.021 0.019 0.019 0.028 0.041 0.011 0.106 0.19 0.032 0.032 0.037 0.02 0.047 0.044 0.006 0.02 0.147
12 F 0.037 0.02 0.016 0.016 0.012 0.012 0.019 0.024 0.014 0.08 0.203 0.021 0.033 0.281 0.012 0.025 0.028 0.013 0.066 0.068
13 I 0.046 0.017 0.015 0.017 0.016 0.013 0.017 0.02 0.009 0.281 0.166 0.023 0.036 0.044 0.015 0.025 0.039 0.006 0.02 0.174
14 L 0.044 0.024 0.014 0.015 0.016 0.016 0.02 0.021 0.01 0.114 0.384 0.025 0.049 0.054 0.014 0.024 0.033 0.007 0.022 0.095
15 I 0.055 0.023 0.024 0.024 0.017 0.018 0.025 0.028 0.01 0.205 0.132 0.03 0.031 0.037 0.019 0.047 0.112 0.006 0.019 0.14
16 L 0.052 0.023 0.015 0.016 0.017 0.016 0.021 0.022 0.009 0.13 0.299 0.025 0.043 0.048 0.015 0.027 0.038 0.006 0.021 0.156
17 N 0.042 0.044 0.326 0.082 0.009 0.033 0.049 0.064 0.031 0.022 0.031 0.053 0.011 0.018 0.02 0.069 0.049 0.004 0.015 0.027
18 I 0.054 0.019 0.015 0.017 0.017 0.014 0.019 0.022 0.008 0.241 0.153 0.024 0.035 0.041 0.015 0.027 0.042 0.006 0.02 0.209
19 C 0.116 0.02 0.018 0.02 0.176 0.016 0.023 0.038 0.01 0.142 0.105 0.027 0.025 0.03 0.019 0.045 0.041 0.005 0.017 0.108
20 A 0.236 0.034 0.035 0.036 0.02 0.028 0.044 0.073 0.016 0.038 0.053 0.047 0.017 0.021 0.029 0.133 0.06 0.005 0.017 0.059
21 F 0.135 0.028 0.028 0.028 0.016 0.021 0.033 0.048 0.015 0.053 0.078 0.036 0.021 0.147 0.022 0.067 0.11 0.009 0.041 0.064
22 V 0.052 0.022 0.017 0.018 0.015 0.017 0.023 0.023 0.021 0.162 0.121 0.027 0.029 0.069 0.015 0.029 0.039 0.013 0.123 0.166
23 I 0.054 0.019 0.015 0.017 0.017 0.014 0.019 0.022 0.008 0.241 0.153 0.024 0.035 0.041 0.015 0.027 0.042 0.006 0.02 0.209
24 V 0.075 0.026 0.028 0.028 0.017 0.021 0.031 0.037 0.012 0.158 0.112 0.034 0.028 0.033 0.02 0.096 0.056 0.005 0.019 0.165
25 L 0.044 0.023 0.017 0.018 0.014 0.017 0.022 0.024 0.014 0.134 0.176 0.026 0.079 0.163 0.014 0.028 0.034 0.01 0.044 0.1
26 S 0.092 0.041 0.122 0.057 0.015 0.033 0.051 0.065 0.022 0.028 0.039 0.053 0.014 0.02 0.027 0.19 0.073 0.005 0.017 0.038
27 D 0.052 0.036 0.146 0.175 0.011 0.03 0.059 0.051 0.021 0.032 0.041 0.047 0.013 0.019 0.023 0.071 0.113 0.005 0.015 0.04
28 Q 0.074 0.095 0.047 0.045 0.012 0.129 0.077 0.049 0.025 0.027 0.045 0.08 0.018 0.017 0.025 0.118 0.055 0.006 0.019 0.037
29 G 0.058 0.039 0.135 0.068 0.009 0.039 0.127 0.205 0.023 0.021 0.032 0.054 0.011 0.017 0.021 0.058 0.038 0.005 0.014 0.027
30 N 0.053 0.059 0.13 0.049 0.011 0.035 0.049 0.046 0.021 0.047 0.124 0.124 0.022 0.026 0.022 0.066 0.044 0.005 0.018 0.047
31 L 0.044 0.024 0.014 0.015 0.016 0.016 0.02 0.021 0.01 0.114 0.384 0.025 0.049 0.054 0.014 0.024 0.033 0.007 0.022 0.095
32 L 0.046 0.02 0.014 0.017 0.016 0.014 0.018 0.021 0.009 0.225 0.238 0.024 0.041 0.047 0.014 0.024 0.037 0.006 0.021 0.148
33 G 0.077 0.023 0.039 0.033 0.011 0.019 0.025 0.517 0.013 0.019 0.028 0.033 0.009 0.016 0.019 0.051 0.029 0.005 0.011 0.024
34 D 0.04 0.029 0.068 0.406 0.007 0.029 0.09 0.046 0.018 0.022 0.028 0.044 0.009 0.015 0.022 0.051 0.035 0.004 0.011 0.024
35 L 0.044 0.024 0.014 0.015 0.016 0.016 0.02 0.021 0.01 0.114 0.384 0.025 0.049 0.054 0.014 0.024 0.033 0.007 0.022 0.095
36 V 0.076 0.031 0.03 0.029 0.017 0.026 0.034 0.039 0.014 0.097 0.121 0.038 0.073 0.034 0.02 0.1 0.056 0.006 0.02 0.137
37 G 0.077 0.023 0.039 0.033 0.011 0.019 0.025 0.517 0.013 0.019 0.028 0.033 0.009 0.016 0.019 0.051 0.029 0.005 0.011 0.024
38 F 0.045 0.036 0.025 0.027 0.012 0.083 0.046 0.029 0.018 0.123 0.108 0.044 0.027 0.151 0.016 0.035 0.035 0.009 0.043 0.088
39 L 0.07 0.056 0.036 0.035 0.014 0.034 0.047 0.043 0.016 0.057 0.156 0.122 0.027 0.03 0.024 0.102 0.051 0.006 0.019 0.056
40 V 0.083 0.032 0.037 0.034 0.018 0.025 0.038 0.044 0.014 0.081 0.078 0.041 0.022 0.026 0.024 0.118 0.129 0.005 0.018 0.13
41 E 0.078 0.041 0.045 0.058 0.014 0.041 0.132 0.048 0.019 0.035 0.047 0.058 0.016 0.02 0.027 0.125 0.125 0.005 0.017 0.047
42 I 0.061 0.042 0.034 0.035 0.014 0.089 0.054 0.036 0.018 0.118 0.09 0.053 0.025 0.027 0.022 0.069 0.098 0.006 0.019 0.091
43 H 0.051 0.037 0.132 0.046 0.012 0.029 0.041 0.042 0.134 0.069 0.066 0.041 0.019 0.028 0.018 0.048 0.041 0.006 0.031 0.109
44 S 0.095 0.034 0.041 0.038 0.018 0.027 0.042 0.052 0.015 0.074 0.07 0.044 0.021 0.025 0.025 0.164 0.07 0.005 0.018 0.12
45 L 0.053 0.021 0.015 0.017 0.017 0.015 0.02 0.022 0.009 0.186 0.226 0.025 0.039 0.044 0.015 0.027 0.04 0.006 0.021 0.183
46 I 0.042 0.018 0.015 0.017 0.014 0.012 0.018 0.022 0.011 0.208 0.148 0.022 0.033 0.161 0.013 0.025 0.035 0.009 0.043 0.134
47 L 0.046 0.041 0.026 0.027 0.011 0.088 0.05 0.029 0.028 0.061 0.166 0.049 0.029 0.066 0.018 0.037 0.034 0.013 0.123 0.059
48 S 0.108 0.04 0.053 0.048 0.017 0.033 0.052 0.065 0.019 0.029 0.041 0.053 0.015 0.021 0.029 0.23 0.081 0.005 0.017 0.041
49 L 0.044 0.024 0.014 0.015 0.016 0.016 0.02 0.021 0.01 0.114 0.384 0.025 0.049 0.054 0.014 0.024 0.033 0.007 0.022 0.095
50 L 0.041 0.02 0.015 0.016 0.014 0.013 0.019 0.022 0.012 0.152 0.221 0.022 0.037 0.164 0.013 0.025 0.032 0.01 0.043 0.108
51 F 0.039 0.023 0.017 0.017 0.012 0.016 0.022 0.024 0.024 0.073 0.188 0.025 0.031 0.193 0.013 0.027 0.029 0.017 0.146 0.065
52 I 0.042 0.018 0.015 0.017 0.014 0.012 0.018 0.022 0.011 0.208 0.148 0.022 0.033 0.161 0.013 0.025 0.035 0.009 0.043 0.134
53 A 0.145 0.027 0.028 0.029 0.018 0.022 0.034 0.051 0.014 0.12 0.094 0.037 0.024 0.06 0.023 0.096 0.052 0.006 0.024 0.096
54 L 0.045 0.022 0.014 0.016 0.016 0.015 0.019 0.021 0.01 0.17 0.311 0.024 0.045 0.051 0.014 0.024 0.035 0.007 0.021 0.121
55 S 0.108 0.04 0.053 0.048 0.017 0.033 0.052 0.065 0.019 0.029 0.041 0.053 0.015 0.021 0.029 0.23 0.081 0.005 0.017 0.041
56 L 0.044 0.024 0.014 0.015 0.016 0.016 0.02 0.021 0.01 0.114 0.384 0.025 0.049 0.054 0.014 0.024 0.033 0.007 0.022 0.095
57 G 0.055 0.021 0.023 0.022 0.014 0.015 0.021 0.186 0.011 0.134 0.17 0.027 0.03 0.066 0.015 0.033 0.033 0.007 0.023 0.094
58 F 0.048 0.02 0.024 0.022 0.011 0.013 0.021 0.189 0.016 0.048 0.084 0.024 0.02 0.269 0.013 0.034 0.026 0.013 0.062 0.044
59 L 0.046 0.027 0.016 0.017 0.016 0.02 0.023 0.023 0.012 0.109 0.321 0.029 0.09 0.052 0.015 0.028 0.035 0.007 0.023 0.094
60 W 0.146 0.031 0.031 0.031 0.015 0.024 0.038 0.058 0.016 0.034 0.051 0.04 0.016 0.034 0.022 0.112 0.051 0.17 0.034 0.046
61 G 0.063 0.023 0.023 0.022 0.015 0.017 0.023 0.187 0.01 0.098 0.18 0.028 0.03 0.035 0.016 0.036 0.037 0.006 0.018 0.133
62 L 0.051 0.021 0.015 0.015 0.174 0.015 0.019 0.025 0.009 0.091 0.277 0.023 0.038 0.043 0.015 0.029 0.034 0.006 0.019 0.082
63 F 0.038 0.031 0.03 0.024 0.009 0.023 0.033 0.029 0.142 0.043 0.073 0.032 0.02 0.185 0.015 0.032 0.026 0.017 0.157 0.041
64 D 0.046 0.049 0.146 0.178 0.008 0.096 0.08 0.05 0.026 0.023 0.035 0.062 0.014 0.016 0.022 0.058 0.041 0.005 0.016 0.028
65 L 0.058 0.026 0.024 0.023 0.014 0.021 0.024 0.188 0.013 0.077 0.202 0.031 0.077 0.039 0.016 0.037 0.034 0.007 0.019 0.07
66 L 0.045 0.022 0.014 0.016 0.016 0.015 0.019 0.021 0.01 0.17 0.311 0.024 0.045 0.051 0.014 0.024 0.035 0.007 0.021 0.121
67 E 0.072 0.046 0.044 0.075 0.011 0.053 0.221 0.045 0.023 0.024 0.038 0.067 0.014 0.018 0.027 0.113 0.051 0.005 0.017 0.034
68 K 0.056 0.106 0.041 0.041 0.008 0.053 0.07 0.043 0.02 0.027 0.043 0.288 0.015 0.015 0.027 0.053 0.039 0.005 0.017 0.032
69 I 0.046 0.017 0.015 0.017 0.016 0.013 0.017 0.02 0.009 0.281 0.166 0.023 0.036 0.044 0.015 0.025 0.039 0.006 0.02 0.174
70 K 0.056 0.106 0.041 0.041 0.008 0.053 0.07 0.043 0.02 0.027 0.043 0.288 0.015 0.015 0.027 0.053 0.039 0.005 0.017 0.032
71 P 0.056 0.025 0.023 0.031 0.01 0.02 0.036 0.036 0.013 0.025 0.036 0.041 0.01 0.013 0.5 0.043 0.036 0.003 0.013 0.031
72 L 0.044 0.024 0.014 0.015 0.016 0.016 0.02 0.021 0.01 0.114 0.384 0.025 0.049 0.054 0.014 0.024 0.033 0.007 0.022 0.095
73 L 0.05 0.026 0.024 0.023 0.015 0.018 0.026 0.03 0.013 0.076 0.187 0.029 0.031 0.158 0.017 0.047 0.105 0.01 0.042 0.073
74 T 0.072 0.035 0.043 0.037 0.018 0.027 0.039 0.043 0.014 0.053 0.065 0.045 0.02 0.024 0.027 0.092 0.252 0.006 0.018 0.07
75 K 0.074 0.084 0.045 0.043 0.011 0.046 0.064 0.05 0.02 0.028 0.042 0.21 0.015 0.017 0.028 0.112 0.053 0.005 0.017 0.035
76 L 0.053 0.021 0.015 0.017 0.017 0.015 0.02 0.022 0.009 0.186 0.226 0.025 0.039 0.044 0.015 0.027 0.04 0.006 0.021 0.183
77 E 0.121 0.062 0.038 0.055 0.012 0.048 0.14 0.05 0.021 0.029 0.044 0.136 0.015 0.018 0.027 0.076 0.044 0.005 0.017 0.041
78 D 0.053 0.031 0.055 0.25 0.012 0.028 0.067 0.043 0.016 0.044 0.048 0.043 0.014 0.019 0.023 0.063 0.11 0.005 0.014 0.061
79 S 0.108 0.04 0.053 0.048 0.017 0.033 0.052 0.065 0.019 0.029 0.041 0.053 0.015 0.021 0.029 0.23 0.081 0.005 0.017 0.041
80 N 0.042 0.039 0.24 0.19 0.008 0.032 0.063 0.058 0.027 0.022 0.03 0.05 0.01 0.017 0.021 0.063 0.044 0.004 0.014 0.026
81 Y 0.065 0.028 0.03 0.028 0.014 0.022 0.032 0.037 0.025 0.118 0.092 0.036 0.023 0.064 0.02 0.095 0.049 0.013 0.122 0.087
82 R 0.043 0.27 0.046 0.124 0.008 0.043 0.062 0.036 0.022 0.023 0.042 0.101 0.014 0.017 0.02 0.046 0.035 0.005 0.016 0.029
83 P 0.07 0.029 0.031 0.035 0.012 0.024 0.04 0.043 0.014 0.027 0.037 0.044 0.012 0.015 0.38 0.089 0.047 0.003 0.014 0.033
84 V 0.052 0.02 0.016 0.017 0.015 0.014 0.02 0.024 0.011 0.159 0.133 0.023 0.03 0.157 0.014 0.028 0.038 0.009 0.043 0.178
85 G 0.144 0.026 0.029 0.031 0.014 0.021 0.034 0.21 0.014 0.029 0.041 0.039 0.012 0.017 0.183 0.059 0.038 0.004 0.014 0.041
86 L 0.044 0.022 0.014 0.016 0.016 0.015 0.019 0.021 0.01 0.151 0.307 0.024 0.044 0.08 0.014 0.024 0.034 0.008 0.027 0.111
87 I 0.042 0.018 0.015 0.017 0.014 0.012 0.018 0.022 0.011 0.208 0.148 0.022 0.033 0.161 0.013 0.025 0.035 0.009 0.043 0.134
88 L 0.045 0.022 0.014 0.016 0.016 0.015 0.019 0.021 0.01 0.17 0.311 0.024 0.045 0.051 0.014 0.024 0.035 0.007 0.021 0.121
89 I 0.131 0.022 0.018 0.021 0.018 0.017 0.025 0.039 0.011 0.201 0.13 0.03 0.03 0.036 0.019 0.044 0.043 0.006 0.019 0.139
90 C 0.06 0.025 0.024 0.023 0.175 0.018 0.025 0.032 0.011 0.07 0.171 0.03 0.028 0.032 0.019 0.052 0.109 0.006 0.017 0.074
91 L 0.044 0.024 0.014 0.015 0.016 0.016 0.02 0.021 0.01 0.114 0.384 0.025 0.049 0.054 0.014 0.024 0.033 0.007 0.022 0.095
92 E 0.072 0.046 0.044 0.075 0.011 0.053 0.221 0.045 0.023 0.024 0.038 0.067 0.014 0.018 0.027 0.113 0.051 0.005 0.017 0.034
93 L 0.045 0.022 0.014 0.016 0.016 0.015 0.019 0.021 0.01 0.17 0.311 0.024 0.045 0.051 0.014 0.024 0.035 0.007 0.021 0.121
94 S 0.086 0.034 0.04 0.037 0.016 0.027 0.041 0.051 0.017 0.053 0.133 0.043 0.025 0.06 0.024 0.162 0.064 0.007 0.024 0.056
95 F 0.036 0.022 0.018 0.017 0.01 0.014 0.022 0.025 0.026 0.056 0.098 0.023 0.023 0.306 0.012 0.027 0.026 0.02 0.167 0.052
96 I 0.046 0.017 0.015 0.017 0.016 0.013 0.017 0.02 0.009 0.281 0.166 0.023 0.036 0.044 0.015 0.025 0.039 0.006 0.02 0.174
97 F 0.07 0.023 0.023 0.023 0.015 0.017 0.025 0.032 0.013 0.131 0.114 0.029 0.027 0.154 0.018 0.046 0.09 0.009 0.042 0.099
98 Y 0.04 0.028 0.022 0.018 0.009 0.022 0.028 0.025 0.046 0.043 0.068 0.031 0.018 0.129 0.015 0.031 0.028 0.028 0.327 0.046
99 V 0.069 0.022 0.016 0.018 0.019 0.016 0.023 0.024 0.008 0.162 0.129 0.026 0.031 0.035 0.016 0.032 0.049 0.005 0.02 0.279
100 F 0.04 0.034 0.025 0.025 0.01 0.067 0.042 0.029 0.027 0.048 0.085 0.04 0.022 0.234 0.015 0.034 0.03 0.017 0.131 0.047
101 D 0.043 0.041 0.114 0.138 0.009 0.075 0.065 0.044 0.024 0.033 0.054 0.051 0.016 0.111 0.019 0.05 0.037 0.008 0.034 0.035
102 T 0.062 0.031 0.036 0.032 0.016 0.023 0.034 0.038 0.014 0.055 0.076 0.038 0.021 0.117 0.023 0.075 0.199 0.009 0.035 0.066
103 G 0.06 0.033 0.183 0.058 0.01 0.026 0.037 0.291 0.022 0.02 0.029 0.043 0.01 0.017 0.019 0.06 0.039 0.005 0.013 0.025
104 L 0.041 0.023 0.015 0.015 0.015 0.015 0.02 0.022 0.012 0.101 0.317 0.023 0.043 0.139 0.013 0.024 0.031 0.009 0.038 0.085
105 F 0.037 0.018 0.016 0.017 0.012 0.011 0.018 0.024 0.015 0.117 0.126 0.02 0.028 0.308 0.011 0.025 0.029 0.014 0.071 0.084
106 L 0.055 0.024 0.017 0.017 0.016 0.017 0.023 0.024 0.018 0.12 0.177 0.027 0.032 0.063 0.015 0.03 0.039 0.011 0.098 0.175
107 A 0.236 0.112 0.028 0.03 0.018 0.031 0.043 0.066 0.017 0.038 0.055 0.062 0.017 0.02 0.027 0.074 0.045 0.005 0.017 0.058
108 G 0.077 0.023 0.039 0.033 0.011 0.019 0.025 0.517 0.013 0.019 0.028 0.033 0.009 0.016 0.019 0.051 0.029 0.005 0.011 0.024
109 N 0.064 0.043 0.235 0.071 0.012 0.033 0.05 0.065 0.027 0.025 0.034 0.053 0.013 0.019 0.023 0.123 0.059 0.005 0.016 0.032
110 N 0.064 0.043 0.235 0.071 0.012 0.033 0.05 0.065 0.027 0.025 0.034 0.053 0.013 0.019 0.023 0.123 0.059 0.005 0.016 0.032
111 E 0.136 0.043 0.035 0.069 0.012 0.051 0.217 0.049 0.022 0.029 0.044 0.064 0.014 0.018 0.027 0.064 0.041 0.005 0.017 0.043
112 R 0.044 0.354 0.038 0.031 0.008 0.048 0.052 0.032 0.023 0.023 0.046 0.119 0.015 0.017 0.019 0.044 0.034 0.006 0.017 0.031
113 G 0.151 0.025 0.034 0.032 0.014 0.021 0.03 0.37 0.014 0.027 0.038 0.037 0.012 0.018 0.022 0.062 0.036 0.005 0.013 0.039
114 G 0.077 0.023 0.039 0.033 0.011 0.019 0.025 0.517 0.013 0.019 0.028 0.033 0.009 0.016 0.019 0.051 0.029 0.005 0.011 0.024
115 G 0.075 0.027 0.04 0.034 0.013 0.022 0.03 0.359 0.013 0.03 0.04 0.037 0.013 0.018 0.022 0.064 0.105 0.005 0.013 0.039
116 L 0.048 0.023 0.015 0.016 0.014 0.016 0.022 0.025 0.011 0.102 0.188 0.024 0.032 0.05 0.013 0.026 0.035 0.171 0.037 0.135
117 I 0.057 0.019 0.023 0.023 0.014 0.015 0.02 0.186 0.01 0.193 0.12 0.027 0.027 0.034 0.016 0.033 0.036 0.006 0.017 0.124
118 S 0.108 0.04 0.053 0.048 0.017 0.033 0.052 0.065 0.019 0.029 0.041 0.053 0.015 0.021 0.029 0.23 0.081 0.005 0.017 0.041
119 A 0.224 0.032 0.031 0.032 0.02 0.026 0.04 0.066 0.014 0.046 0.06 0.044 0.018 0.022 0.029 0.086 0.118 0.005 0.017 0.069
120 F 0.037 0.02 0.016 0.016 0.012 0.012 0.019 0.024 0.014 0.08 0.203 0.021 0.033 0.281 0.012 0.025 0.028 0.013 0.066 0.068
121 F 0.036 0.022 0.018 0.017 0.01 0.014 0.022 0.025 0.026 0.056 0.098 0.023 0.023 0.306 0.012 0.027 0.026 0.02 0.167 0.052
122 V 0.069 0.022 0.016 0.018 0.019 0.016 0.023 0.024 0.008 0.162 0.129 0.026 0.031 0.035 0.016 0.032 0.049 0.005 0.02 0.279
123 L 0.045 0.022 0.014 0.016 0.016 0.015 0.019 0.021 0.01 0.17 0.311 0.024 0.045 0.051 0.014 0.024 0.035 0.007 0.021 0.121
124 L 0.047 0.024 0.016 0.017 0.016 0.019 0.022 0.023 0.012 0.165 0.248 0.028 0.086 0.048 0.015 0.028 0.037 0.007 0.022 0.12
125 N 0.042 0.044 0.326 0.082 0.009 0.033 0.049 0.064 0.031 0.022 0.031 0.053 0.011 0.018 0.02 0.069 0.049 0.004 0.015 0.027
126 I 0.054 0.019 0.015 0.017 0.017 0.014 0.019 0.022 0.008 0.241 0.153 0.024 0.035 0.041 0.015 0.027 0.042 0.006 0.02 0.209
127 D 0.04 0.029 0.068 0.406 0.007 0.029 0.09 0.046 0.018 0.022 0.028 0.044 0.009 0.015 0.022 0.051 0.035 0.004 0.011 0.024
128 V 0.146 0.025 0.019 0.021 0.02 0.019 0.029 0.042 0.01 0.122 0.105 0.032 0.027 0.031 0.021 0.05 0.049 0.005 0.019 0.208
129 L 0.044 0.024 0.014 0.015 0.016 0.016 0.02 0.021 0.01 0.114 0.384 0.025 0.049 0.054 0.014 0.024 0.033 0.007 0.022 0.095
130 V 0.063 0.025 0.017 0.018 0.018 0.02 0.025 0.025 0.011 0.141 0.15 0.029 0.078 0.039 0.016 0.034 0.046 0.006 0.021 0.216
131 L 0.046 0.027 0.016 0.017 0.016 0.02 0.023 0.023 0.012 0.109 0.321 0.029 0.09 0.052 0.015 0.028 0.035 0.007 0.023 0.094
132 I 0.046 0.017 0.015 0.017 0.016 0.013 0.017 0.02 0.009 0.281 0.166 0.023 0.036 0.044 0.015 0.025 0.039 0.006 0.02 0.174
133 F 0.036 0.022 0.018 0.017 0.01 0.014 0.022 0.025 0.026 0.056 0.098 0.023 0.023 0.306 0.012 0.027 0.026 0.02 0.167 0.052
134 L 0.045 0.022 0.014 0.016 0.016 0.015 0.019 0.021 0.01 0.17 0.311 0.024 0.045 0.051 0.014 0.024 0.035 0.007 0.021 0.121
135 T 0.072 0.035 0.043 0.037 0.018 0.027 0.039 0.043 0.014 0.053 0.064 0.045 0.019 0.023 0.027 0.091 0.257 0.006 0.018 0.07
136 H 0.039 0.036 0.041 0.031 0.008 0.029 0.041 0.033 0.248 0.036 0.063 0.036 0.018 0.152 0.016 0.036 0.026 0.011 0.067 0.033
137 C 0.059 0.131 0.024 0.021 0.172 0.025 0.03 0.03 0.013 0.076 0.08 0.055 0.021 0.024 0.017 0.039 0.04 0.005 0.017 0.122
138 K 0.061 0.078 0.033 0.033 0.012 0.041 0.054 0.037 0.016 0.072 0.071 0.201 0.021 0.022 0.024 0.046 0.042 0.005 0.018 0.115
139 D 0.052 0.036 0.146 0.175 0.011 0.03 0.059 0.051 0.021 0.032 0.041 0.047 0.013 0.019 0.023 0.071 0.113 0.005 0.015 0.04
140 S 0.086 0.036 0.058 0.167 0.014 0.032 0.065 0.059 0.019 0.027 0.037 0.05 0.013 0.019 0.027 0.171 0.066 0.005 0.015 0.036
141 K 0.052 0.188 0.04 0.037 0.008 0.051 0.064 0.039 0.021 0.026 0.044 0.231 0.015 0.016 0.025 0.05 0.038 0.005 0.017 0.032
142 Y 0.038 0.024 0.019 0.018 0.01 0.017 0.024 0.024 0.033 0.055 0.109 0.026 0.023 0.212 0.014 0.028 0.027 0.022 0.222 0.053
143 K 0.052 0.188 0.04 0.037 0.008 0.051 0.064 0.039 0.021 0.026 0.044 0.231 0.015 0.016 0.025 0.05 0.038 0.005 0.017 0.032
144 G 0.068 0.028 0.035 0.034 0.013 0.022 0.033 0.198 0.013 0.032 0.043 0.04 0.013 0.017 0.182 0.062 0.107 0.005 0.014 0.042
145 L 0.046 0.02 0.014 0.017 0.016 0.014 0.018 0.021 0.009 0.225 0.238 0.024 0.041 0.047 0.014 0.024 0.037 0.006 0.021 0.148
146 I 0.045 0.026 0.118 0.039 0.014 0.02 0.028 0.035 0.016 0.195 0.121 0.033 0.028 0.035 0.016 0.039 0.042 0.005 0.019 0.125
147 I 0.057 0.028 0.026 0.025 0.016 0.023 0.028 0.03 0.013 0.144 0.141 0.035 0.076 0.038 0.019 0.051 0.112 0.007 0.021 0.112
148 L 0.131 0.028 0.019 0.021 0.018 0.022 0.028 0.041 0.013 0.1 0.21 0.034 0.068 0.041 0.02 0.047 0.041 0.007 0.021 0.092
149 L 0.044 0.024 0.014 0.015 0.016 0.016 0.02 0.021 0.01 0.114 0.384 0.025 0.049 0.054 0.014 0.024 0.033 0.007 0.022 0.095
150 W 0.03 0.022 0.015 0.015 0.007 0.015 0.022 0.03 0.015 0.03 0.052 0.022 0.015 0.06 0.007 0.022 0.022 0.499 0.067 0.03
151 V 0.063 0.025 0.025 0.024 0.017 0.019 0.026 0.029 0.01 0.165 0.119 0.031 0.029 0.034 0.019 0.05 0.115 0.006 0.019 0.174
152 L 0.053 0.021 0.015 0.017 0.017 0.015 0.02 0.022 0.009 0.186 0.226 0.025 0.039 0.044 0.015 0.027 0.04 0.006 0.021 0.183
153 S 0.108 0.04 0.053 0.048 0.017 0.033 0.052 0.065 0.019 0.029 0.041 0.053 0.015 0.021 0.029 0.23 0.081 0.005 0.017 0.041
154 F 0.033 0.019 0.017 0.017 0.01 0.01 0.019 0.025 0.017 0.063 0.113 0.019 0.025 0.395 0.01 0.025 0.025 0.017 0.088 0.054
155 L 0.045 0.022 0.014 0.016 0.016 0.015 0.019 0.021 0.01 0.17 0.311 0.024 0.045 0.051 0.014 0.024 0.035 0.007 0.021 0.121
156 Q 0.055 0.073 0.044 0.046 0.009 0.225 0.102 0.041 0.029 0.026 0.046 0.09 0.02 0.015 0.023 0.055 0.041 0.006 0.02 0.035
157 R 0.044 0.354 0.038 0.031 0.008 0.048 0.052 0.032 0.023 0.023 0.046 0.119 0.015 0.017 0.019 0.044 0.034 0.006 0.017 0.031
158 G 0.077 0.023 0.039 0.033 0.011 0.019 0.025 0.517 0.013 0.019 0.028 0.033 0.009 0.016 0.019 0.051 0.029 0.005 0.011 0.024
159 W 0.03 0.022 0.015 0.015 0.007 0.015 0.022 0.03 0.015 0.03 0.052 0.022 0.015 0.06 0.007 0.022 0.022 0.499 0.067 0.03
160 I 0.046 0.017 0.015 0.017 0.016 0.013 0.017 0.02 0.009 0.281 0.166 0.023 0.036 0.044 0.015 0.025 0.039 0.006 0.02 0.174
161 S 0.108 0.04 0.053 0.048 0.017 0.033 0.052 0.065 0.019 0.029 0.041 0.053 0.015 0.021 0.029 0.23 0.081 0.005 0.017 0.041
162 Y 0.04 0.028 0.022 0.018 0.009 0.022 0.028 0.025 0.046 0.043 0.068 0.031 0.018 0.129 0.015 0.031 0.028 0.028 0.327 0.046
163 L 0.04 0.022 0.015 0.016 0.014 0.014 0.02 0.022 0.012 0.097 0.294 0.023 0.041 0.168 0.013 0.024 0.03 0.01 0.044 0.081
164 F 0.037 0.02 0.016 0.016 0.012 0.012 0.019 0.024 0.014 0.08 0.203 0.021 0.033 0.281 0.012 0.025 0.028 0.013 0.066 0.068
165 L 0.041 0.02 0.015 0.016 0.014 0.013 0.019 0.022 0.012 0.152 0.221 0.022 0.037 0.164 0.013 0.025 0.032 0.01 0.043 0.108
166 L 0.045 0.022 0.014 0.016 0.016 0.015 0.019 0.021 0.01 0.17 0.311 0.024 0.045 0.051 0.014 0.024 0.035 0.007 0.021 0.121
167 I 0.042 0.018 0.015 0.017 0.014 0.012 0.018 0.022 0.011 0.208 0.148 0.022 0.033 0.161 0.013 0.025 0.035 0.009 0.043 0.134
168 L 0.052 0.023 0.015 0.016 0.017 0.016 0.021 0.022 0.009 0.13 0.299 0.025 0.043 0.048 0.015 0.027 0.038 0.006 0.021 0.156
169 I 0.067 0.025 0.027 0.028 0.016 0.02 0.029 0.035 0.012 0.197 0.124 0.033 0.029 0.036 0.019 0.093 0.053 0.006 0.019 0.13
170 W 0.086 0.032 0.035 0.032 0.014 0.024 0.037 0.047 0.015 0.038 0.054 0.039 0.017 0.035 0.021 0.103 0.117 0.17 0.034 0.049
171 Y 0.038 0.025 0.02 0.018 0.01 0.018 0.025 0.025 0.036 0.05 0.083 0.027 0.021 0.218 0.014 0.029 0.027 0.024 0.247 0.049
172 V 0.05 0.019 0.016 0.017 0.015 0.013 0.02 0.023 0.011 0.169 0.136 0.023 0.031 0.158 0.014 0.027 0.038 0.009 0.043 0.169
173 G 0.054 0.135 0.048 0.156 0.009 0.032 0.056 0.198 0.018 0.021 0.034 0.065 0.011 0.016 0.02 0.049 0.033 0.005 0.013 0.026
174 R 0.06 0.276 0.042 0.035 0.01 0.044 0.052 0.041 0.022 0.025 0.045 0.102 0.015 0.018 0.022 0.091 0.046 0.006 0.017 0.033
175 R 0.063 0.214 0.043 0.038 0.01 0.045 0.056 0.043 0.021 0.026 0.044 0.145 0.015 0.018 0.024 0.093 0.047 0.005 0.017 0.034
176 L 0.067 0.026 0.025 0.025 0.017 0.02 0.028 0.033 0.011 0.147 0.18 0.032 0.033 0.038 0.018 0.078 0.05 0.006 0.02 0.147
177 K 0.053 0.071 0.034 0.046 0.01 0.046 0.117 0.035 0.019 0.047 0.127 0.169 0.023 0.025 0.023 0.046 0.037 0.006 0.018 0.048
178 N 0.054 0.054 0.183 0.059 0.009 0.034 0.048 0.172 0.024 0.023 0.033 0.107 0.012 0.017 0.021 0.06 0.041 0.005 0.015 0.027
179 K 0.056 0.097 0.042 0.042 0.009 0.096 0.078 0.042 0.023 0.027 0.044 0.239 0.017 0.015 0.026 0.053 0.039 0.005 0.018 0.033
180 K 0.066 0.074 0.116 0.053 0.011 0.043 0.06 0.054 0.023 0.026 0.039 0.171 0.014 0.017 0.026 0.101 0.052 0.005 0.017 0.033
181 N 0.042 0.044 0.327 0.082 0.009 0.033 0.049 0.064 0.031 0.022 0.031 0.053 0.011 0.018 0.02 0.069 0.049 0.004 0.015 0.027
182 W 0.033 0.023 0.015 0.015 0.01 0.015 0.022 0.028 0.014 0.051 0.135 0.023 0.023 0.058 0.009 0.023 0.025 0.377 0.056 0.046
183 K 0.05 0.084 0.035 0.035 0.009 0.042 0.057 0.038 0.019 0.036 0.06 0.221 0.018 0.11 0.023 0.046 0.036 0.008 0.035 0.038
184 A 0.173 0.026 0.02 0.023 0.019 0.02 0.029 0.049 0.012 0.12 0.167 0.034 0.03 0.035 0.022 0.054 0.043 0.006 0.019 0.101
185 G 0.069 0.023 0.032 0.029 0.012 0.018 0.024 0.393 0.012 0.042 0.117 0.031 0.019 0.025 0.017 0.044 0.03 0.006 0.013 0.042
186 V 0.053 0.02 0.016 0.017 0.016 0.014 0.02 0.023 0.01 0.175 0.136 0.023 0.031 0.128 0.014 0.028 0.04 0.008 0.037 0.19
187 V 0.063 0.021 0.016 0.018 0.018 0.015 0.022 0.023 0.008 0.192 0.138 0.025 0.032 0.037 0.016 0.03 0.046 0.006 0.02 0.253
188 L 0.052 0.025 0.021 0.021 0.016 0.018 0.024 0.026 0.011 0.14 0.25 0.029 0.038 0.044 0.017 0.041 0.091 0.006 0.02 0.108
189 I 0.049 0.019 0.015 0.017 0.015 0.013 0.019 0.022 0.011 0.197 0.143 0.023 0.032 0.13 0.014 0.027 0.038 0.008 0.037 0.171
190 C 0.057 0.02 0.017 0.019 0.252 0.015 0.022 0.03 0.01 0.057 0.137 0.026 0.023 0.027 0.137 0.037 0.035 0.004 0.015 0.059
191 F 0.036 0.02 0.016 0.016 0.012 0.012 0.019 0.024 0.015 0.075 0.181 0.02 0.031 0.31 0.011 0.025 0.027 0.014 0.071 0.064
192 I 0.058 0.023 0.022 0.022 0.017 0.017 0.024 0.027 0.01 0.195 0.131 0.029 0.031 0.036 0.018 0.043 0.096 0.006 0.02 0.174
193 L 0.041 0.023 0.015 0.015 0.015 0.015 0.02 0.022 0.012 0.101 0.317 0.023 0.043 0.139 0.013 0.024 0.031 0.009 0.038 0.085
194 A 0.177 0.03 0.031 0.032 0.019 0.025 0.038 0.059 0.014 0.098 0.08 0.042 0.021 0.027 0.026 0.115 0.057 0.005 0.018 0.086
195 L 0.044 0.024 0.014 0.015 0.016 0.016 0.02 0.021 0.01 0.114 0.385 0.025 0.049 0.054 0.014 0.024 0.033 0.007 0.022 0.095
196 P 0.056 0.025 0.023 0.031 0.01 0.02 0.036 0.036 0.013 0.025 0.036 0.041 0.01 0.013 0.501 0.043 0.036 0.003 0.013 0.031
197 F 0.037 0.023 0.019 0.018 0.01 0.016 0.023 0.025 0.031 0.053 0.09 0.025 0.022 0.262 0.013 0.028 0.026 0.022 0.208 0.05
198 V 0.063 0.022 0.016 0.017 0.018 0.016 0.022 0.023 0.009 0.15 0.192 0.026 0.036 0.04 0.016 0.03 0.045 0.006 0.021 0.233
199 E 0.051 0.05 0.048 0.158 0.008 0.096 0.201 0.039 0.025 0.023 0.037 0.071 0.014 0.015 0.024 0.054 0.037 0.005 0.016 0.03
200 Q 0.056 0.056 0.114 0.053 0.011 0.128 0.073 0.047 0.026 0.032 0.047 0.069 0.018 0.018 0.023 0.068 0.097 0.005 0.018 0.042
201 L 0.045 0.021 0.014 0.016 0.016 0.015 0.019 0.021 0.009 0.198 0.275 0.024 0.043 0.049 0.014 0.024 0.036 0.006 0.021 0.134
202 K 0.056 0.106 0.041 0.041 0.008 0.053 0.07 0.043 0.02 0.027 0.043 0.289 0.015 0.015 0.027 0.053 0.039 0.005 0.017 0.032
203 N 0.042 0.044 0.327 0.082 0.009 0.033 0.049 0.064 0.031 0.022 0.031 0.053 0.011 0.018 0.02 0.069 0.049 0.004 0.015 0.027
204 S 0.091 0.037 0.057 0.138 0.015 0.032 0.061 0.06 0.019 0.027 0.038 0.051 0.014 0.019 0.027 0.186 0.069 0.005 0.016 0.037
205 I 0.046 0.017 0.014 0.017 0.016 0.013 0.017 0.02 0.009 0.282 0.165 0.023 0.036 0.044 0.014 0.025 0.039 0.006 0.02 0.174
206 R 0.044 0.355 0.038 0.031 0.008 0.048 0.052 0.032 0.023 0.023 0.046 0.118 0.015 0.017 0.019 0.044 0.034 0.006 0.017 0.031
207 N 0.071 0.042 0.207 0.067 0.013 0.033 0.05 0.065 0.026 0.025 0.036 0.053 0.013 0.019 0.024 0.14 0.063 0.005 0.016 0.033
208 G 0.084 0.03 0.043 0.038 0.014 0.024 0.035 0.286 0.015 0.03 0.04 0.041 0.013 0.019 0.023 0.106 0.099 0.005 0.014 0.04
209 E 0.057 0.037 0.047 0.154 0.008 0.044 0.182 0.158 0.021 0.021 0.032 0.057 0.011 0.016 0.023 0.053 0.034 0.005 0.014 0.027
210 G 0.181 0.051 0.036 0.035 0.017 0.027 0.04 0.181 0.016 0.032 0.046 0.048 0.015 0.02 0.026 0.11 0.051 0.005 0.016 0.048
211 I 0.052 0.025 0.093 0.034 0.015 0.019 0.027 0.033 0.014 0.179 0.12 0.031 0.028 0.034 0.016 0.038 0.045 0.005 0.019 0.17
212 S 0.095 0.042 0.05 0.058 0.015 0.04 0.115 0.058 0.021 0.027 0.04 0.059 0.015 0.02 0.028 0.187 0.07 0.005 0.017 0.039
213 T 0.061 0.033 0.051 0.16 0.014 0.028 0.056 0.044 0.015 0.042 0.052 0.045 0.016 0.02 0.026 0.078 0.183 0.005 0.015 0.055
214 Q 0.06 0.056 0.034 0.037 0.012 0.156 0.075 0.035 0.022 0.072 0.074 0.069 0.024 0.021 0.021 0.048 0.043 0.006 0.02 0.116
215 L 0.05 0.023 0.015 0.016 0.017 0.016 0.021 0.022 0.009 0.126 0.321 0.025 0.044 0.049 0.015 0.026 0.037 0.007 0.022 0.141
216 T 0.06 0.031 0.032 0.031 0.014 0.024 0.035 0.036 0.021 0.043 0.058 0.04 0.017 0.047 0.143 0.064 0.145 0.01 0.094 0.054
217 F 0.033 0.019 0.017 0.017 0.01 0.01 0.019 0.025 0.017 0.063 0.113 0.019 0.025 0.395 0.01 0.025 0.025 0.017 0.088 0.054
218 F 0.062 0.025 0.026 0.025 0.015 0.018 0.028 0.035 0.015 0.082 0.116 0.03 0.026 0.191 0.017 0.078 0.045 0.01 0.049 0.11
219 D 0.122 0.032 0.054 0.223 0.013 0.029 0.068 0.059 0.018 0.029 0.039 0.046 0.013 0.018 0.026 0.105 0.05 0.004 0.014 0.039
220 E 0.055 0.05 0.04 0.09 0.007 0.064 0.296 0.035 0.026 0.022 0.037 0.076 0.013 0.017 0.026 0.055 0.037 0.006 0.017 0.031
221 G 0.078 0.023 0.039 0.034 0.011 0.019 0.026 0.51 0.014 0.019 0.028 0.034 0.009 0.016 0.019 0.051 0.03 0.005 0.011 0.024
222 P 0.057 0.026 0.023 0.031 0.01 0.021 0.036 0.036 0.013 0.026 0.036 0.041 0.01 0.013 0.494 0.044 0.036 0.003 0.013 0.031
223 Y 0.04 0.028 0.021 0.018 0.009 0.021 0.028 0.025 0.046 0.043 0.067 0.031 0.018 0.129 0.015 0.031 0.028 0.028 0.328 0.046
224 A 0.171 0.03 0.031 0.031 0.017 0.024 0.037 0.059 0.016 0.045 0.068 0.04 0.019 0.115 0.024 0.106 0.064 0.008 0.035 0.058
225 D 0.048 0.045 0.055 0.237 0.008 0.087 0.147 0.042 0.023 0.023 0.034 0.063 0.013 0.015 0.023 0.053 0.037 0.005 0.015 0.028
226 S 0.093 0.034 0.044 0.04 0.017 0.028 0.043 0.054 0.016 0.092 0.072 0.046 0.021 0.026 0.026 0.18 0.07 0.005 0.018 0.074
227 F 0.103 0.021 0.018 0.02 0.015 0.015 0.024 0.037 0.014 0.112 0.112 0.026 0.026 0.214 0.016 0.04 0.035 0.011 0.053 0.088
228 N 0.067 0.038 0.186 0.061 0.011 0.029 0.044 0.178 0.024 0.023 0.033 0.048 0.012 0.018 0.022 0.105 0.052 0.005 0.015 0.03
229 Q 0.055 0.067 0.043 0.057 0.008 0.186 0.153 0.039 0.028 0.025 0.044 0.086 0.018 0.015 0.024 0.055 0.04 0.006 0.019 0.034
230 Q 0.116 0.062 0.039 0.042 0.012 0.176 0.086 0.05 0.025 0.03 0.049 0.078 0.02 0.016 0.025 0.062 0.043 0.006 0.02 0.043
231 F 0.036 0.02 0.016 0.016 0.012 0.012 0.019 0.024 0.015 0.075 0.181 0.02 0.031 0.31 0.011 0.025 0.027 0.014 0.071 0.064
232 L 0.053 0.054 0.03 0.042 0.012 0.043 0.108 0.033 0.019 0.062 0.117 0.109 0.093 0.032 0.021 0.045 0.039 0.007 0.02 0.061
233 K 0.056 0.106 0.041 0.041 0.008 0.053 0.07 0.043 0.02 0.027 0.043 0.289 0.015 0.015 0.027 0.053 0.039 0.005 0.017 0.032
234 V 0.062 0.02 0.016 0.018 0.018 0.015 0.021 0.023 0.008 0.2 0.14 0.025 0.033 0.038 0.016 0.03 0.046 0.006 0.02 0.247
235 V 0.063 0.021 0.016 0.018 0.018 0.015 0.022 0.023 0.008 0.192 0.138 0.025 0.032 0.037 0.016 0.03 0.046 0.006 0.02 0.253
236 G 0.076 0.029 0.05 0.13 0.011 0.025 0.048 0.286 0.016 0.022 0.031 0.041 0.011 0.017 0.022 0.096 0.044 0.005 0.012 0.028
237 R 0.044 0.355 0.038 0.031 0.008 0.048 0.052 0.032 0.023 0.023 0.046 0.118 0.015 0.017 0.019 0.044 0.034 0.006 0.017 0.031
238 V 0.06 0.021 0.016 0.017 0.017 0.015 0.022 0.025 0.01 0.137 0.124 0.024 0.03 0.125 0.015 0.031 0.043 0.008 0.037 0.223
239 Q 0.055 0.072 0.043 0.046 0.009 0.226 0.101 0.041 0.029 0.026 0.046 0.09 0.02 0.014 0.023 0.055 0.041 0.006 0.02 0.035
240 T 0.072 0.035 0.043 0.037 0.018 0.027 0.039 0.043 0.014 0.053 0.064 0.045 0.019 0.023 0.027 0.091 0.258 0.006 0.018 0.07
241 V 0.063 0.021 0.016 0.018 0.018 0.015 0.022 0.023 0.008 0.192 0.138 0.025 0.032 0.037 0.016 0.03 0.046 0.006 0.02 0.253
242 S 0.108 0.04 0.053 0.048 0.017 0.033 0.052 0.065 0.019 0.029 0.041 0.053 0.015 0.021 0.029 0.231 0.081 0.005 0.017 0.041
243 H 0.041 0.045 0.053 0.038 0.007 0.038 0.053 0.038 0.365 0.023 0.038 0.045 0.015 0.03 0.019 0.041 0.026 0.007 0.056 0.023
244 V 0.063 0.021 0.016 0.018 0.018 0.015 0.022 0.023 0.008 0.192 0.138 0.025 0.032 0.037 0.016 0.03 0.046 0.006 0.02 0.253
245 A 0.301 0.031 0.025 0.029 0.021 0.025 0.04 0.077 0.015 0.043 0.059 0.044 0.017 0.021 0.029 0.084 0.049 0.005 0.017 0.068
246 F 0.035 0.021 0.018 0.017 0.01 0.013 0.021 0.025 0.024 0.058 0.101 0.022 0.023 0.329 0.012 0.026 0.026 0.019 0.148 0.052
247 I 0.046 0.017 0.014 0.017 0.016 0.013 0.017 0.02 0.009 0.282 0.165 0.023 0.036 0.044 0.014 0.025 0.039 0.006 0.02 0.174
248 L 0.058 0.029 0.028 0.026 0.017 0.022 0.029 0.032 0.012 0.083 0.224 0.035 0.034 0.039 0.021 0.058 0.145 0.006 0.02 0.082
249 D 0.04 0.029 0.068 0.406 0.007 0.029 0.09 0.046 0.018 0.022 0.028 0.044 0.009 0.015 0.022 0.051 0.035 0.004 0.011 0.024
250 N 0.042 0.044 0.327 0.082 0.009 0.033 0.049 0.064 0.031 0.022 0.031 0.053 0.011 0.018 0.02 0.069 0.049 0.004 0.015 0.027
251 I 0.112 0.029 0.024 0.038 0.015 0.029 0.095 0.038 0.014 0.157 0.106 0.041 0.026 0.031 0.021 0.047 0.041 0.006 0.019 0.112
252 N 0.048 0.035 0.185 0.147 0.011 0.028 0.053 0.05 0.022 0.057 0.055 0.044 0.016 0.021 0.02 0.055 0.045 0.004 0.016 0.089
253 E 0.052 0.06 0.113 0.066 0.008 0.137 0.14 0.045 0.029 0.024 0.04 0.077 0.016 0.016 0.023 0.058 0.042 0.005 0.018 0.032
254 L 0.044 0.022 0.014 0.016 0.016 0.015 0.019 0.021 0.01 0.156 0.33 0.025 0.046 0.051 0.014 0.024 0.034 0.007 0.022 0.115
255 Q 0.052 0.065 0.114 0.055 0.009 0.178 0.088 0.047 0.029 0.025 0.043 0.081 0.018 0.015 0.022 0.058 0.043 0.005 0.019 0.033
256 N 0.047 0.059 0.238 0.069 0.009 0.038 0.053 0.057 0.027 0.025 0.036 0.111 0.013 0.017 0.022 0.066 0.059 0.005 0.016 0.031
257 L 0.041 0.023 0.015 0.015 0.015 0.015 0.02 0.022 0.012 0.101 0.317 0.023 0.043 0.139 0.013 0.024 0.031 0.009 0.038 0.085
258 K 0.056 0.106 0.041 0.041 0.008 0.053 0.07 0.043 0.02 0.027 0.043 0.289 0.015 0.015 0.027 0.053 0.039 0.005 0.017 0.032
259 N 0.05 0.059 0.238 0.07 0.009 0.038 0.054 0.059 0.028 0.024 0.035 0.112 0.012 0.017 0.022 0.075 0.048 0.005 0.016 0.029
260 N 0.058 0.043 0.19 0.062 0.011 0.034 0.05 0.058 0.111 0.024 0.035 0.051 0.013 0.022 0.022 0.103 0.051 0.005 0.026 0.029
261 G 0.061 0.104 0.032 0.029 0.011 0.025 0.03 0.272 0.015 0.085 0.067 0.052 0.018 0.023 0.018 0.042 0.033 0.006 0.015 0.063
262 E 0.058 0.036 0.03 0.056 0.011 0.041 0.168 0.032 0.018 0.058 0.059 0.054 0.017 0.02 0.142 0.046 0.039 0.005 0.016 0.093
263 S 0.092 0.036 0.043 0.04 0.017 0.029 0.044 0.054 0.017 0.05 0.127 0.046 0.024 0.029 0.025 0.18 0.069 0.006 0.018 0.055
264 T 0.068 0.044 0.043 0.039 0.015 0.077 0.054 0.042 0.017 0.046 0.06 0.056 0.02 0.021 0.026 0.082 0.203 0.006 0.018 0.061
265 D 0.041 0.033 0.133 0.325 0.008 0.03 0.08 0.05 0.022 0.022 0.028 0.046 0.01 0.015 0.022 0.056 0.038 0.004 0.012 0.025
266 F 0.033 0.019 0.017 0.017 0.01 0.01 0.019 0.025 0.017 0.062 0.113 0.019 0.025 0.396 0.01 0.025 0.025 0.017 0.087 0.054
267 F 0.037 0.023 0.019 0.018 0.01 0.016 0.023 0.025 0.031 0.053 0.09 0.025 0.022 0.262 0.013 0.028 0.026 0.022 0.208 0.05
268 E 0.055 0.055 0.041 0.078 0.008 0.104 0.256 0.036 0.026 0.023 0.039 0.078 0.015 0.016 0.025 0.055 0.037 0.006 0.017 0.032
269 E 0.054 0.049 0.04 0.089 0.007 0.064 0.307 0.034 0.025 0.022 0.036 0.074 0.013 0.016 0.025 0.054 0.036 0.005 0.016 0.031
270 N 0.042 0.044 0.327 0.082 0.009 0.033 0.049 0.064 0.031 0.022 0.031 0.053 0.011 0.018 0.02 0.069 0.049 0.004 0.015 0.027
271 F 0.039 0.02 0.015 0.016 0.013 0.012 0.019 0.023 0.013 0.13 0.194 0.021 0.034 0.222 0.012 0.025 0.031 0.012 0.054 0.094
272 I 0.068 0.024 0.025 0.025 0.017 0.019 0.027 0.033 0.011 0.189 0.125 0.031 0.03 0.036 0.019 0.078 0.052 0.006 0.02 0.167
273 Y 0.066 0.029 0.034 0.03 0.012 0.024 0.033 0.158 0.031 0.033 0.051 0.037 0.015 0.074 0.02 0.086 0.041 0.016 0.171 0.039
274 L 0.051 0.02 0.015 0.017 0.017 0.015 0.019 0.021 0.009 0.21 0.211 0.024 0.038 0.044 0.015 0.026 0.04 0.006 0.021 0.181
275 I 0.107 0.021 0.018 0.02 0.016 0.015 0.023 0.036 0.012 0.167 0.125 0.027 0.029 0.126 0.017 0.04 0.038 0.008 0.036 0.118
276 L 0.158 0.027 0.019 0.021 0.018 0.02 0.029 0.046 0.012 0.086 0.226 0.033 0.034 0.038 0.021 0.051 0.041 0.006 0.02 0.095
277 K 0.066 0.074 0.116 0.053 0.011 0.043 0.06 0.054 0.023 0.026 0.039 0.171 0.014 0.017 0.026 0.101 0.052 0.005 0.017 0.033
278 K 0.056 0.106 0.041 0.041 0.008 0.053 0.07 0.043 0.02 0.027 0.043 0.289 0.015 0.015 0.027 0.053 0.039 0.005 0.017 0.032
279 L 0.109 0.024 0.017 0.019 0.017 0.018 0.024 0.035 0.011 0.138 0.248 0.029 0.038 0.043 0.018 0.039 0.039 0.006 0.02 0.108
280 G 0.076 0.032 0.114 0.049 0.012 0.026 0.038 0.291 0.019 0.022 0.032 0.043 0.011 0.018 0.022 0.1 0.047 0.005 0.013 0.029
281 L 0.072 0.032 0.051 0.034 0.016 0.024 0.036 0.043 0.015 0.071 0.212 0.039 0.032 0.037 0.021 0.118 0.055 0.006 0.019 0.067
282 A 0.167 0.046 0.026 0.029 0.017 0.029 0.042 0.052 0.014 0.076 0.076 0.099 0.021 0.024 0.025 0.06 0.046 0.005 0.018 0.125
283 D 0.041 0.037 0.197 0.244 0.008 0.031 0.069 0.055 0.025 0.022 0.029 0.049 0.01 0.016 0.021 0.06 0.042 0.004 0.013 0.025
284 D 0.048 0.032 0.078 0.294 0.01 0.029 0.075 0.046 0.018 0.03 0.037 0.045 0.012 0.017 0.023 0.062 0.091 0.004 0.013 0.036
285 A 0.178 0.068 0.033 0.035 0.015 0.039 0.055 0.06 0.017 0.035 0.051 0.166 0.016 0.018 0.028 0.068 0.044 0.005 0.017 0.05
286 L 0.052 0.023 0.021 0.022 0.016 0.017 0.023 0.026 0.01 0.182 0.195 0.029 0.035 0.041 0.018 0.041 0.092 0.006 0.02 0.128
287 N 0.049 0.039 0.249 0.066 0.011 0.029 0.042 0.054 0.025 0.057 0.055 0.046 0.016 0.022 0.019 0.06 0.049 0.005 0.017 0.09
288 T 0.081 0.036 0.045 0.04 0.017 0.029 0.042 0.048 0.015 0.047 0.058 0.047 0.018 0.023 0.028 0.126 0.213 0.006 0.017 0.063
289 P 0.082 0.032 0.038 0.039 0.014 0.027 0.044 0.05 0.016 0.027 0.038 0.047 0.013 0.017 0.265 0.137 0.058 0.004 0.015 0.036
290 D 0.04 0.029 0.068 0.406 0.007 0.029 0.09 0.046 0.018 0.022 0.028 0.044 0.009 0.015 0.022 0.051 0.035 0.004 0.011 0.024
291 L 0.041 0.023 0.015 0.015 0.015 0.015 0.02 0.022 0.012 0.101 0.317 0.023 0.043 0.139 0.013 0.024 0.031 0.009 0.038 0.085
292 L 0.044 0.024 0.014 0.015 0.016 0.016 0.02 0.021 0.01 0.114 0.385 0.025 0.049 0.054 0.014 0.024 0.033 0.007 0.022 0.095
293 A 0.301 0.031 0.025 0.029 0.021 0.025 0.04 0.077 0.015 0.043 0.059 0.044 0.017 0.021 0.029 0.084 0.049 0.005 0.017 0.068
294 R 0.048 0.277 0.039 0.034 0.008 0.049 0.057 0.036 0.022 0.024 0.045 0.172 0.015 0.017 0.022 0.047 0.036 0.006 0.017 0.031
295 Y 0.038 0.025 0.02 0.018 0.009 0.019 0.025 0.025 0.039 0.048 0.079 0.028 0.02 0.196 0.014 0.029 0.027 0.025 0.268 0.048
296 I 0.046 0.017 0.014 0.017 0.016 0.013 0.017 0.02 0.009 0.282 0.165 0.023 0.036 0.044 0.014 0.025 0.039 0.006 0.02 0.174
297 S 0.156 0.037 0.046 0.043 0.018 0.031 0.049 0.068 0.018 0.033 0.046 0.051 0.016 0.021 0.029 0.195 0.073 0.005 0.017 0.048
298 P 0.06 0.028 0.028 0.032 0.012 0.022 0.036 0.037 0.013 0.032 0.043 0.042 0.012 0.015 0.383 0.055 0.091 0.003 0.014 0.04
299 S 0.082 0.036 0.054 0.135 0.015 0.031 0.058 0.055 0.017 0.033 0.044 0.049 0.015 0.02 0.027 0.151 0.114 0.005 0.016 0.044
300 L 0.043 0.025 0.016 0.016 0.014 0.017 0.022 0.022 0.019 0.096 0.305 0.026 0.041 0.073 0.014 0.026 0.032 0.012 0.098 0.083
301 D 0.04 0.029 0.068 0.406 0.007 0.029 0.09 0.046 0.018 0.022 0.028 0.044 0.009 0.015 0.022 0.051 0.035 0.004 0.011 0.024
302 S 0.099 0.038 0.051 0.045 0.017 0.031 0.048 0.06 0.018 0.035 0.047 0.051 0.016 0.021 0.029 0.196 0.125 0.005 0.017 0.048
303 S 0.108 0.04 0.053 0.048 0.017 0.033 0.052 0.065 0.019 0.029 0.041 0.053 0.015 0.021 0.029 0.231 0.081 0.005 0.017 0.041
304 W 0.03 0.022 0.015 0.015 0.007 0.015 0.022 0.03 0.015 0.03 0.052 0.022 0.015 0.06 0.007 0.022 0.022 0.5 0.067 0.03
305 N 0.042 0.044 0.327 0.082 0.009 0.033 0.049 0.064 0.031 0.022 0.031 0.053 0.011 0.018 0.02 0.069 0.049 0.004 0.015 0.027
306 V 0.069 0.022 0.016 0.018 0.019 0.016 0.023 0.024 0.008 0.162 0.128 0.026 0.031 0.035 0.016 0.032 0.049 0.005 0.02 0.28
307 N 0.042 0.044 0.327 0.082 0.009 0.033 0.049 0.064 0.031 0.022 0.031 0.053 0.011 0.018 0.02 0.069 0.049 0.004 0.015 0.027
308 P 0.056 0.025 0.023 0.031 0.01 0.02 0.036 0.036 0.013 0.025 0.036 0.041 0.01 0.013 0.501 0.043 0.036 0.003 0.013 0.031
309 S 0.108 0.04 0.053 0.048 0.017 0.033 0.052 0.065 0.019 0.029 0.041 0.053 0.015 0.021 0.029 0.231 0.081 0.005 0.017 0.041
310 L 0.044 0.024 0.014 0.015 0.016 0.016 0.02 0.021 0.01 0.114 0.385 0.025 0.049 0.054 0.014 0.024 0.033 0.007 0.022 0.095
311 V 0.058 0.02 0.015 0.017 0.017 0.015 0.02 0.022 0.008 0.222 0.147 0.024 0.034 0.039 0.015 0.029 0.044 0.006 0.02 0.227
312 G 0.077 0.023 0.039 0.033 0.011 0.019 0.025 0.517 0.013 0.019 0.028 0.033 0.009 0.016 0.019 0.051 0.029 0.005 0.011 0.024
313 W 0.03 0.022 0.015 0.015 0.007 0.015 0.022 0.03 0.015 0.03 0.052 0.022 0.015 0.06 0.007 0.022 0.022 0.5 0.067 0.03
314 I 0.052 0.018 0.015 0.017 0.017 0.014 0.019 0.021 0.009 0.252 0.156 0.024 0.035 0.041 0.015 0.027 0.042 0.006 0.02 0.2
315 F 0.038 0.021 0.017 0.017 0.012 0.014 0.021 0.024 0.022 0.112 0.114 0.023 0.026 0.241 0.013 0.026 0.029 0.017 0.131 0.082
316 I 0.046 0.019 0.014 0.017 0.016 0.014 0.018 0.02 0.009 0.24 0.22 0.024 0.039 0.046 0.014 0.024 0.038 0.006 0.021 0.154
317 Q 0.052 0.066 0.046 0.044 0.008 0.179 0.089 0.04 0.113 0.025 0.044 0.079 0.019 0.018 0.022 0.052 0.037 0.006 0.029 0.032
318 N 0.042 0.044 0.327 0.082 0.009 0.033 0.049 0.064 0.031 0.022 0.031 0.053 0.011 0.018 0.02 0.069 0.049 0.004 0.015 0.027
319 D 0.04 0.029 0.056 0.309 0.008 0.027 0.074 0.041 0.025 0.027 0.038 0.041 0.011 0.043 0.02 0.046 0.033 0.01 0.09 0.029
320 L 0.042 0.026 0.018 0.017 0.013 0.019 0.024 0.023 0.028 0.078 0.226 0.028 0.034 0.091 0.015 0.027 0.03 0.017 0.175 0.07
