#Seq2Logo.py -f /work3/idamei/wzy_ssn/run/1e-50/run/150/MSAs/0007_192.afa -o /work3/idamei/wzy_ssn/run/1e-50/run/150/logos/0007_192.logo
#Position Specific Frequency Matrix
A R N D C Q E G H I L K M F P S T W Y V
0 L 0.052 0.032 0.02 0.02 0.016 0.028 0.028 0.028 0.016 0.1 0.197 0.036 0.161 0.048 0.016 0.036 0.04 0.008 0.024 0.092
1 E 0.055 0.05 0.04 0.09 0.007 0.064 0.296 0.035 0.026 0.022 0.037 0.076 0.013 0.017 0.026 0.055 0.037 0.006 0.017 0.031
2 L 0.052 0.032 0.02 0.02 0.016 0.028 0.028 0.028 0.016 0.099 0.195 0.036 0.169 0.048 0.016 0.036 0.04 0.008 0.024 0.091
3 Y 0.04 0.028 0.022 0.019 0.009 0.022 0.028 0.025 0.046 0.043 0.068 0.031 0.019 0.13 0.015 0.031 0.028 0.028 0.325 0.046
4 N 0.046 0.046 0.229 0.085 0.008 0.044 0.134 0.055 0.029 0.022 0.033 0.06 0.012 0.017 0.022 0.064 0.045 0.005 0.016 0.028
5 G 0.06 0.029 0.026 0.024 0.014 0.025 0.027 0.19 0.015 0.073 0.139 0.035 0.116 0.037 0.017 0.041 0.036 0.007 0.019 0.069
6 S 0.091 0.062 0.049 0.046 0.014 0.04 0.058 0.058 0.02 0.029 0.042 0.131 0.015 0.019 0.029 0.169 0.067 0.005 0.017 0.038
7 L 0.058 0.025 0.017 0.017 0.017 0.019 0.023 0.024 0.01 0.134 0.209 0.028 0.071 0.043 0.016 0.031 0.042 0.006 0.022 0.187
8 N 0.049 0.075 0.185 0.061 0.009 0.043 0.059 0.053 0.026 0.025 0.037 0.172 0.013 0.016 0.023 0.061 0.044 0.005 0.016 0.029
9 K 0.048 0.068 0.106 0.045 0.01 0.038 0.051 0.043 0.021 0.062 0.064 0.164 0.018 0.067 0.022 0.05 0.04 0.006 0.026 0.051
10 K 0.056 0.105 0.041 0.041 0.008 0.053 0.07 0.042 0.02 0.027 0.042 0.291 0.015 0.015 0.027 0.053 0.039 0.005 0.017 0.032
11 I 0.046 0.017 0.014 0.017 0.016 0.013 0.017 0.02 0.009 0.284 0.165 0.023 0.036 0.043 0.014 0.025 0.039 0.006 0.02 0.174
12 L 0.058 0.028 0.028 0.027 0.017 0.021 0.029 0.032 0.011 0.125 0.17 0.034 0.031 0.036 0.021 0.058 0.148 0.006 0.019 0.102
13 K 0.066 0.068 0.037 0.036 0.013 0.038 0.052 0.043 0.017 0.07 0.1 0.165 0.022 0.025 0.024 0.091 0.049 0.005 0.018 0.06
14 L 0.051 0.028 0.021 0.02 0.016 0.023 0.026 0.027 0.013 0.12 0.222 0.032 0.107 0.045 0.017 0.038 0.065 0.007 0.022 0.099
15 F 0.033 0.019 0.017 0.017 0.01 0.01 0.019 0.025 0.017 0.062 0.112 0.019 0.025 0.397 0.01 0.025 0.025 0.017 0.087 0.054
16 V 0.06 0.022 0.015 0.017 0.018 0.016 0.021 0.023 0.009 0.165 0.197 0.025 0.036 0.041 0.015 0.029 0.043 0.006 0.021 0.221
17 F 0.039 0.02 0.015 0.016 0.013 0.012 0.019 0.023 0.013 0.13 0.194 0.021 0.034 0.223 0.012 0.025 0.03 0.011 0.054 0.094
18 C 0.056 0.017 0.016 0.016 0.372 0.012 0.017 0.03 0.01 0.049 0.076 0.02 0.018 0.114 0.015 0.036 0.033 0.007 0.031 0.055
19 E 0.054 0.049 0.04 0.089 0.007 0.063 0.309 0.034 0.025 0.022 0.036 0.074 0.013 0.016 0.025 0.054 0.036 0.005 0.016 0.031
20 F 0.046 0.023 0.023 0.022 0.014 0.016 0.024 0.028 0.014 0.094 0.141 0.026 0.028 0.217 0.016 0.041 0.086 0.011 0.053 0.078
21 L 0.045 0.021 0.015 0.016 0.015 0.014 0.02 0.022 0.011 0.128 0.258 0.023 0.039 0.136 0.013 0.025 0.034 0.009 0.038 0.118
22 C 0.075 0.022 0.025 0.024 0.374 0.017 0.025 0.04 0.011 0.04 0.058 0.028 0.016 0.02 0.019 0.088 0.047 0.004 0.013 0.052
23 G 0.058 0.022 0.027 0.024 0.012 0.016 0.022 0.271 0.013 0.053 0.139 0.027 0.023 0.121 0.015 0.037 0.029 0.009 0.033 0.049
24 L 0.048 0.023 0.018 0.019 0.016 0.016 0.021 0.023 0.01 0.17 0.263 0.027 0.04 0.046 0.016 0.033 0.064 0.006 0.021 0.121
25 Y 0.04 0.028 0.021 0.018 0.009 0.021 0.028 0.024 0.046 0.043 0.067 0.031 0.018 0.129 0.015 0.031 0.028 0.028 0.33 0.046
26 I 0.046 0.017 0.014 0.017 0.016 0.013 0.017 0.02 0.009 0.284 0.165 0.023 0.036 0.043 0.014 0.025 0.039 0.006 0.02 0.174
27 L 0.051 0.022 0.015 0.016 0.017 0.015 0.02 0.022 0.009 0.168 0.266 0.025 0.041 0.047 0.015 0.026 0.038 0.006 0.021 0.161
28 F 0.038 0.021 0.017 0.017 0.011 0.014 0.021 0.024 0.022 0.091 0.142 0.023 0.028 0.243 0.013 0.026 0.028 0.017 0.131 0.072
29 Y 0.077 0.033 0.101 0.038 0.012 0.026 0.036 0.043 0.034 0.039 0.057 0.04 0.017 0.074 0.02 0.054 0.064 0.016 0.173 0.047
30 G 0.067 0.046 0.075 0.041 0.01 0.029 0.039 0.343 0.017 0.021 0.032 0.1 0.011 0.016 0.021 0.053 0.034 0.005 0.013 0.026
31 E 0.054 0.049 0.04 0.089 0.007 0.063 0.309 0.034 0.025 0.022 0.036 0.074 0.013 0.016 0.025 0.054 0.036 0.005 0.016 0.031
32 Y 0.041 0.027 0.02 0.018 0.011 0.02 0.026 0.024 0.037 0.06 0.147 0.029 0.026 0.11 0.015 0.029 0.029 0.022 0.253 0.058
33 V 0.059 0.027 0.094 0.033 0.016 0.02 0.029 0.034 0.014 0.121 0.136 0.032 0.028 0.033 0.017 0.04 0.047 0.005 0.019 0.194
34 S 0.1 0.035 0.049 0.044 0.016 0.029 0.045 0.179 0.017 0.027 0.038 0.048 0.014 0.019 0.027 0.188 0.068 0.005 0.016 0.037
35 D 0.04 0.029 0.068 0.408 0.007 0.029 0.09 0.046 0.018 0.022 0.028 0.044 0.009 0.015 0.022 0.051 0.035 0.004 0.011 0.024
36 Y 0.04 0.028 0.021 0.018 0.009 0.021 0.028 0.024 0.046 0.043 0.067 0.031 0.018 0.129 0.015 0.031 0.028 0.028 0.33 0.046
37 L 0.044 0.024 0.014 0.015 0.016 0.016 0.02 0.021 0.01 0.113 0.386 0.025 0.049 0.054 0.014 0.024 0.033 0.007 0.022 0.095
38 N 0.051 0.039 0.222 0.064 0.009 0.03 0.043 0.174 0.068 0.021 0.031 0.047 0.011 0.019 0.019 0.061 0.041 0.005 0.019 0.025
39 V 0.059 0.122 0.028 0.027 0.013 0.055 0.046 0.031 0.016 0.093 0.087 0.09 0.024 0.026 0.019 0.041 0.043 0.005 0.019 0.157
40 E 0.084 0.044 0.111 0.073 0.011 0.047 0.176 0.048 0.024 0.028 0.041 0.061 0.014 0.018 0.025 0.066 0.069 0.005 0.016 0.039
41 I 0.059 0.026 0.029 0.027 0.017 0.02 0.028 0.031 0.011 0.168 0.114 0.034 0.028 0.033 0.021 0.058 0.149 0.006 0.019 0.122
42 N 0.053 0.057 0.185 0.06 0.011 0.036 0.051 0.053 0.024 0.031 0.042 0.11 0.014 0.018 0.023 0.07 0.099 0.005 0.016 0.039
43 V 0.06 0.027 0.058 0.027 0.017 0.02 0.027 0.031 0.012 0.119 0.172 0.031 0.032 0.036 0.017 0.042 0.071 0.006 0.02 0.176
44 K 0.069 0.069 0.039 0.04 0.011 0.04 0.057 0.046 0.018 0.027 0.04 0.169 0.014 0.016 0.146 0.095 0.049 0.004 0.016 0.034
45 H 0.045 0.04 0.04 0.045 0.01 0.038 0.108 0.033 0.192 0.066 0.097 0.047 0.021 0.031 0.019 0.04 0.031 0.007 0.038 0.052
46 I 0.041 0.02 0.023 0.066 0.013 0.015 0.028 0.025 0.017 0.165 0.122 0.026 0.028 0.139 0.014 0.029 0.034 0.011 0.075 0.109
47 Y 0.049 0.027 0.025 0.023 0.013 0.021 0.028 0.028 0.029 0.105 0.091 0.032 0.023 0.081 0.018 0.044 0.088 0.017 0.174 0.084
48 I 0.046 0.017 0.014 0.017 0.016 0.013 0.017 0.02 0.009 0.284 0.165 0.023 0.036 0.043 0.014 0.025 0.039 0.006 0.02 0.174
49 I 0.06 0.022 0.022 0.023 0.016 0.017 0.024 0.089 0.011 0.182 0.155 0.029 0.031 0.037 0.017 0.055 0.043 0.006 0.019 0.142
50 C 0.067 0.019 0.02 0.02 0.374 0.015 0.021 0.035 0.009 0.072 0.074 0.025 0.018 0.023 0.017 0.062 0.042 0.004 0.014 0.069
51 F 0.043 0.019 0.016 0.017 0.014 0.012 0.019 0.023 0.013 0.158 0.134 0.021 0.03 0.219 0.013 0.026 0.033 0.011 0.054 0.127
52 L 0.041 0.028 0.093 0.032 0.013 0.019 0.027 0.033 0.017 0.078 0.229 0.03 0.033 0.131 0.015 0.035 0.035 0.009 0.037 0.067
53 I 0.043 0.019 0.015 0.017 0.015 0.013 0.018 0.022 0.011 0.207 0.179 0.022 0.035 0.133 0.013 0.025 0.035 0.009 0.037 0.134
54 C 0.061 0.021 0.02 0.02 0.254 0.015 0.022 0.032 0.011 0.062 0.148 0.025 0.025 0.076 0.016 0.058 0.039 0.006 0.025 0.064
55 I 0.046 0.019 0.014 0.017 0.016 0.014 0.018 0.02 0.009 0.241 0.22 0.024 0.039 0.046 0.014 0.024 0.038 0.006 0.021 0.154
56 V 0.06 0.022 0.015 0.017 0.018 0.016 0.021 0.023 0.009 0.165 0.197 0.025 0.036 0.041 0.015 0.029 0.043 0.006 0.021 0.221
57 F 0.045 0.023 0.021 0.02 0.013 0.015 0.023 0.029 0.015 0.071 0.172 0.025 0.03 0.264 0.014 0.051 0.034 0.013 0.062 0.063
58 F 0.036 0.02 0.016 0.016 0.012 0.012 0.019 0.024 0.015 0.075 0.181 0.02 0.031 0.312 0.011 0.025 0.027 0.014 0.071 0.064
59 H 0.041 0.036 0.037 0.028 0.008 0.029 0.04 0.031 0.206 0.033 0.052 0.038 0.017 0.079 0.017 0.036 0.027 0.017 0.193 0.034
60 Y 0.039 0.024 0.018 0.017 0.011 0.017 0.023 0.024 0.029 0.087 0.131 0.026 0.026 0.176 0.014 0.028 0.029 0.02 0.192 0.07
61 L 0.044 0.024 0.014 0.015 0.016 0.016 0.02 0.021 0.01 0.113 0.386 0.025 0.049 0.054 0.014 0.024 0.033 0.007 0.022 0.095
62 F 0.035 0.021 0.018 0.017 0.01 0.013 0.021 0.025 0.024 0.057 0.101 0.022 0.023 0.33 0.012 0.026 0.026 0.019 0.148 0.052
63 L 0.042 0.03 0.025 0.021 0.012 0.023 0.03 0.026 0.108 0.073 0.219 0.031 0.033 0.067 0.016 0.03 0.03 0.012 0.107 0.064
64 Y 0.047 0.026 0.022 0.02 0.012 0.019 0.026 0.026 0.029 0.07 0.12 0.03 0.025 0.128 0.016 0.037 0.059 0.018 0.183 0.085
65 S 0.083 0.033 0.039 0.036 0.016 0.026 0.039 0.049 0.016 0.054 0.136 0.042 0.025 0.076 0.023 0.155 0.062 0.007 0.027 0.056
66 W 0.03 0.022 0.015 0.015 0.007 0.015 0.022 0.03 0.015 0.03 0.052 0.022 0.015 0.06 0.007 0.022 0.022 0.501 0.067 0.03
67 C 0.061 0.03 0.023 0.03 0.253 0.048 0.066 0.032 0.014 0.06 0.082 0.038 0.038 0.024 0.018 0.042 0.039 0.005 0.016 0.083
68 I 0.046 0.019 0.014 0.017 0.016 0.014 0.018 0.02 0.009 0.241 0.22 0.024 0.039 0.046 0.014 0.024 0.038 0.006 0.021 0.154
69 L 0.06 0.027 0.024 0.024 0.016 0.02 0.027 0.032 0.012 0.114 0.272 0.032 0.039 0.044 0.018 0.076 0.046 0.006 0.021 0.091
70 S 0.078 0.08 0.05 0.101 0.012 0.042 0.121 0.051 0.021 0.026 0.039 0.065 0.014 0.018 0.026 0.142 0.058 0.005 0.016 0.035
71 V 0.061 0.056 0.064 0.034 0.014 0.032 0.044 0.036 0.016 0.094 0.084 0.128 0.023 0.025 0.021 0.044 0.045 0.005 0.018 0.156
72 L 0.044 0.022 0.014 0.016 0.016 0.015 0.019 0.021 0.01 0.156 0.331 0.024 0.046 0.051 0.014 0.024 0.034 0.007 0.021 0.114
73 F 0.044 0.018 0.016 0.017 0.132 0.011 0.018 0.026 0.012 0.113 0.113 0.02 0.026 0.215 0.013 0.029 0.031 0.011 0.052 0.084
74 F 0.058 0.046 0.032 0.031 0.012 0.027 0.04 0.039 0.018 0.045 0.077 0.095 0.02 0.208 0.019 0.084 0.042 0.011 0.052 0.045
75 R 0.061 0.246 0.042 0.036 0.01 0.044 0.054 0.042 0.022 0.025 0.044 0.123 0.015 0.018 0.023 0.092 0.046 0.005 0.017 0.033
76 I 0.047 0.018 0.015 0.018 0.016 0.013 0.018 0.021 0.009 0.273 0.167 0.024 0.037 0.044 0.015 0.025 0.04 0.006 0.021 0.176
77 K 0.053 0.168 0.04 0.038 0.008 0.051 0.065 0.04 0.021 0.026 0.043 0.247 0.015 0.016 0.025 0.05 0.038 0.005 0.017 0.032
78 S 0.083 0.053 0.044 0.041 0.015 0.034 0.05 0.051 0.017 0.063 0.06 0.108 0.018 0.022 0.027 0.144 0.087 0.005 0.018 0.059
79 K 0.056 0.105 0.041 0.041 0.008 0.053 0.07 0.042 0.02 0.027 0.042 0.291 0.015 0.015 0.027 0.053 0.039 0.005 0.017 0.032
80 L 0.055 0.027 0.059 0.028 0.016 0.02 0.027 0.032 0.013 0.119 0.239 0.032 0.036 0.041 0.017 0.057 0.044 0.006 0.02 0.113
81 G 0.065 0.028 0.035 0.031 0.015 0.021 0.03 0.157 0.013 0.053 0.101 0.036 0.021 0.072 0.021 0.064 0.144 0.007 0.025 0.059
82 T 0.075 0.036 0.079 0.044 0.015 0.028 0.043 0.05 0.017 0.039 0.051 0.047 0.016 0.021 0.086 0.118 0.16 0.005 0.017 0.052
83 S 0.089 0.034 0.041 0.038 0.018 0.027 0.041 0.049 0.015 0.068 0.069 0.044 0.02 0.025 0.025 0.148 0.117 0.005 0.018 0.108
84 V 0.068 0.023 0.023 0.025 0.015 0.018 0.027 0.151 0.011 0.092 0.08 0.031 0.02 0.025 0.138 0.04 0.04 0.005 0.016 0.154
85 N 0.042 0.042 0.296 0.122 0.009 0.033 0.054 0.062 0.029 0.022 0.031 0.052 0.011 0.017 0.02 0.066 0.047 0.004 0.015 0.026
86 L 0.045 0.021 0.014 0.016 0.016 0.014 0.019 0.021 0.009 0.198 0.276 0.024 0.042 0.049 0.014 0.024 0.036 0.006 0.021 0.134
87 N 0.042 0.044 0.329 0.082 0.009 0.033 0.049 0.064 0.031 0.022 0.031 0.053 0.011 0.018 0.02 0.069 0.049 0.004 0.015 0.027
88 L 0.077 0.03 0.034 0.032 0.017 0.024 0.035 0.043 0.014 0.114 0.158 0.039 0.029 0.035 0.022 0.129 0.058 0.006 0.019 0.088
89 L 0.042 0.019 0.015 0.017 0.015 0.013 0.018 0.022 0.011 0.186 0.207 0.022 0.037 0.135 0.013 0.024 0.034 0.009 0.037 0.124
90 F 0.042 0.019 0.017 0.017 0.013 0.012 0.02 0.025 0.014 0.087 0.116 0.02 0.026 0.307 0.012 0.027 0.031 0.014 0.071 0.111
91 L 0.041 0.023 0.015 0.015 0.015 0.015 0.02 0.022 0.012 0.101 0.318 0.023 0.043 0.14 0.013 0.024 0.031 0.009 0.038 0.084
92 L 0.051 0.022 0.015 0.016 0.017 0.015 0.02 0.022 0.009 0.168 0.266 0.025 0.041 0.047 0.015 0.026 0.038 0.006 0.021 0.161
93 L 0.044 0.024 0.014 0.015 0.016 0.016 0.02 0.021 0.01 0.113 0.386 0.025 0.049 0.054 0.014 0.024 0.033 0.007 0.022 0.095
94 V 0.073 0.025 0.025 0.025 0.018 0.02 0.029 0.033 0.011 0.159 0.116 0.032 0.028 0.034 0.019 0.081 0.054 0.005 0.019 0.194
95 I 0.043 0.018 0.015 0.017 0.015 0.012 0.018 0.021 0.011 0.228 0.152 0.022 0.033 0.132 0.013 0.025 0.036 0.009 0.037 0.144
96 L 0.045 0.021 0.014 0.016 0.016 0.014 0.019 0.021 0.009 0.198 0.276 0.024 0.042 0.049 0.014 0.024 0.036 0.006 0.021 0.134
97 Y 0.04 0.028 0.021 0.018 0.009 0.021 0.028 0.024 0.046 0.043 0.067 0.031 0.018 0.129 0.015 0.031 0.028 0.028 0.33 0.046
98 F 0.035 0.019 0.016 0.016 0.011 0.011 0.019 0.024 0.016 0.069 0.146 0.019 0.028 0.354 0.011 0.025 0.026 0.015 0.079 0.059
99 I 0.044 0.018 0.015 0.017 0.015 0.013 0.018 0.021 0.01 0.235 0.186 0.023 0.036 0.089 0.014 0.025 0.037 0.007 0.029 0.149
100 F 0.036 0.02 0.016 0.016 0.012 0.012 0.019 0.024 0.015 0.075 0.181 0.02 0.031 0.312 0.011 0.025 0.027 0.014 0.071 0.064
101 L 0.042 0.03 0.094 0.032 0.012 0.022 0.029 0.033 0.024 0.073 0.218 0.033 0.032 0.063 0.016 0.037 0.035 0.011 0.097 0.065
102 L 0.044 0.022 0.014 0.016 0.016 0.015 0.019 0.021 0.01 0.156 0.331 0.024 0.046 0.051 0.014 0.024 0.034 0.007 0.021 0.114
103 K 0.053 0.168 0.04 0.038 0.008 0.051 0.065 0.04 0.021 0.026 0.043 0.247 0.015 0.016 0.025 0.05 0.038 0.005 0.017 0.032
104 T 0.072 0.035 0.043 0.037 0.017 0.027 0.039 0.043 0.014 0.052 0.064 0.045 0.019 0.023 0.027 0.091 0.259 0.006 0.017 0.07
105 G 0.077 0.023 0.038 0.033 0.011 0.019 0.025 0.519 0.013 0.019 0.028 0.033 0.009 0.016 0.019 0.05 0.029 0.005 0.011 0.024
106 I 0.08 0.029 0.034 0.033 0.017 0.023 0.035 0.043 0.014 0.141 0.098 0.038 0.025 0.031 0.022 0.13 0.061 0.005 0.019 0.121
107 G 0.077 0.023 0.038 0.033 0.011 0.019 0.025 0.519 0.013 0.019 0.028 0.033 0.009 0.016 0.019 0.05 0.029 0.005 0.011 0.024
108 K 0.056 0.105 0.041 0.041 0.008 0.053 0.07 0.042 0.02 0.027 0.042 0.291 0.015 0.015 0.027 0.053 0.039 0.005 0.017 0.032
109 V 0.064 0.021 0.017 0.019 0.017 0.016 0.024 0.025 0.009 0.16 0.121 0.027 0.029 0.033 0.077 0.033 0.046 0.005 0.019 0.237
110 G 0.058 0.025 0.03 0.026 0.01 0.02 0.026 0.271 0.03 0.031 0.048 0.032 0.014 0.072 0.017 0.041 0.028 0.016 0.17 0.035
111 A 0.188 0.041 0.035 0.036 0.016 0.076 0.055 0.122 0.019 0.034 0.049 0.055 0.017 0.019 0.026 0.091 0.048 0.005 0.017 0.051
112 D 0.047 0.039 0.054 0.248 0.007 0.046 0.199 0.04 0.022 0.022 0.032 0.059 0.011 0.015 0.024 0.053 0.035 0.005 0.014 0.027
113 G 0.065 0.025 0.049 0.157 0.01 0.022 0.047 0.359 0.015 0.02 0.028 0.037 0.009 0.016 0.02 0.051 0.031 0.005 0.011 0.024
114 G 0.078 0.023 0.039 0.034 0.011 0.019 0.025 0.513 0.013 0.019 0.028 0.034 0.009 0.016 0.019 0.051 0.03 0.005 0.011 0.024
115 S 0.109 0.04 0.054 0.049 0.017 0.033 0.052 0.066 0.019 0.03 0.042 0.054 0.016 0.021 0.03 0.224 0.082 0.005 0.017 0.042
116 N 0.044 0.031 0.172 0.05 0.012 0.023 0.033 0.042 0.02 0.153 0.098 0.038 0.024 0.031 0.017 0.047 0.044 0.005 0.018 0.1
117 G 0.064 0.02 0.027 0.025 0.014 0.016 0.022 0.27 0.011 0.136 0.092 0.028 0.022 0.029 0.017 0.038 0.035 0.006 0.015 0.112
118 E 0.059 0.048 0.041 0.07 0.01 0.075 0.215 0.037 0.023 0.03 0.044 0.069 0.015 0.018 0.026 0.064 0.093 0.006 0.017 0.041
119 L 0.044 0.024 0.014 0.015 0.016 0.016 0.02 0.021 0.01 0.113 0.386 0.025 0.049 0.054 0.014 0.024 0.033 0.007 0.022 0.095
120 T 0.09 0.037 0.048 0.042 0.017 0.03 0.045 0.054 0.016 0.041 0.053 0.049 0.017 0.022 0.028 0.162 0.17 0.005 0.017 0.055
121 G 0.084 0.031 0.04 0.036 0.015 0.025 0.037 0.167 0.015 0.048 0.124 0.041 0.022 0.028 0.023 0.135 0.056 0.006 0.017 0.05
122 F 0.039 0.02 0.015 0.016 0.013 0.013 0.019 0.023 0.013 0.109 0.222 0.022 0.035 0.224 0.012 0.025 0.03 0.012 0.054 0.084
123 D 0.04 0.029 0.068 0.408 0.007 0.029 0.09 0.046 0.018 0.022 0.028 0.044 0.009 0.015 0.022 0.051 0.035 0.004 0.011 0.024
124 K 0.056 0.105 0.041 0.041 0.008 0.053 0.07 0.042 0.02 0.027 0.042 0.291 0.015 0.015 0.027 0.053 0.039 0.005 0.017 0.032
125 L 0.044 0.022 0.014 0.016 0.016 0.015 0.019 0.021 0.01 0.156 0.331 0.024 0.046 0.051 0.014 0.024 0.034 0.007 0.021 0.114
126 L 0.044 0.022 0.014 0.016 0.016 0.015 0.019 0.021 0.01 0.156 0.331 0.024 0.046 0.051 0.014 0.024 0.034 0.007 0.021 0.114
127 F 0.033 0.019 0.017 0.017 0.01 0.01 0.019 0.025 0.017 0.062 0.112 0.019 0.025 0.397 0.01 0.025 0.025 0.017 0.087 0.054
128 F 0.079 0.023 0.022 0.022 0.014 0.016 0.025 0.035 0.015 0.09 0.137 0.027 0.027 0.216 0.016 0.058 0.038 0.011 0.053 0.074
129 P 0.117 0.027 0.023 0.03 0.013 0.022 0.037 0.046 0.013 0.03 0.041 0.041 0.012 0.015 0.384 0.053 0.039 0.003 0.014 0.04
130 I 0.049 0.019 0.017 0.021 0.014 0.015 0.022 0.024 0.01 0.219 0.133 0.028 0.03 0.036 0.136 0.029 0.038 0.005 0.018 0.138
131 I 0.046 0.017 0.014 0.017 0.016 0.013 0.017 0.02 0.009 0.284 0.165 0.023 0.036 0.043 0.014 0.025 0.039 0.006 0.02 0.174
132 I 0.043 0.018 0.015 0.017 0.015 0.012 0.018 0.021 0.011 0.228 0.152 0.022 0.033 0.132 0.013 0.025 0.036 0.009 0.037 0.144
133 L 0.057 0.026 0.024 0.024 0.015 0.019 0.027 0.033 0.014 0.08 0.231 0.03 0.034 0.131 0.017 0.077 0.043 0.009 0.037 0.071
134 K 0.056 0.105 0.041 0.041 0.008 0.053 0.07 0.042 0.02 0.027 0.042 0.291 0.015 0.015 0.027 0.053 0.039 0.005 0.017 0.032
135 L 0.042 0.021 0.015 0.016 0.015 0.014 0.019 0.022 0.011 0.143 0.262 0.023 0.04 0.137 0.013 0.024 0.032 0.009 0.038 0.104
136 N 0.042 0.044 0.329 0.082 0.009 0.033 0.049 0.064 0.031 0.022 0.031 0.053 0.011 0.018 0.02 0.069 0.049 0.004 0.015 0.027
137 F 0.033 0.019 0.017 0.017 0.01 0.01 0.019 0.025 0.017 0.062 0.112 0.019 0.025 0.397 0.01 0.025 0.025 0.017 0.087 0.054
138 L 0.044 0.024 0.014 0.015 0.016 0.016 0.02 0.021 0.01 0.113 0.386 0.025 0.049 0.054 0.014 0.024 0.033 0.007 0.022 0.095
139 I 0.047 0.019 0.015 0.018 0.016 0.015 0.019 0.021 0.01 0.26 0.169 0.025 0.054 0.044 0.015 0.026 0.039 0.006 0.021 0.163
140 Y 0.038 0.025 0.02 0.018 0.009 0.019 0.025 0.025 0.039 0.048 0.079 0.028 0.02 0.196 0.014 0.029 0.027 0.025 0.269 0.048
141 I 0.046 0.017 0.014 0.017 0.016 0.013 0.017 0.02 0.009 0.284 0.165 0.023 0.036 0.043 0.014 0.025 0.039 0.006 0.02 0.174
142 Y 0.04 0.028 0.021 0.018 0.009 0.021 0.028 0.024 0.046 0.043 0.067 0.031 0.018 0.129 0.015 0.031 0.028 0.028 0.33 0.046
143 A 0.278 0.032 0.029 0.032 0.021 0.026 0.041 0.075 0.015 0.041 0.056 0.045 0.017 0.021 0.029 0.102 0.053 0.005 0.017 0.064
144 A 0.302 0.03 0.025 0.029 0.021 0.025 0.04 0.077 0.015 0.042 0.058 0.044 0.017 0.021 0.029 0.084 0.049 0.005 0.017 0.068
145 G 0.105 0.024 0.037 0.033 0.012 0.019 0.027 0.463 0.013 0.022 0.032 0.034 0.01 0.017 0.02 0.055 0.032 0.005 0.011 0.029
146 C 0.053 0.03 0.172 0.049 0.251 0.023 0.032 0.048 0.019 0.033 0.047 0.036 0.014 0.019 0.018 0.054 0.042 0.004 0.014 0.041
147 K 0.053 0.168 0.04 0.038 0.008 0.051 0.065 0.04 0.021 0.026 0.043 0.247 0.015 0.016 0.025 0.05 0.038 0.005 0.017 0.032
148 K 0.049 0.073 0.146 0.053 0.009 0.041 0.056 0.048 0.028 0.027 0.041 0.169 0.014 0.03 0.023 0.056 0.041 0.008 0.055 0.032
149 K 0.056 0.105 0.041 0.041 0.008 0.052 0.069 0.042 0.02 0.027 0.042 0.292 0.015 0.015 0.027 0.052 0.039 0.005 0.017 0.032
150 D 0.044 0.034 0.144 0.274 0.009 0.03 0.072 0.051 0.022 0.025 0.032 0.047 0.011 0.016 0.022 0.06 0.061 0.004 0.013 0.029
151 N 0.045 0.119 0.214 0.063 0.009 0.04 0.053 0.053 0.027 0.023 0.036 0.114 0.013 0.017 0.021 0.06 0.044 0.005 0.016 0.028
152 I 0.045 0.019 0.014 0.017 0.016 0.014 0.018 0.02 0.009 0.234 0.232 0.024 0.04 0.046 0.014 0.024 0.037 0.006 0.021 0.15
153 Y 0.04 0.027 0.021 0.018 0.009 0.021 0.027 0.024 0.046 0.043 0.067 0.031 0.018 0.128 0.015 0.031 0.027 0.027 0.331 0.046
154 Y 0.04 0.027 0.021 0.018 0.009 0.021 0.027 0.024 0.046 0.043 0.067 0.031 0.018 0.128 0.015 0.031 0.027 0.027 0.331 0.046
155 L 0.044 0.022 0.015 0.015 0.063 0.014 0.019 0.023 0.011 0.096 0.3 0.023 0.041 0.119 0.013 0.026 0.031 0.009 0.034 0.082
156 V 0.064 0.031 0.09 0.038 0.016 0.024 0.034 0.039 0.015 0.09 0.083 0.039 0.022 0.027 0.021 0.063 0.134 0.005 0.018 0.146
157 L 0.044 0.024 0.014 0.015 0.016 0.016 0.02 0.021 0.01 0.113 0.388 0.025 0.049 0.054 0.014 0.024 0.033 0.007 0.022 0.094
158 F 0.035 0.019 0.016 0.016 0.011 0.011 0.019 0.024 0.015 0.09 0.145 0.02 0.028 0.329 0.011 0.025 0.027 0.015 0.074 0.07
159 I 0.044 0.018 0.015 0.017 0.015 0.013 0.018 0.021 0.01 0.241 0.154 0.022 0.034 0.114 0.014 0.025 0.036 0.008 0.034 0.149
160 F 0.033 0.019 0.017 0.017 0.01 0.01 0.019 0.025 0.017 0.062 0.112 0.019 0.025 0.399 0.01 0.025 0.025 0.017 0.087 0.054
161 L 0.072 0.024 0.015 0.017 0.017 0.017 0.022 0.027 0.01 0.128 0.306 0.027 0.042 0.047 0.016 0.031 0.037 0.007 0.021 0.118
162 I 0.046 0.019 0.015 0.017 0.015 0.013 0.018 0.022 0.01 0.211 0.173 0.023 0.035 0.115 0.014 0.025 0.037 0.008 0.034 0.152
163 C 0.113 0.023 0.023 0.023 0.304 0.018 0.025 0.043 0.01 0.045 0.063 0.03 0.017 0.021 0.021 0.059 0.084 0.005 0.014 0.061
164 E 0.054 0.049 0.04 0.088 0.007 0.063 0.31 0.034 0.025 0.022 0.036 0.074 0.013 0.016 0.025 0.054 0.036 0.005 0.016 0.031
165 L 0.044 0.023 0.014 0.015 0.016 0.015 0.019 0.021 0.01 0.148 0.343 0.024 0.046 0.052 0.014 0.024 0.034 0.007 0.022 0.11
166 Y 0.047 0.028 0.024 0.021 0.012 0.021 0.028 0.027 0.032 0.059 0.131 0.032 0.025 0.092 0.017 0.041 0.075 0.019 0.207 0.06
167 R 0.044 0.358 0.038 0.03 0.008 0.047 0.051 0.032 0.023 0.023 0.046 0.118 0.015 0.017 0.019 0.044 0.034 0.006 0.017 0.03
168 G 0.077 0.022 0.038 0.033 0.011 0.019 0.025 0.52 0.013 0.019 0.028 0.033 0.009 0.016 0.019 0.05 0.029 0.005 0.011 0.024
169 V 0.066 0.021 0.016 0.017 0.019 0.016 0.022 0.024 0.008 0.174 0.131 0.025 0.031 0.036 0.016 0.031 0.047 0.005 0.02 0.272
170 S 0.104 0.039 0.052 0.047 0.017 0.032 0.05 0.063 0.018 0.031 0.043 0.052 0.016 0.021 0.029 0.221 0.098 0.005 0.017 0.044
171 F 0.033 0.019 0.017 0.017 0.01 0.01 0.019 0.025 0.017 0.062 0.112 0.019 0.025 0.399 0.01 0.025 0.025 0.017 0.087 0.054
172 S 0.09 0.036 0.045 0.042 0.016 0.029 0.046 0.055 0.017 0.033 0.045 0.049 0.015 0.019 0.124 0.168 0.108 0.005 0.016 0.045
173 I 0.046 0.019 0.014 0.017 0.016 0.014 0.018 0.02 0.009 0.251 0.209 0.023 0.039 0.045 0.014 0.024 0.038 0.006 0.021 0.157
174 L 0.044 0.024 0.014 0.015 0.016 0.016 0.02 0.021 0.01 0.113 0.388 0.025 0.049 0.054 0.014 0.024 0.033 0.007 0.022 0.094
175 L 0.044 0.023 0.014 0.015 0.016 0.015 0.019 0.021 0.01 0.148 0.343 0.024 0.046 0.052 0.014 0.024 0.034 0.007 0.022 0.11
176 I 0.046 0.019 0.014 0.017 0.016 0.014 0.018 0.02 0.009 0.251 0.209 0.023 0.039 0.045 0.014 0.024 0.038 0.006 0.021 0.157
177 A 0.206 0.027 0.026 0.027 0.018 0.022 0.033 0.154 0.013 0.052 0.118 0.038 0.022 0.027 0.024 0.065 0.042 0.006 0.017 0.064
178 L 0.045 0.021 0.014 0.016 0.016 0.015 0.019 0.021 0.009 0.182 0.298 0.024 0.044 0.05 0.014 0.024 0.035 0.006 0.021 0.126
179 I 0.046 0.018 0.014 0.017 0.016 0.013 0.018 0.02 0.009 0.268 0.187 0.023 0.037 0.044 0.014 0.024 0.038 0.006 0.02 0.165
180 E 0.054 0.049 0.04 0.088 0.007 0.063 0.31 0.034 0.025 0.022 0.036 0.074 0.013 0.016 0.025 0.054 0.036 0.005 0.016 0.031
181 I 0.057 0.024 0.024 0.024 0.015 0.019 0.026 0.03 0.018 0.186 0.12 0.031 0.028 0.056 0.018 0.068 0.045 0.01 0.082 0.121
182 E 0.052 0.059 0.098 0.077 0.008 0.055 0.21 0.042 0.025 0.023 0.036 0.113 0.013 0.016 0.025 0.057 0.039 0.005 0.016 0.03
183 K 0.055 0.089 0.038 0.038 0.01 0.046 0.061 0.041 0.019 0.033 0.051 0.24 0.017 0.054 0.025 0.054 0.06 0.006 0.024 0.038
184 I 0.046 0.017 0.014 0.017 0.016 0.013 0.017 0.02 0.009 0.285 0.165 0.023 0.036 0.043 0.014 0.025 0.039 0.006 0.02 0.173
185 K 0.05 0.139 0.035 0.034 0.009 0.044 0.056 0.036 0.019 0.038 0.084 0.203 0.02 0.058 0.022 0.045 0.036 0.007 0.024 0.04
186 R 0.047 0.251 0.068 0.039 0.008 0.048 0.056 0.038 0.023 0.024 0.043 0.164 0.015 0.017 0.022 0.049 0.037 0.005 0.017 0.031
187 C 0.055 0.06 0.021 0.02 0.3 0.019 0.025 0.032 0.012 0.044 0.069 0.057 0.018 0.095 0.016 0.039 0.034 0.007 0.028 0.051
188 F 0.038 0.019 0.016 0.017 0.013 0.012 0.018 0.023 0.014 0.134 0.155 0.021 0.031 0.258 0.012 0.025 0.03 0.012 0.06 0.094
189 R 0.057 0.294 0.041 0.034 0.01 0.044 0.051 0.039 0.022 0.024 0.045 0.105 0.015 0.018 0.021 0.082 0.043 0.006 0.017 0.033
190 I 0.047 0.036 0.02 0.022 0.014 0.021 0.028 0.025 0.012 0.194 0.157 0.077 0.032 0.074 0.016 0.03 0.037 0.007 0.026 0.125
191 K 0.052 0.138 0.035 0.034 0.01 0.044 0.055 0.036 0.018 0.078 0.067 0.204 0.019 0.021 0.023 0.045 0.038 0.005 0.018 0.06
192 C 0.052 0.025 0.08 0.03 0.251 0.019 0.026 0.036 0.024 0.039 0.058 0.03 0.016 0.052 0.017 0.043 0.036 0.011 0.108 0.047
193 L 0.043 0.022 0.015 0.017 0.014 0.015 0.021 0.023 0.011 0.111 0.275 0.025 0.039 0.118 0.062 0.026 0.032 0.008 0.034 0.088
194 L 0.07 0.024 0.015 0.017 0.016 0.017 0.022 0.026 0.01 0.123 0.332 0.027 0.044 0.049 0.015 0.03 0.035 0.007 0.021 0.1
195 I 0.046 0.018 0.015 0.017 0.015 0.013 0.018 0.022 0.011 0.212 0.148 0.022 0.033 0.131 0.014 0.026 0.037 0.008 0.037 0.157
196 S 0.096 0.037 0.047 0.043 0.017 0.03 0.046 0.057 0.017 0.043 0.087 0.049 0.02 0.025 0.027 0.188 0.097 0.005 0.018 0.052
197 L 0.044 0.023 0.014 0.015 0.016 0.016 0.02 0.021 0.01 0.135 0.357 0.025 0.047 0.053 0.014 0.024 0.034 0.007 0.022 0.105
198 P 0.058 0.026 0.025 0.028 0.013 0.02 0.031 0.093 0.012 0.05 0.126 0.036 0.021 0.025 0.26 0.045 0.062 0.004 0.015 0.051
199 L 0.041 0.023 0.015 0.015 0.015 0.015 0.02 0.022 0.012 0.101 0.317 0.023 0.043 0.139 0.013 0.024 0.031 0.009 0.038 0.085
200 L 0.05 0.021 0.021 0.02 0.013 0.015 0.021 0.146 0.012 0.098 0.2 0.025 0.031 0.129 0.014 0.031 0.031 0.009 0.035 0.077
201 V 0.058 0.02 0.015 0.017 0.017 0.015 0.02 0.022 0.008 0.222 0.147 0.024 0.034 0.039 0.015 0.029 0.044 0.006 0.02 0.227
202 L 0.044 0.023 0.014 0.015 0.016 0.016 0.02 0.021 0.01 0.135 0.357 0.025 0.047 0.053 0.014 0.024 0.034 0.007 0.022 0.105
203 F 0.045 0.023 0.021 0.02 0.013 0.015 0.023 0.029 0.015 0.071 0.172 0.025 0.03 0.264 0.014 0.051 0.034 0.013 0.062 0.063
204 V 0.058 0.02 0.015 0.017 0.017 0.015 0.02 0.022 0.008 0.222 0.147 0.024 0.034 0.039 0.015 0.029 0.044 0.006 0.02 0.227
205 N 0.042 0.044 0.327 0.082 0.009 0.033 0.049 0.064 0.031 0.022 0.031 0.053 0.011 0.018 0.02 0.069 0.049 0.004 0.015 0.027
206 I 0.052 0.019 0.015 0.017 0.017 0.014 0.019 0.021 0.009 0.231 0.184 0.024 0.037 0.043 0.015 0.026 0.041 0.006 0.021 0.191
207 V 0.058 0.02 0.015 0.017 0.017 0.015 0.02 0.022 0.008 0.222 0.147 0.024 0.034 0.039 0.015 0.029 0.044 0.006 0.02 0.227
208 Y 0.04 0.028 0.021 0.018 0.009 0.021 0.028 0.025 0.046 0.043 0.067 0.031 0.018 0.129 0.015 0.031 0.028 0.028 0.328 0.046
209 N 0.042 0.044 0.327 0.082 0.009 0.033 0.049 0.064 0.031 0.022 0.031 0.053 0.011 0.018 0.02 0.069 0.049 0.004 0.015 0.027
210 L 0.051 0.02 0.015 0.017 0.017 0.015 0.019 0.021 0.009 0.21 0.211 0.024 0.038 0.044 0.015 0.026 0.04 0.006 0.021 0.181
211 K 0.056 0.106 0.041 0.041 0.008 0.053 0.07 0.043 0.02 0.027 0.043 0.289 0.015 0.015 0.027 0.053 0.039 0.005 0.017 0.032
212 F 0.035 0.021 0.018 0.017 0.01 0.013 0.021 0.025 0.024 0.058 0.101 0.022 0.023 0.329 0.012 0.026 0.026 0.019 0.148 0.052
213 Y 0.046 0.03 0.021 0.019 0.013 0.025 0.028 0.026 0.031 0.071 0.131 0.033 0.096 0.088 0.016 0.033 0.034 0.018 0.176 0.069
214 V 0.063 0.021 0.016 0.018 0.018 0.015 0.022 0.023 0.008 0.192 0.138 0.025 0.032 0.037 0.016 0.03 0.046 0.006 0.02 0.253
215 R 0.044 0.355 0.038 0.031 0.008 0.048 0.052 0.032 0.023 0.023 0.046 0.118 0.015 0.017 0.019 0.044 0.034 0.006 0.017 0.031
216 L 0.046 0.026 0.015 0.016 0.016 0.019 0.022 0.023 0.011 0.11 0.337 0.028 0.08 0.052 0.014 0.027 0.035 0.007 0.022 0.094
217 G 0.073 0.023 0.042 0.08 0.01 0.02 0.033 0.458 0.014 0.019 0.028 0.035 0.009 0.016 0.019 0.051 0.03 0.005 0.011 0.024
218 E 0.114 0.042 0.04 0.114 0.011 0.05 0.213 0.047 0.022 0.027 0.041 0.063 0.013 0.017 0.026 0.061 0.039 0.005 0.016 0.039
219 H 0.062 0.059 0.05 0.041 0.01 0.04 0.057 0.046 0.192 0.025 0.04 0.108 0.015 0.024 0.024 0.092 0.043 0.006 0.037 0.03
220 Y 0.04 0.028 0.021 0.018 0.009 0.021 0.028 0.025 0.046 0.043 0.067 0.031 0.018 0.129 0.015 0.031 0.028 0.028 0.328 0.046
221 D 0.048 0.045 0.055 0.237 0.008 0.087 0.147 0.042 0.023 0.023 0.034 0.063 0.013 0.015 0.023 0.053 0.037 0.005 0.015 0.028
222 Y 0.04 0.028 0.021 0.018 0.009 0.021 0.028 0.025 0.046 0.043 0.067 0.031 0.018 0.129 0.015 0.031 0.028 0.028 0.328 0.046
223 L 0.045 0.022 0.014 0.016 0.016 0.015 0.019 0.021 0.009 0.177 0.302 0.024 0.044 0.05 0.014 0.024 0.035 0.007 0.021 0.125
224 D 0.041 0.033 0.133 0.325 0.008 0.03 0.08 0.05 0.022 0.022 0.028 0.046 0.01 0.015 0.022 0.056 0.038 0.004 0.012 0.025
225 I 0.046 0.017 0.014 0.017 0.016 0.013 0.017 0.02 0.009 0.282 0.165 0.023 0.036 0.044 0.014 0.025 0.039 0.006 0.02 0.174
226 F 0.036 0.022 0.018 0.017 0.011 0.014 0.021 0.024 0.023 0.064 0.135 0.022 0.026 0.286 0.012 0.026 0.027 0.018 0.139 0.057
227 Q 0.063 0.052 0.04 0.039 0.013 0.125 0.068 0.039 0.021 0.053 0.063 0.065 0.021 0.02 0.024 0.066 0.123 0.006 0.019 0.079
228 T 0.081 0.036 0.045 0.04 0.017 0.029 0.042 0.048 0.015 0.047 0.058 0.047 0.018 0.023 0.028 0.126 0.213 0.006 0.017 0.063
229 L 0.044 0.024 0.014 0.015 0.016 0.016 0.02 0.021 0.01 0.114 0.385 0.025 0.049 0.054 0.014 0.024 0.033 0.007 0.022 0.095
230 I 0.062 0.023 0.024 0.025 0.016 0.018 0.026 0.032 0.011 0.219 0.134 0.031 0.031 0.038 0.018 0.076 0.05 0.006 0.02 0.141
231 L 0.051 0.032 0.02 0.02 0.016 0.028 0.028 0.028 0.016 0.099 0.194 0.036 0.173 0.047 0.016 0.036 0.04 0.008 0.024 0.091
232 L 0.041 0.023 0.015 0.015 0.015 0.015 0.02 0.022 0.012 0.101 0.317 0.023 0.043 0.139 0.013 0.024 0.031 0.009 0.038 0.085
233 L 0.049 0.025 0.016 0.017 0.016 0.019 0.022 0.023 0.011 0.137 0.278 0.027 0.076 0.049 0.015 0.028 0.037 0.007 0.022 0.127
234 G 0.077 0.023 0.039 0.033 0.011 0.019 0.025 0.517 0.013 0.019 0.028 0.033 0.009 0.016 0.019 0.051 0.029 0.005 0.011 0.024
235 R 0.044 0.355 0.038 0.031 0.008 0.048 0.052 0.032 0.023 0.023 0.046 0.118 0.015 0.017 0.019 0.044 0.034 0.006 0.017 0.031
236 L 0.044 0.024 0.014 0.015 0.016 0.016 0.02 0.021 0.01 0.114 0.385 0.025 0.049 0.054 0.014 0.024 0.033 0.007 0.022 0.095
237 S 0.108 0.04 0.053 0.048 0.017 0.033 0.052 0.065 0.019 0.029 0.041 0.053 0.015 0.021 0.029 0.231 0.081 0.005 0.017 0.041
238 I 0.046 0.019 0.014 0.017 0.016 0.014 0.018 0.02 0.009 0.24 0.22 0.024 0.039 0.046 0.014 0.024 0.038 0.006 0.021 0.154
239 L 0.052 0.023 0.021 0.022 0.016 0.017 0.023 0.026 0.01 0.182 0.195 0.029 0.035 0.041 0.018 0.041 0.092 0.006 0.02 0.128
240 S 0.108 0.04 0.053 0.048 0.017 0.033 0.052 0.065 0.019 0.029 0.041 0.053 0.015 0.021 0.029 0.231 0.081 0.005 0.017 0.041
241 N 0.042 0.044 0.327 0.082 0.009 0.033 0.049 0.064 0.031 0.022 0.031 0.053 0.011 0.018 0.02 0.069 0.049 0.004 0.015 0.027
242 L 0.056 0.023 0.015 0.016 0.017 0.016 0.021 0.023 0.009 0.138 0.257 0.025 0.04 0.045 0.015 0.028 0.041 0.006 0.021 0.187
243 L 0.06 0.028 0.024 0.023 0.016 0.02 0.028 0.032 0.012 0.093 0.299 0.032 0.041 0.046 0.018 0.076 0.045 0.007 0.021 0.081
244 Y 0.038 0.025 0.02 0.018 0.009 0.019 0.025 0.025 0.039 0.048 0.079 0.028 0.02 0.196 0.014 0.029 0.027 0.025 0.268 0.048
245 N 0.044 0.032 0.171 0.049 0.012 0.024 0.034 0.042 0.02 0.11 0.153 0.039 0.027 0.033 0.017 0.046 0.042 0.005 0.018 0.081
246 Y 0.04 0.027 0.024 0.02 0.01 0.021 0.028 0.026 0.077 0.073 0.082 0.03 0.021 0.139 0.015 0.031 0.029 0.021 0.225 0.06
247 E 0.051 0.044 0.047 0.168 0.007 0.055 0.253 0.037 0.024 0.022 0.034 0.067 0.012 0.016 0.025 0.054 0.036 0.005 0.015 0.029
248 H 0.042 0.045 0.156 0.054 0.008 0.036 0.051 0.048 0.239 0.022 0.035 0.048 0.014 0.025 0.019 0.052 0.035 0.006 0.041 0.024
249 Y 0.042 0.025 0.019 0.017 0.012 0.019 0.024 0.023 0.032 0.09 0.159 0.028 0.028 0.099 0.015 0.028 0.03 0.02 0.213 0.074
250 Y 0.059 0.032 0.068 0.035 0.011 0.026 0.037 0.041 0.033 0.035 0.052 0.04 0.016 0.073 0.08 0.087 0.045 0.016 0.172 0.04
251 S 0.091 0.037 0.057 0.138 0.015 0.032 0.061 0.06 0.019 0.027 0.038 0.051 0.014 0.019 0.027 0.186 0.069 0.005 0.016 0.037
252 V 0.058 0.02 0.015 0.017 0.017 0.015 0.02 0.022 0.008 0.222 0.147 0.024 0.034 0.039 0.015 0.029 0.044 0.006 0.02 0.227
253 S 0.092 0.118 0.05 0.044 0.015 0.036 0.052 0.057 0.02 0.028 0.042 0.07 0.015 0.02 0.027 0.185 0.069 0.005 0.017 0.039
254 N 0.042 0.035 0.172 0.049 0.011 0.026 0.036 0.043 0.03 0.05 0.129 0.04 0.022 0.055 0.017 0.048 0.039 0.011 0.095 0.048
255 F 0.039 0.024 0.019 0.018 0.011 0.018 0.023 0.026 0.024 0.067 0.122 0.026 0.06 0.242 0.013 0.029 0.029 0.017 0.132 0.061
256 V 0.054 0.02 0.016 0.017 0.016 0.014 0.021 0.023 0.01 0.167 0.134 0.023 0.031 0.127 0.014 0.029 0.04 0.008 0.037 0.197
257 E 0.051 0.051 0.035 0.065 0.008 0.052 0.207 0.033 0.03 0.028 0.045 0.09 0.014 0.044 0.023 0.048 0.034 0.011 0.094 0.035
258 G 0.085 0.027 0.042 0.037 0.012 0.022 0.032 0.404 0.015 0.021 0.031 0.038 0.011 0.017 0.021 0.096 0.042 0.005 0.012 0.028
259 N 0.076 0.042 0.186 0.066 0.013 0.033 0.051 0.066 0.025 0.026 0.037 0.054 0.013 0.019 0.025 0.146 0.066 0.005 0.017 0.034
260 F 0.052 0.024 0.026 0.025 0.012 0.016 0.027 0.035 0.017 0.054 0.095 0.027 0.023 0.302 0.015 0.077 0.039 0.014 0.07 0.051
261 G 0.072 0.027 0.075 0.04 0.011 0.022 0.03 0.401 0.016 0.023 0.033 0.037 0.011 0.017 0.02 0.058 0.06 0.005 0.012 0.03
262 Y 0.04 0.028 0.021 0.018 0.009 0.021 0.028 0.025 0.046 0.043 0.067 0.031 0.018 0.129 0.015 0.031 0.028 0.028 0.328 0.046
263 Q 0.056 0.074 0.044 0.047 0.009 0.215 0.103 0.041 0.029 0.026 0.047 0.091 0.021 0.015 0.024 0.056 0.041 0.006 0.021 0.035
264 S 0.1 0.035 0.05 0.044 0.016 0.029 0.045 0.178 0.018 0.027 0.038 0.048 0.014 0.019 0.027 0.186 0.068 0.005 0.016 0.037
265 A 0.192 0.03 0.03 0.031 0.019 0.024 0.038 0.06 0.014 0.084 0.076 0.041 0.021 0.026 0.026 0.107 0.056 0.005 0.018 0.101
266 I 0.055 0.019 0.015 0.017 0.017 0.014 0.02 0.022 0.008 0.237 0.152 0.024 0.034 0.04 0.015 0.028 0.043 0.006 0.02 0.214
267 N 0.042 0.044 0.258 0.071 0.009 0.034 0.05 0.058 0.114 0.022 0.033 0.051 0.012 0.021 0.02 0.062 0.043 0.005 0.026 0.026
268 E 0.054 0.049 0.04 0.089 0.007 0.064 0.307 0.034 0.025 0.022 0.036 0.074 0.013 0.016 0.025 0.054 0.036 0.005 0.016 0.031
269 F 0.033 0.019 0.017 0.017 0.01 0.01 0.019 0.025 0.017 0.062 0.113 0.019 0.025 0.396 0.01 0.025 0.025 0.017 0.087 0.054
270 L 0.044 0.024 0.014 0.015 0.016 0.016 0.02 0.021 0.01 0.114 0.385 0.025 0.049 0.054 0.014 0.024 0.033 0.007 0.022 0.095
271 E 0.054 0.049 0.04 0.089 0.007 0.064 0.307 0.034 0.025 0.022 0.036 0.074 0.013 0.016 0.025 0.054 0.036 0.005 0.016 0.031
272 K 0.069 0.089 0.044 0.043 0.011 0.048 0.065 0.048 0.02 0.028 0.042 0.23 0.015 0.017 0.028 0.097 0.05 0.005 0.017 0.035
273 L 0.044 0.024 0.014 0.015 0.016 0.016 0.02 0.021 0.01 0.114 0.385 0.025 0.049 0.054 0.014 0.024 0.033 0.007 0.022 0.095
274 T 0.072 0.035 0.043 0.037 0.018 0.027 0.039 0.043 0.014 0.053 0.064 0.045 0.019 0.023 0.027 0.091 0.258 0.006 0.018 0.07
275 P 0.056 0.025 0.023 0.031 0.01 0.02 0.036 0.036 0.013 0.025 0.036 0.041 0.01 0.013 0.501 0.043 0.036 0.003 0.013 0.031
276 V 0.089 0.028 0.019 0.02 0.018 0.023 0.027 0.033 0.013 0.116 0.152 0.033 0.1 0.04 0.018 0.04 0.044 0.007 0.022 0.159
277 P 0.056 0.025 0.023 0.031 0.01 0.02 0.036 0.036 0.013 0.025 0.036 0.041 0.01 0.013 0.501 0.043 0.036 0.003 0.013 0.031
278 S 0.108 0.04 0.053 0.048 0.017 0.033 0.052 0.065 0.019 0.029 0.041 0.053 0.015 0.021 0.029 0.231 0.081 0.005 0.017 0.041
279 L 0.044 0.023 0.014 0.015 0.016 0.016 0.02 0.021 0.01 0.135 0.357 0.025 0.047 0.053 0.014 0.024 0.034 0.007 0.022 0.105
280 F 0.033 0.019 0.017 0.017 0.01 0.01 0.019 0.025 0.017 0.062 0.113 0.019 0.025 0.396 0.01 0.025 0.025 0.017 0.087 0.054
281 G 0.077 0.023 0.039 0.033 0.011 0.019 0.025 0.517 0.013 0.019 0.028 0.033 0.009 0.016 0.019 0.051 0.029 0.005 0.011 0.024
282 I 0.046 0.017 0.014 0.017 0.016 0.013 0.017 0.02 0.009 0.282 0.165 0.023 0.036 0.044 0.014 0.025 0.039 0.006 0.02 0.174
283 T 0.065 0.039 0.116 0.05 0.014 0.031 0.045 0.05 0.062 0.038 0.05 0.048 0.016 0.022 0.025 0.097 0.154 0.006 0.022 0.05
284 E 0.054 0.049 0.04 0.089 0.007 0.064 0.307 0.034 0.025 0.022 0.036 0.074 0.013 0.016 0.025 0.054 0.036 0.005 0.016 0.031
285 K 0.056 0.106 0.041 0.041 0.008 0.053 0.07 0.043 0.02 0.027 0.043 0.289 0.015 0.015 0.027 0.053 0.039 0.005 0.017 0.032
286 V 0.068 0.028 0.029 0.027 0.018 0.021 0.03 0.033 0.011 0.122 0.101 0.035 0.026 0.03 0.022 0.061 0.152 0.006 0.019 0.162
287 L 0.058 0.029 0.028 0.026 0.017 0.021 0.029 0.032 0.012 0.104 0.197 0.035 0.033 0.037 0.021 0.058 0.146 0.006 0.02 0.092
288 E 0.054 0.049 0.04 0.089 0.007 0.064 0.307 0.034 0.025 0.022 0.036 0.074 0.013 0.016 0.025 0.054 0.036 0.005 0.016 0.031
289 F 0.04 0.018 0.016 0.017 0.013 0.012 0.018 0.023 0.013 0.172 0.139 0.021 0.031 0.22 0.012 0.025 0.032 0.011 0.054 0.114
290 G 0.077 0.023 0.039 0.033 0.011 0.019 0.025 0.517 0.013 0.019 0.028 0.033 0.009 0.016 0.019 0.051 0.029 0.005 0.011 0.024
291 K 0.056 0.106 0.041 0.041 0.008 0.053 0.07 0.043 0.02 0.027 0.043 0.289 0.015 0.015 0.027 0.053 0.039 0.005 0.017 0.032
292 L 0.044 0.022 0.014 0.016 0.016 0.015 0.019 0.021 0.01 0.156 0.33 0.025 0.046 0.051 0.014 0.024 0.034 0.007 0.022 0.115
293 I 0.049 0.02 0.015 0.017 0.016 0.014 0.019 0.021 0.009 0.225 0.216 0.024 0.039 0.045 0.015 0.025 0.039 0.006 0.021 0.167
294 F 0.033 0.019 0.017 0.017 0.01 0.01 0.019 0.025 0.017 0.062 0.113 0.019 0.025 0.396 0.01 0.025 0.025 0.017 0.087 0.054
295 Y 0.057 0.031 0.029 0.026 0.011 0.024 0.034 0.035 0.039 0.04 0.061 0.036 0.018 0.102 0.019 0.081 0.041 0.022 0.25 0.045
296 H 0.041 0.036 0.037 0.028 0.008 0.03 0.04 0.031 0.205 0.033 0.053 0.038 0.017 0.079 0.017 0.036 0.027 0.018 0.192 0.034
297 S 0.092 0.039 0.089 0.097 0.015 0.032 0.056 0.063 0.02 0.027 0.038 0.052 0.014 0.019 0.027 0.189 0.071 0.005 0.016 0.037
298 Y 0.039 0.03 0.097 0.034 0.009 0.022 0.031 0.035 0.035 0.043 0.07 0.033 0.018 0.168 0.015 0.039 0.032 0.019 0.19 0.043
299 G 0.066 0.028 0.105 0.041 0.012 0.022 0.031 0.281 0.016 0.055 0.054 0.036 0.015 0.021 0.018 0.051 0.039 0.005 0.014 0.089
300 R 0.05 0.197 0.043 0.034 0.01 0.04 0.049 0.036 0.106 0.03 0.048 0.082 0.016 0.022 0.021 0.055 0.088 0.006 0.027 0.038
301 W 0.034 0.022 0.015 0.015 0.01 0.014 0.021 0.026 0.014 0.059 0.15 0.022 0.026 0.142 0.01 0.023 0.026 0.256 0.061 0.052
302 D 0.057 0.029 0.054 0.221 0.011 0.026 0.061 0.163 0.016 0.029 0.037 0.042 0.012 0.017 0.022 0.061 0.089 0.005 0.013 0.035
303 S 0.108 0.04 0.053 0.048 0.017 0.033 0.052 0.065 0.019 0.029 0.041 0.053 0.015 0.021 0.029 0.231 0.081 0.005 0.017 0.041
304 A 0.301 0.031 0.025 0.029 0.021 0.025 0.04 0.077 0.015 0.043 0.059 0.044 0.017 0.021 0.029 0.084 0.049 0.005 0.017 0.068
305 I 0.056 0.024 0.025 0.025 0.017 0.018 0.025 0.029 0.011 0.196 0.127 0.031 0.03 0.036 0.019 0.05 0.121 0.006 0.019 0.135
306 A 0.301 0.031 0.025 0.029 0.021 0.025 0.04 0.077 0.015 0.043 0.059 0.044 0.017 0.021 0.029 0.084 0.049 0.005 0.017 0.068
307 I 0.149 0.025 0.023 0.026 0.018 0.02 0.03 0.047 0.012 0.161 0.11 0.035 0.027 0.032 0.022 0.073 0.048 0.006 0.019 0.118
308 S 0.108 0.04 0.053 0.048 0.017 0.033 0.052 0.065 0.019 0.029 0.041 0.053 0.015 0.021 0.029 0.231 0.081 0.005 0.017 0.041
309 V 0.063 0.022 0.016 0.017 0.018 0.016 0.022 0.023 0.009 0.15 0.192 0.026 0.036 0.04 0.016 0.03 0.045 0.006 0.021 0.233
310 L 0.047 0.023 0.014 0.016 0.016 0.016 0.02 0.021 0.01 0.141 0.325 0.025 0.045 0.05 0.014 0.025 0.036 0.007 0.022 0.128
311 G 0.077 0.023 0.039 0.033 0.011 0.019 0.025 0.517 0.013 0.019 0.028 0.033 0.009 0.016 0.019 0.051 0.029 0.005 0.011 0.024
312 I 0.046 0.017 0.014 0.017 0.016 0.013 0.017 0.02 0.009 0.282 0.165 0.023 0.036 0.044 0.014 0.025 0.039 0.006 0.02 0.174
313 L 0.045 0.021 0.014 0.016 0.016 0.015 0.019 0.021 0.009 0.198 0.275 0.024 0.043 0.049 0.014 0.024 0.036 0.006 0.021 0.134
314 S 0.077 0.035 0.037 0.034 0.015 0.029 0.04 0.046 0.025 0.05 0.086 0.043 0.056 0.054 0.022 0.132 0.057 0.011 0.097 0.055
315 I 0.046 0.017 0.014 0.017 0.016 0.013 0.017 0.02 0.009 0.282 0.165 0.023 0.036 0.044 0.014 0.025 0.039 0.006 0.02 0.174
316 L 0.055 0.024 0.017 0.017 0.016 0.017 0.023 0.024 0.018 0.12 0.177 0.027 0.032 0.063 0.015 0.03 0.039 0.011 0.098 0.175
317 P 0.056 0.025 0.023 0.031 0.01 0.02 0.036 0.036 0.013 0.025 0.036 0.041 0.01 0.013 0.501 0.043 0.036 0.003 0.013 0.031
318 G 0.063 0.035 0.111 0.059 0.009 0.033 0.102 0.283 0.021 0.02 0.031 0.048 0.011 0.017 0.021 0.056 0.036 0.005 0.013 0.026
319 Q 0.068 0.064 0.046 0.047 0.011 0.178 0.089 0.047 0.026 0.027 0.045 0.081 0.019 0.016 0.025 0.099 0.051 0.006 0.02 0.036
320 L 0.077 0.022 0.016 0.018 0.017 0.016 0.021 0.028 0.01 0.168 0.262 0.027 0.04 0.046 0.016 0.032 0.037 0.006 0.021 0.121
