#Seq2Logo.py -f /work3/idamei/wzy_ssn/run/1e-50/run/150/MSAs/0008_52.afa -o /work3/idamei/wzy_ssn/run/1e-50/run/150/logos/0008_52.logo
#Position Specific Frequency Matrix
A R N D C Q E G H I L K M F P S T W Y V
0 L 0.047 0.028 0.019 0.019 0.015 0.023 0.025 0.027 0.016 0.09 0.174 0.031 0.136 0.135 0.015 0.033 0.036 0.01 0.04 0.082
1 L 0.041 0.026 0.093 0.033 0.013 0.018 0.026 0.033 0.017 0.12 0.173 0.03 0.03 0.128 0.015 0.036 0.036 0.008 0.036 0.087
2 I 0.039 0.02 0.015 0.016 0.012 0.013 0.019 0.024 0.012 0.147 0.146 0.022 0.029 0.137 0.012 0.024 0.031 0.132 0.049 0.1
3 L 0.04 0.024 0.017 0.016 0.013 0.016 0.022 0.023 0.021 0.083 0.237 0.025 0.035 0.158 0.013 0.026 0.03 0.015 0.115 0.072
4 F 0.044 0.023 0.023 0.022 0.013 0.015 0.024 0.029 0.015 0.065 0.128 0.026 0.026 0.269 0.015 0.041 0.084 0.013 0.063 0.062
5 F 0.033 0.019 0.017 0.017 0.01 0.01 0.019 0.025 0.017 0.063 0.113 0.019 0.025 0.395 0.01 0.025 0.025 0.017 0.088 0.054
6 L 0.061 0.025 0.02 0.02 0.017 0.018 0.025 0.028 0.011 0.119 0.253 0.029 0.039 0.043 0.017 0.054 0.045 0.006 0.021 0.149
7 P 0.048 0.022 0.018 0.021 0.013 0.016 0.025 0.028 0.013 0.074 0.143 0.028 0.026 0.152 0.175 0.032 0.033 0.009 0.041 0.084
8 L 0.062 0.027 0.028 0.027 0.015 0.02 0.03 0.037 0.015 0.069 0.179 0.032 0.03 0.157 0.018 0.093 0.046 0.01 0.042 0.063
9 I 0.093 0.024 0.024 0.025 0.017 0.019 0.027 0.037 0.012 0.199 0.126 0.032 0.03 0.036 0.019 0.074 0.049 0.006 0.019 0.133
10 F 0.043 0.022 0.018 0.017 0.012 0.015 0.023 0.025 0.025 0.076 0.101 0.024 0.024 0.235 0.013 0.028 0.031 0.018 0.154 0.096
11 L 0.055 0.024 0.022 0.021 0.014 0.017 0.022 0.186 0.011 0.082 0.265 0.028 0.036 0.041 0.016 0.033 0.032 0.006 0.018 0.071
12 C 0.057 0.019 0.015 0.016 0.333 0.013 0.017 0.028 0.009 0.067 0.171 0.022 0.027 0.031 0.015 0.035 0.035 0.005 0.015 0.069
13 L 0.053 0.022 0.015 0.016 0.017 0.016 0.021 0.022 0.009 0.152 0.27 0.025 0.041 0.046 0.015 0.027 0.039 0.006 0.021 0.167
14 L 0.042 0.023 0.015 0.015 0.015 0.015 0.02 0.022 0.011 0.104 0.33 0.024 0.044 0.122 0.013 0.024 0.031 0.009 0.035 0.087
15 A 0.198 0.035 0.04 0.039 0.019 0.029 0.046 0.071 0.017 0.036 0.049 0.049 0.016 0.021 0.029 0.162 0.066 0.005 0.017 0.054
16 C 0.054 0.02 0.015 0.016 0.252 0.014 0.018 0.027 0.009 0.079 0.223 0.023 0.033 0.037 0.015 0.032 0.035 0.006 0.017 0.076
17 L 0.17 0.027 0.02 0.022 0.019 0.021 0.03 0.049 0.012 0.079 0.22 0.035 0.033 0.038 0.022 0.054 0.041 0.006 0.02 0.082
18 N 0.051 0.034 0.126 0.042 0.012 0.026 0.036 0.039 0.071 0.073 0.072 0.038 0.02 0.047 0.018 0.045 0.042 0.01 0.085 0.114
19 P 0.052 0.041 0.168 0.056 0.01 0.029 0.044 0.05 0.022 0.028 0.038 0.064 0.012 0.017 0.182 0.062 0.071 0.004 0.015 0.034
20 L 0.04 0.029 0.119 0.038 0.012 0.02 0.029 0.037 0.019 0.066 0.176 0.032 0.028 0.156 0.015 0.039 0.036 0.009 0.042 0.059
21 K 0.057 0.108 0.042 0.042 0.009 0.054 0.071 0.043 0.021 0.028 0.043 0.275 0.016 0.016 0.028 0.054 0.04 0.005 0.017 0.033
22 N 0.043 0.045 0.314 0.083 0.009 0.034 0.05 0.065 0.032 0.023 0.032 0.054 0.011 0.018 0.02 0.07 0.05 0.005 0.016 0.027
23 K 0.057 0.108 0.042 0.042 0.009 0.054 0.071 0.043 0.021 0.028 0.043 0.275 0.016 0.016 0.028 0.054 0.04 0.005 0.017 0.033
24 N 0.043 0.045 0.314 0.083 0.009 0.034 0.05 0.065 0.032 0.023 0.032 0.054 0.011 0.018 0.02 0.07 0.05 0.005 0.016 0.027
25 K 0.057 0.108 0.042 0.042 0.009 0.054 0.071 0.043 0.021 0.028 0.043 0.275 0.016 0.016 0.028 0.054 0.04 0.005 0.017 0.033
26 N 0.043 0.045 0.314 0.083 0.009 0.034 0.05 0.065 0.032 0.023 0.032 0.054 0.011 0.018 0.02 0.07 0.05 0.005 0.016 0.027
27 K 0.057 0.108 0.042 0.042 0.009 0.054 0.071 0.043 0.021 0.028 0.043 0.275 0.016 0.016 0.028 0.054 0.04 0.005 0.017 0.033
28 N 0.043 0.045 0.314 0.083 0.009 0.034 0.05 0.065 0.032 0.023 0.032 0.054 0.011 0.018 0.02 0.07 0.05 0.005 0.016 0.027
29 K 0.057 0.108 0.042 0.042 0.009 0.054 0.071 0.043 0.021 0.028 0.043 0.275 0.016 0.016 0.028 0.054 0.04 0.005 0.017 0.033
30 N 0.043 0.045 0.314 0.083 0.009 0.034 0.05 0.065 0.032 0.023 0.032 0.054 0.011 0.018 0.02 0.07 0.05 0.005 0.016 0.027
31 K 0.057 0.108 0.042 0.042 0.009 0.054 0.071 0.043 0.021 0.028 0.043 0.275 0.016 0.016 0.028 0.054 0.04 0.005 0.017 0.033
32 N 0.043 0.045 0.314 0.083 0.009 0.034 0.05 0.065 0.032 0.023 0.032 0.054 0.011 0.018 0.02 0.07 0.05 0.005 0.016 0.027
33 K 0.057 0.108 0.042 0.042 0.009 0.054 0.071 0.043 0.021 0.028 0.043 0.275 0.016 0.016 0.028 0.054 0.04 0.005 0.017 0.033
34 N 0.043 0.045 0.314 0.083 0.009 0.034 0.05 0.065 0.032 0.023 0.032 0.054 0.011 0.018 0.02 0.07 0.05 0.005 0.016 0.027
35 K 0.057 0.108 0.042 0.042 0.009 0.054 0.071 0.043 0.021 0.028 0.043 0.275 0.016 0.016 0.028 0.054 0.04 0.005 0.017 0.033
36 N 0.043 0.045 0.314 0.083 0.009 0.034 0.05 0.065 0.032 0.023 0.032 0.054 0.011 0.018 0.02 0.07 0.05 0.005 0.016 0.027
37 K 0.057 0.108 0.042 0.042 0.009 0.054 0.071 0.043 0.021 0.028 0.043 0.275 0.016 0.016 0.028 0.054 0.04 0.005 0.017 0.033
38 N 0.043 0.045 0.314 0.083 0.009 0.034 0.05 0.065 0.032 0.023 0.032 0.054 0.011 0.018 0.02 0.07 0.05 0.005 0.016 0.027
39 K 0.056 0.106 0.041 0.041 0.009 0.053 0.07 0.043 0.021 0.027 0.043 0.285 0.015 0.015 0.027 0.053 0.039 0.005 0.017 0.033
40 D 0.055 0.059 0.109 0.172 0.009 0.038 0.07 0.051 0.022 0.025 0.035 0.128 0.012 0.016 0.024 0.079 0.045 0.004 0.015 0.03
41 K 0.054 0.074 0.136 0.054 0.009 0.042 0.057 0.113 0.023 0.024 0.037 0.176 0.013 0.016 0.024 0.058 0.041 0.005 0.016 0.029
42 N 0.047 0.063 0.197 0.111 0.009 0.039 0.061 0.055 0.026 0.024 0.034 0.13 0.012 0.017 0.023 0.061 0.044 0.005 0.015 0.028
43 L 0.043 0.023 0.017 0.017 0.014 0.017 0.022 0.022 0.022 0.146 0.206 0.026 0.035 0.076 0.015 0.026 0.033 0.013 0.123 0.105
44 T 0.062 0.038 0.137 0.052 0.015 0.029 0.042 0.05 0.019 0.042 0.053 0.048 0.017 0.021 0.025 0.084 0.188 0.005 0.017 0.056
45 L 0.077 0.033 0.13 0.117 0.013 0.026 0.046 0.048 0.019 0.055 0.152 0.041 0.024 0.03 0.02 0.052 0.041 0.005 0.017 0.054
46 F 0.061 0.025 0.025 0.024 0.014 0.018 0.028 0.033 0.018 0.087 0.098 0.03 0.024 0.165 0.017 0.069 0.044 0.012 0.083 0.125
47 V 0.051 0.023 0.017 0.017 0.015 0.017 0.023 0.023 0.021 0.14 0.15 0.027 0.03 0.071 0.015 0.029 0.038 0.013 0.123 0.156
48 L 0.043 0.025 0.017 0.017 0.014 0.018 0.022 0.025 0.014 0.092 0.23 0.026 0.082 0.166 0.013 0.028 0.033 0.011 0.044 0.08
49 F 0.134 0.024 0.019 0.021 0.017 0.017 0.027 0.042 0.013 0.089 0.1 0.029 0.024 0.151 0.019 0.047 0.041 0.009 0.042 0.134
50 L 0.04 0.023 0.016 0.017 0.013 0.016 0.021 0.024 0.014 0.087 0.219 0.024 0.062 0.212 0.013 0.027 0.031 0.012 0.053 0.075
51 L 0.046 0.02 0.014 0.017 0.016 0.014 0.018 0.021 0.009 0.225 0.238 0.024 0.04 0.047 0.014 0.024 0.037 0.006 0.021 0.148
52 F 0.07 0.027 0.029 0.027 0.016 0.02 0.031 0.038 0.015 0.085 0.094 0.033 0.024 0.15 0.019 0.096 0.052 0.009 0.042 0.125
53 L 0.052 0.023 0.015 0.016 0.017 0.016 0.021 0.022 0.009 0.13 0.299 0.025 0.043 0.048 0.015 0.027 0.038 0.006 0.021 0.156
54 L 0.04 0.022 0.015 0.016 0.014 0.014 0.02 0.022 0.012 0.097 0.294 0.023 0.041 0.168 0.013 0.024 0.03 0.01 0.044 0.081
55 L 0.046 0.027 0.016 0.017 0.016 0.02 0.023 0.023 0.012 0.109 0.321 0.029 0.09 0.052 0.015 0.028 0.035 0.007 0.023 0.094
56 F 0.066 0.026 0.028 0.027 0.015 0.019 0.03 0.037 0.015 0.108 0.102 0.032 0.025 0.152 0.018 0.094 0.05 0.009 0.042 0.104
57 L 0.04 0.022 0.015 0.016 0.014 0.014 0.02 0.022 0.012 0.097 0.294 0.023 0.041 0.168 0.013 0.024 0.03 0.01 0.044 0.081
58 L 0.042 0.023 0.016 0.017 0.014 0.016 0.021 0.024 0.013 0.116 0.226 0.025 0.064 0.165 0.013 0.027 0.032 0.01 0.044 0.091
59 A 0.236 0.034 0.035 0.036 0.02 0.028 0.044 0.073 0.016 0.038 0.053 0.047 0.017 0.021 0.029 0.133 0.06 0.005 0.017 0.059
60 G 0.151 0.025 0.034 0.032 0.014 0.021 0.03 0.37 0.014 0.027 0.038 0.037 0.012 0.018 0.022 0.062 0.036 0.005 0.013 0.039
61 L 0.04 0.022 0.015 0.016 0.014 0.014 0.02 0.022 0.012 0.097 0.294 0.023 0.041 0.168 0.013 0.024 0.03 0.01 0.044 0.081
62 R 0.044 0.354 0.038 0.031 0.008 0.048 0.052 0.032 0.023 0.023 0.046 0.119 0.015 0.017 0.019 0.044 0.034 0.006 0.017 0.031
63 L 0.071 0.029 0.028 0.027 0.017 0.022 0.031 0.037 0.013 0.106 0.191 0.035 0.042 0.038 0.02 0.095 0.053 0.006 0.02 0.119
64 G 0.063 0.029 0.127 0.044 0.013 0.023 0.032 0.202 0.017 0.068 0.062 0.037 0.017 0.023 0.018 0.051 0.042 0.005 0.015 0.11
65 D 0.04 0.029 0.068 0.406 0.007 0.029 0.09 0.046 0.018 0.022 0.028 0.044 0.009 0.015 0.022 0.051 0.035 0.004 0.011 0.024
66 A 0.236 0.034 0.035 0.036 0.02 0.028 0.044 0.073 0.016 0.038 0.053 0.047 0.017 0.021 0.029 0.133 0.06 0.005 0.017 0.059
67 D 0.04 0.029 0.068 0.406 0.007 0.029 0.09 0.046 0.018 0.022 0.028 0.044 0.009 0.015 0.022 0.051 0.035 0.004 0.011 0.024
68 Y 0.04 0.028 0.021 0.018 0.009 0.021 0.028 0.025 0.046 0.043 0.068 0.031 0.018 0.129 0.015 0.031 0.028 0.028 0.327 0.046
69 L 0.13 0.025 0.018 0.02 0.018 0.019 0.026 0.04 0.011 0.112 0.246 0.031 0.037 0.042 0.019 0.044 0.039 0.006 0.02 0.096
70 E 0.059 0.04 0.032 0.065 0.011 0.048 0.212 0.031 0.02 0.069 0.067 0.058 0.019 0.023 0.022 0.047 0.04 0.005 0.018 0.114
71 Y 0.04 0.028 0.021 0.018 0.009 0.021 0.028 0.025 0.046 0.043 0.068 0.031 0.018 0.129 0.015 0.031 0.028 0.028 0.327 0.046
72 K 0.135 0.068 0.093 0.045 0.013 0.04 0.056 0.058 0.021 0.031 0.046 0.16 0.015 0.018 0.026 0.066 0.044 0.005 0.017 0.043
73 K 0.051 0.08 0.05 0.163 0.008 0.045 0.077 0.044 0.02 0.026 0.038 0.207 0.013 0.015 0.026 0.052 0.038 0.005 0.015 0.03
74 I 0.048 0.022 0.016 0.018 0.016 0.018 0.021 0.023 0.011 0.22 0.175 0.027 0.082 0.045 0.015 0.028 0.039 0.007 0.021 0.147
75 F 0.036 0.022 0.018 0.017 0.01 0.014 0.022 0.025 0.026 0.056 0.098 0.023 0.023 0.307 0.012 0.027 0.026 0.02 0.167 0.052
76 N 0.042 0.039 0.24 0.19 0.008 0.032 0.063 0.058 0.027 0.022 0.03 0.05 0.01 0.017 0.021 0.063 0.044 0.004 0.014 0.026
77 E 0.051 0.041 0.031 0.064 0.01 0.048 0.211 0.03 0.02 0.052 0.152 0.058 0.025 0.029 0.022 0.044 0.035 0.006 0.018 0.052
78 V 0.062 0.025 0.025 0.024 0.017 0.019 0.026 0.029 0.01 0.165 0.119 0.031 0.029 0.034 0.019 0.05 0.115 0.006 0.019 0.174
79 P 0.056 0.025 0.023 0.031 0.01 0.02 0.036 0.036 0.013 0.025 0.036 0.041 0.01 0.013 0.5 0.043 0.036 0.003 0.013 0.031
80 E 0.059 0.036 0.033 0.048 0.011 0.037 0.124 0.035 0.029 0.065 0.065 0.049 0.018 0.058 0.021 0.078 0.043 0.013 0.121 0.057
81 L 0.045 0.022 0.014 0.016 0.016 0.015 0.019 0.021 0.01 0.17 0.311 0.024 0.045 0.05 0.014 0.024 0.035 0.007 0.021 0.121
82 N 0.045 0.037 0.224 0.06 0.073 0.028 0.04 0.052 0.031 0.029 0.043 0.044 0.013 0.04 0.019 0.057 0.043 0.009 0.077 0.034
83 N 0.052 0.039 0.197 0.11 0.012 0.031 0.051 0.055 0.024 0.032 0.042 0.049 0.014 0.019 0.023 0.074 0.116 0.005 0.016 0.041
84 F 0.033 0.019 0.017 0.017 0.01 0.01 0.019 0.025 0.017 0.063 0.113 0.019 0.025 0.395 0.01 0.025 0.025 0.017 0.088 0.054
85 L 0.08 0.033 0.038 0.035 0.017 0.026 0.039 0.046 0.015 0.062 0.16 0.042 0.027 0.032 0.024 0.134 0.1 0.006 0.019 0.065
86 L 0.043 0.025 0.017 0.016 0.014 0.018 0.022 0.022 0.022 0.09 0.279 0.027 0.039 0.079 0.014 0.026 0.031 0.014 0.124 0.079
87 S 0.113 0.031 0.037 0.035 0.017 0.025 0.039 0.052 0.015 0.115 0.085 0.042 0.023 0.028 0.024 0.142 0.063 0.005 0.018 0.089
88 S 0.135 0.036 0.044 0.041 0.018 0.029 0.045 0.06 0.016 0.04 0.052 0.049 0.017 0.022 0.029 0.155 0.133 0.005 0.017 0.056
89 A 0.139 0.028 0.028 0.028 0.018 0.022 0.032 0.047 0.012 0.125 0.096 0.037 0.024 0.029 0.024 0.067 0.115 0.006 0.018 0.104
90 K 0.06 0.115 0.041 0.038 0.011 0.044 0.057 0.041 0.018 0.035 0.05 0.184 0.017 0.018 0.026 0.064 0.111 0.005 0.017 0.045
91 D 0.046 0.055 0.059 0.284 0.008 0.037 0.083 0.045 0.019 0.024 0.033 0.125 0.011 0.015 0.024 0.052 0.036 0.004 0.013 0.027
92 I 0.054 0.019 0.015 0.017 0.017 0.014 0.019 0.022 0.008 0.241 0.153 0.024 0.035 0.041 0.015 0.027 0.042 0.006 0.02 0.209
93 H 0.041 0.045 0.053 0.038 0.007 0.038 0.053 0.038 0.364 0.023 0.038 0.045 0.015 0.03 0.019 0.041 0.026 0.007 0.057 0.023
94 G 0.077 0.023 0.039 0.033 0.011 0.019 0.025 0.517 0.013 0.019 0.028 0.033 0.009 0.016 0.019 0.051 0.029 0.005 0.011 0.024
95 E 0.054 0.049 0.04 0.089 0.007 0.064 0.306 0.035 0.025 0.022 0.036 0.074 0.013 0.016 0.025 0.054 0.036 0.005 0.016 0.031
96 I 0.057 0.019 0.015 0.018 0.017 0.015 0.02 0.022 0.008 0.226 0.148 0.024 0.034 0.04 0.015 0.028 0.044 0.006 0.02 0.223
97 G 0.077 0.023 0.039 0.033 0.011 0.019 0.025 0.517 0.013 0.019 0.028 0.033 0.009 0.016 0.019 0.051 0.029 0.005 0.011 0.024
98 Y 0.038 0.025 0.02 0.018 0.01 0.018 0.025 0.025 0.036 0.05 0.083 0.027 0.021 0.218 0.014 0.029 0.027 0.024 0.247 0.049
99 L 0.044 0.024 0.014 0.015 0.016 0.016 0.02 0.021 0.01 0.114 0.384 0.025 0.049 0.054 0.014 0.024 0.033 0.007 0.022 0.095
100 F 0.033 0.019 0.017 0.017 0.01 0.01 0.019 0.025 0.017 0.063 0.113 0.019 0.025 0.395 0.01 0.025 0.025 0.017 0.088 0.054
101 L 0.041 0.02 0.015 0.016 0.014 0.013 0.019 0.022 0.012 0.152 0.221 0.022 0.037 0.164 0.013 0.025 0.032 0.01 0.043 0.108
102 G 0.076 0.035 0.139 0.054 0.012 0.028 0.042 0.216 0.021 0.023 0.033 0.047 0.012 0.018 0.023 0.117 0.053 0.005 0.014 0.031
103 S 0.108 0.04 0.053 0.048 0.017 0.033 0.052 0.065 0.019 0.029 0.041 0.053 0.015 0.021 0.029 0.231 0.081 0.005 0.017 0.041
104 I 0.052 0.024 0.024 0.024 0.015 0.017 0.025 0.029 0.012 0.161 0.121 0.03 0.028 0.107 0.018 0.047 0.109 0.008 0.033 0.116
105 F 0.045 0.02 0.017 0.017 0.013 0.012 0.02 0.025 0.014 0.096 0.118 0.021 0.027 0.275 0.012 0.028 0.033 0.013 0.065 0.129
106 K 0.056 0.106 0.041 0.041 0.008 0.053 0.07 0.043 0.02 0.027 0.043 0.288 0.015 0.015 0.027 0.053 0.039 0.005 0.017 0.032
107 T 0.073 0.034 0.039 0.035 0.015 0.027 0.039 0.044 0.026 0.042 0.058 0.043 0.018 0.058 0.024 0.118 0.122 0.013 0.121 0.052
108 L 0.043 0.021 0.015 0.016 0.015 0.014 0.019 0.022 0.011 0.159 0.257 0.023 0.04 0.119 0.013 0.024 0.033 0.009 0.035 0.113
109 G 0.068 0.023 0.041 0.105 0.074 0.02 0.037 0.358 0.014 0.023 0.033 0.034 0.01 0.016 0.019 0.049 0.031 0.005 0.011 0.028
110 L 0.04 0.022 0.015 0.016 0.014 0.014 0.02 0.022 0.012 0.097 0.294 0.023 0.041 0.168 0.013 0.024 0.03 0.01 0.044 0.081
111 G 0.063 0.032 0.034 0.051 0.009 0.034 0.122 0.196 0.017 0.022 0.033 0.049 0.011 0.015 0.182 0.049 0.034 0.004 0.013 0.028
112 F 0.033 0.019 0.017 0.017 0.01 0.01 0.019 0.025 0.017 0.063 0.113 0.019 0.025 0.395 0.01 0.025 0.025 0.017 0.088 0.054
113 E 0.061 0.052 0.042 0.057 0.011 0.105 0.149 0.039 0.023 0.033 0.049 0.07 0.017 0.018 0.025 0.067 0.111 0.006 0.018 0.045
114 S 0.088 0.033 0.041 0.038 0.016 0.026 0.041 0.052 0.017 0.054 0.067 0.043 0.019 0.098 0.024 0.163 0.065 0.007 0.032 0.076
115 F 0.045 0.02 0.017 0.017 0.013 0.012 0.02 0.025 0.014 0.096 0.118 0.021 0.027 0.275 0.012 0.028 0.033 0.013 0.065 0.129
116 L 0.053 0.021 0.015 0.017 0.017 0.015 0.02 0.022 0.009 0.186 0.226 0.025 0.039 0.044 0.015 0.027 0.04 0.006 0.021 0.183
117 F 0.033 0.019 0.017 0.017 0.01 0.01 0.019 0.025 0.017 0.063 0.113 0.019 0.025 0.395 0.01 0.025 0.025 0.017 0.088 0.054
118 F 0.036 0.02 0.016 0.016 0.012 0.012 0.019 0.024 0.015 0.075 0.181 0.02 0.031 0.31 0.011 0.025 0.027 0.014 0.071 0.064
119 I 0.048 0.017 0.015 0.017 0.133 0.012 0.017 0.024 0.01 0.168 0.127 0.021 0.028 0.126 0.014 0.029 0.035 0.008 0.035 0.115
120 A 0.234 0.028 0.023 0.026 0.019 0.022 0.035 0.064 0.015 0.048 0.072 0.038 0.019 0.115 0.025 0.069 0.043 0.008 0.035 0.064
121 L 0.05 0.024 0.021 0.021 0.014 0.017 0.024 0.029 0.014 0.083 0.238 0.027 0.036 0.169 0.015 0.055 0.037 0.01 0.044 0.073
122 L 0.047 0.022 0.015 0.016 0.015 0.015 0.02 0.023 0.011 0.113 0.253 0.024 0.038 0.135 0.014 0.026 0.035 0.009 0.038 0.131
123 S 0.09 0.034 0.044 0.04 0.016 0.027 0.043 0.055 0.018 0.038 0.059 0.045 0.018 0.114 0.025 0.18 0.067 0.008 0.035 0.045
124 L 0.054 0.021 0.016 0.017 0.016 0.015 0.021 0.024 0.011 0.125 0.188 0.024 0.034 0.13 0.014 0.028 0.039 0.009 0.038 0.177
125 L 0.059 0.026 0.025 0.025 0.015 0.02 0.028 0.034 0.014 0.12 0.147 0.032 0.05 0.128 0.017 0.078 0.045 0.009 0.037 0.091
126 L 0.041 0.023 0.015 0.015 0.015 0.015 0.02 0.022 0.012 0.101 0.317 0.023 0.043 0.139 0.013 0.024 0.031 0.009 0.038 0.085
127 T 0.065 0.027 0.029 0.027 0.017 0.021 0.03 0.033 0.011 0.137 0.106 0.035 0.027 0.031 0.021 0.06 0.151 0.006 0.019 0.148
128 F 0.052 0.021 0.018 0.017 0.132 0.015 0.021 0.026 0.02 0.078 0.093 0.024 0.023 0.145 0.015 0.032 0.034 0.013 0.112 0.109
129 F 0.039 0.02 0.015 0.016 0.013 0.012 0.019 0.023 0.013 0.13 0.194 0.021 0.034 0.222 0.012 0.025 0.031 0.012 0.054 0.094
130 S 0.09 0.034 0.044 0.04 0.016 0.027 0.043 0.055 0.018 0.038 0.059 0.045 0.018 0.114 0.025 0.18 0.067 0.008 0.035 0.045
131 L 0.122 0.028 0.027 0.027 0.016 0.021 0.033 0.047 0.015 0.062 0.149 0.035 0.027 0.123 0.021 0.091 0.047 0.009 0.036 0.065
132 K 0.049 0.109 0.035 0.034 0.009 0.042 0.055 0.037 0.02 0.036 0.06 0.204 0.018 0.111 0.022 0.045 0.035 0.008 0.035 0.038
133 K 0.056 0.106 0.041 0.041 0.008 0.053 0.07 0.043 0.02 0.027 0.043 0.289 0.015 0.015 0.027 0.053 0.039 0.005 0.017 0.032
134 L 0.086 0.045 0.022 0.024 0.015 0.026 0.035 0.035 0.013 0.098 0.228 0.094 0.034 0.038 0.02 0.04 0.038 0.006 0.02 0.083
135 S 0.108 0.04 0.053 0.048 0.017 0.033 0.052 0.065 0.019 0.029 0.041 0.053 0.015 0.021 0.029 0.231 0.081 0.005 0.017 0.041
136 L 0.046 0.024 0.018 0.02 0.013 0.018 0.025 0.025 0.019 0.099 0.185 0.03 0.03 0.061 0.136 0.031 0.033 0.011 0.096 0.078
137 I 0.109 0.027 0.095 0.037 0.016 0.021 0.031 0.045 0.016 0.157 0.105 0.036 0.025 0.032 0.02 0.05 0.044 0.005 0.018 0.111
138 P 0.056 0.025 0.023 0.031 0.01 0.02 0.036 0.036 0.013 0.025 0.036 0.041 0.01 0.013 0.501 0.043 0.036 0.003 0.013 0.031
139 I 0.058 0.023 0.022 0.022 0.017 0.017 0.024 0.027 0.01 0.195 0.131 0.029 0.031 0.036 0.018 0.043 0.096 0.006 0.02 0.174
140 L 0.044 0.022 0.014 0.016 0.016 0.015 0.019 0.021 0.01 0.156 0.33 0.025 0.046 0.051 0.014 0.024 0.034 0.007 0.022 0.115
141 S 0.156 0.037 0.046 0.043 0.018 0.031 0.049 0.068 0.018 0.033 0.046 0.051 0.016 0.021 0.029 0.195 0.073 0.005 0.017 0.048
142 L 0.044 0.022 0.014 0.016 0.016 0.015 0.019 0.021 0.01 0.156 0.33 0.025 0.046 0.051 0.014 0.024 0.034 0.007 0.022 0.115
143 V 0.057 0.021 0.015 0.017 0.017 0.015 0.021 0.022 0.009 0.18 0.202 0.025 0.037 0.042 0.015 0.028 0.042 0.006 0.021 0.207
144 F 0.036 0.02 0.016 0.016 0.012 0.012 0.019 0.024 0.015 0.075 0.181 0.02 0.031 0.31 0.011 0.025 0.027 0.014 0.071 0.064
145 Y 0.038 0.025 0.02 0.018 0.009 0.019 0.025 0.025 0.039 0.048 0.079 0.028 0.02 0.196 0.014 0.029 0.027 0.025 0.268 0.048
146 L 0.039 0.021 0.015 0.016 0.013 0.013 0.019 0.023 0.013 0.088 0.249 0.022 0.037 0.225 0.012 0.024 0.029 0.012 0.055 0.074
147 S 0.108 0.04 0.053 0.048 0.017 0.033 0.052 0.065 0.019 0.029 0.041 0.053 0.015 0.021 0.029 0.231 0.081 0.005 0.017 0.041
148 H 0.041 0.045 0.053 0.038 0.007 0.038 0.053 0.038 0.365 0.023 0.038 0.045 0.015 0.03 0.019 0.041 0.026 0.007 0.056 0.023
149 G 0.12 0.023 0.024 0.024 0.015 0.018 0.027 0.161 0.013 0.071 0.082 0.03 0.021 0.117 0.019 0.048 0.038 0.008 0.034 0.106
150 F 0.033 0.019 0.017 0.017 0.01 0.01 0.019 0.025 0.017 0.062 0.113 0.019 0.025 0.396 0.01 0.025 0.025 0.017 0.087 0.054
151 I 0.046 0.019 0.014 0.017 0.016 0.014 0.018 0.02 0.009 0.24 0.22 0.024 0.039 0.046 0.014 0.024 0.038 0.006 0.021 0.154
152 L 0.056 0.023 0.015 0.016 0.017 0.016 0.021 0.023 0.009 0.138 0.257 0.025 0.04 0.045 0.015 0.028 0.041 0.006 0.021 0.187
153 R 0.06 0.276 0.042 0.035 0.01 0.044 0.052 0.041 0.022 0.025 0.045 0.102 0.015 0.018 0.022 0.091 0.046 0.006 0.017 0.033
154 D 0.047 0.039 0.054 0.248 0.007 0.047 0.198 0.04 0.022 0.022 0.032 0.059 0.011 0.016 0.024 0.053 0.036 0.005 0.014 0.027
155 L 0.049 0.029 0.018 0.018 0.016 0.024 0.025 0.025 0.014 0.104 0.261 0.032 0.13 0.05 0.015 0.031 0.037 0.008 0.023 0.092
156 I 0.062 0.023 0.024 0.025 0.016 0.018 0.026 0.032 0.011 0.219 0.134 0.031 0.031 0.038 0.018 0.076 0.05 0.006 0.02 0.141
157 Q 0.055 0.072 0.043 0.046 0.009 0.226 0.101 0.041 0.029 0.026 0.046 0.09 0.02 0.014 0.023 0.055 0.041 0.006 0.02 0.035
158 I 0.046 0.017 0.014 0.017 0.016 0.013 0.017 0.02 0.009 0.282 0.165 0.023 0.036 0.044 0.014 0.025 0.039 0.006 0.02 0.174
159 R 0.044 0.355 0.038 0.031 0.008 0.048 0.052 0.032 0.023 0.023 0.046 0.118 0.015 0.017 0.019 0.044 0.034 0.006 0.017 0.031
160 A 0.239 0.035 0.029 0.044 0.018 0.035 0.107 0.066 0.017 0.037 0.053 0.051 0.016 0.02 0.028 0.076 0.046 0.005 0.017 0.059
161 G 0.133 0.025 0.035 0.032 0.013 0.02 0.029 0.407 0.014 0.025 0.036 0.036 0.011 0.017 0.021 0.059 0.034 0.005 0.012 0.035
162 L 0.044 0.024 0.014 0.015 0.016 0.016 0.02 0.021 0.01 0.114 0.385 0.025 0.049 0.054 0.014 0.024 0.033 0.007 0.022 0.095
163 A 0.253 0.033 0.032 0.034 0.02 0.027 0.043 0.074 0.016 0.039 0.054 0.046 0.017 0.021 0.029 0.121 0.057 0.005 0.017 0.061
164 V 0.063 0.021 0.016 0.018 0.018 0.015 0.022 0.023 0.008 0.192 0.138 0.025 0.032 0.037 0.016 0.03 0.046 0.006 0.02 0.253
165 S 0.156 0.037 0.046 0.043 0.018 0.031 0.049 0.068 0.018 0.033 0.046 0.051 0.016 0.021 0.029 0.195 0.073 0.005 0.017 0.048
166 I 0.047 0.02 0.015 0.018 0.016 0.015 0.019 0.021 0.01 0.254 0.17 0.025 0.057 0.044 0.015 0.026 0.039 0.006 0.021 0.162
167 V 0.083 0.03 0.034 0.033 0.017 0.024 0.036 0.044 0.014 0.126 0.094 0.039 0.025 0.03 0.022 0.13 0.062 0.005 0.019 0.134
168 L 0.044 0.022 0.014 0.016 0.016 0.015 0.019 0.021 0.01 0.156 0.33 0.025 0.046 0.051 0.014 0.024 0.034 0.007 0.022 0.115
169 F 0.037 0.023 0.019 0.018 0.01 0.016 0.023 0.025 0.031 0.053 0.09 0.025 0.022 0.262 0.013 0.028 0.026 0.022 0.208 0.05
170 S 0.103 0.039 0.052 0.046 0.017 0.032 0.05 0.062 0.018 0.033 0.045 0.052 0.016 0.021 0.029 0.21 0.107 0.005 0.017 0.046
171 I 0.043 0.018 0.015 0.017 0.015 0.012 0.018 0.021 0.011 0.227 0.152 0.022 0.033 0.132 0.013 0.025 0.036 0.009 0.037 0.144
172 I 0.129 0.027 0.027 0.028 0.018 0.022 0.032 0.046 0.013 0.141 0.102 0.036 0.026 0.031 0.022 0.092 0.054 0.005 0.019 0.13
173 K 0.052 0.053 0.03 0.029 0.012 0.031 0.041 0.033 0.023 0.099 0.083 0.121 0.022 0.052 0.021 0.046 0.069 0.011 0.096 0.077
174 F 0.061 0.025 0.026 0.025 0.132 0.018 0.028 0.037 0.019 0.047 0.076 0.029 0.019 0.168 0.017 0.081 0.042 0.012 0.087 0.05
175 K 0.054 0.083 0.034 0.035 0.01 0.043 0.057 0.037 0.017 0.091 0.073 0.222 0.021 0.022 0.024 0.046 0.039 0.005 0.018 0.068
176 G 0.077 0.06 0.043 0.04 0.011 0.036 0.05 0.214 0.018 0.025 0.037 0.14 0.013 0.017 0.025 0.097 0.046 0.005 0.015 0.032
177 N 0.052 0.054 0.178 0.056 0.011 0.034 0.048 0.049 0.023 0.058 0.058 0.105 0.017 0.021 0.021 0.056 0.046 0.005 0.017 0.091
178 K 0.052 0.104 0.034 0.032 0.01 0.036 0.047 0.038 0.018 0.034 0.051 0.136 0.016 0.029 0.021 0.053 0.089 0.129 0.03 0.041
179 S 0.069 0.058 0.091 0.049 0.011 0.039 0.056 0.053 0.108 0.026 0.039 0.11 0.015 0.021 0.025 0.115 0.052 0.006 0.027 0.032
180 I 0.049 0.102 0.021 0.021 0.014 0.022 0.027 0.024 0.012 0.199 0.13 0.047 0.03 0.036 0.016 0.031 0.039 0.006 0.02 0.154
181 I 0.049 0.019 0.015 0.017 0.015 0.013 0.019 0.022 0.011 0.197 0.143 0.023 0.032 0.13 0.014 0.027 0.038 0.008 0.037 0.171
182 L 0.076 0.029 0.028 0.026 0.018 0.022 0.03 0.034 0.011 0.095 0.16 0.035 0.03 0.034 0.021 0.059 0.139 0.006 0.019 0.128
183 G 0.055 0.021 0.028 0.025 0.011 0.015 0.022 0.271 0.015 0.041 0.07 0.026 0.017 0.206 0.015 0.038 0.027 0.011 0.049 0.039
184 I 0.054 0.019 0.015 0.017 0.017 0.014 0.019 0.022 0.008 0.24 0.152 0.024 0.034 0.041 0.015 0.027 0.043 0.006 0.02 0.211
185 L 0.044 0.024 0.014 0.015 0.016 0.016 0.02 0.021 0.01 0.114 0.385 0.025 0.049 0.054 0.014 0.024 0.033 0.007 0.022 0.095
186 F 0.038 0.019 0.016 0.017 0.013 0.012 0.019 0.023 0.014 0.125 0.167 0.021 0.031 0.257 0.012 0.025 0.03 0.012 0.061 0.09
187 A 0.253 0.033 0.032 0.034 0.02 0.027 0.043 0.074 0.016 0.039 0.054 0.046 0.017 0.021 0.029 0.121 0.057 0.005 0.017 0.061
188 S 0.147 0.036 0.044 0.041 0.018 0.029 0.045 0.063 0.017 0.038 0.051 0.049 0.017 0.021 0.029 0.159 0.117 0.005 0.017 0.055
189 L 0.044 0.024 0.014 0.015 0.016 0.016 0.02 0.021 0.01 0.114 0.385 0.025 0.049 0.054 0.014 0.024 0.033 0.007 0.022 0.095
190 F 0.04 0.018 0.016 0.017 0.013 0.012 0.018 0.023 0.013 0.172 0.139 0.021 0.031 0.22 0.012 0.025 0.032 0.011 0.054 0.114
191 H 0.041 0.045 0.053 0.038 0.007 0.038 0.053 0.038 0.365 0.023 0.038 0.045 0.015 0.03 0.019 0.041 0.026 0.007 0.056 0.023
192 S 0.095 0.056 0.05 0.046 0.015 0.038 0.056 0.06 0.019 0.029 0.042 0.112 0.015 0.019 0.029 0.187 0.07 0.005 0.017 0.039
193 G 0.133 0.025 0.035 0.032 0.013 0.02 0.029 0.407 0.014 0.025 0.036 0.036 0.011 0.017 0.021 0.059 0.034 0.005 0.012 0.035
194 A 0.253 0.033 0.032 0.034 0.02 0.027 0.043 0.074 0.016 0.039 0.054 0.046 0.017 0.021 0.029 0.121 0.057 0.005 0.017 0.061
195 L 0.045 0.021 0.014 0.016 0.016 0.015 0.019 0.021 0.009 0.181 0.297 0.024 0.044 0.05 0.014 0.024 0.035 0.007 0.021 0.127
196 I 0.046 0.017 0.014 0.017 0.016 0.013 0.017 0.02 0.009 0.282 0.165 0.023 0.036 0.044 0.014 0.025 0.039 0.006 0.02 0.174
197 I 0.046 0.019 0.014 0.017 0.016 0.014 0.018 0.02 0.009 0.24 0.22 0.024 0.039 0.046 0.014 0.024 0.038 0.006 0.021 0.154
198 A 0.173 0.026 0.02 0.023 0.019 0.02 0.029 0.049 0.012 0.12 0.167 0.034 0.03 0.035 0.022 0.054 0.043 0.006 0.019 0.101
199 P 0.05 0.024 0.019 0.023 0.013 0.018 0.027 0.028 0.011 0.095 0.177 0.033 0.028 0.032 0.258 0.034 0.035 0.005 0.017 0.075
200 C 0.049 0.017 0.016 0.016 0.251 0.011 0.017 0.029 0.012 0.053 0.088 0.019 0.021 0.208 0.013 0.033 0.031 0.01 0.05 0.055
201 Y 0.042 0.025 0.02 0.018 0.011 0.019 0.025 0.023 0.037 0.103 0.092 0.029 0.023 0.108 0.015 0.029 0.03 0.022 0.251 0.078
202 P 0.047 0.023 0.019 0.023 0.012 0.017 0.027 0.029 0.013 0.057 0.142 0.031 0.024 0.119 0.257 0.034 0.032 0.007 0.034 0.053
203 L 0.039 0.021 0.015 0.016 0.013 0.013 0.019 0.023 0.013 0.088 0.249 0.022 0.037 0.225 0.012 0.024 0.029 0.012 0.055 0.074
204 F 0.04 0.022 0.017 0.017 0.012 0.015 0.021 0.023 0.021 0.103 0.177 0.024 0.031 0.191 0.013 0.026 0.03 0.015 0.121 0.08
205 R 0.048 0.19 0.111 0.047 0.008 0.046 0.057 0.044 0.024 0.024 0.041 0.162 0.014 0.017 0.022 0.053 0.04 0.005 0.017 0.03
206 K 0.053 0.168 0.04 0.038 0.008 0.051 0.065 0.04 0.021 0.026 0.043 0.246 0.015 0.016 0.025 0.051 0.038 0.005 0.017 0.032
207 K 0.058 0.125 0.041 0.038 0.011 0.046 0.059 0.041 0.019 0.033 0.048 0.202 0.016 0.018 0.026 0.061 0.093 0.005 0.017 0.041
208 Y 0.051 0.046 0.025 0.024 0.011 0.028 0.037 0.029 0.03 0.069 0.076 0.094 0.021 0.077 0.019 0.037 0.036 0.016 0.173 0.101
209 I 0.043 0.019 0.015 0.017 0.015 0.013 0.018 0.022 0.011 0.202 0.185 0.022 0.035 0.133 0.013 0.025 0.035 0.009 0.037 0.132
210 R 0.066 0.133 0.043 0.038 0.013 0.04 0.052 0.044 0.018 0.035 0.051 0.125 0.017 0.019 0.025 0.091 0.121 0.006 0.017 0.046
211 L 0.042 0.023 0.014 0.015 0.014 0.016 0.021 0.023 0.011 0.095 0.289 0.024 0.04 0.054 0.012 0.024 0.031 0.13 0.033 0.088
212 K 0.052 0.099 0.048 0.132 0.008 0.047 0.074 0.043 0.02 0.026 0.039 0.219 0.014 0.015 0.026 0.052 0.038 0.005 0.016 0.03
213 V 0.055 0.037 0.021 0.022 0.016 0.025 0.03 0.027 0.013 0.15 0.148 0.068 0.08 0.039 0.017 0.035 0.042 0.006 0.021 0.15
214 I 0.045 0.023 0.017 0.018 0.015 0.018 0.021 0.024 0.013 0.163 0.162 0.026 0.081 0.133 0.014 0.029 0.036 0.009 0.038 0.115
215 L 0.04 0.022 0.015 0.016 0.014 0.014 0.019 0.023 0.013 0.093 0.276 0.022 0.039 0.191 0.013 0.024 0.03 0.011 0.048 0.079
216 L 0.05 0.023 0.021 0.021 0.014 0.016 0.024 0.029 0.013 0.125 0.183 0.027 0.032 0.166 0.015 0.056 0.039 0.01 0.044 0.092
217 L 0.042 0.021 0.015 0.016 0.015 0.014 0.019 0.022 0.011 0.143 0.262 0.023 0.04 0.137 0.013 0.024 0.033 0.009 0.038 0.104
218 F 0.037 0.018 0.016 0.017 0.012 0.011 0.018 0.024 0.015 0.117 0.126 0.02 0.028 0.308 0.011 0.025 0.029 0.014 0.071 0.084
219 L 0.052 0.024 0.02 0.02 0.015 0.017 0.021 0.145 0.011 0.09 0.296 0.027 0.039 0.044 0.015 0.031 0.032 0.007 0.019 0.077
220 V 0.063 0.021 0.016 0.018 0.018 0.015 0.022 0.023 0.008 0.192 0.138 0.025 0.032 0.037 0.016 0.03 0.046 0.006 0.02 0.253
221 A 0.185 0.036 0.042 0.041 0.019 0.03 0.047 0.07 0.017 0.035 0.048 0.05 0.016 0.021 0.029 0.172 0.068 0.005 0.017 0.052
222 L 0.046 0.023 0.016 0.017 0.015 0.017 0.022 0.022 0.018 0.143 0.225 0.026 0.036 0.068 0.015 0.027 0.035 0.012 0.098 0.121
223 I 0.046 0.019 0.014 0.017 0.016 0.014 0.018 0.02 0.009 0.24 0.22 0.024 0.039 0.046 0.014 0.024 0.038 0.006 0.021 0.154
224 F 0.1 0.022 0.019 0.02 0.013 0.014 0.024 0.038 0.016 0.057 0.099 0.025 0.023 0.302 0.015 0.04 0.031 0.014 0.07 0.058
225 S 0.095 0.048 0.051 0.048 0.015 0.081 0.064 0.059 0.021 0.028 0.043 0.062 0.017 0.019 0.028 0.187 0.071 0.005 0.018 0.04
226 Y 0.041 0.032 0.109 0.131 0.009 0.026 0.048 0.04 0.035 0.033 0.048 0.04 0.014 0.073 0.018 0.045 0.035 0.016 0.171 0.036
227 L 0.056 0.023 0.015 0.016 0.017 0.016 0.021 0.023 0.009 0.138 0.257 0.025 0.04 0.045 0.015 0.028 0.041 0.006 0.021 0.187
228 N 0.051 0.039 0.214 0.063 0.009 0.03 0.043 0.174 0.077 0.021 0.031 0.047 0.011 0.019 0.019 0.06 0.04 0.005 0.02 0.025
229 G 0.067 0.021 0.027 0.025 0.014 0.017 0.023 0.27 0.011 0.12 0.087 0.029 0.021 0.028 0.017 0.04 0.037 0.005 0.015 0.125
230 L 0.108 0.026 0.017 0.019 0.017 0.018 0.025 0.035 0.011 0.096 0.303 0.03 0.041 0.046 0.018 0.039 0.037 0.007 0.021 0.088
231 K 0.049 0.073 0.145 0.11 0.008 0.042 0.065 0.051 0.024 0.025 0.036 0.17 0.013 0.016 0.024 0.058 0.042 0.005 0.016 0.029
232 L 0.046 0.024 0.017 0.019 0.014 0.017 0.024 0.025 0.013 0.083 0.254 0.029 0.035 0.082 0.135 0.029 0.033 0.008 0.042 0.072
233 L 0.067 0.027 0.028 0.028 0.016 0.021 0.03 0.036 0.013 0.151 0.177 0.034 0.032 0.038 0.02 0.097 0.052 0.006 0.02 0.108
234 L 0.045 0.02 0.014 0.016 0.016 0.014 0.018 0.021 0.009 0.215 0.253 0.024 0.041 0.048 0.014 0.024 0.037 0.006 0.021 0.142
235 N 0.046 0.054 0.159 0.058 0.008 0.102 0.068 0.049 0.114 0.024 0.038 0.064 0.015 0.02 0.021 0.057 0.04 0.006 0.027 0.028
236 L 0.051 0.038 0.026 0.026 0.014 0.07 0.043 0.029 0.015 0.083 0.252 0.044 0.037 0.039 0.018 0.042 0.069 0.007 0.021 0.076
237 L 0.041 0.023 0.015 0.015 0.015 0.015 0.02 0.022 0.012 0.101 0.317 0.023 0.043 0.139 0.013 0.024 0.031 0.009 0.038 0.085
238 S 0.09 0.035 0.045 0.041 0.017 0.028 0.043 0.053 0.016 0.073 0.066 0.047 0.02 0.025 0.027 0.165 0.119 0.005 0.018 0.068
239 N 0.053 0.049 0.109 0.047 0.011 0.097 0.061 0.042 0.075 0.059 0.062 0.058 0.02 0.023 0.02 0.051 0.042 0.006 0.025 0.092
240 Y 0.048 0.025 0.018 0.017 0.013 0.019 0.025 0.024 0.028 0.09 0.162 0.028 0.029 0.087 0.015 0.029 0.034 0.017 0.175 0.117
241 G 0.083 0.032 0.087 0.046 0.013 0.026 0.038 0.291 0.018 0.023 0.033 0.043 0.012 0.018 0.023 0.117 0.05 0.005 0.014 0.03
242 L 0.041 0.023 0.015 0.015 0.015 0.015 0.02 0.022 0.012 0.101 0.317 0.023 0.043 0.139 0.013 0.024 0.031 0.009 0.038 0.085
243 L 0.044 0.024 0.014 0.015 0.016 0.016 0.02 0.021 0.01 0.114 0.385 0.025 0.049 0.054 0.014 0.024 0.033 0.007 0.022 0.095
244 P 0.056 0.025 0.023 0.031 0.01 0.02 0.036 0.036 0.013 0.025 0.036 0.041 0.01 0.013 0.501 0.043 0.036 0.003 0.013 0.031
245 E 0.059 0.047 0.046 0.108 0.011 0.086 0.129 0.041 0.021 0.034 0.047 0.063 0.016 0.018 0.025 0.067 0.115 0.005 0.017 0.044
246 A 0.253 0.033 0.032 0.034 0.02 0.027 0.043 0.074 0.016 0.039 0.054 0.046 0.017 0.021 0.029 0.121 0.057 0.005 0.017 0.061
247 I 0.055 0.019 0.015 0.017 0.017 0.014 0.02 0.022 0.008 0.234 0.151 0.024 0.034 0.04 0.015 0.028 0.043 0.006 0.02 0.216
248 A 0.169 0.037 0.11 0.049 0.017 0.03 0.046 0.07 0.02 0.033 0.046 0.049 0.015 0.02 0.027 0.132 0.06 0.005 0.017 0.048
249 N 0.042 0.044 0.327 0.082 0.009 0.033 0.049 0.064 0.031 0.022 0.031 0.053 0.011 0.018 0.02 0.069 0.049 0.004 0.015 0.027
250 Y 0.04 0.028 0.021 0.018 0.009 0.021 0.028 0.025 0.046 0.043 0.067 0.031 0.018 0.129 0.015 0.031 0.028 0.028 0.328 0.046
251 V 0.059 0.022 0.015 0.017 0.018 0.016 0.021 0.023 0.009 0.168 0.198 0.025 0.036 0.041 0.015 0.029 0.043 0.006 0.021 0.218
252 G 0.063 0.035 0.111 0.059 0.009 0.033 0.102 0.283 0.021 0.02 0.031 0.048 0.011 0.017 0.021 0.056 0.036 0.005 0.013 0.026
253 W 0.049 0.027 0.025 0.023 0.01 0.019 0.03 0.039 0.016 0.03 0.049 0.03 0.015 0.05 0.013 0.075 0.037 0.376 0.055 0.033
254 E 0.055 0.041 0.048 0.155 0.01 0.046 0.186 0.039 0.021 0.03 0.041 0.059 0.013 0.018 0.025 0.063 0.091 0.005 0.015 0.039
255 L 0.049 0.036 0.027 0.052 0.012 0.04 0.163 0.028 0.018 0.068 0.21 0.05 0.031 0.035 0.02 0.039 0.035 0.006 0.019 0.063
256 Y 0.04 0.028 0.021 0.018 0.009 0.021 0.028 0.025 0.046 0.043 0.067 0.031 0.018 0.129 0.015 0.031 0.028 0.028 0.328 0.046
257 D 0.058 0.036 0.129 0.236 0.01 0.031 0.07 0.055 0.022 0.024 0.032 0.049 0.011 0.017 0.023 0.101 0.05 0.004 0.014 0.029
258 Y 0.057 0.031 0.029 0.026 0.011 0.024 0.034 0.035 0.039 0.04 0.061 0.036 0.018 0.102 0.019 0.081 0.041 0.022 0.25 0.045
259 R 0.046 0.207 0.043 0.036 0.008 0.09 0.064 0.036 0.11 0.024 0.044 0.093 0.016 0.02 0.02 0.046 0.034 0.006 0.028 0.03
260 L 0.053 0.022 0.015 0.016 0.017 0.016 0.021 0.022 0.009 0.156 0.262 0.025 0.041 0.046 0.015 0.027 0.039 0.006 0.021 0.171
261 S 0.085 0.037 0.087 0.049 0.014 0.03 0.047 0.058 0.019 0.027 0.038 0.05 0.013 0.018 0.146 0.16 0.065 0.004 0.016 0.036
262 I 0.053 0.022 0.022 0.022 0.016 0.017 0.023 0.026 0.01 0.224 0.14 0.029 0.032 0.038 0.018 0.041 0.094 0.006 0.02 0.148
263 F 0.036 0.02 0.016 0.016 0.012 0.012 0.019 0.024 0.015 0.075 0.181 0.02 0.031 0.31 0.011 0.025 0.027 0.014 0.071 0.064
264 T 0.072 0.035 0.043 0.037 0.018 0.027 0.039 0.043 0.014 0.053 0.064 0.045 0.019 0.023 0.027 0.091 0.258 0.006 0.018 0.07
265 N 0.042 0.044 0.327 0.082 0.009 0.033 0.049 0.064 0.031 0.022 0.031 0.053 0.011 0.018 0.02 0.069 0.049 0.004 0.015 0.027
266 P 0.056 0.025 0.023 0.031 0.01 0.02 0.036 0.036 0.013 0.025 0.036 0.041 0.01 0.013 0.501 0.043 0.036 0.003 0.013 0.031
267 V 0.069 0.022 0.016 0.018 0.019 0.016 0.023 0.024 0.008 0.162 0.128 0.026 0.031 0.035 0.016 0.032 0.049 0.005 0.02 0.28
268 F 0.042 0.019 0.017 0.017 0.013 0.012 0.02 0.025 0.015 0.087 0.116 0.02 0.027 0.306 0.012 0.027 0.031 0.014 0.071 0.111
269 W 0.038 0.02 0.015 0.016 0.012 0.014 0.02 0.025 0.012 0.156 0.109 0.023 0.026 0.052 0.011 0.023 0.031 0.253 0.044 0.102
270 K 0.056 0.106 0.041 0.041 0.008 0.053 0.07 0.043 0.02 0.027 0.043 0.289 0.015 0.015 0.027 0.053 0.039 0.005 0.017 0.032
271 G 0.189 0.027 0.032 0.031 0.016 0.022 0.033 0.297 0.014 0.031 0.043 0.039 0.013 0.019 0.024 0.067 0.039 0.005 0.014 0.046
272 V 0.061 0.02 0.016 0.018 0.018 0.015 0.021 0.023 0.008 0.204 0.141 0.025 0.033 0.038 0.016 0.03 0.045 0.006 0.02 0.243
273 L 0.042 0.022 0.016 0.017 0.014 0.015 0.02 0.023 0.013 0.136 0.206 0.024 0.056 0.17 0.013 0.026 0.033 0.01 0.045 0.1
274 L 0.051 0.021 0.015 0.017 0.017 0.015 0.02 0.022 0.009 0.193 0.233 0.024 0.039 0.045 0.015 0.026 0.039 0.006 0.021 0.173
275 I 0.049 0.02 0.015 0.017 0.016 0.014 0.019 0.021 0.009 0.222 0.215 0.024 0.039 0.045 0.015 0.026 0.039 0.006 0.021 0.17
276 L 0.05 0.023 0.017 0.017 0.014 0.017 0.023 0.024 0.019 0.105 0.175 0.026 0.031 0.117 0.015 0.029 0.036 0.013 0.108 0.141
277 L 0.042 0.021 0.015 0.016 0.015 0.014 0.019 0.022 0.011 0.143 0.262 0.023 0.04 0.137 0.013 0.024 0.033 0.009 0.038 0.104
278 L 0.055 0.031 0.024 0.023 0.016 0.025 0.029 0.03 0.014 0.091 0.209 0.035 0.104 0.043 0.018 0.047 0.092 0.007 0.022 0.087
279 H 0.044 0.144 0.116 0.047 0.008 0.041 0.053 0.043 0.144 0.023 0.039 0.093 0.014 0.022 0.02 0.05 0.036 0.006 0.03 0.027
280 K 0.053 0.09 0.112 0.051 0.009 0.048 0.064 0.048 0.023 0.026 0.04 0.23 0.014 0.016 0.025 0.057 0.042 0.005 0.017 0.031
281 F 0.037 0.023 0.019 0.018 0.01 0.016 0.023 0.025 0.031 0.053 0.09 0.025 0.022 0.262 0.013 0.028 0.026 0.022 0.208 0.05
282 I 0.053 0.022 0.028 0.115 0.015 0.018 0.038 0.028 0.011 0.175 0.118 0.029 0.028 0.033 0.017 0.034 0.041 0.005 0.018 0.174
283 L 0.048 0.125 0.031 0.041 0.011 0.041 0.107 0.03 0.019 0.055 0.162 0.1 0.026 0.03 0.02 0.041 0.035 0.006 0.019 0.053
284 T 0.082 0.035 0.044 0.039 0.017 0.028 0.041 0.048 0.015 0.067 0.066 0.046 0.02 0.024 0.027 0.134 0.174 0.006 0.018 0.07
285 D 0.048 0.047 0.094 0.188 0.008 0.088 0.141 0.044 0.025 0.023 0.035 0.064 0.013 0.016 0.023 0.056 0.039 0.005 0.015 0.029
286 L 0.048 0.042 0.037 0.026 0.014 0.025 0.033 0.028 0.013 0.163 0.183 0.092 0.033 0.038 0.018 0.034 0.038 0.006 0.02 0.111
287 K 0.059 0.076 0.083 0.045 0.009 0.041 0.055 0.165 0.02 0.024 0.037 0.19 0.013 0.016 0.024 0.055 0.038 0.005 0.015 0.029
288 N 0.042 0.04 0.239 0.189 0.008 0.032 0.063 0.058 0.027 0.022 0.03 0.05 0.01 0.017 0.021 0.063 0.044 0.004 0.014 0.026
289 N 0.043 0.045 0.318 0.083 0.009 0.034 0.049 0.065 0.031 0.022 0.031 0.054 0.011 0.018 0.02 0.07 0.049 0.004 0.016 0.027
290 I 0.046 0.022 0.065 0.029 0.015 0.017 0.023 0.028 0.013 0.23 0.145 0.029 0.033 0.04 0.016 0.032 0.041 0.006 0.02 0.152
291 N 0.043 0.045 0.314 0.083 0.009 0.034 0.05 0.065 0.032 0.023 0.032 0.054 0.011 0.018 0.02 0.07 0.05 0.005 0.016 0.027
292 N 0.043 0.045 0.314 0.083 0.009 0.034 0.05 0.065 0.032 0.023 0.032 0.054 0.011 0.018 0.02 0.07 0.05 0.005 0.016 0.027
293 N 0.043 0.045 0.314 0.083 0.009 0.034 0.05 0.065 0.032 0.023 0.032 0.054 0.011 0.018 0.02 0.07 0.05 0.005 0.016 0.027
294 N 0.043 0.045 0.314 0.083 0.009 0.034 0.05 0.065 0.032 0.023 0.032 0.054 0.011 0.018 0.02 0.07 0.05 0.005 0.016 0.027
295 N 0.043 0.045 0.314 0.083 0.009 0.034 0.05 0.065 0.032 0.023 0.032 0.054 0.011 0.018 0.02 0.07 0.05 0.005 0.016 0.027
296 N 0.043 0.045 0.314 0.083 0.009 0.034 0.05 0.065 0.032 0.023 0.032 0.054 0.011 0.018 0.02 0.07 0.05 0.005 0.016 0.027
297 D 0.041 0.03 0.069 0.395 0.008 0.03 0.092 0.047 0.019 0.022 0.028 0.045 0.009 0.015 0.022 0.052 0.036 0.004 0.011 0.024
298 N 0.043 0.045 0.314 0.083 0.009 0.034 0.05 0.065 0.032 0.023 0.032 0.054 0.011 0.018 0.02 0.07 0.05 0.005 0.016 0.027
299 D 0.041 0.03 0.069 0.395 0.008 0.03 0.092 0.047 0.019 0.022 0.028 0.045 0.009 0.015 0.022 0.052 0.036 0.004 0.011 0.024
300 N 0.043 0.045 0.318 0.083 0.009 0.034 0.049 0.065 0.031 0.022 0.031 0.054 0.011 0.018 0.02 0.07 0.049 0.004 0.016 0.027
301 I 0.046 0.022 0.065 0.029 0.015 0.017 0.023 0.028 0.013 0.23 0.145 0.029 0.033 0.04 0.016 0.032 0.041 0.006 0.02 0.152
302 E 0.053 0.049 0.075 0.089 0.008 0.06 0.267 0.039 0.026 0.022 0.036 0.073 0.013 0.017 0.025 0.057 0.038 0.005 0.016 0.031
303 T 0.073 0.036 0.043 0.038 0.018 0.028 0.039 0.043 0.014 0.053 0.065 0.045 0.02 0.024 0.028 0.093 0.246 0.006 0.018 0.071
304 A 0.2 0.044 0.101 0.044 0.017 0.031 0.046 0.07 0.02 0.036 0.05 0.076 0.016 0.02 0.027 0.077 0.048 0.005 0.017 0.054
305 D 0.046 0.041 0.136 0.198 0.008 0.043 0.154 0.047 0.025 0.022 0.032 0.057 0.011 0.016 0.023 0.058 0.039 0.005 0.014 0.027
306 K 0.066 0.151 0.043 0.04 0.01 0.046 0.061 0.046 0.021 0.027 0.043 0.187 0.015 0.017 0.026 0.095 0.048 0.005 0.017 0.034
307 I 0.049 0.02 0.015 0.017 0.016 0.014 0.019 0.021 0.009 0.222 0.215 0.024 0.039 0.045 0.015 0.026 0.039 0.006 0.021 0.17
308 I 0.048 0.021 0.016 0.018 0.015 0.016 0.021 0.022 0.018 0.204 0.135 0.025 0.031 0.064 0.015 0.027 0.038 0.011 0.097 0.158
309 V 0.057 0.02 0.016 0.017 0.016 0.014 0.021 0.024 0.01 0.155 0.13 0.024 0.03 0.127 0.015 0.029 0.041 0.008 0.037 0.207
310 L 0.044 0.022 0.014 0.016 0.016 0.015 0.019 0.021 0.01 0.156 0.33 0.025 0.046 0.051 0.014 0.024 0.034 0.007 0.022 0.115
311 Y 0.038 0.108 0.024 0.021 0.008 0.026 0.032 0.028 0.032 0.035 0.058 0.051 0.017 0.084 0.014 0.032 0.028 0.14 0.185 0.038
312 N 0.042 0.044 0.327 0.082 0.009 0.033 0.049 0.064 0.031 0.022 0.031 0.053 0.011 0.018 0.02 0.069 0.049 0.004 0.015 0.027
313 L 0.044 0.022 0.014 0.016 0.016 0.015 0.019 0.021 0.01 0.156 0.33 0.025 0.046 0.051 0.014 0.024 0.034 0.007 0.022 0.115
314 Y 0.04 0.028 0.021 0.018 0.009 0.021 0.028 0.025 0.046 0.043 0.067 0.031 0.018 0.129 0.015 0.031 0.028 0.028 0.328 0.046
315 V 0.137 0.028 0.028 0.028 0.019 0.023 0.034 0.048 0.012 0.099 0.089 0.037 0.024 0.028 0.023 0.095 0.057 0.005 0.019 0.167
316 L 0.06 0.028 0.024 0.023 0.016 0.02 0.028 0.032 0.012 0.093 0.299 0.032 0.041 0.046 0.018 0.076 0.045 0.007 0.021 0.081
317 G 0.077 0.023 0.039 0.033 0.011 0.019 0.025 0.517 0.013 0.019 0.028 0.033 0.009 0.016 0.019 0.051 0.029 0.005 0.011 0.024
318 L 0.056 0.023 0.015 0.016 0.017 0.016 0.021 0.023 0.009 0.138 0.257 0.025 0.04 0.045 0.015 0.028 0.041 0.006 0.021 0.187
319 L 0.051 0.022 0.015 0.016 0.017 0.015 0.02 0.022 0.009 0.168 0.266 0.025 0.041 0.047 0.015 0.026 0.038 0.006 0.021 0.161
320 A 0.17 0.026 0.02 0.023 0.017 0.019 0.03 0.05 0.014 0.065 0.154 0.033 0.027 0.123 0.021 0.054 0.039 0.009 0.036 0.071
