#Seq2Logo.py -f /work3/idamei/wzy_ssn/run/1e-50/run/150/MSAs/0008_175.afa -o /work3/idamei/wzy_ssn/run/1e-50/run/150/logos/0008_175.logo
#Position Specific Frequency Matrix
A R N D C Q E G H I L K M F P S T W Y V
0 L 0.051 0.032 0.02 0.02 0.016 0.028 0.028 0.028 0.016 0.099 0.194 0.036 0.173 0.047 0.016 0.036 0.04 0.008 0.024 0.091
1 N 0.04 0.033 0.171 0.049 0.011 0.023 0.034 0.044 0.022 0.055 0.14 0.037 0.024 0.121 0.016 0.047 0.039 0.008 0.035 0.051
2 I 0.112 0.043 0.024 0.026 0.015 0.026 0.036 0.04 0.013 0.158 0.108 0.095 0.026 0.031 0.021 0.046 0.042 0.006 0.019 0.112
3 G 0.057 0.029 0.032 0.027 0.012 0.023 0.032 0.151 0.108 0.062 0.065 0.034 0.018 0.053 0.017 0.039 0.033 0.011 0.104 0.093
4 E 0.056 0.078 0.041 0.065 0.008 0.058 0.187 0.039 0.023 0.025 0.04 0.18 0.014 0.016 0.026 0.054 0.038 0.005 0.017 0.032
5 N 0.05 0.042 0.256 0.071 0.011 0.032 0.046 0.059 0.027 0.03 0.039 0.051 0.013 0.019 0.022 0.074 0.101 0.005 0.016 0.037
6 G 0.071 0.034 0.036 0.046 0.013 0.033 0.101 0.16 0.017 0.046 0.123 0.046 0.022 0.027 0.022 0.09 0.045 0.006 0.017 0.048
7 N 0.048 0.042 0.255 0.077 0.009 0.035 0.078 0.117 0.028 0.022 0.031 0.053 0.011 0.017 0.02 0.065 0.045 0.005 0.015 0.027
8 L 0.046 0.035 0.099 0.05 0.012 0.032 0.099 0.035 0.019 0.068 0.209 0.044 0.03 0.035 0.018 0.043 0.038 0.006 0.019 0.062
9 R 0.045 0.343 0.039 0.031 0.008 0.049 0.052 0.033 0.023 0.023 0.047 0.121 0.016 0.017 0.019 0.045 0.035 0.006 0.017 0.031
10 V 0.07 0.022 0.017 0.018 0.019 0.017 0.023 0.025 0.008 0.165 0.131 0.026 0.032 0.036 0.017 0.033 0.05 0.006 0.021 0.266
11 L 0.045 0.024 0.014 0.015 0.016 0.016 0.02 0.021 0.01 0.116 0.373 0.025 0.05 0.055 0.014 0.024 0.034 0.007 0.022 0.097
12 V 0.07 0.022 0.017 0.018 0.019 0.017 0.023 0.025 0.008 0.165 0.131 0.026 0.032 0.036 0.017 0.033 0.05 0.006 0.021 0.266
13 S 0.11 0.04 0.054 0.049 0.018 0.033 0.053 0.067 0.019 0.03 0.042 0.054 0.016 0.021 0.03 0.217 0.082 0.005 0.018 0.042
14 D 0.041 0.03 0.069 0.395 0.008 0.03 0.092 0.047 0.019 0.022 0.028 0.045 0.009 0.015 0.022 0.052 0.036 0.004 0.011 0.024
15 D 0.041 0.03 0.069 0.395 0.008 0.03 0.092 0.047 0.019 0.022 0.028 0.045 0.009 0.015 0.022 0.052 0.036 0.004 0.011 0.024
16 K 0.057 0.108 0.042 0.042 0.009 0.054 0.071 0.043 0.021 0.028 0.043 0.275 0.016 0.016 0.028 0.054 0.04 0.005 0.017 0.033
17 N 0.042 0.044 0.327 0.082 0.009 0.033 0.049 0.064 0.031 0.022 0.031 0.053 0.011 0.018 0.02 0.069 0.049 0.004 0.015 0.027
18 P 0.068 0.05 0.072 0.042 0.071 0.032 0.047 0.048 0.018 0.029 0.042 0.105 0.014 0.017 0.144 0.095 0.049 0.004 0.015 0.036
19 L 0.043 0.044 0.035 0.12 0.011 0.027 0.05 0.034 0.016 0.056 0.142 0.094 0.025 0.12 0.018 0.038 0.033 0.008 0.034 0.051
20 I 0.06 0.025 0.026 0.025 0.015 0.02 0.029 0.033 0.021 0.159 0.11 0.033 0.027 0.059 0.018 0.078 0.047 0.011 0.096 0.109
21 N 0.047 0.039 0.175 0.055 0.011 0.051 0.046 0.047 0.023 0.088 0.067 0.049 0.018 0.023 0.079 0.053 0.044 0.005 0.017 0.065
22 N 0.049 0.115 0.143 0.049 0.01 0.031 0.042 0.047 0.024 0.033 0.056 0.061 0.016 0.113 0.019 0.072 0.043 0.008 0.034 0.036
23 N 0.063 0.052 0.109 0.047 0.013 0.033 0.047 0.048 0.02 0.09 0.07 0.105 0.02 0.024 0.023 0.094 0.052 0.005 0.018 0.069
24 L 0.048 0.027 0.093 0.032 0.133 0.019 0.026 0.035 0.015 0.073 0.216 0.031 0.031 0.036 0.016 0.039 0.038 0.006 0.018 0.068
25 L 0.051 0.02 0.015 0.017 0.017 0.015 0.019 0.021 0.009 0.21 0.211 0.024 0.038 0.044 0.015 0.026 0.04 0.006 0.021 0.181
26 L 0.058 0.024 0.022 0.022 0.017 0.018 0.025 0.027 0.01 0.153 0.186 0.03 0.034 0.039 0.018 0.043 0.095 0.006 0.02 0.155
27 Y 0.042 0.041 0.025 0.024 0.009 0.048 0.04 0.029 0.033 0.044 0.073 0.067 0.02 0.167 0.017 0.035 0.03 0.019 0.19 0.045
28 F 0.044 0.02 0.016 0.016 0.132 0.014 0.019 0.026 0.016 0.068 0.163 0.022 0.028 0.183 0.013 0.029 0.03 0.012 0.082 0.064
29 L 0.051 0.025 0.021 0.021 0.016 0.018 0.024 0.026 0.011 0.13 0.263 0.03 0.039 0.044 0.017 0.041 0.09 0.006 0.021 0.103
30 P 0.056 0.025 0.023 0.031 0.01 0.02 0.036 0.036 0.013 0.025 0.036 0.041 0.01 0.013 0.5 0.043 0.036 0.003 0.013 0.031
31 L 0.111 0.024 0.017 0.019 0.018 0.018 0.025 0.035 0.011 0.123 0.244 0.03 0.037 0.042 0.018 0.04 0.04 0.006 0.02 0.121
32 G 0.075 0.027 0.031 0.028 0.016 0.021 0.03 0.157 0.013 0.081 0.146 0.034 0.026 0.031 0.02 0.085 0.048 0.006 0.018 0.11
33 L 0.044 0.022 0.014 0.016 0.016 0.015 0.019 0.021 0.01 0.156 0.33 0.025 0.046 0.051 0.014 0.024 0.034 0.007 0.022 0.115
34 S 0.11 0.04 0.054 0.049 0.018 0.033 0.052 0.066 0.019 0.03 0.042 0.054 0.016 0.021 0.03 0.219 0.082 0.005 0.018 0.042
35 A 0.18 0.026 0.021 0.024 0.02 0.021 0.032 0.052 0.012 0.104 0.095 0.035 0.025 0.029 0.023 0.059 0.05 0.005 0.019 0.168
36 F 0.162 0.025 0.021 0.023 0.016 0.018 0.03 0.052 0.016 0.053 0.087 0.032 0.021 0.204 0.02 0.055 0.038 0.011 0.053 0.062
37 F 0.052 0.02 0.017 0.017 0.015 0.014 0.021 0.025 0.013 0.114 0.122 0.023 0.029 0.211 0.014 0.029 0.037 0.011 0.055 0.162
38 S 0.11 0.04 0.054 0.049 0.018 0.033 0.052 0.066 0.019 0.03 0.042 0.054 0.016 0.021 0.03 0.219 0.082 0.005 0.018 0.042
39 L 0.047 0.022 0.015 0.016 0.015 0.015 0.02 0.023 0.011 0.113 0.253 0.024 0.038 0.135 0.014 0.026 0.035 0.009 0.038 0.131
40 A 0.204 0.028 0.021 0.024 0.019 0.022 0.032 0.056 0.013 0.069 0.181 0.037 0.029 0.034 0.024 0.061 0.043 0.006 0.019 0.078
41 L 0.052 0.023 0.021 0.022 0.016 0.017 0.023 0.026 0.01 0.182 0.195 0.029 0.035 0.041 0.018 0.041 0.092 0.006 0.02 0.128
42 F 0.033 0.019 0.017 0.017 0.01 0.01 0.019 0.025 0.017 0.062 0.113 0.019 0.025 0.396 0.01 0.025 0.025 0.017 0.087 0.054
43 L 0.045 0.022 0.017 0.017 0.132 0.015 0.021 0.026 0.02 0.066 0.157 0.024 0.027 0.15 0.014 0.03 0.03 0.014 0.112 0.063
44 Y 0.055 0.028 0.028 0.025 0.012 0.022 0.031 0.035 0.032 0.044 0.072 0.033 0.019 0.169 0.018 0.079 0.04 0.019 0.19 0.047
45 P 0.056 0.025 0.023 0.031 0.01 0.02 0.036 0.036 0.013 0.025 0.036 0.041 0.01 0.013 0.501 0.043 0.036 0.003 0.013 0.031
46 L 0.044 0.024 0.014 0.015 0.016 0.016 0.02 0.021 0.01 0.114 0.385 0.025 0.049 0.054 0.014 0.024 0.033 0.007 0.022 0.095
47 L 0.049 0.024 0.017 0.017 0.015 0.018 0.022 0.025 0.013 0.109 0.205 0.026 0.07 0.133 0.014 0.029 0.037 0.009 0.038 0.13
48 F 0.061 0.025 0.026 0.025 0.014 0.017 0.028 0.035 0.015 0.079 0.099 0.029 0.024 0.212 0.017 0.078 0.045 0.011 0.053 0.107
49 L 0.108 0.026 0.017 0.019 0.017 0.018 0.025 0.035 0.011 0.096 0.303 0.03 0.041 0.046 0.018 0.039 0.037 0.007 0.021 0.088
50 I 0.052 0.018 0.015 0.017 0.017 0.014 0.019 0.021 0.009 0.252 0.156 0.024 0.035 0.041 0.015 0.027 0.042 0.006 0.02 0.2
51 F 0.045 0.019 0.016 0.017 0.014 0.013 0.019 0.024 0.013 0.142 0.13 0.022 0.029 0.218 0.013 0.027 0.034 0.011 0.054 0.141
52 L 0.051 0.02 0.015 0.017 0.017 0.015 0.019 0.021 0.009 0.21 0.211 0.024 0.038 0.044 0.015 0.026 0.04 0.006 0.021 0.181
53 G 0.083 0.027 0.037 0.033 0.014 0.022 0.031 0.281 0.013 0.057 0.056 0.036 0.016 0.022 0.021 0.091 0.047 0.005 0.015 0.092
54 L 0.106 0.023 0.018 0.02 0.016 0.016 0.024 0.036 0.012 0.125 0.18 0.028 0.032 0.129 0.017 0.039 0.037 0.009 0.037 0.098
55 L 0.044 0.022 0.014 0.016 0.016 0.015 0.019 0.021 0.01 0.156 0.33 0.025 0.046 0.051 0.014 0.024 0.034 0.007 0.022 0.115
56 S 0.108 0.04 0.053 0.048 0.017 0.033 0.052 0.065 0.019 0.029 0.041 0.053 0.015 0.021 0.029 0.231 0.081 0.005 0.017 0.041
57 P 0.056 0.025 0.023 0.031 0.01 0.02 0.036 0.036 0.013 0.025 0.036 0.041 0.01 0.013 0.501 0.043 0.036 0.003 0.013 0.031
58 L 0.05 0.023 0.015 0.016 0.017 0.016 0.021 0.022 0.009 0.126 0.321 0.025 0.044 0.049 0.015 0.026 0.037 0.007 0.022 0.141
59 L 0.041 0.023 0.015 0.015 0.015 0.015 0.02 0.022 0.012 0.101 0.317 0.023 0.043 0.139 0.013 0.024 0.031 0.009 0.038 0.085
60 D 0.065 0.037 0.054 0.132 0.012 0.032 0.058 0.048 0.104 0.032 0.043 0.047 0.015 0.022 0.024 0.104 0.1 0.006 0.026 0.039
61 P 0.129 0.028 0.031 0.033 0.014 0.023 0.036 0.17 0.014 0.028 0.04 0.041 0.012 0.017 0.203 0.079 0.043 0.004 0.014 0.04
62 V 0.055 0.105 0.022 0.02 0.015 0.023 0.029 0.026 0.013 0.109 0.138 0.048 0.029 0.078 0.016 0.033 0.04 0.007 0.028 0.166
63 L 0.112 0.027 0.025 0.024 0.016 0.02 0.029 0.041 0.014 0.068 0.155 0.033 0.028 0.124 0.02 0.056 0.091 0.009 0.036 0.072
64 R 0.044 0.355 0.038 0.031 0.008 0.048 0.052 0.032 0.023 0.023 0.046 0.118 0.015 0.017 0.019 0.044 0.034 0.006 0.017 0.031
65 R 0.044 0.164 0.107 0.042 0.008 0.038 0.047 0.04 0.03 0.028 0.047 0.101 0.015 0.045 0.019 0.048 0.037 0.011 0.094 0.034
66 L 0.039 0.021 0.015 0.016 0.013 0.013 0.019 0.023 0.013 0.088 0.249 0.022 0.037 0.225 0.012 0.024 0.029 0.012 0.055 0.074
67 Y 0.055 0.028 0.028 0.025 0.012 0.022 0.031 0.035 0.032 0.044 0.072 0.033 0.019 0.169 0.018 0.079 0.04 0.019 0.19 0.047
68 L 0.056 0.027 0.026 0.025 0.013 0.02 0.029 0.034 0.023 0.062 0.152 0.032 0.027 0.15 0.017 0.078 0.042 0.014 0.114 0.059
69 F 0.044 0.023 0.02 0.02 0.013 0.017 0.023 0.025 0.021 0.118 0.142 0.027 0.028 0.152 0.015 0.035 0.059 0.014 0.114 0.089
70 A 0.173 0.026 0.023 0.026 0.016 0.02 0.034 0.054 0.015 0.043 0.066 0.037 0.017 0.113 0.142 0.059 0.04 0.007 0.034 0.055
71 L 0.056 0.023 0.015 0.016 0.017 0.016 0.021 0.023 0.009 0.138 0.257 0.025 0.04 0.045 0.015 0.028 0.041 0.006 0.021 0.187
72 L 0.11 0.028 0.018 0.02 0.017 0.021 0.027 0.037 0.013 0.092 0.255 0.032 0.072 0.044 0.018 0.042 0.039 0.007 0.021 0.087
73 I 0.058 0.023 0.022 0.022 0.017 0.017 0.024 0.027 0.01 0.195 0.131 0.029 0.031 0.036 0.018 0.043 0.096 0.006 0.02 0.174
74 F 0.051 0.02 0.016 0.017 0.015 0.013 0.021 0.025 0.012 0.112 0.12 0.022 0.028 0.216 0.013 0.029 0.037 0.011 0.054 0.167
75 I 0.11 0.021 0.017 0.02 0.017 0.016 0.023 0.035 0.01 0.222 0.139 0.028 0.032 0.038 0.018 0.039 0.042 0.006 0.02 0.148
76 I 0.052 0.018 0.015 0.017 0.017 0.014 0.019 0.021 0.009 0.252 0.156 0.024 0.035 0.041 0.015 0.027 0.042 0.006 0.02 0.2
77 A 0.129 0.028 0.027 0.028 0.018 0.022 0.033 0.047 0.013 0.115 0.128 0.037 0.027 0.032 0.022 0.092 0.053 0.006 0.019 0.124
78 F 0.033 0.019 0.017 0.017 0.01 0.01 0.019 0.025 0.017 0.062 0.113 0.019 0.025 0.396 0.01 0.025 0.025 0.017 0.087 0.054
79 F 0.035 0.021 0.018 0.017 0.01 0.013 0.021 0.025 0.024 0.058 0.101 0.022 0.023 0.329 0.012 0.026 0.026 0.019 0.148 0.052
80 A 0.253 0.033 0.032 0.034 0.02 0.027 0.043 0.074 0.016 0.039 0.054 0.046 0.017 0.021 0.029 0.121 0.057 0.005 0.017 0.061
81 T 0.09 0.037 0.048 0.043 0.017 0.03 0.045 0.054 0.016 0.041 0.053 0.049 0.017 0.022 0.028 0.161 0.169 0.005 0.017 0.056
82 L 0.047 0.036 0.021 0.023 0.014 0.069 0.04 0.026 0.015 0.092 0.3 0.041 0.042 0.044 0.016 0.032 0.035 0.007 0.022 0.08
83 K 0.056 0.097 0.042 0.042 0.009 0.096 0.078 0.042 0.023 0.027 0.044 0.239 0.017 0.015 0.026 0.053 0.039 0.005 0.018 0.033
84 P 0.056 0.025 0.023 0.031 0.01 0.02 0.036 0.036 0.013 0.025 0.036 0.041 0.01 0.013 0.501 0.043 0.036 0.003 0.013 0.031
85 F 0.033 0.019 0.017 0.017 0.01 0.01 0.019 0.025 0.017 0.062 0.113 0.019 0.025 0.396 0.01 0.025 0.025 0.017 0.087 0.054
86 G 0.093 0.031 0.046 0.041 0.014 0.026 0.038 0.291 0.016 0.024 0.035 0.043 0.012 0.018 0.024 0.141 0.055 0.005 0.014 0.033
87 D 0.04 0.029 0.068 0.406 0.007 0.029 0.09 0.046 0.018 0.022 0.028 0.044 0.009 0.015 0.022 0.051 0.035 0.004 0.011 0.024
88 L 0.045 0.021 0.014 0.016 0.016 0.015 0.019 0.021 0.009 0.198 0.275 0.024 0.043 0.049 0.014 0.024 0.036 0.006 0.021 0.134
89 A 0.301 0.031 0.025 0.029 0.021 0.025 0.04 0.077 0.015 0.043 0.059 0.044 0.017 0.021 0.029 0.084 0.049 0.005 0.017 0.068
90 E 0.054 0.049 0.04 0.089 0.007 0.064 0.307 0.034 0.025 0.022 0.036 0.074 0.013 0.016 0.025 0.054 0.036 0.005 0.016 0.031
91 Y 0.04 0.028 0.021 0.018 0.009 0.021 0.028 0.025 0.046 0.043 0.067 0.031 0.018 0.129 0.015 0.031 0.028 0.028 0.328 0.046
92 L 0.046 0.024 0.016 0.017 0.016 0.018 0.021 0.022 0.011 0.152 0.282 0.027 0.077 0.05 0.015 0.027 0.036 0.007 0.022 0.114
93 N 0.058 0.043 0.19 0.062 0.011 0.034 0.05 0.058 0.111 0.024 0.035 0.051 0.013 0.022 0.022 0.103 0.051 0.005 0.026 0.029
94 V 0.063 0.021 0.016 0.018 0.018 0.015 0.022 0.023 0.008 0.192 0.138 0.025 0.032 0.037 0.016 0.03 0.046 0.006 0.02 0.253
95 Y 0.04 0.028 0.021 0.018 0.009 0.021 0.028 0.025 0.046 0.043 0.067 0.031 0.018 0.129 0.015 0.031 0.028 0.028 0.328 0.046
96 H 0.045 0.06 0.118 0.05 0.008 0.04 0.056 0.046 0.195 0.024 0.037 0.108 0.014 0.023 0.021 0.051 0.035 0.006 0.036 0.026
97 D 0.06 0.044 0.051 0.165 0.009 0.084 0.121 0.104 0.022 0.023 0.036 0.061 0.013 0.016 0.023 0.075 0.042 0.005 0.015 0.03
98 L 0.051 0.022 0.015 0.016 0.017 0.015 0.02 0.022 0.009 0.168 0.266 0.025 0.041 0.047 0.015 0.026 0.038 0.006 0.021 0.161
99 N 0.042 0.04 0.251 0.066 0.009 0.03 0.043 0.054 0.035 0.027 0.04 0.048 0.013 0.046 0.019 0.059 0.043 0.01 0.094 0.031
100 N 0.106 0.035 0.143 0.093 0.012 0.028 0.046 0.055 0.029 0.032 0.047 0.044 0.014 0.046 0.021 0.061 0.042 0.01 0.093 0.041
101 G 0.06 0.033 0.183 0.058 0.01 0.026 0.037 0.291 0.022 0.02 0.029 0.043 0.01 0.017 0.019 0.06 0.039 0.005 0.013 0.025
102 L 0.062 0.03 0.025 0.024 0.016 0.023 0.03 0.034 0.014 0.089 0.251 0.035 0.072 0.044 0.018 0.079 0.047 0.007 0.021 0.08
103 I 0.049 0.02 0.015 0.017 0.016 0.014 0.019 0.021 0.009 0.225 0.216 0.024 0.039 0.045 0.015 0.025 0.039 0.006 0.021 0.167
104 D 0.046 0.037 0.057 0.287 0.007 0.042 0.171 0.042 0.021 0.022 0.031 0.055 0.01 0.015 0.023 0.053 0.035 0.004 0.013 0.027
105 V 0.063 0.021 0.016 0.018 0.018 0.015 0.022 0.023 0.008 0.192 0.138 0.025 0.032 0.037 0.016 0.03 0.046 0.006 0.02 0.253
106 F 0.035 0.019 0.016 0.016 0.011 0.011 0.019 0.025 0.016 0.069 0.147 0.019 0.028 0.353 0.011 0.025 0.026 0.015 0.079 0.059
107 G 0.124 0.03 0.107 0.044 0.013 0.024 0.035 0.294 0.018 0.025 0.036 0.041 0.012 0.018 0.022 0.063 0.039 0.005 0.013 0.036
108 Y 0.04 0.028 0.021 0.018 0.009 0.021 0.028 0.025 0.046 0.043 0.067 0.031 0.018 0.129 0.015 0.031 0.028 0.028 0.328 0.046
109 P 0.082 0.032 0.038 0.039 0.014 0.027 0.044 0.05 0.016 0.027 0.038 0.047 0.013 0.017 0.265 0.137 0.058 0.004 0.015 0.036
110 R 0.044 0.355 0.038 0.031 0.008 0.048 0.052 0.032 0.023 0.023 0.046 0.118 0.015 0.017 0.019 0.044 0.034 0.006 0.017 0.031
111 F 0.033 0.019 0.017 0.017 0.01 0.01 0.019 0.025 0.017 0.062 0.113 0.019 0.025 0.396 0.01 0.025 0.025 0.017 0.087 0.054
112 G 0.077 0.023 0.039 0.033 0.011 0.019 0.025 0.517 0.013 0.019 0.028 0.033 0.009 0.016 0.019 0.051 0.029 0.005 0.011 0.024
113 D 0.045 0.052 0.114 0.137 0.008 0.034 0.059 0.044 0.029 0.029 0.042 0.104 0.013 0.044 0.021 0.051 0.038 0.01 0.093 0.032
114 G 0.077 0.023 0.039 0.033 0.011 0.019 0.025 0.517 0.013 0.019 0.028 0.033 0.009 0.016 0.019 0.051 0.029 0.005 0.011 0.024
115 L 0.05 0.023 0.015 0.016 0.017 0.016 0.021 0.022 0.009 0.126 0.321 0.025 0.044 0.049 0.015 0.026 0.037 0.007 0.022 0.141
116 E 0.054 0.049 0.04 0.089 0.007 0.064 0.307 0.034 0.025 0.022 0.036 0.074 0.013 0.016 0.025 0.054 0.036 0.005 0.016 0.031
117 F 0.037 0.018 0.016 0.017 0.012 0.011 0.018 0.024 0.015 0.117 0.126 0.02 0.028 0.308 0.011 0.025 0.029 0.014 0.071 0.084
118 L 0.05 0.03 0.018 0.019 0.016 0.025 0.026 0.026 0.014 0.103 0.242 0.033 0.142 0.049 0.015 0.033 0.038 0.008 0.023 0.092
119 F 0.037 0.018 0.016 0.017 0.012 0.011 0.018 0.024 0.015 0.117 0.126 0.02 0.028 0.308 0.011 0.025 0.029 0.014 0.071 0.084
120 L 0.044 0.024 0.014 0.015 0.016 0.016 0.02 0.021 0.01 0.114 0.385 0.025 0.049 0.054 0.014 0.024 0.033 0.007 0.022 0.095
121 A 0.178 0.027 0.02 0.023 0.019 0.021 0.031 0.05 0.012 0.09 0.158 0.035 0.029 0.033 0.022 0.056 0.045 0.006 0.019 0.128
122 F 0.039 0.018 0.016 0.017 0.013 0.012 0.018 0.023 0.013 0.158 0.136 0.021 0.03 0.242 0.012 0.025 0.031 0.012 0.058 0.107
123 L 0.051 0.032 0.02 0.02 0.016 0.028 0.028 0.028 0.016 0.099 0.194 0.036 0.173 0.047 0.016 0.036 0.04 0.008 0.024 0.091
124 K 0.056 0.106 0.041 0.041 0.008 0.053 0.07 0.043 0.02 0.027 0.043 0.289 0.015 0.015 0.027 0.053 0.039 0.005 0.017 0.032
125 F 0.041 0.018 0.017 0.017 0.131 0.011 0.018 0.027 0.014 0.058 0.1 0.019 0.023 0.302 0.012 0.029 0.028 0.013 0.069 0.055
126 V 0.058 0.02 0.015 0.017 0.017 0.015 0.02 0.022 0.008 0.222 0.147 0.024 0.034 0.039 0.015 0.029 0.044 0.006 0.02 0.227
127 G 0.077 0.023 0.039 0.033 0.011 0.019 0.025 0.517 0.013 0.019 0.028 0.033 0.009 0.016 0.019 0.051 0.029 0.005 0.011 0.024
128 Y 0.057 0.031 0.029 0.026 0.011 0.024 0.034 0.035 0.039 0.04 0.061 0.036 0.018 0.102 0.019 0.081 0.041 0.022 0.25 0.045
129 I 0.046 0.019 0.014 0.017 0.016 0.014 0.018 0.02 0.009 0.24 0.22 0.024 0.039 0.046 0.014 0.024 0.038 0.006 0.021 0.154
130 S 0.099 0.038 0.051 0.045 0.017 0.031 0.048 0.06 0.018 0.035 0.047 0.051 0.016 0.021 0.029 0.196 0.125 0.005 0.017 0.048
131 G 0.053 0.035 0.188 0.127 0.009 0.028 0.049 0.202 0.023 0.021 0.029 0.045 0.01 0.017 0.02 0.06 0.04 0.005 0.013 0.025
132 G 0.133 0.025 0.035 0.032 0.013 0.02 0.029 0.407 0.014 0.025 0.036 0.036 0.011 0.017 0.021 0.059 0.034 0.005 0.012 0.035
133 N 0.042 0.044 0.327 0.082 0.009 0.033 0.049 0.064 0.031 0.022 0.031 0.053 0.011 0.018 0.02 0.069 0.049 0.004 0.015 0.027
134 D 0.047 0.039 0.054 0.248 0.007 0.047 0.198 0.04 0.022 0.022 0.032 0.059 0.011 0.016 0.024 0.053 0.036 0.005 0.014 0.027
135 Q 0.055 0.067 0.043 0.057 0.008 0.186 0.153 0.039 0.028 0.025 0.044 0.086 0.018 0.015 0.024 0.055 0.04 0.006 0.019 0.034
136 A 0.147 0.024 0.02 0.022 0.018 0.018 0.028 0.044 0.013 0.092 0.098 0.031 0.024 0.12 0.02 0.05 0.043 0.008 0.036 0.144
137 L 0.039 0.021 0.015 0.016 0.013 0.013 0.019 0.023 0.013 0.088 0.249 0.022 0.037 0.225 0.012 0.024 0.029 0.012 0.055 0.074
138 L 0.044 0.024 0.014 0.015 0.016 0.016 0.02 0.021 0.01 0.114 0.385 0.025 0.049 0.054 0.014 0.024 0.033 0.007 0.022 0.095
139 L 0.056 0.023 0.015 0.016 0.017 0.016 0.021 0.023 0.009 0.138 0.257 0.025 0.04 0.045 0.015 0.028 0.041 0.006 0.021 0.187
140 A 0.253 0.033 0.032 0.034 0.02 0.027 0.043 0.074 0.016 0.039 0.054 0.046 0.017 0.021 0.029 0.121 0.057 0.005 0.017 0.061
141 T 0.075 0.032 0.038 0.035 0.017 0.025 0.037 0.043 0.014 0.104 0.084 0.042 0.023 0.028 0.025 0.11 0.159 0.006 0.018 0.089
142 Y 0.04 0.028 0.021 0.018 0.009 0.021 0.028 0.025 0.046 0.043 0.067 0.031 0.018 0.129 0.015 0.031 0.028 0.028 0.328 0.046
143 G 0.062 0.023 0.028 0.026 0.132 0.017 0.025 0.154 0.013 0.044 0.067 0.029 0.017 0.114 0.018 0.052 0.087 0.008 0.032 0.051
144 L 0.044 0.022 0.014 0.016 0.016 0.015 0.019 0.021 0.01 0.156 0.33 0.025 0.046 0.051 0.014 0.024 0.034 0.007 0.022 0.115
145 I 0.046 0.017 0.014 0.017 0.016 0.013 0.017 0.02 0.009 0.282 0.165 0.023 0.036 0.044 0.014 0.025 0.039 0.006 0.02 0.174
146 V 0.054 0.02 0.016 0.017 0.016 0.014 0.021 0.023 0.01 0.167 0.134 0.023 0.031 0.127 0.014 0.029 0.04 0.008 0.037 0.197
147 A 0.122 0.027 0.027 0.028 0.016 0.02 0.032 0.047 0.015 0.104 0.094 0.035 0.023 0.12 0.021 0.091 0.049 0.008 0.036 0.084
148 L 0.045 0.022 0.017 0.017 0.132 0.015 0.021 0.026 0.02 0.066 0.157 0.024 0.027 0.15 0.014 0.03 0.03 0.014 0.112 0.063
149 L 0.044 0.022 0.014 0.016 0.016 0.015 0.019 0.021 0.01 0.156 0.33 0.025 0.046 0.051 0.014 0.024 0.034 0.007 0.022 0.115
150 S 0.08 0.033 0.042 0.037 0.016 0.026 0.04 0.05 0.017 0.043 0.065 0.043 0.019 0.115 0.024 0.145 0.111 0.008 0.035 0.052
151 L 0.063 0.053 0.109 0.046 0.013 0.034 0.047 0.048 0.02 0.048 0.125 0.105 0.023 0.027 0.023 0.094 0.05 0.005 0.018 0.049
152 I 0.046 0.019 0.014 0.017 0.016 0.014 0.018 0.02 0.009 0.24 0.22 0.024 0.039 0.046 0.014 0.024 0.038 0.006 0.021 0.154
153 L 0.057 0.023 0.022 0.021 0.135 0.017 0.023 0.029 0.01 0.123 0.17 0.028 0.03 0.035 0.018 0.045 0.091 0.006 0.018 0.099
154 K 0.053 0.168 0.04 0.038 0.008 0.051 0.065 0.04 0.021 0.026 0.043 0.246 0.015 0.016 0.025 0.051 0.038 0.005 0.017 0.032
155 D 0.044 0.048 0.061 0.315 0.008 0.035 0.085 0.045 0.019 0.023 0.031 0.105 0.011 0.015 0.023 0.052 0.036 0.004 0.013 0.026
156 I 0.052 0.018 0.015 0.017 0.017 0.014 0.019 0.021 0.009 0.252 0.156 0.024 0.035 0.041 0.015 0.027 0.042 0.006 0.02 0.2
157 D 0.041 0.033 0.133 0.325 0.008 0.03 0.08 0.05 0.022 0.022 0.028 0.046 0.01 0.015 0.022 0.056 0.038 0.004 0.012 0.025
158 S 0.078 0.055 0.086 0.095 0.013 0.037 0.061 0.057 0.021 0.027 0.039 0.111 0.014 0.018 0.027 0.144 0.061 0.005 0.016 0.035
159 R 0.05 0.23 0.04 0.036 0.008 0.05 0.061 0.037 0.022 0.025 0.044 0.204 0.015 0.016 0.023 0.048 0.037 0.005 0.017 0.031
160 F 0.037 0.023 0.019 0.018 0.01 0.016 0.023 0.025 0.031 0.053 0.09 0.025 0.022 0.262 0.013 0.028 0.026 0.022 0.208 0.05
161 G 0.058 0.139 0.04 0.038 0.009 0.086 0.062 0.158 0.021 0.024 0.041 0.133 0.015 0.016 0.022 0.051 0.036 0.005 0.016 0.03
162 L 0.05 0.023 0.015 0.016 0.017 0.016 0.021 0.022 0.009 0.126 0.321 0.025 0.044 0.049 0.015 0.026 0.037 0.007 0.022 0.141
163 L 0.045 0.026 0.018 0.018 0.015 0.02 0.023 0.025 0.015 0.093 0.221 0.029 0.105 0.136 0.014 0.03 0.034 0.01 0.039 0.083
164 L 0.044 0.022 0.014 0.016 0.016 0.015 0.019 0.021 0.01 0.156 0.33 0.025 0.046 0.051 0.014 0.024 0.034 0.007 0.022 0.115
165 L 0.041 0.023 0.015 0.015 0.015 0.015 0.02 0.022 0.012 0.101 0.317 0.023 0.043 0.139 0.013 0.024 0.031 0.009 0.038 0.085
166 G 0.082 0.025 0.037 0.033 0.132 0.02 0.03 0.283 0.013 0.028 0.04 0.035 0.013 0.018 0.021 0.093 0.044 0.005 0.013 0.036
167 L 0.051 0.027 0.021 0.02 0.016 0.019 0.025 0.026 0.011 0.098 0.305 0.03 0.042 0.046 0.017 0.041 0.089 0.007 0.021 0.089
168 F 0.042 0.019 0.017 0.017 0.013 0.012 0.02 0.025 0.015 0.087 0.116 0.02 0.027 0.306 0.012 0.027 0.031 0.014 0.071 0.111
169 F 0.033 0.019 0.017 0.017 0.01 0.01 0.019 0.025 0.017 0.062 0.113 0.019 0.025 0.396 0.01 0.025 0.025 0.017 0.087 0.054
170 L 0.039 0.021 0.015 0.016 0.013 0.013 0.019 0.023 0.013 0.088 0.249 0.022 0.037 0.225 0.012 0.024 0.029 0.012 0.055 0.074
171 N 0.059 0.043 0.259 0.073 0.011 0.033 0.049 0.065 0.028 0.024 0.034 0.053 0.012 0.018 0.022 0.109 0.057 0.005 0.016 0.03
172 L 0.044 0.024 0.014 0.015 0.016 0.016 0.02 0.021 0.01 0.114 0.385 0.025 0.049 0.054 0.014 0.024 0.033 0.007 0.022 0.095
173 G 0.077 0.023 0.039 0.033 0.011 0.019 0.025 0.517 0.013 0.019 0.028 0.033 0.009 0.016 0.019 0.051 0.029 0.005 0.011 0.024
174 F 0.033 0.019 0.017 0.017 0.01 0.01 0.019 0.025 0.017 0.062 0.113 0.019 0.025 0.396 0.01 0.025 0.025 0.017 0.087 0.054
175 I 0.053 0.022 0.016 0.018 0.017 0.018 0.021 0.023 0.01 0.206 0.163 0.027 0.069 0.042 0.015 0.029 0.042 0.006 0.021 0.18
176 E 0.054 0.049 0.04 0.089 0.007 0.064 0.307 0.034 0.025 0.022 0.036 0.074 0.013 0.016 0.025 0.054 0.036 0.005 0.016 0.031
177 V 0.079 0.026 0.026 0.025 0.018 0.02 0.03 0.035 0.011 0.129 0.107 0.033 0.027 0.032 0.02 0.082 0.057 0.005 0.02 0.22
178 T 0.074 0.033 0.038 0.034 0.017 0.026 0.037 0.043 0.014 0.062 0.139 0.042 0.026 0.03 0.024 0.11 0.157 0.006 0.019 0.069
179 S 0.108 0.04 0.053 0.048 0.017 0.033 0.052 0.065 0.019 0.029 0.041 0.053 0.015 0.021 0.029 0.231 0.081 0.005 0.017 0.041
180 Y 0.04 0.028 0.021 0.018 0.009 0.021 0.028 0.025 0.046 0.043 0.067 0.031 0.018 0.129 0.015 0.031 0.028 0.028 0.328 0.046
181 F 0.033 0.019 0.017 0.017 0.01 0.01 0.019 0.025 0.017 0.062 0.113 0.019 0.025 0.396 0.01 0.025 0.025 0.017 0.087 0.054
182 L 0.044 0.024 0.014 0.015 0.016 0.016 0.02 0.021 0.01 0.114 0.385 0.025 0.049 0.054 0.014 0.024 0.033 0.007 0.022 0.095
183 R 0.044 0.355 0.038 0.031 0.008 0.048 0.052 0.032 0.023 0.023 0.046 0.118 0.015 0.017 0.019 0.044 0.034 0.006 0.017 0.031
184 Q 0.055 0.072 0.043 0.046 0.009 0.226 0.101 0.041 0.029 0.026 0.046 0.09 0.02 0.014 0.023 0.055 0.041 0.006 0.02 0.035
185 V 0.057 0.026 0.093 0.034 0.016 0.02 0.028 0.033 0.014 0.157 0.113 0.032 0.027 0.033 0.017 0.04 0.046 0.005 0.019 0.19
186 L 0.044 0.022 0.014 0.016 0.016 0.015 0.019 0.021 0.01 0.156 0.33 0.025 0.046 0.051 0.014 0.024 0.034 0.007 0.022 0.115
187 S 0.108 0.04 0.053 0.048 0.017 0.033 0.052 0.065 0.019 0.029 0.041 0.053 0.015 0.021 0.029 0.231 0.081 0.005 0.017 0.041
188 V 0.064 0.024 0.022 0.022 0.018 0.018 0.026 0.028 0.01 0.165 0.122 0.03 0.029 0.034 0.019 0.045 0.099 0.006 0.02 0.201
189 L 0.056 0.023 0.015 0.016 0.017 0.016 0.021 0.023 0.009 0.138 0.257 0.025 0.04 0.045 0.015 0.028 0.041 0.006 0.021 0.187
190 V 0.057 0.021 0.015 0.017 0.017 0.015 0.021 0.022 0.009 0.18 0.202 0.025 0.037 0.042 0.015 0.028 0.042 0.006 0.021 0.207
191 F 0.033 0.019 0.017 0.017 0.01 0.01 0.019 0.025 0.017 0.062 0.113 0.019 0.025 0.396 0.01 0.025 0.025 0.017 0.087 0.054
192 L 0.044 0.024 0.014 0.015 0.016 0.016 0.02 0.021 0.01 0.114 0.385 0.025 0.049 0.054 0.014 0.024 0.033 0.007 0.022 0.095
193 Y 0.04 0.032 0.098 0.034 0.009 0.024 0.033 0.034 0.042 0.038 0.058 0.036 0.017 0.101 0.017 0.04 0.033 0.022 0.25 0.041
194 A 0.221 0.03 0.032 0.033 0.018 0.025 0.038 0.186 0.015 0.035 0.049 0.042 0.015 0.02 0.027 0.094 0.048 0.005 0.016 0.054
195 I 0.052 0.018 0.015 0.017 0.017 0.014 0.019 0.021 0.009 0.252 0.156 0.024 0.035 0.041 0.015 0.027 0.042 0.006 0.02 0.2
196 N 0.043 0.053 0.178 0.055 0.009 0.032 0.046 0.049 0.025 0.033 0.054 0.103 0.016 0.112 0.019 0.054 0.04 0.008 0.034 0.035
197 C 0.065 0.016 0.016 0.016 0.482 0.012 0.016 0.033 0.008 0.045 0.065 0.02 0.016 0.02 0.016 0.041 0.037 0.004 0.012 0.057
198 V 0.07 0.022 0.017 0.018 0.019 0.017 0.023 0.025 0.008 0.165 0.131 0.026 0.032 0.036 0.017 0.033 0.05 0.006 0.021 0.266
199 K 0.062 0.073 0.04 0.053 0.009 0.049 0.123 0.043 0.021 0.026 0.04 0.175 0.014 0.016 0.086 0.074 0.043 0.005 0.016 0.033
200 R 0.067 0.118 0.115 0.049 0.013 0.035 0.048 0.051 0.022 0.032 0.046 0.067 0.015 0.02 0.024 0.109 0.105 0.005 0.017 0.042
201 R 0.067 0.196 0.043 0.037 0.013 0.039 0.048 0.043 0.02 0.032 0.049 0.084 0.016 0.02 0.024 0.103 0.102 0.006 0.017 0.043
202 F 0.042 0.125 0.028 0.026 0.01 0.031 0.04 0.031 0.019 0.047 0.095 0.112 0.022 0.185 0.017 0.037 0.031 0.01 0.048 0.045
203 K 0.052 0.066 0.033 0.031 0.071 0.037 0.048 0.035 0.059 0.05 0.13 0.159 0.024 0.027 0.021 0.043 0.036 0.006 0.023 0.05
204 R 0.05 0.23 0.04 0.036 0.008 0.05 0.061 0.037 0.022 0.025 0.044 0.204 0.015 0.016 0.023 0.048 0.037 0.005 0.017 0.031
205 W 0.032 0.024 0.017 0.016 0.008 0.017 0.024 0.029 0.023 0.033 0.056 0.024 0.016 0.077 0.009 0.024 0.024 0.382 0.132 0.034
206 V 0.057 0.021 0.015 0.017 0.017 0.015 0.021 0.022 0.009 0.18 0.202 0.025 0.037 0.042 0.015 0.028 0.042 0.006 0.021 0.207
207 L 0.04 0.024 0.017 0.016 0.013 0.016 0.022 0.023 0.021 0.083 0.237 0.025 0.035 0.158 0.013 0.026 0.03 0.015 0.115 0.072
208 F 0.033 0.019 0.017 0.017 0.01 0.01 0.019 0.025 0.017 0.062 0.113 0.019 0.025 0.396 0.01 0.025 0.025 0.017 0.087 0.054
209 L 0.048 0.02 0.015 0.016 0.134 0.014 0.018 0.024 0.01 0.132 0.216 0.022 0.035 0.086 0.014 0.028 0.034 0.007 0.027 0.1
210 L 0.051 0.022 0.015 0.016 0.017 0.015 0.02 0.022 0.009 0.168 0.266 0.025 0.041 0.047 0.015 0.026 0.038 0.006 0.021 0.161
211 S 0.156 0.037 0.046 0.043 0.018 0.031 0.049 0.068 0.018 0.033 0.046 0.051 0.016 0.021 0.029 0.195 0.073 0.005 0.017 0.048
212 F 0.051 0.02 0.016 0.017 0.015 0.013 0.021 0.025 0.012 0.112 0.12 0.022 0.028 0.216 0.013 0.029 0.037 0.011 0.054 0.167
213 F 0.047 0.026 0.024 0.023 0.014 0.019 0.026 0.03 0.016 0.069 0.121 0.029 0.061 0.216 0.016 0.044 0.087 0.012 0.054 0.067
214 F 0.052 0.024 0.026 0.025 0.012 0.016 0.027 0.035 0.017 0.054 0.095 0.027 0.023 0.302 0.015 0.077 0.039 0.014 0.07 0.051
215 H 0.041 0.045 0.053 0.038 0.007 0.038 0.053 0.038 0.365 0.023 0.038 0.045 0.015 0.03 0.019 0.041 0.026 0.007 0.056 0.023
216 I 0.053 0.021 0.016 0.018 0.017 0.017 0.021 0.023 0.01 0.218 0.161 0.026 0.061 0.042 0.015 0.029 0.042 0.006 0.021 0.185
217 S 0.108 0.04 0.053 0.048 0.017 0.033 0.052 0.065 0.019 0.029 0.041 0.053 0.015 0.021 0.029 0.231 0.081 0.005 0.017 0.041
218 A 0.301 0.031 0.025 0.029 0.021 0.025 0.04 0.077 0.015 0.043 0.059 0.044 0.017 0.021 0.029 0.084 0.049 0.005 0.017 0.068
219 V 0.121 0.023 0.018 0.02 0.019 0.018 0.026 0.037 0.01 0.162 0.12 0.03 0.029 0.034 0.019 0.043 0.046 0.005 0.02 0.2
220 V 0.058 0.02 0.015 0.017 0.017 0.015 0.02 0.022 0.008 0.222 0.147 0.024 0.034 0.039 0.015 0.029 0.044 0.006 0.02 0.227
221 N 0.042 0.044 0.327 0.082 0.009 0.033 0.049 0.064 0.031 0.022 0.031 0.053 0.011 0.018 0.02 0.069 0.049 0.004 0.015 0.027
222 I 0.052 0.018 0.015 0.017 0.017 0.014 0.019 0.021 0.009 0.252 0.156 0.024 0.035 0.041 0.015 0.027 0.042 0.006 0.02 0.2
223 G 0.056 0.02 0.021 0.021 0.014 0.015 0.021 0.147 0.012 0.131 0.109 0.025 0.025 0.123 0.015 0.033 0.036 0.008 0.035 0.133
224 I 0.052 0.018 0.015 0.017 0.017 0.014 0.019 0.021 0.009 0.252 0.156 0.024 0.035 0.041 0.015 0.027 0.042 0.006 0.02 0.2
225 Y 0.04 0.028 0.021 0.018 0.009 0.021 0.028 0.025 0.046 0.043 0.067 0.031 0.018 0.129 0.015 0.031 0.028 0.028 0.328 0.046
226 L 0.109 0.024 0.017 0.019 0.017 0.018 0.024 0.035 0.011 0.138 0.248 0.029 0.038 0.043 0.018 0.039 0.039 0.006 0.02 0.108
227 L 0.083 0.024 0.02 0.021 0.016 0.017 0.025 0.033 0.012 0.096 0.172 0.028 0.031 0.127 0.017 0.042 0.065 0.009 0.037 0.124
228 Y 0.17 0.029 0.023 0.024 0.015 0.023 0.034 0.051 0.03 0.043 0.063 0.037 0.018 0.075 0.022 0.057 0.038 0.016 0.173 0.057
229 L 0.048 0.046 0.022 0.023 0.013 0.027 0.034 0.029 0.015 0.082 0.217 0.093 0.069 0.085 0.017 0.034 0.035 0.008 0.029 0.073
230 L 0.052 0.025 0.021 0.021 0.016 0.018 0.024 0.026 0.011 0.14 0.25 0.029 0.038 0.044 0.017 0.041 0.091 0.006 0.02 0.108
231 L 0.047 0.026 0.024 0.022 0.013 0.019 0.026 0.028 0.022 0.068 0.157 0.03 0.028 0.151 0.017 0.043 0.086 0.014 0.114 0.066
232 G 0.064 0.126 0.039 0.034 0.009 0.034 0.043 0.277 0.017 0.022 0.036 0.118 0.012 0.016 0.021 0.049 0.033 0.005 0.014 0.028
233 K 0.065 0.07 0.051 0.134 0.01 0.042 0.07 0.049 0.02 0.026 0.038 0.169 0.014 0.016 0.026 0.097 0.048 0.005 0.016 0.032
234 K 0.056 0.101 0.041 0.042 0.008 0.074 0.074 0.042 0.021 0.027 0.043 0.264 0.016 0.015 0.027 0.053 0.039 0.005 0.017 0.033
235 K 0.054 0.083 0.034 0.035 0.01 0.043 0.057 0.037 0.017 0.091 0.073 0.222 0.021 0.022 0.024 0.046 0.039 0.005 0.018 0.068
236 V 0.049 0.024 0.03 0.115 0.013 0.02 0.04 0.029 0.02 0.127 0.097 0.031 0.024 0.056 0.017 0.035 0.038 0.011 0.095 0.131
237 S 0.088 0.04 0.12 0.055 0.015 0.032 0.05 0.063 0.022 0.027 0.038 0.052 0.014 0.019 0.056 0.179 0.07 0.005 0.017 0.037
238 F 0.045 0.023 0.017 0.017 0.013 0.016 0.023 0.025 0.021 0.085 0.132 0.025 0.027 0.154 0.013 0.028 0.032 0.076 0.12 0.111
239 P 0.12 0.037 0.027 0.031 0.015 0.072 0.05 0.044 0.016 0.064 0.067 0.05 0.02 0.021 0.142 0.054 0.044 0.005 0.018 0.103
240 R 0.045 0.343 0.039 0.031 0.008 0.049 0.052 0.033 0.023 0.023 0.047 0.121 0.016 0.017 0.019 0.045 0.035 0.006 0.017 0.031
241 I 0.047 0.018 0.015 0.018 0.016 0.013 0.018 0.021 0.009 0.268 0.169 0.024 0.037 0.044 0.015 0.025 0.04 0.006 0.021 0.177
242 I 0.047 0.018 0.015 0.018 0.016 0.013 0.018 0.021 0.009 0.268 0.169 0.024 0.037 0.044 0.015 0.025 0.04 0.006 0.021 0.177
243 K 0.057 0.108 0.042 0.042 0.009 0.054 0.071 0.043 0.021 0.028 0.043 0.275 0.016 0.016 0.028 0.054 0.04 0.005 0.017 0.033
244 A 0.287 0.031 0.026 0.03 0.022 0.026 0.041 0.079 0.015 0.043 0.06 0.045 0.018 0.022 0.03 0.085 0.05 0.005 0.018 0.069
245 L 0.054 0.042 0.021 0.023 0.015 0.025 0.033 0.027 0.012 0.146 0.18 0.091 0.033 0.037 0.018 0.033 0.04 0.006 0.02 0.145
246 I 0.055 0.019 0.015 0.017 0.017 0.014 0.02 0.022 0.008 0.237 0.152 0.024 0.034 0.04 0.015 0.028 0.043 0.006 0.02 0.214
247 I 0.047 0.018 0.015 0.018 0.016 0.013 0.018 0.021 0.009 0.27 0.168 0.024 0.037 0.044 0.015 0.025 0.04 0.006 0.021 0.177
248 L 0.071 0.023 0.016 0.017 0.018 0.017 0.022 0.026 0.009 0.13 0.252 0.026 0.039 0.044 0.016 0.031 0.041 0.006 0.021 0.174
249 F 0.036 0.02 0.016 0.016 0.012 0.012 0.019 0.024 0.015 0.075 0.181 0.02 0.031 0.31 0.011 0.025 0.027 0.014 0.071 0.064
250 S 0.14 0.033 0.036 0.035 0.018 0.027 0.041 0.057 0.016 0.054 0.131 0.044 0.024 0.029 0.025 0.143 0.061 0.006 0.018 0.061
251 F 0.039 0.02 0.015 0.016 0.013 0.012 0.019 0.023 0.013 0.13 0.194 0.021 0.034 0.222 0.012 0.025 0.031 0.012 0.054 0.094
252 L 0.066 0.027 0.027 0.027 0.016 0.021 0.03 0.036 0.013 0.141 0.197 0.034 0.034 0.039 0.019 0.092 0.051 0.006 0.02 0.104
253 A 0.174 0.026 0.02 0.023 0.019 0.02 0.03 0.049 0.012 0.113 0.164 0.034 0.03 0.034 0.022 0.055 0.043 0.006 0.019 0.108
254 G 0.133 0.025 0.035 0.032 0.013 0.02 0.029 0.407 0.014 0.025 0.036 0.036 0.011 0.017 0.021 0.059 0.034 0.005 0.012 0.035
255 L 0.146 0.03 0.023 0.024 0.018 0.024 0.032 0.046 0.014 0.076 0.175 0.037 0.064 0.036 0.022 0.058 0.069 0.006 0.02 0.081
256 L 0.052 0.025 0.019 0.019 0.016 0.018 0.024 0.026 0.011 0.114 0.328 0.028 0.044 0.049 0.016 0.05 0.039 0.007 0.021 0.093
257 V 0.054 0.02 0.016 0.017 0.016 0.014 0.021 0.023 0.01 0.167 0.134 0.023 0.031 0.127 0.014 0.029 0.04 0.008 0.037 0.197
258 L 0.052 0.022 0.016 0.017 0.016 0.015 0.021 0.023 0.011 0.122 0.205 0.024 0.035 0.131 0.014 0.028 0.038 0.009 0.038 0.166
259 F 0.033 0.019 0.017 0.017 0.01 0.01 0.019 0.025 0.017 0.063 0.113 0.019 0.025 0.394 0.01 0.025 0.025 0.017 0.088 0.054
260 G 0.055 0.021 0.028 0.025 0.011 0.015 0.022 0.27 0.015 0.041 0.071 0.026 0.017 0.205 0.015 0.038 0.027 0.011 0.049 0.039
261 L 0.057 0.023 0.015 0.016 0.018 0.016 0.022 0.023 0.009 0.139 0.255 0.025 0.04 0.045 0.015 0.028 0.041 0.006 0.021 0.186
262 L 0.052 0.023 0.015 0.016 0.017 0.016 0.021 0.022 0.009 0.13 0.298 0.025 0.043 0.048 0.015 0.027 0.038 0.006 0.021 0.156
263 Y 0.038 0.025 0.02 0.018 0.009 0.019 0.025 0.025 0.039 0.048 0.079 0.028 0.02 0.196 0.014 0.029 0.027 0.025 0.268 0.048
264 L 0.047 0.027 0.093 0.033 0.014 0.019 0.028 0.034 0.016 0.09 0.164 0.031 0.029 0.126 0.015 0.038 0.039 0.008 0.036 0.114
265 T 0.09 0.037 0.048 0.043 0.017 0.03 0.045 0.054 0.016 0.041 0.053 0.049 0.017 0.022 0.028 0.161 0.169 0.005 0.017 0.056
266 P 0.056 0.025 0.023 0.031 0.01 0.02 0.036 0.036 0.013 0.025 0.036 0.041 0.01 0.013 0.501 0.043 0.036 0.003 0.013 0.031
267 L 0.051 0.022 0.015 0.016 0.017 0.015 0.02 0.022 0.009 0.168 0.266 0.025 0.041 0.047 0.015 0.026 0.038 0.006 0.021 0.161
268 Y 0.048 0.024 0.025 0.022 0.01 0.018 0.025 0.148 0.03 0.042 0.069 0.028 0.018 0.167 0.015 0.034 0.027 0.019 0.188 0.043
269 D 0.061 0.051 0.058 0.225 0.01 0.036 0.075 0.05 0.019 0.025 0.035 0.108 0.012 0.016 0.025 0.097 0.047 0.004 0.014 0.03
270 L 0.048 0.02 0.015 0.017 0.015 0.014 0.02 0.023 0.011 0.155 0.198 0.023 0.035 0.132 0.014 0.027 0.036 0.009 0.038 0.151
271 L 0.05 0.023 0.015 0.016 0.017 0.016 0.02 0.022 0.009 0.147 0.293 0.025 0.043 0.048 0.015 0.026 0.038 0.006 0.021 0.151
272 L 0.047 0.022 0.015 0.016 0.015 0.015 0.02 0.023 0.011 0.113 0.253 0.024 0.038 0.135 0.014 0.026 0.035 0.009 0.038 0.131
273 D 0.069 0.044 0.052 0.134 0.013 0.079 0.07 0.049 0.02 0.032 0.045 0.058 0.016 0.018 0.025 0.107 0.103 0.005 0.017 0.042
274 K 0.054 0.133 0.041 0.04 0.008 0.074 0.071 0.041 0.022 0.027 0.043 0.243 0.016 0.015 0.026 0.052 0.039 0.005 0.017 0.032
275 F 0.043 0.023 0.023 0.022 0.012 0.015 0.024 0.029 0.016 0.06 0.1 0.025 0.024 0.303 0.015 0.042 0.083 0.014 0.07 0.058
276 L 0.067 0.031 0.031 0.029 0.017 0.023 0.033 0.038 0.013 0.077 0.219 0.037 0.033 0.038 0.021 0.093 0.101 0.006 0.02 0.075
277 D 0.075 0.038 0.125 0.146 0.013 0.032 0.06 0.06 0.022 0.026 0.035 0.051 0.013 0.018 0.025 0.146 0.061 0.005 0.015 0.033
278 V 0.069 0.022 0.016 0.018 0.019 0.016 0.023 0.024 0.008 0.162 0.128 0.026 0.031 0.035 0.016 0.032 0.049 0.005 0.02 0.28
279 S 0.093 0.034 0.044 0.04 0.017 0.028 0.043 0.054 0.016 0.092 0.072 0.046 0.021 0.026 0.026 0.18 0.07 0.005 0.018 0.074
280 S 0.086 0.039 0.046 0.058 0.013 0.04 0.126 0.14 0.02 0.025 0.037 0.056 0.013 0.018 0.026 0.142 0.057 0.005 0.016 0.035
281 N 0.042 0.044 0.327 0.082 0.009 0.033 0.049 0.064 0.031 0.022 0.031 0.053 0.011 0.018 0.02 0.069 0.049 0.004 0.015 0.027
282 D 0.057 0.032 0.064 0.317 0.01 0.03 0.08 0.051 0.019 0.024 0.031 0.046 0.011 0.016 0.024 0.096 0.046 0.004 0.013 0.028
283 K 0.056 0.097 0.042 0.042 0.009 0.096 0.078 0.042 0.023 0.027 0.044 0.239 0.017 0.015 0.026 0.053 0.039 0.005 0.018 0.033
284 F 0.035 0.021 0.018 0.017 0.01 0.013 0.021 0.025 0.024 0.058 0.101 0.022 0.023 0.329 0.012 0.026 0.026 0.019 0.148 0.052
285 S 0.099 0.038 0.051 0.045 0.017 0.031 0.048 0.06 0.018 0.035 0.047 0.051 0.016 0.021 0.029 0.196 0.125 0.005 0.017 0.048
286 T 0.058 0.112 0.034 0.03 0.015 0.03 0.037 0.035 0.015 0.06 0.14 0.058 0.026 0.029 0.022 0.063 0.146 0.006 0.019 0.066
287 L 0.044 0.024 0.014 0.015 0.016 0.016 0.02 0.021 0.01 0.114 0.385 0.025 0.049 0.054 0.014 0.024 0.033 0.007 0.022 0.095
288 P 0.056 0.025 0.023 0.031 0.01 0.02 0.036 0.036 0.013 0.025 0.036 0.041 0.01 0.013 0.501 0.043 0.036 0.003 0.013 0.031
289 L 0.044 0.022 0.015 0.016 0.015 0.015 0.02 0.022 0.011 0.107 0.285 0.023 0.041 0.137 0.013 0.025 0.033 0.009 0.038 0.108
290 N 0.046 0.04 0.251 0.069 0.009 0.03 0.045 0.057 0.026 0.023 0.032 0.05 0.011 0.016 0.14 0.062 0.045 0.004 0.015 0.028
291 Y 0.04 0.028 0.021 0.018 0.009 0.021 0.028 0.025 0.046 0.043 0.067 0.031 0.018 0.129 0.015 0.031 0.028 0.028 0.328 0.046
292 I 0.055 0.019 0.015 0.017 0.017 0.014 0.02 0.022 0.008 0.237 0.152 0.024 0.034 0.04 0.015 0.028 0.043 0.006 0.02 0.214
293 I 0.048 0.021 0.016 0.018 0.016 0.017 0.02 0.022 0.01 0.236 0.173 0.026 0.07 0.045 0.015 0.027 0.039 0.006 0.021 0.153
294 I 0.053 0.022 0.016 0.018 0.017 0.018 0.021 0.023 0.01 0.206 0.163 0.027 0.069 0.042 0.015 0.029 0.042 0.006 0.021 0.18
295 T 0.072 0.035 0.043 0.037 0.018 0.027 0.039 0.043 0.014 0.053 0.064 0.045 0.019 0.023 0.027 0.091 0.258 0.006 0.018 0.07
296 L 0.063 0.029 0.029 0.027 0.017 0.021 0.03 0.032 0.011 0.103 0.163 0.035 0.03 0.034 0.021 0.059 0.149 0.006 0.019 0.122
297 V 0.127 0.024 0.018 0.02 0.02 0.018 0.027 0.038 0.01 0.132 0.111 0.03 0.028 0.032 0.02 0.045 0.049 0.005 0.02 0.227
298 N 0.042 0.044 0.327 0.082 0.009 0.033 0.049 0.064 0.031 0.022 0.031 0.053 0.011 0.018 0.02 0.069 0.049 0.004 0.015 0.027
299 L 0.045 0.021 0.014 0.016 0.016 0.015 0.019 0.021 0.009 0.198 0.275 0.024 0.043 0.049 0.014 0.024 0.036 0.006 0.021 0.134
300 L 0.053 0.02 0.016 0.016 0.134 0.014 0.019 0.026 0.011 0.096 0.172 0.022 0.03 0.126 0.014 0.03 0.036 0.008 0.035 0.121
301 I 0.043 0.018 0.015 0.017 0.015 0.012 0.018 0.021 0.011 0.227 0.152 0.022 0.033 0.132 0.013 0.025 0.036 0.009 0.037 0.144
302 I 0.046 0.017 0.014 0.017 0.016 0.013 0.017 0.02 0.009 0.282 0.165 0.023 0.036 0.044 0.014 0.025 0.039 0.006 0.02 0.174
303 L 0.05 0.02 0.015 0.016 0.135 0.014 0.018 0.024 0.009 0.138 0.25 0.023 0.038 0.043 0.015 0.028 0.035 0.006 0.019 0.105
304 F 0.049 0.107 0.023 0.021 0.013 0.026 0.03 0.027 0.016 0.087 0.12 0.05 0.061 0.124 0.015 0.034 0.037 0.009 0.037 0.114
305 L 0.106 0.023 0.018 0.02 0.016 0.016 0.024 0.036 0.012 0.125 0.18 0.028 0.032 0.129 0.017 0.039 0.037 0.009 0.037 0.098
306 G 0.06 0.107 0.033 0.03 0.013 0.027 0.033 0.153 0.015 0.094 0.076 0.055 0.02 0.025 0.02 0.053 0.09 0.006 0.016 0.075
307 R 0.044 0.208 0.033 0.03 0.009 0.04 0.048 0.033 0.021 0.034 0.062 0.136 0.018 0.111 0.019 0.041 0.033 0.008 0.035 0.037
308 K 0.05 0.147 0.033 0.032 0.01 0.042 0.053 0.035 0.018 0.048 0.129 0.18 0.024 0.025 0.022 0.043 0.036 0.006 0.018 0.047
309 G 0.078 0.027 0.036 0.033 0.015 0.022 0.032 0.199 0.014 0.107 0.079 0.037 0.021 0.027 0.021 0.099 0.05 0.005 0.016 0.081
310 G 0.087 0.038 0.046 0.055 0.013 0.037 0.109 0.171 0.019 0.025 0.037 0.054 0.013 0.018 0.026 0.142 0.057 0.005 0.015 0.034
311 K 0.056 0.061 0.107 0.047 0.011 0.082 0.061 0.043 0.022 0.059 0.062 0.114 0.019 0.021 0.022 0.052 0.044 0.005 0.018 0.093
312 C 0.053 0.115 0.026 0.024 0.13 0.029 0.035 0.031 0.023 0.051 0.066 0.082 0.018 0.048 0.018 0.039 0.035 0.011 0.094 0.072
313 D 0.049 0.035 0.126 0.233 0.01 0.03 0.067 0.05 0.02 0.03 0.038 0.047 0.012 0.018 0.023 0.066 0.094 0.004 0.014 0.036
314 N 0.043 0.112 0.128 0.114 0.01 0.031 0.049 0.042 0.021 0.087 0.068 0.06 0.018 0.023 0.019 0.048 0.04 0.005 0.016 0.064
315 F 0.045 0.021 0.016 0.016 0.014 0.013 0.02 0.024 0.013 0.1 0.185 0.022 0.033 0.22 0.013 0.027 0.033 0.011 0.054 0.121
316 V 0.056 0.035 0.103 0.054 0.013 0.033 0.102 0.039 0.019 0.093 0.078 0.047 0.021 0.026 0.021 0.053 0.071 0.005 0.018 0.115
317 K 0.065 0.07 0.039 0.037 0.011 0.04 0.055 0.044 0.026 0.032 0.048 0.165 0.016 0.045 0.025 0.092 0.047 0.011 0.095 0.038
318 F 0.039 0.02 0.015 0.016 0.013 0.012 0.019 0.023 0.013 0.13 0.194 0.021 0.034 0.222 0.012 0.025 0.031 0.012 0.054 0.094
319 L 0.044 0.024 0.014 0.015 0.016 0.016 0.02 0.021 0.01 0.114 0.385 0.025 0.049 0.054 0.014 0.024 0.033 0.007 0.022 0.095
320 L 0.039 0.021 0.015 0.016 0.013 0.013 0.019 0.023 0.013 0.088 0.249 0.022 0.037 0.225 0.012 0.024 0.029 0.012 0.055 0.074
