#Seq2Logo.py -f /work3/idamei/wzy_ssn/run/1e-50/run/150/MSAs/0008_101.afa -o /work3/idamei/wzy_ssn/run/1e-50/run/150/logos/0008_101.logo
#Position Specific Frequency Matrix
A R N D C Q E G H I L K M F P S T W Y V
0 L 0.052 0.032 0.02 0.02 0.016 0.028 0.028 0.028 0.016 0.099 0.195 0.036 0.169 0.048 0.016 0.036 0.04 0.008 0.024 0.091
1 G 0.076 0.031 0.054 0.162 0.012 0.027 0.056 0.209 0.017 0.023 0.032 0.044 0.011 0.017 0.023 0.11 0.049 0.005 0.013 0.03
2 K 0.071 0.054 0.036 0.036 0.014 0.033 0.047 0.043 0.016 0.112 0.083 0.121 0.022 0.027 0.024 0.102 0.053 0.005 0.018 0.083
3 D 0.051 0.062 0.05 0.178 0.008 0.049 0.155 0.041 0.022 0.024 0.036 0.135 0.012 0.016 0.025 0.053 0.037 0.005 0.015 0.029
4 L 0.051 0.03 0.028 0.024 0.014 0.023 0.032 0.028 0.127 0.097 0.168 0.032 0.031 0.059 0.016 0.033 0.036 0.007 0.037 0.129
5 L 0.052 0.023 0.015 0.016 0.017 0.016 0.021 0.022 0.009 0.13 0.297 0.025 0.043 0.048 0.015 0.027 0.038 0.007 0.022 0.156
6 F 0.038 0.018 0.016 0.017 0.012 0.011 0.018 0.024 0.014 0.135 0.131 0.02 0.029 0.277 0.012 0.025 0.03 0.013 0.065 0.095
7 L 0.065 0.036 0.13 0.049 0.014 0.027 0.04 0.05 0.02 0.055 0.151 0.044 0.025 0.031 0.021 0.107 0.054 0.006 0.018 0.054
8 I 0.047 0.018 0.015 0.018 0.016 0.013 0.018 0.02 0.009 0.278 0.166 0.023 0.036 0.044 0.015 0.025 0.039 0.006 0.02 0.175
9 T 0.064 0.029 0.033 0.031 0.017 0.023 0.032 0.035 0.012 0.128 0.098 0.038 0.025 0.03 0.023 0.069 0.182 0.006 0.019 0.105
10 E 0.055 0.049 0.04 0.089 0.007 0.064 0.303 0.035 0.026 0.022 0.036 0.075 0.013 0.016 0.026 0.055 0.036 0.005 0.016 0.031
11 L 0.047 0.024 0.016 0.017 0.016 0.019 0.022 0.023 0.012 0.164 0.248 0.028 0.085 0.049 0.015 0.028 0.037 0.007 0.022 0.121
12 A 0.147 0.035 0.042 0.039 0.019 0.029 0.044 0.06 0.016 0.042 0.055 0.048 0.018 0.022 0.029 0.135 0.14 0.005 0.017 0.06
13 L 0.047 0.02 0.014 0.017 0.016 0.014 0.019 0.021 0.009 0.217 0.236 0.024 0.04 0.047 0.014 0.025 0.038 0.006 0.021 0.154
14 V 0.061 0.022 0.016 0.017 0.018 0.016 0.022 0.023 0.009 0.147 0.213 0.026 0.037 0.042 0.016 0.03 0.044 0.006 0.021 0.216
15 F 0.065 0.026 0.028 0.028 0.015 0.019 0.03 0.037 0.014 0.129 0.108 0.032 0.026 0.133 0.018 0.093 0.05 0.009 0.038 0.103
16 F 0.059 0.024 0.026 0.026 0.014 0.018 0.028 0.035 0.015 0.125 0.111 0.03 0.026 0.173 0.017 0.081 0.045 0.01 0.046 0.091
17 G 0.086 0.027 0.038 0.034 0.146 0.022 0.033 0.206 0.014 0.03 0.043 0.038 0.014 0.019 0.022 0.117 0.051 0.005 0.014 0.04
18 L 0.15 0.029 0.025 0.026 0.019 0.022 0.032 0.048 0.013 0.076 0.172 0.037 0.029 0.034 0.023 0.063 0.089 0.006 0.019 0.089
19 L 0.046 0.02 0.014 0.017 0.016 0.014 0.018 0.021 0.009 0.224 0.238 0.024 0.041 0.047 0.014 0.025 0.037 0.006 0.021 0.148
20 Y 0.056 0.031 0.032 0.028 0.013 0.024 0.033 0.034 0.03 0.048 0.066 0.038 0.019 0.077 0.021 0.061 0.141 0.017 0.171 0.058
21 L 0.047 0.021 0.014 0.016 0.016 0.015 0.019 0.021 0.009 0.186 0.271 0.024 0.042 0.048 0.014 0.025 0.037 0.006 0.021 0.144
22 F 0.04 0.018 0.016 0.017 0.013 0.012 0.018 0.023 0.013 0.17 0.14 0.021 0.031 0.218 0.013 0.025 0.032 0.011 0.054 0.115
23 K 0.064 0.07 0.04 0.038 0.013 0.039 0.053 0.041 0.017 0.049 0.059 0.163 0.018 0.02 0.026 0.067 0.129 0.005 0.018 0.069
24 K 0.06 0.087 0.043 0.044 0.009 0.122 0.082 0.044 0.024 0.027 0.044 0.184 0.017 0.015 0.026 0.069 0.043 0.005 0.019 0.034
25 C 0.178 0.024 0.021 0.023 0.215 0.019 0.028 0.054 0.012 0.045 0.066 0.032 0.017 0.052 0.022 0.061 0.042 0.006 0.021 0.062
26 L 0.048 0.025 0.017 0.02 0.014 0.018 0.025 0.026 0.011 0.085 0.266 0.03 0.036 0.04 0.176 0.031 0.034 0.006 0.019 0.074
27 L 0.075 0.033 0.037 0.034 0.017 0.025 0.037 0.043 0.014 0.065 0.163 0.041 0.028 0.033 0.024 0.114 0.123 0.006 0.019 0.069
28 L 0.043 0.025 0.017 0.017 0.014 0.018 0.022 0.025 0.014 0.092 0.23 0.027 0.081 0.165 0.013 0.028 0.033 0.011 0.045 0.08
29 R 0.056 0.143 0.033 0.03 0.012 0.039 0.048 0.034 0.036 0.071 0.072 0.139 0.021 0.023 0.021 0.043 0.04 0.006 0.02 0.113
30 N 0.046 0.111 0.126 0.045 0.011 0.032 0.041 0.04 0.021 0.108 0.081 0.084 0.021 0.026 0.019 0.047 0.041 0.005 0.018 0.078
31 F 0.046 0.047 0.024 0.025 0.012 0.026 0.035 0.029 0.015 0.123 0.107 0.109 0.026 0.151 0.017 0.034 0.035 0.009 0.042 0.087
32 Y 0.04 0.028 0.022 0.019 0.009 0.022 0.028 0.025 0.046 0.043 0.068 0.031 0.019 0.13 0.015 0.031 0.028 0.028 0.325 0.046
33 L 0.048 0.058 0.126 0.046 0.011 0.034 0.046 0.043 0.021 0.055 0.152 0.121 0.025 0.029 0.02 0.049 0.04 0.006 0.018 0.051
34 D 0.042 0.028 0.05 0.274 0.01 0.025 0.067 0.038 0.016 0.053 0.146 0.038 0.023 0.028 0.019 0.042 0.034 0.005 0.015 0.048
35 K 0.137 0.081 0.036 0.037 0.013 0.044 0.06 0.054 0.019 0.032 0.048 0.205 0.016 0.017 0.028 0.063 0.043 0.005 0.017 0.044
36 V 0.083 0.028 0.029 0.028 0.018 0.022 0.033 0.038 0.012 0.119 0.1 0.035 0.026 0.03 0.021 0.097 0.06 0.005 0.019 0.198
37 L 0.046 0.029 0.118 0.038 0.014 0.021 0.029 0.036 0.017 0.132 0.191 0.034 0.032 0.038 0.016 0.04 0.041 0.006 0.019 0.105
38 L 0.044 0.024 0.014 0.015 0.016 0.016 0.02 0.021 0.01 0.128 0.363 0.025 0.048 0.053 0.014 0.024 0.034 0.007 0.022 0.102
39 S 0.11 0.04 0.054 0.049 0.018 0.033 0.053 0.067 0.019 0.03 0.042 0.054 0.016 0.021 0.03 0.217 0.082 0.005 0.018 0.042
40 N 0.044 0.031 0.169 0.05 0.012 0.023 0.033 0.043 0.02 0.15 0.099 0.038 0.024 0.031 0.017 0.047 0.044 0.005 0.018 0.101
41 L 0.041 0.022 0.015 0.016 0.014 0.014 0.019 0.022 0.012 0.106 0.28 0.023 0.04 0.167 0.013 0.024 0.031 0.01 0.044 0.086
42 F 0.036 0.02 0.016 0.016 0.012 0.012 0.019 0.024 0.015 0.077 0.188 0.021 0.032 0.299 0.011 0.025 0.027 0.014 0.07 0.066
43 C 0.058 0.019 0.015 0.016 0.331 0.013 0.017 0.028 0.009 0.068 0.17 0.022 0.027 0.031 0.015 0.035 0.035 0.005 0.015 0.069
44 L 0.131 0.029 0.02 0.021 0.018 0.023 0.029 0.042 0.014 0.085 0.212 0.035 0.078 0.041 0.02 0.048 0.041 0.007 0.021 0.085
45 F 0.036 0.02 0.016 0.016 0.012 0.012 0.019 0.024 0.015 0.077 0.188 0.021 0.032 0.299 0.011 0.025 0.027 0.014 0.07 0.066
46 F 0.039 0.019 0.016 0.017 0.013 0.012 0.018 0.023 0.013 0.149 0.149 0.021 0.031 0.238 0.012 0.025 0.031 0.012 0.058 0.104
47 F 0.039 0.018 0.017 0.017 0.09 0.011 0.018 0.026 0.015 0.06 0.105 0.019 0.024 0.33 0.011 0.028 0.027 0.015 0.075 0.055
48 I 0.047 0.02 0.015 0.017 0.016 0.014 0.019 0.021 0.009 0.226 0.224 0.024 0.04 0.046 0.015 0.025 0.038 0.006 0.021 0.158
49 V 0.062 0.02 0.016 0.018 0.018 0.015 0.021 0.023 0.008 0.201 0.141 0.025 0.033 0.038 0.016 0.03 0.046 0.006 0.02 0.242
50 V 0.05 0.019 0.016 0.017 0.015 0.013 0.02 0.023 0.011 0.168 0.136 0.023 0.031 0.157 0.014 0.027 0.038 0.009 0.043 0.169
51 I 0.054 0.019 0.015 0.018 0.017 0.014 0.019 0.022 0.009 0.24 0.154 0.024 0.035 0.041 0.015 0.027 0.043 0.006 0.02 0.209
52 L 0.132 0.043 0.028 0.03 0.015 0.088 0.054 0.046 0.018 0.061 0.162 0.053 0.029 0.03 0.022 0.055 0.041 0.006 0.02 0.066
53 L 0.047 0.02 0.016 0.016 0.172 0.013 0.018 0.026 0.012 0.074 0.186 0.021 0.03 0.156 0.014 0.03 0.031 0.009 0.041 0.069
54 P 0.068 0.031 0.033 0.033 0.012 0.025 0.038 0.042 0.026 0.033 0.048 0.042 0.015 0.054 0.181 0.101 0.048 0.012 0.118 0.039
55 A 0.154 0.04 0.04 0.056 0.015 0.041 0.132 0.059 0.02 0.031 0.046 0.057 0.015 0.02 0.028 0.122 0.056 0.005 0.017 0.047
56 L 0.05 0.026 0.025 0.023 0.015 0.018 0.026 0.03 0.013 0.077 0.186 0.03 0.031 0.157 0.017 0.047 0.104 0.01 0.043 0.073
57 I 0.047 0.018 0.015 0.018 0.016 0.013 0.018 0.021 0.009 0.268 0.169 0.024 0.037 0.044 0.015 0.025 0.04 0.006 0.021 0.177
58 F 0.034 0.019 0.017 0.017 0.011 0.011 0.019 0.026 0.017 0.064 0.115 0.019 0.026 0.384 0.011 0.026 0.026 0.017 0.089 0.055
59 T 0.073 0.036 0.044 0.038 0.018 0.028 0.04 0.044 0.014 0.054 0.065 0.046 0.02 0.024 0.028 0.093 0.243 0.006 0.018 0.071
60 N 0.047 0.065 0.229 0.069 0.009 0.04 0.056 0.057 0.028 0.024 0.035 0.131 0.013 0.017 0.022 0.064 0.046 0.005 0.016 0.029
61 G 0.061 0.033 0.129 0.052 0.012 0.028 0.064 0.202 0.019 0.052 0.052 0.043 0.015 0.021 0.019 0.053 0.041 0.005 0.015 0.082
62 N 0.043 0.043 0.207 0.185 0.008 0.053 0.069 0.056 0.027 0.023 0.032 0.054 0.011 0.016 0.021 0.062 0.043 0.004 0.015 0.027
63 Y 0.053 0.026 0.027 0.023 0.01 0.021 0.027 0.188 0.035 0.035 0.055 0.032 0.015 0.092 0.017 0.038 0.028 0.02 0.22 0.039
64 F 0.037 0.021 0.016 0.016 0.012 0.012 0.019 0.024 0.014 0.08 0.203 0.021 0.033 0.28 0.012 0.025 0.028 0.013 0.066 0.068
65 V 0.069 0.026 0.025 0.024 0.018 0.02 0.028 0.03 0.01 0.133 0.11 0.032 0.028 0.032 0.02 0.052 0.117 0.006 0.019 0.202
66 G 0.065 0.025 0.049 0.157 0.01 0.022 0.047 0.359 0.015 0.02 0.028 0.037 0.009 0.016 0.02 0.051 0.031 0.005 0.011 0.024
67 L 0.062 0.028 0.028 0.027 0.015 0.02 0.03 0.037 0.015 0.069 0.179 0.032 0.03 0.156 0.018 0.092 0.046 0.01 0.042 0.064
68 L 0.048 0.022 0.014 0.016 0.016 0.015 0.02 0.021 0.009 0.174 0.282 0.025 0.043 0.049 0.014 0.025 0.037 0.006 0.021 0.142
69 K 0.056 0.106 0.041 0.041 0.009 0.053 0.07 0.043 0.02 0.027 0.043 0.285 0.015 0.015 0.027 0.053 0.039 0.005 0.017 0.032
70 L 0.053 0.021 0.015 0.017 0.017 0.015 0.02 0.022 0.009 0.185 0.226 0.025 0.039 0.044 0.015 0.027 0.04 0.006 0.021 0.182
71 I 0.06 0.023 0.023 0.024 0.016 0.018 0.025 0.031 0.011 0.205 0.162 0.03 0.033 0.04 0.018 0.07 0.048 0.006 0.02 0.136
72 L 0.068 0.032 0.029 0.028 0.016 0.025 0.033 0.038 0.015 0.078 0.191 0.038 0.077 0.06 0.02 0.096 0.051 0.007 0.025 0.074
73 C 0.051 0.02 0.018 0.02 0.17 0.014 0.023 0.03 0.012 0.049 0.09 0.026 0.019 0.144 0.148 0.035 0.032 0.008 0.038 0.051
74 L 0.044 0.024 0.014 0.015 0.016 0.016 0.02 0.021 0.01 0.114 0.382 0.025 0.049 0.054 0.014 0.024 0.033 0.007 0.022 0.095
75 L 0.047 0.02 0.016 0.016 0.172 0.013 0.018 0.026 0.012 0.074 0.186 0.021 0.03 0.156 0.014 0.03 0.031 0.009 0.041 0.069
76 L 0.047 0.023 0.016 0.017 0.016 0.018 0.021 0.022 0.011 0.175 0.256 0.027 0.071 0.049 0.015 0.027 0.037 0.007 0.022 0.125
77 V 0.062 0.02 0.016 0.018 0.018 0.015 0.021 0.023 0.008 0.201 0.141 0.025 0.033 0.038 0.016 0.03 0.046 0.006 0.02 0.242
78 F 0.046 0.021 0.018 0.017 0.17 0.015 0.021 0.027 0.024 0.05 0.082 0.023 0.02 0.181 0.014 0.032 0.03 0.016 0.142 0.052
79 F 0.038 0.018 0.016 0.017 0.012 0.011 0.018 0.024 0.014 0.135 0.131 0.02 0.029 0.277 0.012 0.025 0.03 0.013 0.065 0.095
80 G 0.161 0.031 0.039 0.037 0.016 0.026 0.039 0.219 0.016 0.03 0.043 0.044 0.014 0.019 0.026 0.121 0.053 0.005 0.015 0.045
81 Y 0.038 0.025 0.02 0.018 0.01 0.018 0.025 0.025 0.036 0.05 0.083 0.027 0.021 0.217 0.014 0.029 0.027 0.024 0.246 0.049
82 Q 0.06 0.056 0.035 0.037 0.012 0.154 0.076 0.035 0.022 0.072 0.074 0.069 0.024 0.021 0.021 0.048 0.043 0.006 0.02 0.115
83 C 0.051 0.047 0.025 0.025 0.169 0.025 0.035 0.033 0.015 0.045 0.073 0.108 0.019 0.143 0.018 0.039 0.034 0.009 0.039 0.048
84 P 0.073 0.046 0.04 0.042 0.012 0.092 0.063 0.047 0.02 0.027 0.041 0.062 0.015 0.016 0.184 0.109 0.053 0.005 0.017 0.036
85 R 0.048 0.27 0.039 0.034 0.008 0.05 0.058 0.036 0.022 0.024 0.045 0.174 0.015 0.017 0.022 0.047 0.036 0.006 0.017 0.031
86 L 0.047 0.053 0.026 0.025 0.011 0.03 0.039 0.03 0.026 0.062 0.164 0.114 0.028 0.066 0.019 0.036 0.033 0.013 0.121 0.058
87 C 0.157 0.029 0.032 0.031 0.176 0.023 0.036 0.058 0.014 0.039 0.055 0.039 0.016 0.021 0.025 0.117 0.056 0.005 0.016 0.055
88 P 0.133 0.027 0.021 0.025 0.016 0.021 0.032 0.045 0.013 0.06 0.148 0.037 0.032 0.029 0.181 0.051 0.04 0.005 0.017 0.064
89 W 0.038 0.025 0.017 0.016 0.011 0.018 0.023 0.025 0.024 0.062 0.167 0.026 0.028 0.081 0.012 0.026 0.028 0.177 0.138 0.057
90 L 0.058 0.022 0.015 0.017 0.018 0.016 0.021 0.023 0.009 0.16 0.217 0.025 0.038 0.043 0.015 0.029 0.043 0.006 0.021 0.205
91 L 0.046 0.02 0.014 0.017 0.016 0.014 0.018 0.021 0.009 0.224 0.238 0.024 0.041 0.047 0.014 0.025 0.037 0.006 0.021 0.148
92 I 0.048 0.022 0.016 0.018 0.016 0.018 0.021 0.023 0.011 0.219 0.176 0.027 0.081 0.045 0.015 0.028 0.04 0.007 0.022 0.147
93 L 0.137 0.025 0.019 0.021 0.019 0.019 0.028 0.041 0.011 0.107 0.19 0.032 0.033 0.037 0.02 0.047 0.044 0.006 0.02 0.147
94 L 0.049 0.022 0.016 0.016 0.015 0.014 0.021 0.024 0.012 0.113 0.208 0.023 0.035 0.161 0.014 0.027 0.036 0.01 0.043 0.142
95 L 0.044 0.024 0.014 0.015 0.016 0.016 0.02 0.021 0.01 0.114 0.382 0.025 0.049 0.054 0.014 0.024 0.033 0.007 0.022 0.095
96 L 0.049 0.022 0.016 0.016 0.015 0.014 0.021 0.024 0.012 0.113 0.208 0.023 0.035 0.161 0.014 0.027 0.036 0.01 0.043 0.142
97 L 0.043 0.023 0.017 0.017 0.013 0.017 0.022 0.022 0.022 0.142 0.19 0.026 0.033 0.095 0.014 0.027 0.033 0.014 0.126 0.103
98 N 0.064 0.037 0.133 0.05 0.012 0.029 0.043 0.052 0.032 0.032 0.047 0.046 0.015 0.056 0.022 0.109 0.053 0.012 0.119 0.038
99 S 0.109 0.04 0.054 0.048 0.017 0.033 0.052 0.066 0.019 0.029 0.041 0.054 0.016 0.021 0.029 0.228 0.081 0.005 0.017 0.041
100 L 0.131 0.029 0.02 0.021 0.018 0.023 0.029 0.042 0.014 0.085 0.212 0.035 0.078 0.041 0.02 0.048 0.041 0.007 0.021 0.085
101 L 0.045 0.039 0.025 0.026 0.012 0.083 0.047 0.029 0.018 0.071 0.195 0.045 0.033 0.135 0.016 0.035 0.033 0.009 0.04 0.064
102 N 0.064 0.043 0.234 0.071 0.012 0.033 0.05 0.065 0.027 0.025 0.035 0.053 0.013 0.019 0.023 0.122 0.06 0.005 0.016 0.032
103 F 0.036 0.022 0.018 0.017 0.01 0.014 0.022 0.025 0.027 0.056 0.098 0.023 0.023 0.305 0.012 0.027 0.026 0.02 0.167 0.052
104 I 0.045 0.02 0.015 0.017 0.015 0.014 0.019 0.021 0.011 0.215 0.202 0.024 0.037 0.052 0.014 0.025 0.036 0.035 0.04 0.142
105 I 0.055 0.028 0.029 0.026 0.015 0.022 0.03 0.031 0.039 0.124 0.098 0.035 0.025 0.054 0.02 0.053 0.12 0.011 0.089 0.097
106 N 0.064 0.035 0.131 0.049 0.013 0.027 0.04 0.051 0.021 0.05 0.122 0.043 0.023 0.069 0.021 0.107 0.054 0.007 0.026 0.05
107 G 0.055 0.05 0.032 0.03 0.009 0.029 0.039 0.196 0.016 0.025 0.041 0.114 0.013 0.03 0.018 0.042 0.03 0.169 0.032 0.029
108 T 0.066 0.046 0.04 0.038 0.015 0.091 0.058 0.04 0.018 0.056 0.066 0.058 0.021 0.022 0.025 0.073 0.16 0.006 0.019 0.081
109 L 0.041 0.022 0.015 0.016 0.014 0.014 0.02 0.022 0.012 0.109 0.295 0.023 0.042 0.148 0.013 0.024 0.031 0.01 0.04 0.088
110 D 0.041 0.035 0.153 0.296 0.008 0.031 0.077 0.052 0.023 0.022 0.029 0.047 0.01 0.016 0.021 0.057 0.04 0.004 0.013 0.025
111 K 0.056 0.106 0.041 0.041 0.009 0.053 0.07 0.043 0.02 0.027 0.043 0.285 0.015 0.015 0.027 0.053 0.039 0.005 0.017 0.032
112 F 0.036 0.022 0.018 0.017 0.01 0.014 0.022 0.025 0.027 0.056 0.098 0.023 0.023 0.305 0.012 0.027 0.026 0.02 0.167 0.052
113 S 0.109 0.04 0.054 0.048 0.017 0.033 0.052 0.066 0.019 0.029 0.041 0.054 0.016 0.021 0.029 0.228 0.081 0.005 0.017 0.041
114 Y 0.065 0.028 0.03 0.028 0.014 0.023 0.032 0.037 0.025 0.117 0.092 0.036 0.023 0.065 0.02 0.094 0.049 0.013 0.121 0.088
115 F 0.038 0.018 0.016 0.017 0.012 0.011 0.018 0.024 0.014 0.135 0.131 0.02 0.029 0.277 0.012 0.025 0.03 0.013 0.065 0.095
116 P 0.056 0.026 0.023 0.031 0.01 0.02 0.036 0.036 0.013 0.026 0.036 0.041 0.01 0.013 0.499 0.043 0.036 0.003 0.013 0.031
117 I 0.042 0.018 0.015 0.017 0.014 0.012 0.018 0.022 0.011 0.206 0.149 0.022 0.033 0.16 0.013 0.025 0.035 0.009 0.043 0.135
118 S 0.097 0.038 0.05 0.045 0.017 0.031 0.048 0.058 0.017 0.037 0.049 0.051 0.017 0.022 0.029 0.182 0.139 0.005 0.017 0.051
119 F 0.033 0.019 0.017 0.017 0.01 0.01 0.019 0.025 0.017 0.063 0.113 0.019 0.025 0.393 0.01 0.025 0.025 0.017 0.088 0.054
120 V 0.05 0.019 0.016 0.017 0.015 0.013 0.02 0.023 0.011 0.168 0.136 0.023 0.031 0.157 0.014 0.027 0.038 0.009 0.043 0.169
121 A 0.139 0.028 0.028 0.028 0.018 0.022 0.032 0.047 0.012 0.125 0.097 0.037 0.024 0.03 0.024 0.067 0.114 0.006 0.018 0.104
122 L 0.041 0.022 0.015 0.016 0.014 0.014 0.02 0.022 0.012 0.097 0.292 0.023 0.041 0.167 0.013 0.024 0.03 0.01 0.044 0.082
123 L 0.044 0.024 0.014 0.015 0.016 0.016 0.02 0.021 0.01 0.114 0.382 0.025 0.049 0.054 0.014 0.024 0.033 0.007 0.022 0.095
124 L 0.042 0.021 0.016 0.017 0.014 0.014 0.02 0.022 0.015 0.15 0.215 0.024 0.036 0.134 0.014 0.025 0.033 0.011 0.07 0.107
125 Y 0.125 0.028 0.022 0.022 0.013 0.022 0.031 0.042 0.032 0.045 0.07 0.034 0.019 0.123 0.02 0.048 0.035 0.019 0.196 0.054
126 S 0.087 0.034 0.04 0.037 0.017 0.027 0.041 0.051 0.016 0.058 0.155 0.044 0.027 0.032 0.024 0.16 0.065 0.006 0.019 0.059
127 F 0.039 0.019 0.017 0.017 0.012 0.013 0.019 0.024 0.017 0.132 0.126 0.022 0.028 0.247 0.012 0.026 0.03 0.014 0.092 0.094
128 F 0.041 0.111 0.036 0.03 0.009 0.033 0.043 0.033 0.133 0.037 0.065 0.08 0.019 0.147 0.017 0.038 0.029 0.01 0.054 0.036
129 D 0.066 0.032 0.047 0.157 0.014 0.027 0.055 0.046 0.016 0.052 0.133 0.042 0.023 0.028 0.023 0.105 0.062 0.005 0.017 0.052
130 R 0.057 0.146 0.038 0.051 0.009 0.045 0.129 0.141 0.021 0.03 0.043 0.089 0.014 0.018 0.022 0.049 0.035 0.006 0.016 0.043
131 V 0.058 0.02 0.015 0.018 0.018 0.015 0.02 0.022 0.008 0.22 0.148 0.025 0.034 0.04 0.015 0.029 0.044 0.006 0.02 0.225
132 G 0.077 0.025 0.042 0.065 0.011 0.021 0.033 0.438 0.014 0.02 0.029 0.036 0.01 0.016 0.02 0.066 0.034 0.005 0.011 0.026
133 N 0.047 0.054 0.23 0.071 0.009 0.096 0.067 0.057 0.031 0.024 0.036 0.066 0.014 0.017 0.021 0.065 0.046 0.005 0.017 0.03
134 L 0.06 0.029 0.026 0.024 0.017 0.021 0.029 0.032 0.012 0.09 0.271 0.033 0.039 0.044 0.019 0.069 0.078 0.007 0.021 0.082
135 P 0.056 0.026 0.023 0.031 0.01 0.021 0.036 0.036 0.013 0.026 0.036 0.041 0.01 0.013 0.498 0.044 0.036 0.003 0.013 0.031
136 V 0.061 0.076 0.02 0.02 0.017 0.021 0.027 0.025 0.011 0.159 0.122 0.041 0.03 0.034 0.017 0.033 0.045 0.006 0.02 0.218
137 Y 0.045 0.043 0.029 0.028 0.009 0.088 0.053 0.03 0.041 0.038 0.061 0.051 0.019 0.091 0.018 0.039 0.032 0.02 0.222 0.043
138 G 0.066 0.079 0.038 0.035 0.01 0.033 0.043 0.277 0.017 0.029 0.048 0.124 0.025 0.019 0.021 0.05 0.034 0.006 0.014 0.033
139 D 0.041 0.037 0.196 0.243 0.008 0.032 0.07 0.055 0.025 0.022 0.029 0.049 0.01 0.016 0.021 0.06 0.042 0.004 0.013 0.025
140 K 0.057 0.101 0.04 0.04 0.009 0.051 0.067 0.042 0.02 0.035 0.048 0.271 0.016 0.016 0.027 0.052 0.04 0.005 0.017 0.046
141 K 0.078 0.056 0.037 0.036 0.015 0.034 0.048 0.044 0.016 0.073 0.071 0.122 0.021 0.024 0.024 0.104 0.056 0.005 0.018 0.117
142 K 0.049 0.077 0.033 0.033 0.009 0.039 0.053 0.037 0.019 0.039 0.066 0.196 0.019 0.141 0.022 0.044 0.035 0.009 0.041 0.04
143 Y 0.04 0.028 0.022 0.019 0.009 0.022 0.028 0.025 0.046 0.043 0.068 0.031 0.019 0.13 0.015 0.031 0.028 0.028 0.325 0.046
144 A 0.257 0.029 0.024 0.027 0.021 0.024 0.037 0.068 0.014 0.072 0.074 0.041 0.02 0.024 0.027 0.075 0.049 0.005 0.018 0.094
145 L 0.05 0.02 0.015 0.017 0.017 0.015 0.019 0.021 0.009 0.204 0.232 0.024 0.04 0.046 0.015 0.026 0.039 0.006 0.021 0.165
146 L 0.045 0.022 0.014 0.016 0.016 0.015 0.019 0.021 0.01 0.169 0.31 0.024 0.045 0.051 0.014 0.024 0.035 0.007 0.022 0.122
147 C 0.05 0.022 0.018 0.018 0.172 0.017 0.021 0.028 0.014 0.069 0.124 0.025 0.07 0.154 0.014 0.034 0.034 0.01 0.041 0.067
148 L 0.045 0.021 0.014 0.016 0.016 0.015 0.019 0.021 0.009 0.187 0.286 0.024 0.043 0.05 0.014 0.024 0.036 0.007 0.021 0.131
149 F 0.033 0.019 0.017 0.017 0.01 0.01 0.019 0.025 0.017 0.063 0.113 0.019 0.025 0.393 0.01 0.025 0.025 0.017 0.088 0.054
150 I 0.054 0.019 0.015 0.017 0.017 0.014 0.02 0.022 0.009 0.231 0.166 0.024 0.035 0.042 0.015 0.027 0.042 0.006 0.02 0.204
151 L 0.051 0.021 0.015 0.015 0.174 0.015 0.019 0.025 0.009 0.091 0.276 0.023 0.038 0.043 0.015 0.029 0.034 0.006 0.019 0.082
152 L 0.045 0.022 0.014 0.016 0.016 0.015 0.019 0.021 0.01 0.169 0.31 0.024 0.045 0.051 0.014 0.024 0.035 0.007 0.022 0.122
153 D 0.041 0.03 0.068 0.403 0.007 0.03 0.09 0.046 0.019 0.022 0.028 0.044 0.009 0.015 0.022 0.052 0.035 0.004 0.011 0.024
154 L 0.046 0.022 0.014 0.016 0.016 0.015 0.019 0.021 0.01 0.163 0.308 0.025 0.045 0.05 0.014 0.025 0.036 0.007 0.022 0.127
155 L 0.057 0.03 0.027 0.025 0.017 0.023 0.029 0.031 0.013 0.096 0.205 0.035 0.064 0.04 0.02 0.053 0.121 0.007 0.021 0.089
156 Q 0.055 0.073 0.044 0.047 0.009 0.222 0.102 0.041 0.029 0.026 0.047 0.09 0.02 0.015 0.023 0.055 0.041 0.006 0.02 0.035
157 G 0.098 0.034 0.049 0.043 0.015 0.028 0.043 0.215 0.017 0.026 0.037 0.047 0.013 0.019 0.026 0.169 0.064 0.005 0.015 0.036
158 L 0.045 0.022 0.014 0.016 0.016 0.015 0.019 0.021 0.01 0.169 0.31 0.024 0.045 0.051 0.014 0.024 0.035 0.007 0.022 0.122
159 Y 0.041 0.027 0.019 0.017 0.011 0.02 0.025 0.023 0.034 0.067 0.172 0.029 0.029 0.104 0.015 0.029 0.03 0.021 0.224 0.063
160 T 0.064 0.029 0.033 0.031 0.017 0.023 0.032 0.035 0.012 0.128 0.098 0.038 0.025 0.03 0.023 0.069 0.182 0.006 0.019 0.105
161 H 0.05 0.046 0.124 0.068 0.008 0.045 0.135 0.046 0.139 0.023 0.036 0.058 0.013 0.022 0.022 0.064 0.039 0.006 0.03 0.028
162 Y 0.04 0.027 0.021 0.018 0.009 0.021 0.027 0.025 0.045 0.044 0.07 0.03 0.019 0.144 0.015 0.031 0.028 0.027 0.311 0.047
163 R 0.044 0.351 0.038 0.031 0.008 0.048 0.052 0.033 0.023 0.023 0.046 0.119 0.015 0.017 0.019 0.044 0.035 0.006 0.017 0.031
164 G 0.078 0.023 0.039 0.033 0.011 0.019 0.025 0.515 0.013 0.019 0.028 0.033 0.009 0.016 0.019 0.051 0.029 0.005 0.011 0.024
165 Q 0.055 0.073 0.044 0.047 0.009 0.222 0.102 0.041 0.029 0.026 0.047 0.09 0.02 0.015 0.023 0.055 0.041 0.006 0.02 0.035
166 L 0.055 0.021 0.015 0.017 0.017 0.015 0.021 0.022 0.009 0.179 0.224 0.025 0.039 0.044 0.015 0.028 0.041 0.006 0.021 0.188
167 L 0.045 0.022 0.014 0.016 0.016 0.015 0.019 0.021 0.01 0.169 0.31 0.024 0.045 0.051 0.014 0.024 0.035 0.007 0.022 0.122
168 Y 0.038 0.025 0.02 0.018 0.01 0.018 0.025 0.025 0.036 0.05 0.083 0.027 0.021 0.217 0.014 0.029 0.027 0.024 0.246 0.049
169 C 0.072 0.033 0.131 0.049 0.172 0.026 0.039 0.054 0.019 0.032 0.046 0.042 0.014 0.02 0.022 0.112 0.055 0.005 0.015 0.042
170 I 0.072 0.027 0.028 0.028 0.017 0.021 0.03 0.036 0.012 0.151 0.14 0.034 0.03 0.035 0.02 0.094 0.055 0.006 0.02 0.144
171 L 0.046 0.02 0.014 0.017 0.016 0.014 0.018 0.021 0.009 0.224 0.238 0.024 0.041 0.047 0.014 0.025 0.037 0.006 0.021 0.148
172 C 0.081 0.026 0.029 0.027 0.175 0.02 0.03 0.041 0.012 0.079 0.078 0.033 0.021 0.025 0.021 0.1 0.055 0.005 0.017 0.125
173 L 0.047 0.022 0.014 0.016 0.016 0.015 0.02 0.021 0.01 0.156 0.306 0.025 0.044 0.05 0.014 0.025 0.036 0.007 0.022 0.133
174 V 0.056 0.021 0.015 0.017 0.017 0.015 0.021 0.022 0.009 0.191 0.198 0.025 0.037 0.042 0.015 0.028 0.042 0.006 0.021 0.202
175 C 0.048 0.018 0.016 0.017 0.172 0.013 0.018 0.026 0.012 0.118 0.116 0.021 0.033 0.152 0.014 0.031 0.034 0.009 0.04 0.091
176 L 0.044 0.024 0.014 0.015 0.016 0.016 0.02 0.021 0.01 0.114 0.382 0.025 0.049 0.054 0.014 0.024 0.033 0.007 0.022 0.095
177 L 0.053 0.021 0.015 0.017 0.017 0.015 0.02 0.022 0.009 0.185 0.226 0.025 0.039 0.044 0.015 0.027 0.04 0.006 0.021 0.182
178 F 0.035 0.019 0.016 0.017 0.011 0.011 0.019 0.025 0.016 0.068 0.143 0.02 0.028 0.355 0.011 0.025 0.026 0.016 0.081 0.059
179 N 0.046 0.075 0.245 0.07 0.009 0.039 0.054 0.058 0.028 0.023 0.035 0.109 0.012 0.017 0.022 0.064 0.046 0.005 0.016 0.028
180 I 0.047 0.019 0.016 0.017 0.015 0.013 0.019 0.023 0.011 0.181 0.14 0.022 0.032 0.158 0.014 0.027 0.037 0.009 0.043 0.157
181 S 0.087 0.041 0.144 0.06 0.015 0.033 0.051 0.065 0.023 0.027 0.038 0.053 0.014 0.02 0.026 0.175 0.07 0.005 0.017 0.037
182 L 0.047 0.027 0.016 0.017 0.016 0.02 0.023 0.023 0.012 0.109 0.319 0.029 0.089 0.052 0.015 0.028 0.035 0.007 0.023 0.094
183 R 0.049 0.256 0.039 0.035 0.008 0.05 0.059 0.037 0.022 0.025 0.045 0.184 0.015 0.016 0.022 0.048 0.036 0.006 0.017 0.031
184 K 0.055 0.184 0.041 0.038 0.009 0.05 0.063 0.041 0.021 0.026 0.044 0.217 0.015 0.016 0.025 0.06 0.04 0.005 0.017 0.032
185 R 0.048 0.177 0.134 0.051 0.009 0.043 0.054 0.046 0.025 0.025 0.041 0.13 0.014 0.017 0.022 0.057 0.053 0.005 0.017 0.032
186 L 0.053 0.021 0.015 0.017 0.017 0.015 0.02 0.022 0.009 0.185 0.226 0.025 0.039 0.044 0.015 0.027 0.04 0.006 0.021 0.182
187 P 0.136 0.03 0.025 0.031 0.014 0.033 0.041 0.05 0.014 0.031 0.044 0.045 0.013 0.016 0.316 0.058 0.041 0.004 0.015 0.043
188 L 0.064 0.03 0.03 0.027 0.014 0.023 0.033 0.037 0.025 0.062 0.164 0.037 0.028 0.068 0.02 0.094 0.047 0.013 0.121 0.061
189 V 0.053 0.019 0.016 0.017 0.016 0.014 0.02 0.023 0.01 0.186 0.14 0.023 0.032 0.118 0.014 0.028 0.04 0.008 0.035 0.188
190 F 0.033 0.019 0.017 0.017 0.01 0.01 0.019 0.025 0.017 0.063 0.113 0.019 0.025 0.393 0.01 0.025 0.025 0.017 0.088 0.054
191 L 0.045 0.022 0.014 0.016 0.016 0.015 0.019 0.021 0.01 0.169 0.31 0.024 0.045 0.051 0.014 0.024 0.035 0.007 0.022 0.122
192 V 0.079 0.031 0.032 0.031 0.018 0.026 0.036 0.041 0.014 0.092 0.107 0.039 0.055 0.032 0.022 0.105 0.08 0.006 0.02 0.134
193 L 0.05 0.026 0.025 0.023 0.015 0.018 0.026 0.03 0.013 0.077 0.186 0.03 0.031 0.157 0.017 0.047 0.104 0.01 0.043 0.073
194 P 0.091 0.035 0.043 0.043 0.015 0.029 0.047 0.056 0.017 0.028 0.04 0.049 0.014 0.018 0.186 0.166 0.066 0.004 0.016 0.038
195 L 0.048 0.023 0.015 0.016 0.016 0.015 0.021 0.022 0.01 0.119 0.296 0.025 0.042 0.088 0.014 0.026 0.036 0.008 0.029 0.131
196 G 0.067 0.023 0.031 0.027 0.012 0.018 0.023 0.35 0.012 0.06 0.134 0.031 0.022 0.028 0.017 0.042 0.031 0.006 0.014 0.052
197 Y 0.04 0.028 0.022 0.019 0.009 0.022 0.028 0.025 0.046 0.043 0.068 0.031 0.019 0.13 0.015 0.031 0.028 0.028 0.325 0.046
198 L 0.051 0.021 0.015 0.017 0.017 0.015 0.02 0.022 0.009 0.198 0.23 0.024 0.04 0.045 0.015 0.026 0.039 0.006 0.021 0.171
199 C 0.135 0.022 0.019 0.021 0.175 0.017 0.025 0.044 0.011 0.11 0.094 0.029 0.023 0.048 0.02 0.05 0.041 0.006 0.02 0.093
200 I 0.049 0.019 0.016 0.019 0.016 0.014 0.019 0.022 0.009 0.259 0.159 0.025 0.035 0.042 0.015 0.029 0.052 0.006 0.02 0.175
201 L 0.047 0.024 0.016 0.017 0.016 0.019 0.022 0.023 0.012 0.164 0.248 0.028 0.085 0.049 0.015 0.028 0.037 0.007 0.022 0.121
202 Y 0.113 0.029 0.024 0.023 0.013 0.023 0.032 0.04 0.036 0.044 0.065 0.035 0.018 0.094 0.02 0.049 0.046 0.02 0.222 0.054
203 F 0.04 0.021 0.017 0.017 0.012 0.014 0.02 0.023 0.02 0.133 0.136 0.023 0.029 0.199 0.013 0.026 0.031 0.015 0.114 0.095
204 I 0.067 0.025 0.028 0.028 0.016 0.02 0.029 0.035 0.012 0.195 0.125 0.033 0.029 0.036 0.02 0.092 0.053 0.006 0.019 0.13
205 G 0.078 0.023 0.039 0.033 0.011 0.019 0.025 0.515 0.013 0.019 0.028 0.033 0.009 0.016 0.019 0.051 0.029 0.005 0.011 0.024
206 L 0.04 0.024 0.018 0.017 0.012 0.017 0.023 0.024 0.026 0.072 0.185 0.026 0.031 0.178 0.014 0.027 0.029 0.018 0.158 0.065
207 N 0.064 0.037 0.133 0.05 0.012 0.029 0.043 0.052 0.032 0.032 0.047 0.046 0.015 0.056 0.022 0.109 0.053 0.012 0.119 0.038
208 Y 0.038 0.025 0.02 0.018 0.01 0.018 0.025 0.025 0.036 0.05 0.083 0.027 0.021 0.217 0.014 0.029 0.027 0.024 0.246 0.049
209 F 0.033 0.019 0.017 0.017 0.01 0.01 0.019 0.025 0.017 0.063 0.113 0.019 0.025 0.393 0.01 0.025 0.025 0.017 0.088 0.054
210 L 0.065 0.036 0.13 0.049 0.014 0.027 0.04 0.05 0.02 0.055 0.151 0.044 0.025 0.031 0.021 0.107 0.054 0.006 0.018 0.054
211 K 0.068 0.058 0.039 0.036 0.012 0.036 0.05 0.044 0.029 0.033 0.051 0.123 0.016 0.055 0.024 0.104 0.049 0.013 0.12 0.04
212 G 0.054 0.043 0.052 0.056 0.009 0.089 0.057 0.142 0.031 0.03 0.048 0.053 0.016 0.053 0.019 0.047 0.034 0.013 0.119 0.035
213 N 0.053 0.038 0.127 0.063 0.011 0.038 0.125 0.041 0.022 0.063 0.065 0.051 0.018 0.043 0.02 0.052 0.043 0.006 0.021 0.099
214 L 0.057 0.042 0.031 0.031 0.014 0.087 0.052 0.033 0.017 0.077 0.171 0.051 0.031 0.032 0.02 0.05 0.086 0.006 0.02 0.09
215 I 0.042 0.018 0.015 0.017 0.014 0.012 0.018 0.022 0.011 0.206 0.149 0.022 0.033 0.16 0.013 0.025 0.035 0.009 0.043 0.135
216 F 0.037 0.021 0.016 0.016 0.012 0.012 0.019 0.024 0.014 0.08 0.203 0.021 0.033 0.28 0.012 0.025 0.028 0.013 0.066 0.068
217 S 0.091 0.043 0.049 0.062 0.014 0.043 0.136 0.055 0.021 0.027 0.04 0.061 0.015 0.019 0.028 0.17 0.066 0.005 0.017 0.038
218 P 0.137 0.027 0.024 0.03 0.014 0.022 0.037 0.05 0.013 0.031 0.043 0.042 0.013 0.016 0.342 0.057 0.04 0.003 0.014 0.043
219 T 0.072 0.035 0.043 0.037 0.018 0.027 0.039 0.043 0.014 0.053 0.064 0.045 0.02 0.023 0.027 0.092 0.254 0.006 0.018 0.07
220 A 0.211 0.03 0.024 0.026 0.017 0.024 0.036 0.06 0.025 0.043 0.062 0.04 0.018 0.057 0.025 0.066 0.042 0.013 0.12 0.061
221 S 0.109 0.04 0.054 0.048 0.017 0.033 0.052 0.066 0.019 0.029 0.041 0.054 0.016 0.021 0.029 0.228 0.081 0.005 0.017 0.041
222 N 0.042 0.044 0.324 0.082 0.009 0.033 0.049 0.065 0.031 0.022 0.031 0.053 0.011 0.018 0.02 0.069 0.049 0.004 0.016 0.027
223 I 0.047 0.018 0.015 0.018 0.016 0.013 0.018 0.02 0.009 0.278 0.166 0.023 0.036 0.044 0.015 0.025 0.039 0.006 0.02 0.175
224 E 0.055 0.049 0.04 0.089 0.007 0.064 0.303 0.035 0.026 0.022 0.036 0.075 0.013 0.016 0.026 0.055 0.036 0.005 0.016 0.031
225 R 0.044 0.351 0.038 0.031 0.008 0.048 0.052 0.033 0.023 0.023 0.046 0.119 0.015 0.017 0.019 0.044 0.035 0.006 0.017 0.031
226 S 0.097 0.038 0.05 0.045 0.017 0.031 0.048 0.058 0.017 0.037 0.049 0.051 0.017 0.022 0.029 0.182 0.139 0.005 0.017 0.051
227 G 0.098 0.034 0.049 0.043 0.015 0.028 0.043 0.215 0.017 0.026 0.037 0.047 0.013 0.019 0.026 0.169 0.064 0.005 0.015 0.036
228 L 0.052 0.032 0.02 0.02 0.016 0.028 0.028 0.028 0.016 0.099 0.195 0.036 0.169 0.048 0.016 0.036 0.04 0.008 0.024 0.091
229 I 0.047 0.018 0.015 0.018 0.016 0.013 0.018 0.02 0.009 0.278 0.166 0.023 0.036 0.044 0.015 0.025 0.039 0.006 0.02 0.175
230 Y 0.04 0.028 0.022 0.019 0.009 0.022 0.028 0.025 0.046 0.043 0.068 0.031 0.019 0.13 0.015 0.031 0.028 0.028 0.325 0.046
231 W 0.033 0.024 0.017 0.016 0.008 0.017 0.024 0.028 0.025 0.034 0.058 0.025 0.016 0.083 0.01 0.025 0.024 0.341 0.153 0.035
232 S 0.087 0.034 0.04 0.037 0.017 0.027 0.041 0.051 0.016 0.058 0.155 0.044 0.027 0.032 0.024 0.16 0.065 0.006 0.019 0.059
233 V 0.062 0.02 0.016 0.018 0.018 0.015 0.021 0.023 0.008 0.201 0.141 0.025 0.033 0.038 0.016 0.03 0.046 0.006 0.02 0.242
234 N 0.061 0.042 0.231 0.069 0.012 0.032 0.048 0.062 0.027 0.038 0.042 0.052 0.014 0.02 0.022 0.111 0.057 0.005 0.016 0.039
235 H 0.05 0.072 0.047 0.041 0.008 0.084 0.07 0.04 0.174 0.025 0.041 0.135 0.016 0.022 0.023 0.048 0.034 0.006 0.035 0.029
236 L 0.07 0.021 0.016 0.018 0.015 0.014 0.021 0.028 0.012 0.144 0.184 0.025 0.033 0.16 0.015 0.031 0.034 0.01 0.043 0.105
237 P 0.054 0.028 0.059 0.033 0.01 0.022 0.032 0.142 0.026 0.03 0.044 0.037 0.013 0.053 0.178 0.044 0.033 0.012 0.117 0.034
238 D 0.041 0.03 0.068 0.403 0.007 0.03 0.09 0.046 0.019 0.022 0.028 0.044 0.009 0.015 0.022 0.052 0.035 0.004 0.011 0.024
239 F 0.036 0.022 0.018 0.017 0.01 0.014 0.022 0.025 0.027 0.056 0.098 0.023 0.023 0.305 0.012 0.027 0.026 0.02 0.167 0.052
240 L 0.046 0.02 0.014 0.017 0.016 0.014 0.018 0.021 0.009 0.224 0.238 0.024 0.041 0.047 0.014 0.025 0.037 0.006 0.021 0.148
241 F 0.038 0.019 0.016 0.017 0.013 0.012 0.018 0.023 0.014 0.137 0.146 0.021 0.03 0.258 0.012 0.025 0.03 0.013 0.062 0.097
242 S 0.086 0.042 0.053 0.045 0.014 0.035 0.052 0.056 0.133 0.027 0.04 0.051 0.015 0.024 0.026 0.166 0.063 0.006 0.03 0.035
243 G 0.151 0.025 0.034 0.032 0.014 0.021 0.03 0.369 0.014 0.027 0.038 0.037 0.012 0.018 0.022 0.062 0.036 0.005 0.013 0.039
244 P 0.055 0.028 0.022 0.027 0.012 0.023 0.033 0.033 0.014 0.05 0.089 0.039 0.063 0.024 0.338 0.041 0.037 0.004 0.016 0.051
245 G 0.074 0.031 0.042 0.036 0.015 0.024 0.034 0.2 0.014 0.041 0.052 0.041 0.016 0.021 0.024 0.078 0.179 0.006 0.015 0.055
246 V 0.07 0.026 0.025 0.024 0.019 0.02 0.028 0.031 0.01 0.126 0.107 0.032 0.027 0.031 0.02 0.052 0.117 0.006 0.019 0.208
247 L 0.069 0.037 0.036 0.051 0.013 0.037 0.125 0.041 0.019 0.052 0.138 0.051 0.024 0.049 0.023 0.102 0.05 0.006 0.022 0.054
248 L 0.04 0.029 0.088 0.033 0.012 0.02 0.03 0.034 0.056 0.066 0.176 0.032 0.029 0.156 0.015 0.036 0.033 0.01 0.046 0.058
249 F 0.033 0.019 0.017 0.017 0.01 0.01 0.019 0.025 0.017 0.063 0.113 0.019 0.025 0.393 0.01 0.025 0.025 0.017 0.088 0.054
250 L 0.051 0.049 0.033 0.05 0.011 0.101 0.142 0.032 0.022 0.054 0.155 0.063 0.027 0.028 0.021 0.045 0.037 0.006 0.02 0.054
251 D 0.127 0.035 0.139 0.172 0.013 0.029 0.06 0.063 0.021 0.029 0.039 0.047 0.013 0.018 0.024 0.068 0.044 0.004 0.015 0.04
252 N 0.044 0.045 0.292 0.083 0.009 0.037 0.077 0.061 0.031 0.022 0.032 0.056 0.011 0.018 0.021 0.067 0.048 0.005 0.016 0.027
253 G 0.161 0.031 0.039 0.037 0.016 0.026 0.039 0.219 0.016 0.03 0.043 0.044 0.014 0.019 0.026 0.121 0.053 0.005 0.015 0.045
254 G 0.078 0.023 0.039 0.033 0.011 0.019 0.025 0.515 0.013 0.019 0.028 0.033 0.009 0.016 0.019 0.051 0.029 0.005 0.011 0.024
255 D 0.05 0.058 0.052 0.166 0.008 0.158 0.098 0.043 0.026 0.025 0.04 0.075 0.017 0.015 0.023 0.054 0.039 0.005 0.017 0.031
256 Y 0.04 0.028 0.022 0.019 0.009 0.022 0.028 0.025 0.046 0.043 0.068 0.031 0.019 0.13 0.015 0.031 0.028 0.028 0.325 0.046
257 K 0.056 0.106 0.041 0.041 0.009 0.053 0.07 0.043 0.02 0.027 0.043 0.285 0.015 0.015 0.027 0.053 0.039 0.005 0.017 0.032
258 N 0.086 0.039 0.138 0.055 0.015 0.031 0.046 0.059 0.021 0.037 0.053 0.05 0.024 0.022 0.025 0.126 0.105 0.005 0.017 0.047
259 L 0.044 0.024 0.014 0.015 0.016 0.016 0.02 0.021 0.01 0.114 0.382 0.025 0.049 0.054 0.014 0.024 0.033 0.007 0.022 0.095
260 Y 0.04 0.028 0.022 0.019 0.009 0.022 0.028 0.025 0.046 0.043 0.068 0.031 0.019 0.13 0.015 0.031 0.028 0.028 0.325 0.046
261 G 0.077 0.029 0.035 0.032 0.015 0.023 0.032 0.201 0.014 0.054 0.15 0.037 0.025 0.03 0.021 0.101 0.048 0.006 0.017 0.054
262 L 0.049 0.029 0.018 0.018 0.016 0.024 0.025 0.026 0.014 0.101 0.242 0.032 0.128 0.069 0.015 0.032 0.037 0.008 0.027 0.09
263 P 0.091 0.035 0.043 0.043 0.015 0.029 0.047 0.056 0.017 0.028 0.04 0.049 0.014 0.018 0.186 0.166 0.066 0.004 0.016 0.038
264 S 0.088 0.049 0.048 0.046 0.014 0.095 0.067 0.055 0.022 0.042 0.05 0.064 0.018 0.02 0.027 0.159 0.065 0.005 0.019 0.047
265 L 0.048 0.142 0.031 0.045 0.01 0.043 0.125 0.029 0.02 0.053 0.155 0.073 0.026 0.029 0.02 0.041 0.035 0.006 0.019 0.052
266 I 0.054 0.019 0.015 0.018 0.017 0.014 0.019 0.022 0.009 0.24 0.154 0.024 0.035 0.041 0.015 0.027 0.043 0.006 0.02 0.209
267 P 0.056 0.026 0.023 0.031 0.01 0.02 0.036 0.036 0.013 0.026 0.036 0.041 0.01 0.013 0.499 0.043 0.036 0.003 0.013 0.031
268 N 0.042 0.044 0.324 0.082 0.009 0.033 0.049 0.065 0.031 0.022 0.031 0.053 0.011 0.018 0.02 0.069 0.049 0.004 0.016 0.027
269 D 0.041 0.03 0.068 0.403 0.007 0.03 0.09 0.046 0.019 0.022 0.028 0.044 0.009 0.015 0.022 0.052 0.035 0.004 0.011 0.024
270 P 0.056 0.026 0.023 0.031 0.01 0.02 0.036 0.036 0.013 0.026 0.036 0.041 0.01 0.013 0.499 0.043 0.036 0.003 0.013 0.031
271 H 0.042 0.045 0.053 0.038 0.008 0.038 0.053 0.038 0.361 0.023 0.038 0.045 0.015 0.03 0.019 0.042 0.026 0.008 0.057 0.023
272 N 0.042 0.04 0.253 0.171 0.008 0.032 0.06 0.059 0.028 0.022 0.03 0.051 0.011 0.017 0.021 0.064 0.045 0.004 0.014 0.026
273 F 0.033 0.019 0.017 0.017 0.01 0.01 0.019 0.025 0.017 0.063 0.113 0.019 0.025 0.393 0.01 0.025 0.025 0.017 0.088 0.054
274 L 0.041 0.022 0.015 0.016 0.014 0.014 0.02 0.022 0.012 0.097 0.292 0.023 0.041 0.167 0.013 0.024 0.03 0.01 0.044 0.082
275 L 0.045 0.022 0.014 0.016 0.016 0.015 0.019 0.021 0.01 0.169 0.31 0.024 0.045 0.051 0.014 0.024 0.035 0.007 0.022 0.122
276 L 0.049 0.138 0.026 0.023 0.013 0.035 0.036 0.029 0.018 0.074 0.145 0.063 0.118 0.038 0.017 0.039 0.038 0.007 0.022 0.071
277 L 0.043 0.025 0.017 0.017 0.014 0.018 0.022 0.025 0.014 0.092 0.23 0.027 0.081 0.165 0.013 0.028 0.033 0.011 0.045 0.08
278 F 0.036 0.022 0.018 0.017 0.01 0.014 0.022 0.025 0.027 0.056 0.098 0.023 0.023 0.305 0.012 0.027 0.026 0.02 0.167 0.052
279 I 0.047 0.018 0.015 0.018 0.016 0.013 0.018 0.02 0.009 0.278 0.166 0.023 0.036 0.044 0.015 0.025 0.039 0.006 0.02 0.175
280 F 0.061 0.029 0.031 0.028 0.012 0.022 0.033 0.038 0.027 0.045 0.074 0.034 0.02 0.181 0.018 0.095 0.045 0.017 0.143 0.047
281 L 0.046 0.02 0.014 0.017 0.016 0.014 0.018 0.021 0.009 0.224 0.238 0.024 0.041 0.047 0.014 0.025 0.037 0.006 0.021 0.148
282 G 0.078 0.023 0.039 0.033 0.011 0.019 0.025 0.515 0.013 0.019 0.028 0.033 0.009 0.016 0.019 0.051 0.029 0.005 0.011 0.024
283 L 0.047 0.022 0.016 0.016 0.015 0.015 0.021 0.024 0.012 0.107 0.226 0.024 0.044 0.163 0.013 0.027 0.034 0.01 0.044 0.122
284 L 0.046 0.02 0.015 0.017 0.016 0.015 0.019 0.021 0.01 0.214 0.24 0.025 0.048 0.047 0.014 0.025 0.037 0.006 0.021 0.144
285 P 0.063 0.025 0.028 0.032 0.01 0.02 0.032 0.196 0.013 0.023 0.033 0.038 0.01 0.014 0.339 0.046 0.034 0.003 0.012 0.028
286 A 0.297 0.031 0.025 0.029 0.021 0.025 0.04 0.078 0.015 0.043 0.059 0.044 0.017 0.021 0.029 0.084 0.049 0.005 0.017 0.068
287 L 0.041 0.022 0.015 0.016 0.014 0.014 0.02 0.022 0.012 0.097 0.292 0.023 0.041 0.167 0.013 0.024 0.03 0.01 0.044 0.082
288 F 0.049 0.024 0.017 0.018 0.015 0.018 0.023 0.025 0.014 0.121 0.15 0.027 0.076 0.16 0.014 0.03 0.037 0.01 0.044 0.129
289 I 0.044 0.021 0.017 0.018 0.014 0.016 0.021 0.022 0.021 0.2 0.133 0.026 0.03 0.072 0.015 0.027 0.036 0.013 0.122 0.132
290 F 0.038 0.031 0.03 0.024 0.009 0.023 0.033 0.029 0.141 0.043 0.073 0.032 0.02 0.184 0.015 0.033 0.026 0.017 0.156 0.041
291 I 0.069 0.03 0.029 0.029 0.016 0.025 0.032 0.038 0.015 0.136 0.134 0.038 0.074 0.037 0.02 0.096 0.053 0.006 0.021 0.103
292 F 0.038 0.018 0.016 0.017 0.012 0.011 0.018 0.024 0.014 0.135 0.131 0.02 0.029 0.277 0.012 0.025 0.03 0.013 0.065 0.095
293 I 0.042 0.018 0.015 0.017 0.014 0.012 0.018 0.022 0.011 0.206 0.149 0.022 0.033 0.16 0.013 0.025 0.035 0.009 0.043 0.135
294 F 0.046 0.02 0.016 0.017 0.014 0.013 0.02 0.025 0.013 0.099 0.133 0.022 0.029 0.255 0.013 0.028 0.034 0.012 0.062 0.131
295 I 0.054 0.048 0.024 0.025 0.014 0.027 0.036 0.029 0.013 0.157 0.114 0.111 0.028 0.052 0.019 0.036 0.041 0.006 0.023 0.143
296 F 0.038 0.02 0.016 0.016 0.013 0.012 0.019 0.024 0.014 0.092 0.206 0.021 0.034 0.261 0.012 0.025 0.029 0.013 0.062 0.075
297 L 0.042 0.02 0.015 0.016 0.014 0.014 0.019 0.022 0.011 0.155 0.235 0.023 0.038 0.145 0.013 0.025 0.033 0.009 0.04 0.11
298 R 0.051 0.224 0.04 0.035 0.008 0.049 0.058 0.064 0.021 0.025 0.044 0.188 0.015 0.016 0.023 0.048 0.036 0.005 0.017 0.031
299 E 0.055 0.05 0.041 0.091 0.007 0.065 0.294 0.035 0.026 0.022 0.037 0.076 0.013 0.017 0.026 0.055 0.037 0.006 0.017 0.031
300 Y 0.047 0.127 0.049 0.032 0.009 0.039 0.048 0.035 0.032 0.032 0.053 0.137 0.016 0.06 0.02 0.043 0.034 0.014 0.137 0.037
301 G 0.057 0.02 0.023 0.023 0.014 0.015 0.02 0.185 0.01 0.183 0.132 0.027 0.028 0.035 0.016 0.033 0.036 0.006 0.017 0.12
302 S 0.091 0.043 0.049 0.062 0.014 0.043 0.136 0.055 0.021 0.027 0.04 0.061 0.015 0.019 0.028 0.17 0.066 0.005 0.017 0.038
303 L 0.044 0.031 0.12 0.04 0.012 0.022 0.032 0.039 0.021 0.063 0.169 0.035 0.028 0.12 0.016 0.051 0.039 0.009 0.051 0.058
304 K 0.052 0.079 0.032 0.033 0.011 0.041 0.054 0.036 0.019 0.052 0.138 0.199 0.025 0.032 0.023 0.044 0.037 0.007 0.036 0.051
305 L 0.043 0.026 0.017 0.016 0.014 0.019 0.023 0.023 0.022 0.09 0.267 0.028 0.046 0.079 0.015 0.027 0.032 0.014 0.123 0.079
306 N 0.043 0.045 0.314 0.083 0.009 0.034 0.05 0.065 0.032 0.023 0.032 0.054 0.011 0.018 0.02 0.07 0.05 0.005 0.016 0.027
307 V 0.07 0.022 0.017 0.018 0.019 0.017 0.023 0.025 0.008 0.165 0.131 0.026 0.032 0.036 0.017 0.033 0.05 0.006 0.021 0.266
308 E 0.07 0.074 0.04 0.053 0.038 0.042 0.13 0.043 0.026 0.029 0.046 0.062 0.015 0.037 0.024 0.106 0.05 0.009 0.068 0.038
309 G 0.063 0.064 0.04 0.05 0.009 0.053 0.109 0.198 0.02 0.023 0.037 0.144 0.013 0.016 0.024 0.053 0.035 0.005 0.015 0.029
310 I 0.056 0.087 0.031 0.032 0.014 0.03 0.05 0.032 0.015 0.122 0.1 0.065 0.032 0.03 0.021 0.054 0.11 0.006 0.019 0.095
311 N 0.065 0.042 0.216 0.067 0.012 0.032 0.048 0.063 0.026 0.03 0.054 0.052 0.015 0.021 0.023 0.119 0.059 0.005 0.017 0.035
312 N 0.115 0.04 0.16 0.059 0.015 0.032 0.049 0.067 0.023 0.029 0.04 0.052 0.014 0.02 0.026 0.137 0.062 0.005 0.017 0.04
313 Y 0.067 0.032 0.033 0.031 0.012 0.025 0.038 0.041 0.031 0.035 0.053 0.041 0.016 0.071 0.106 0.102 0.048 0.015 0.161 0.042
314 F 0.038 0.033 0.184 0.053 0.01 0.023 0.035 0.047 0.025 0.041 0.069 0.038 0.018 0.188 0.016 0.049 0.038 0.01 0.049 0.039
315 A 0.207 0.026 0.022 0.025 0.02 0.021 0.032 0.057 0.012 0.118 0.095 0.037 0.024 0.029 0.024 0.063 0.047 0.005 0.018 0.116
316 D 0.05 0.025 0.044 0.227 0.012 0.023 0.059 0.036 0.014 0.107 0.081 0.036 0.02 0.026 0.019 0.042 0.04 0.005 0.015 0.12
317 F 0.05 0.02 0.017 0.017 0.014 0.013 0.021 0.025 0.013 0.108 0.121 0.022 0.028 0.23 0.013 0.029 0.036 0.012 0.057 0.155
318 I 0.067 0.029 0.028 0.027 0.016 0.024 0.031 0.036 0.014 0.142 0.14 0.037 0.077 0.038 0.019 0.088 0.052 0.006 0.021 0.106
319 A 0.162 0.03 0.033 0.032 0.157 0.024 0.037 0.06 0.014 0.039 0.054 0.04 0.016 0.021 0.026 0.122 0.057 0.005 0.016 0.055
320 L 0.044 0.024 0.014 0.015 0.016 0.016 0.02 0.021 0.01 0.114 0.381 0.025 0.049 0.054 0.014 0.024 0.033 0.007 0.022 0.095
