#Seq2Logo.py -f /work3/idamei/wzy_ssn/run/1e-50/run/150/MSAs/0008_118.afa -o /work3/idamei/wzy_ssn/run/1e-50/run/150/logos/0008_118.logo
#Position Specific Frequency Matrix
A R N D C Q E G H I L K M F P S T W Y V
0 L 0.051 0.032 0.02 0.02 0.016 0.028 0.028 0.028 0.016 0.099 0.194 0.036 0.173 0.047 0.016 0.036 0.04 0.008 0.024 0.091
1 S 0.075 0.034 0.058 0.039 0.016 0.027 0.04 0.047 0.037 0.097 0.077 0.043 0.021 0.027 0.024 0.123 0.109 0.006 0.02 0.08
2 E 0.067 0.059 0.035 0.045 0.014 0.036 0.105 0.066 0.016 0.065 0.067 0.067 0.019 0.023 0.023 0.068 0.097 0.005 0.017 0.103
3 E 0.051 0.069 0.107 0.057 0.011 0.042 0.11 0.042 0.023 0.044 0.077 0.087 0.053 0.025 0.022 0.055 0.054 0.006 0.018 0.047
4 I 0.051 0.037 0.028 0.028 0.013 0.073 0.045 0.03 0.022 0.134 0.101 0.046 0.026 0.05 0.019 0.043 0.066 0.01 0.081 0.098
5 R 0.112 0.122 0.036 0.031 0.012 0.047 0.048 0.045 0.11 0.041 0.092 0.065 0.021 0.027 0.021 0.052 0.037 0.006 0.029 0.047
6 P 0.05 0.046 0.133 0.081 0.009 0.082 0.079 0.047 0.025 0.024 0.037 0.061 0.013 0.015 0.149 0.056 0.042 0.004 0.016 0.03
7 P 0.069 0.037 0.038 0.052 0.011 0.037 0.113 0.044 0.041 0.025 0.038 0.054 0.013 0.017 0.215 0.095 0.047 0.004 0.018 0.033
8 L 0.053 0.024 0.017 0.017 0.015 0.017 0.023 0.023 0.019 0.126 0.183 0.027 0.033 0.066 0.015 0.029 0.038 0.012 0.102 0.16
9 E 0.055 0.05 0.035 0.054 0.01 0.108 0.152 0.033 0.022 0.083 0.072 0.067 0.022 0.022 0.022 0.048 0.04 0.006 0.019 0.081
10 E 0.052 0.131 0.04 0.073 0.007 0.06 0.234 0.034 0.025 0.022 0.039 0.087 0.013 0.017 0.024 0.052 0.036 0.006 0.017 0.031
11 L 0.079 0.027 0.031 0.128 0.014 0.021 0.043 0.036 0.013 0.078 0.234 0.033 0.033 0.038 0.019 0.041 0.036 0.006 0.018 0.071
12 K 0.075 0.066 0.045 0.057 0.011 0.049 0.127 0.049 0.021 0.027 0.041 0.143 0.015 0.018 0.028 0.117 0.054 0.005 0.017 0.035
13 S 0.086 0.064 0.07 0.044 0.015 0.031 0.045 0.054 0.019 0.073 0.064 0.054 0.019 0.024 0.025 0.159 0.066 0.005 0.018 0.064
14 D 0.07 0.032 0.049 0.169 0.014 0.028 0.058 0.047 0.017 0.068 0.07 0.043 0.03 0.024 0.023 0.11 0.054 0.005 0.016 0.073
15 G 0.057 0.042 0.046 0.038 0.009 0.064 0.052 0.212 0.174 0.022 0.036 0.049 0.014 0.022 0.02 0.047 0.03 0.006 0.033 0.025
16 I 0.048 0.019 0.015 0.017 0.016 0.014 0.019 0.022 0.01 0.207 0.184 0.023 0.036 0.094 0.014 0.026 0.038 0.008 0.03 0.161
17 Q 0.056 0.074 0.044 0.047 0.009 0.215 0.103 0.041 0.029 0.026 0.047 0.091 0.021 0.015 0.024 0.056 0.041 0.006 0.021 0.035
18 E 0.058 0.117 0.04 0.061 0.008 0.049 0.169 0.154 0.022 0.021 0.037 0.076 0.013 0.017 0.022 0.051 0.034 0.006 0.015 0.029
19 R 0.066 0.136 0.1 0.039 0.012 0.031 0.039 0.04 0.02 0.109 0.084 0.065 0.022 0.027 0.019 0.047 0.041 0.005 0.018 0.081
20 N 0.045 0.046 0.259 0.117 0.009 0.034 0.055 0.059 0.028 0.024 0.033 0.066 0.012 0.018 0.021 0.067 0.059 0.004 0.015 0.029
21 G 0.073 0.052 0.097 0.048 0.012 0.034 0.048 0.171 0.02 0.026 0.038 0.107 0.013 0.018 0.024 0.102 0.063 0.005 0.015 0.034
22 Y 0.13 0.03 0.026 0.025 0.014 0.024 0.034 0.046 0.031 0.046 0.081 0.037 0.02 0.077 0.021 0.072 0.041 0.017 0.173 0.055
23 R 0.047 0.215 0.111 0.046 0.008 0.045 0.055 0.043 0.024 0.024 0.041 0.145 0.014 0.017 0.021 0.052 0.039 0.005 0.017 0.03
24 Q 0.066 0.056 0.041 0.041 0.011 0.127 0.07 0.102 0.022 0.037 0.085 0.08 0.021 0.021 0.023 0.084 0.046 0.006 0.019 0.042
25 Y 0.096 0.032 0.03 0.029 0.016 0.026 0.036 0.043 0.023 0.062 0.095 0.04 0.057 0.056 0.021 0.093 0.062 0.012 0.097 0.075
26 N 0.054 0.051 0.148 0.067 0.011 0.042 0.113 0.049 0.024 0.03 0.042 0.086 0.014 0.018 0.024 0.069 0.097 0.005 0.016 0.039
27 T 0.085 0.033 0.038 0.037 0.015 0.027 0.054 0.046 0.016 0.047 0.068 0.042 0.019 0.115 0.024 0.107 0.128 0.008 0.035 0.056
28 L 0.05 0.026 0.023 0.022 0.015 0.02 0.026 0.027 0.02 0.112 0.184 0.031 0.032 0.063 0.018 0.043 0.089 0.012 0.097 0.091
29 Y 0.043 0.024 0.018 0.017 0.013 0.018 0.023 0.023 0.028 0.12 0.171 0.027 0.03 0.089 0.015 0.028 0.032 0.017 0.175 0.09
30 F 0.041 0.106 0.042 0.025 0.01 0.024 0.031 0.028 0.025 0.086 0.089 0.05 0.022 0.145 0.015 0.034 0.032 0.014 0.113 0.067
31 N 0.052 0.04 0.178 0.068 0.011 0.037 0.107 0.047 0.024 0.057 0.057 0.052 0.016 0.022 0.02 0.056 0.046 0.005 0.017 0.091
32 L 0.065 0.03 0.028 0.027 0.016 0.024 0.032 0.037 0.015 0.08 0.213 0.036 0.068 0.063 0.019 0.092 0.049 0.007 0.025 0.075
33 L 0.046 0.021 0.016 0.016 0.015 0.014 0.02 0.023 0.012 0.117 0.205 0.023 0.035 0.177 0.013 0.027 0.034 0.01 0.046 0.131
34 F 0.039 0.02 0.015 0.016 0.013 0.012 0.019 0.023 0.013 0.13 0.194 0.021 0.034 0.222 0.012 0.025 0.031 0.012 0.054 0.094
35 G 0.076 0.026 0.04 0.034 0.012 0.021 0.029 0.399 0.013 0.027 0.037 0.036 0.012 0.018 0.021 0.061 0.086 0.005 0.012 0.035
36 L 0.044 0.022 0.016 0.017 0.014 0.014 0.02 0.053 0.012 0.116 0.267 0.024 0.039 0.136 0.013 0.026 0.031 0.009 0.037 0.09
37 G 0.072 0.025 0.033 0.029 0.172 0.019 0.027 0.196 0.012 0.039 0.052 0.033 0.015 0.02 0.021 0.061 0.106 0.005 0.013 0.05
38 L 0.046 0.02 0.014 0.017 0.016 0.014 0.018 0.021 0.009 0.222 0.238 0.024 0.041 0.047 0.014 0.025 0.037 0.006 0.021 0.149
39 F 0.04 0.02 0.016 0.016 0.013 0.013 0.019 0.023 0.014 0.098 0.202 0.021 0.034 0.244 0.012 0.025 0.03 0.012 0.059 0.088
40 L 0.124 0.029 0.027 0.027 0.018 0.022 0.033 0.046 0.013 0.075 0.217 0.037 0.033 0.037 0.022 0.091 0.049 0.006 0.02 0.075
41 I 0.058 0.02 0.017 0.019 0.017 0.015 0.021 0.023 0.009 0.215 0.143 0.026 0.033 0.039 0.016 0.032 0.057 0.006 0.02 0.214
42 A 0.18 0.036 0.043 0.041 0.019 0.03 0.047 0.07 0.017 0.034 0.048 0.05 0.016 0.021 0.029 0.176 0.069 0.005 0.017 0.051
43 F 0.033 0.019 0.017 0.017 0.01 0.01 0.019 0.025 0.017 0.062 0.113 0.019 0.025 0.396 0.01 0.025 0.025 0.017 0.087 0.054
44 R 0.044 0.355 0.038 0.031 0.008 0.048 0.052 0.032 0.023 0.023 0.046 0.118 0.015 0.017 0.019 0.044 0.034 0.006 0.017 0.031
45 L 0.047 0.02 0.015 0.017 0.015 0.014 0.019 0.022 0.011 0.162 0.2 0.023 0.036 0.133 0.014 0.026 0.036 0.009 0.038 0.144
46 L 0.049 0.048 0.029 0.031 0.012 0.121 0.061 0.031 0.019 0.07 0.216 0.057 0.035 0.034 0.019 0.04 0.037 0.006 0.021 0.065
47 L 0.051 0.02 0.015 0.017 0.017 0.015 0.019 0.021 0.009 0.21 0.211 0.024 0.038 0.044 0.015 0.026 0.04 0.006 0.021 0.181
48 P 0.055 0.024 0.019 0.023 0.014 0.018 0.028 0.029 0.011 0.089 0.148 0.033 0.025 0.029 0.258 0.035 0.038 0.004 0.017 0.102
49 A 0.228 0.034 0.036 0.036 0.02 0.028 0.044 0.073 0.016 0.038 0.052 0.047 0.017 0.021 0.029 0.139 0.061 0.005 0.017 0.058
50 L 0.051 0.022 0.015 0.016 0.017 0.015 0.02 0.022 0.009 0.168 0.266 0.025 0.041 0.047 0.015 0.026 0.038 0.006 0.021 0.161
51 L 0.047 0.021 0.014 0.016 0.016 0.015 0.019 0.021 0.009 0.19 0.273 0.024 0.042 0.048 0.014 0.025 0.037 0.006 0.021 0.141
52 F 0.037 0.021 0.017 0.017 0.012 0.014 0.02 0.025 0.016 0.072 0.145 0.022 0.054 0.309 0.012 0.027 0.028 0.014 0.071 0.064
53 L 0.046 0.024 0.016 0.017 0.016 0.018 0.021 0.022 0.011 0.152 0.282 0.027 0.077 0.05 0.015 0.027 0.036 0.007 0.022 0.114
54 L 0.109 0.022 0.017 0.02 0.017 0.017 0.024 0.035 0.01 0.18 0.194 0.029 0.035 0.041 0.018 0.039 0.04 0.006 0.02 0.128
55 L 0.075 0.024 0.023 0.023 0.016 0.018 0.025 0.092 0.011 0.153 0.179 0.03 0.032 0.038 0.018 0.058 0.043 0.006 0.019 0.119
56 A 0.138 0.028 0.03 0.03 0.108 0.023 0.035 0.052 0.013 0.069 0.072 0.038 0.02 0.024 0.024 0.109 0.056 0.005 0.017 0.11
57 I 0.125 0.026 0.027 0.028 0.018 0.021 0.032 0.046 0.013 0.159 0.108 0.036 0.026 0.032 0.022 0.091 0.052 0.006 0.019 0.114
58 L 0.061 0.025 0.024 0.025 0.016 0.019 0.027 0.032 0.012 0.177 0.189 0.031 0.034 0.04 0.018 0.076 0.048 0.006 0.02 0.121
59 V 0.045 0.02 0.016 0.017 0.013 0.014 0.02 0.025 0.012 0.134 0.115 0.023 0.027 0.134 0.012 0.026 0.034 0.132 0.049 0.134
60 R 0.062 0.115 0.107 0.043 0.013 0.032 0.042 0.044 0.02 0.063 0.071 0.062 0.028 0.024 0.02 0.082 0.051 0.005 0.018 0.098
61 L 0.053 0.022 0.02 0.02 0.015 0.016 0.021 0.145 0.01 0.132 0.241 0.027 0.036 0.042 0.015 0.031 0.034 0.006 0.019 0.097
62 L 0.06 0.046 0.029 0.028 0.015 0.028 0.038 0.033 0.013 0.086 0.138 0.096 0.027 0.053 0.021 0.05 0.094 0.006 0.023 0.117
63 T 0.074 0.116 0.044 0.038 0.015 0.034 0.045 0.046 0.017 0.039 0.054 0.065 0.017 0.021 0.026 0.115 0.158 0.006 0.017 0.053
64 F 0.036 0.02 0.016 0.016 0.012 0.012 0.019 0.024 0.015 0.075 0.181 0.02 0.031 0.31 0.011 0.025 0.027 0.014 0.071 0.064
65 K 0.053 0.16 0.041 0.04 0.008 0.095 0.073 0.04 0.023 0.026 0.044 0.196 0.017 0.016 0.024 0.051 0.038 0.005 0.018 0.032
66 A 0.178 0.051 0.034 0.038 0.015 0.126 0.071 0.059 0.022 0.034 0.052 0.067 0.019 0.018 0.026 0.069 0.045 0.006 0.019 0.051
67 P 0.059 0.115 0.108 0.047 0.011 0.033 0.046 0.048 0.021 0.025 0.038 0.066 0.013 0.017 0.172 0.085 0.047 0.004 0.015 0.032
68 L 0.047 0.108 0.022 0.021 0.014 0.028 0.03 0.026 0.015 0.127 0.174 0.052 0.084 0.04 0.016 0.033 0.037 0.007 0.021 0.097
69 R 0.126 0.148 0.039 0.037 0.014 0.039 0.052 0.054 0.019 0.03 0.047 0.115 0.016 0.019 0.026 0.102 0.051 0.005 0.017 0.043
70 G 0.084 0.03 0.043 0.038 0.014 0.024 0.035 0.286 0.015 0.03 0.04 0.041 0.013 0.019 0.023 0.106 0.099 0.005 0.014 0.04
71 W 0.033 0.023 0.017 0.016 0.009 0.015 0.023 0.027 0.023 0.041 0.071 0.024 0.018 0.161 0.01 0.025 0.024 0.261 0.137 0.04
72 L 0.091 0.024 0.017 0.018 0.016 0.016 0.024 0.033 0.012 0.091 0.239 0.027 0.036 0.132 0.016 0.036 0.035 0.009 0.037 0.091
73 W 0.036 0.023 0.016 0.016 0.01 0.016 0.022 0.028 0.015 0.067 0.101 0.024 0.048 0.14 0.01 0.026 0.027 0.256 0.061 0.056
74 L 0.049 0.023 0.016 0.017 0.015 0.017 0.022 0.024 0.012 0.121 0.203 0.025 0.061 0.133 0.014 0.029 0.037 0.009 0.038 0.135
75 G 0.069 0.023 0.032 0.029 0.012 0.018 0.024 0.393 0.012 0.042 0.117 0.031 0.019 0.025 0.017 0.044 0.03 0.006 0.013 0.042
76 F 0.052 0.028 0.064 0.031 0.011 0.021 0.03 0.096 0.025 0.049 0.106 0.033 0.021 0.145 0.017 0.061 0.037 0.014 0.112 0.048
77 I 0.051 0.018 0.015 0.017 0.017 0.014 0.018 0.021 0.009 0.259 0.158 0.024 0.035 0.042 0.015 0.026 0.041 0.006 0.02 0.194
78 L 0.069 0.033 0.032 0.03 0.017 0.026 0.035 0.039 0.015 0.074 0.171 0.04 0.064 0.036 0.022 0.096 0.103 0.006 0.02 0.074
79 L 0.043 0.025 0.016 0.017 0.015 0.018 0.022 0.024 0.013 0.097 0.269 0.026 0.074 0.138 0.014 0.027 0.033 0.01 0.039 0.084
80 F 0.033 0.019 0.017 0.017 0.01 0.01 0.019 0.025 0.017 0.062 0.113 0.019 0.025 0.396 0.01 0.025 0.025 0.017 0.087 0.054
81 F 0.036 0.02 0.016 0.016 0.012 0.012 0.019 0.024 0.015 0.075 0.181 0.02 0.031 0.31 0.011 0.025 0.027 0.014 0.071 0.064
82 G 0.127 0.027 0.032 0.03 0.075 0.021 0.031 0.197 0.013 0.039 0.054 0.036 0.016 0.043 0.023 0.066 0.092 0.006 0.019 0.052
83 L 0.065 0.022 0.017 0.019 0.016 0.016 0.022 0.027 0.01 0.188 0.233 0.027 0.038 0.045 0.016 0.041 0.04 0.006 0.021 0.129
84 Y 0.037 0.026 0.02 0.018 0.009 0.02 0.026 0.026 0.038 0.04 0.064 0.029 0.018 0.112 0.013 0.029 0.026 0.146 0.263 0.042
85 L 0.042 0.026 0.018 0.017 0.013 0.019 0.024 0.023 0.028 0.078 0.226 0.028 0.034 0.091 0.015 0.027 0.03 0.017 0.175 0.07
86 F 0.045 0.021 0.016 0.016 0.014 0.013 0.02 0.024 0.013 0.1 0.185 0.022 0.033 0.22 0.013 0.027 0.033 0.011 0.054 0.121
87 F 0.038 0.021 0.015 0.016 0.013 0.013 0.019 0.023 0.014 0.085 0.232 0.021 0.035 0.246 0.012 0.025 0.028 0.012 0.059 0.072
88 G 0.077 0.023 0.039 0.033 0.011 0.019 0.025 0.517 0.013 0.019 0.028 0.033 0.009 0.016 0.019 0.051 0.029 0.005 0.011 0.024
89 L 0.046 0.026 0.015 0.016 0.016 0.019 0.022 0.023 0.011 0.11 0.337 0.028 0.08 0.052 0.014 0.027 0.035 0.007 0.022 0.094
90 G 0.079 0.033 0.12 0.141 0.011 0.028 0.053 0.174 0.02 0.024 0.033 0.045 0.011 0.017 0.022 0.091 0.046 0.005 0.014 0.031
91 H 0.042 0.045 0.121 0.049 0.008 0.037 0.052 0.044 0.281 0.022 0.036 0.047 0.014 0.027 0.019 0.048 0.032 0.007 0.046 0.024
92 Y 0.038 0.025 0.02 0.018 0.009 0.019 0.025 0.025 0.039 0.048 0.079 0.028 0.02 0.196 0.014 0.029 0.027 0.025 0.268 0.048
93 E 0.054 0.049 0.04 0.089 0.007 0.064 0.307 0.034 0.025 0.022 0.036 0.074 0.013 0.016 0.025 0.054 0.036 0.005 0.016 0.031
94 R 0.044 0.355 0.038 0.031 0.008 0.048 0.052 0.032 0.023 0.023 0.046 0.118 0.015 0.017 0.019 0.044 0.034 0.006 0.017 0.031
95 G 0.077 0.023 0.039 0.033 0.011 0.019 0.025 0.517 0.013 0.019 0.028 0.033 0.009 0.016 0.019 0.051 0.029 0.005 0.011 0.024
96 P 0.178 0.028 0.024 0.03 0.016 0.023 0.038 0.056 0.014 0.034 0.047 0.042 0.014 0.017 0.265 0.063 0.042 0.004 0.015 0.049
97 D 0.053 0.033 0.054 0.234 0.008 0.035 0.128 0.161 0.019 0.021 0.03 0.049 0.01 0.015 0.022 0.052 0.034 0.005 0.012 0.026
98 K 0.056 0.106 0.041 0.041 0.008 0.053 0.07 0.043 0.02 0.027 0.043 0.289 0.015 0.015 0.027 0.053 0.039 0.005 0.017 0.032
99 F 0.033 0.019 0.017 0.017 0.01 0.01 0.019 0.025 0.017 0.062 0.113 0.019 0.025 0.396 0.01 0.025 0.025 0.017 0.087 0.054
100 L 0.059 0.028 0.028 0.027 0.017 0.021 0.029 0.032 0.011 0.125 0.17 0.034 0.031 0.036 0.021 0.058 0.147 0.006 0.019 0.102
101 N 0.062 0.038 0.183 0.061 0.011 0.03 0.046 0.057 0.023 0.025 0.035 0.05 0.012 0.017 0.143 0.103 0.053 0.004 0.015 0.031
102 R 0.108 0.191 0.029 0.026 0.013 0.034 0.041 0.041 0.018 0.051 0.134 0.076 0.024 0.027 0.02 0.049 0.038 0.006 0.018 0.056
103 V 0.055 0.023 0.023 0.022 0.016 0.017 0.024 0.028 0.012 0.14 0.118 0.028 0.028 0.125 0.017 0.043 0.093 0.008 0.036 0.144
104 L 0.06 0.028 0.024 0.023 0.016 0.02 0.028 0.032 0.012 0.093 0.299 0.032 0.041 0.046 0.018 0.076 0.045 0.007 0.021 0.081
105 L 0.056 0.023 0.015 0.016 0.017 0.016 0.021 0.023 0.009 0.138 0.257 0.025 0.04 0.045 0.015 0.028 0.041 0.006 0.021 0.187
106 I 0.046 0.017 0.014 0.017 0.016 0.013 0.017 0.02 0.009 0.282 0.165 0.023 0.036 0.044 0.014 0.025 0.039 0.006 0.02 0.174
107 Y 0.048 0.025 0.018 0.017 0.013 0.019 0.025 0.024 0.028 0.09 0.162 0.028 0.029 0.087 0.015 0.029 0.034 0.017 0.175 0.117
108 L 0.042 0.024 0.016 0.017 0.014 0.017 0.021 0.024 0.014 0.094 0.252 0.026 0.072 0.159 0.013 0.027 0.032 0.01 0.043 0.081
109 Y 0.074 0.034 0.037 0.033 0.013 0.027 0.04 0.045 0.032 0.036 0.054 0.042 0.017 0.075 0.022 0.131 0.054 0.016 0.173 0.044
110 F 0.038 0.02 0.019 0.019 0.011 0.012 0.021 0.028 0.017 0.06 0.108 0.021 0.024 0.373 0.012 0.038 0.029 0.016 0.083 0.053
111 L 0.054 0.021 0.015 0.017 0.017 0.015 0.02 0.022 0.009 0.195 0.206 0.025 0.037 0.043 0.015 0.027 0.041 0.006 0.021 0.194
112 F 0.036 0.02 0.016 0.016 0.012 0.012 0.019 0.024 0.015 0.075 0.181 0.02 0.031 0.31 0.011 0.025 0.027 0.014 0.071 0.064
113 F 0.033 0.019 0.017 0.017 0.01 0.01 0.019 0.025 0.017 0.062 0.113 0.019 0.025 0.396 0.01 0.025 0.025 0.017 0.087 0.054
114 F 0.037 0.023 0.019 0.018 0.01 0.016 0.023 0.025 0.031 0.053 0.09 0.025 0.022 0.262 0.013 0.028 0.026 0.022 0.208 0.05
115 G 0.075 0.025 0.031 0.029 0.016 0.02 0.029 0.157 0.012 0.123 0.091 0.034 0.023 0.029 0.02 0.085 0.049 0.005 0.017 0.13
116 L 0.044 0.024 0.014 0.015 0.016 0.016 0.02 0.021 0.01 0.114 0.385 0.025 0.049 0.054 0.014 0.024 0.033 0.007 0.022 0.095
117 G 0.077 0.023 0.039 0.033 0.011 0.019 0.025 0.517 0.013 0.019 0.028 0.033 0.009 0.016 0.019 0.051 0.029 0.005 0.011 0.024
118 Y 0.063 0.028 0.028 0.025 0.132 0.022 0.031 0.037 0.03 0.04 0.06 0.034 0.017 0.075 0.019 0.083 0.043 0.016 0.171 0.047
119 G 0.064 0.071 0.035 0.034 0.012 0.078 0.054 0.156 0.018 0.058 0.062 0.099 0.019 0.02 0.021 0.047 0.039 0.005 0.017 0.093
120 E 0.048 0.121 0.047 0.154 0.007 0.051 0.189 0.037 0.023 0.022 0.036 0.078 0.012 0.016 0.023 0.051 0.035 0.005 0.015 0.029
121 A 0.128 0.058 0.039 0.049 0.015 0.038 0.109 0.051 0.018 0.038 0.052 0.058 0.016 0.02 0.027 0.095 0.114 0.005 0.017 0.054
122 Q 0.073 0.052 0.041 0.042 0.013 0.126 0.071 0.045 0.022 0.06 0.062 0.066 0.021 0.021 0.024 0.105 0.054 0.006 0.019 0.076
123 T 0.069 0.039 0.047 0.097 0.014 0.038 0.113 0.044 0.018 0.038 0.05 0.054 0.016 0.02 0.027 0.094 0.149 0.005 0.017 0.051
124 G 0.058 0.11 0.072 0.06 0.012 0.029 0.04 0.129 0.018 0.087 0.069 0.058 0.019 0.024 0.019 0.067 0.042 0.005 0.016 0.066
125 R 0.044 0.261 0.111 0.044 0.008 0.044 0.052 0.041 0.025 0.023 0.042 0.113 0.014 0.017 0.02 0.051 0.038 0.005 0.017 0.03
126 K 0.053 0.069 0.034 0.047 0.01 0.046 0.116 0.035 0.019 0.089 0.072 0.169 0.02 0.023 0.024 0.046 0.038 0.005 0.018 0.067
127 K 0.057 0.15 0.041 0.037 0.011 0.045 0.057 0.04 0.019 0.032 0.049 0.185 0.016 0.018 0.025 0.06 0.093 0.005 0.017 0.041
128 W 0.037 0.106 0.021 0.019 0.01 0.023 0.029 0.028 0.016 0.049 0.134 0.047 0.024 0.048 0.012 0.028 0.028 0.253 0.043 0.046
129 L 0.044 0.022 0.014 0.016 0.016 0.015 0.019 0.021 0.01 0.156 0.33 0.025 0.046 0.051 0.014 0.024 0.034 0.007 0.022 0.115
130 N 0.075 0.042 0.19 0.065 0.013 0.033 0.05 0.065 0.025 0.026 0.036 0.053 0.013 0.019 0.025 0.15 0.065 0.005 0.016 0.034
131 F 0.04 0.042 0.023 0.023 0.01 0.022 0.033 0.029 0.021 0.051 0.089 0.088 0.022 0.267 0.015 0.033 0.029 0.015 0.1 0.048
132 F 0.033 0.019 0.017 0.017 0.01 0.01 0.019 0.025 0.017 0.062 0.113 0.019 0.025 0.396 0.01 0.025 0.025 0.017 0.087 0.054
133 S 0.097 0.034 0.044 0.04 0.136 0.028 0.043 0.057 0.016 0.033 0.047 0.045 0.016 0.02 0.026 0.184 0.07 0.005 0.016 0.045
134 L 0.044 0.024 0.014 0.015 0.016 0.016 0.02 0.021 0.01 0.114 0.385 0.025 0.049 0.054 0.014 0.024 0.033 0.007 0.022 0.095
135 C 0.049 0.017 0.016 0.016 0.251 0.011 0.017 0.029 0.012 0.053 0.088 0.019 0.021 0.208 0.013 0.033 0.031 0.01 0.05 0.055
136 S 0.108 0.04 0.053 0.048 0.017 0.033 0.052 0.065 0.019 0.029 0.041 0.053 0.015 0.021 0.029 0.231 0.081 0.005 0.017 0.041
137 V 0.058 0.02 0.015 0.017 0.017 0.015 0.02 0.022 0.008 0.222 0.147 0.024 0.034 0.039 0.015 0.029 0.044 0.006 0.02 0.227
138 I 0.115 0.022 0.02 0.022 0.018 0.018 0.026 0.038 0.011 0.199 0.129 0.03 0.03 0.036 0.019 0.053 0.045 0.006 0.019 0.146
139 Y 0.04 0.028 0.021 0.018 0.009 0.021 0.028 0.025 0.046 0.043 0.067 0.031 0.018 0.129 0.015 0.031 0.028 0.028 0.328 0.046
140 V 0.069 0.022 0.016 0.018 0.019 0.016 0.023 0.024 0.008 0.162 0.128 0.026 0.031 0.035 0.016 0.032 0.049 0.005 0.02 0.28
141 L 0.042 0.025 0.018 0.017 0.013 0.018 0.023 0.023 0.028 0.11 0.185 0.028 0.031 0.089 0.015 0.027 0.031 0.017 0.175 0.085
142 L 0.112 0.024 0.019 0.021 0.018 0.018 0.025 0.036 0.011 0.158 0.185 0.03 0.033 0.039 0.019 0.044 0.054 0.006 0.02 0.128
143 V 0.069 0.022 0.016 0.018 0.019 0.016 0.023 0.024 0.008 0.162 0.128 0.026 0.031 0.035 0.016 0.032 0.049 0.005 0.02 0.28
144 C 0.064 0.016 0.016 0.016 0.491 0.012 0.016 0.032 0.008 0.044 0.064 0.02 0.016 0.02 0.016 0.04 0.036 0.004 0.012 0.056
145 I 0.053 0.019 0.015 0.017 0.017 0.014 0.019 0.022 0.008 0.244 0.154 0.024 0.035 0.041 0.015 0.027 0.042 0.006 0.02 0.207
146 Y 0.04 0.028 0.021 0.018 0.009 0.021 0.028 0.025 0.046 0.043 0.067 0.031 0.018 0.129 0.015 0.031 0.028 0.028 0.328 0.046
147 S 0.108 0.04 0.053 0.048 0.017 0.033 0.052 0.065 0.019 0.029 0.041 0.053 0.015 0.021 0.029 0.231 0.081 0.005 0.017 0.041
148 K 0.054 0.078 0.036 0.037 0.01 0.089 0.067 0.038 0.021 0.056 0.08 0.175 0.047 0.023 0.023 0.048 0.04 0.006 0.019 0.053
149 L 0.048 0.021 0.017 0.018 0.016 0.015 0.021 0.024 0.01 0.189 0.237 0.025 0.039 0.068 0.015 0.037 0.039 0.007 0.025 0.129
150 N 0.062 0.059 0.118 0.052 0.011 0.039 0.056 0.052 0.109 0.025 0.038 0.11 0.014 0.021 0.024 0.099 0.049 0.006 0.027 0.031
151 G 0.077 0.023 0.039 0.033 0.011 0.019 0.025 0.517 0.013 0.019 0.028 0.033 0.009 0.016 0.019 0.051 0.029 0.005 0.011 0.024
152 Y 0.04 0.028 0.021 0.018 0.009 0.021 0.028 0.025 0.046 0.043 0.067 0.031 0.018 0.129 0.015 0.031 0.028 0.028 0.328 0.046
153 P 0.056 0.025 0.023 0.031 0.01 0.02 0.036 0.036 0.013 0.025 0.036 0.041 0.01 0.013 0.501 0.043 0.036 0.003 0.013 0.031
154 G 0.077 0.023 0.039 0.033 0.011 0.019 0.025 0.517 0.013 0.019 0.028 0.033 0.009 0.016 0.019 0.051 0.029 0.005 0.011 0.024
155 Y 0.04 0.028 0.021 0.018 0.009 0.021 0.028 0.025 0.046 0.043 0.067 0.031 0.018 0.129 0.015 0.031 0.028 0.028 0.328 0.046
156 N 0.042 0.044 0.327 0.082 0.009 0.033 0.049 0.064 0.031 0.022 0.031 0.053 0.011 0.018 0.02 0.069 0.049 0.004 0.015 0.027
157 G 0.06 0.023 0.026 0.024 0.013 0.017 0.023 0.269 0.012 0.066 0.206 0.029 0.029 0.035 0.016 0.037 0.031 0.006 0.016 0.059
158 V 0.058 0.02 0.015 0.017 0.017 0.015 0.02 0.022 0.008 0.222 0.147 0.024 0.034 0.039 0.015 0.029 0.044 0.006 0.02 0.227
159 Y 0.04 0.028 0.021 0.018 0.009 0.021 0.028 0.025 0.046 0.043 0.067 0.031 0.018 0.129 0.015 0.031 0.028 0.028 0.328 0.046
160 D 0.04 0.029 0.068 0.406 0.007 0.029 0.09 0.046 0.018 0.022 0.028 0.044 0.009 0.015 0.022 0.051 0.035 0.004 0.011 0.024
161 V 0.066 0.023 0.018 0.021 0.017 0.017 0.026 0.027 0.009 0.128 0.105 0.029 0.026 0.03 0.137 0.035 0.045 0.005 0.018 0.217
162 F 0.045 0.019 0.016 0.017 0.014 0.013 0.019 0.024 0.013 0.142 0.13 0.022 0.029 0.218 0.013 0.027 0.034 0.011 0.054 0.141
163 N 0.042 0.044 0.327 0.082 0.009 0.033 0.049 0.064 0.031 0.022 0.031 0.053 0.011 0.018 0.02 0.069 0.049 0.004 0.015 0.027
164 G 0.061 0.168 0.037 0.031 0.01 0.032 0.037 0.275 0.018 0.026 0.046 0.071 0.022 0.018 0.019 0.047 0.032 0.006 0.014 0.031
165 N 0.073 0.041 0.189 0.064 0.013 0.032 0.048 0.093 0.025 0.025 0.035 0.052 0.013 0.019 0.024 0.139 0.062 0.005 0.016 0.033
166 E 0.051 0.044 0.047 0.168 0.007 0.055 0.253 0.037 0.024 0.022 0.034 0.067 0.012 0.016 0.025 0.054 0.036 0.005 0.015 0.029
167 E 0.054 0.049 0.04 0.089 0.007 0.064 0.307 0.034 0.025 0.022 0.036 0.074 0.013 0.016 0.025 0.054 0.036 0.005 0.016 0.031
168 N 0.042 0.044 0.327 0.082 0.009 0.033 0.049 0.064 0.031 0.022 0.031 0.053 0.011 0.018 0.02 0.069 0.049 0.004 0.015 0.027
169 S 0.108 0.04 0.053 0.048 0.017 0.033 0.052 0.065 0.019 0.029 0.041 0.053 0.015 0.021 0.029 0.231 0.081 0.005 0.017 0.041
170 P 0.056 0.025 0.023 0.031 0.01 0.02 0.036 0.036 0.013 0.025 0.036 0.041 0.01 0.013 0.501 0.043 0.036 0.003 0.013 0.031
171 L 0.044 0.024 0.014 0.015 0.016 0.016 0.02 0.021 0.01 0.114 0.385 0.025 0.049 0.054 0.014 0.024 0.033 0.007 0.022 0.095
172 Y 0.04 0.028 0.021 0.018 0.009 0.021 0.028 0.025 0.046 0.043 0.067 0.031 0.018 0.129 0.015 0.031 0.028 0.028 0.328 0.046
173 A 0.301 0.031 0.025 0.029 0.021 0.025 0.04 0.077 0.015 0.043 0.059 0.044 0.017 0.021 0.029 0.084 0.049 0.005 0.017 0.068
174 L 0.044 0.024 0.014 0.015 0.016 0.016 0.02 0.021 0.01 0.114 0.385 0.025 0.049 0.054 0.014 0.024 0.033 0.007 0.022 0.095
175 Q 0.055 0.072 0.043 0.046 0.009 0.226 0.101 0.041 0.029 0.026 0.046 0.09 0.02 0.014 0.023 0.055 0.041 0.006 0.02 0.035
176 L 0.044 0.024 0.014 0.015 0.016 0.016 0.02 0.021 0.01 0.114 0.385 0.025 0.049 0.054 0.014 0.024 0.033 0.007 0.022 0.095
177 I 0.056 0.019 0.015 0.017 0.017 0.014 0.02 0.022 0.008 0.229 0.149 0.024 0.034 0.04 0.015 0.028 0.043 0.006 0.02 0.22
178 L 0.044 0.022 0.014 0.016 0.016 0.015 0.019 0.021 0.01 0.156 0.33 0.025 0.046 0.051 0.014 0.024 0.034 0.007 0.022 0.115
179 F 0.033 0.019 0.017 0.017 0.01 0.01 0.019 0.025 0.017 0.062 0.113 0.019 0.025 0.396 0.01 0.025 0.025 0.017 0.087 0.054
180 T 0.079 0.036 0.045 0.039 0.017 0.028 0.041 0.047 0.015 0.048 0.06 0.046 0.019 0.023 0.028 0.118 0.224 0.006 0.017 0.065
181 I 0.046 0.017 0.014 0.017 0.016 0.013 0.017 0.02 0.009 0.282 0.165 0.023 0.036 0.044 0.014 0.025 0.039 0.006 0.02 0.174
182 L 0.121 0.028 0.025 0.025 0.018 0.021 0.03 0.041 0.012 0.093 0.159 0.035 0.029 0.033 0.022 0.058 0.097 0.006 0.019 0.128
183 Y 0.037 0.026 0.02 0.018 0.009 0.02 0.026 0.026 0.038 0.04 0.064 0.029 0.018 0.112 0.013 0.029 0.026 0.146 0.263 0.042
184 L 0.051 0.022 0.015 0.016 0.017 0.015 0.02 0.022 0.009 0.168 0.266 0.025 0.041 0.047 0.015 0.026 0.038 0.006 0.021 0.161
185 H 0.042 0.045 0.19 0.06 0.008 0.035 0.051 0.051 0.198 0.022 0.034 0.049 0.013 0.024 0.019 0.055 0.037 0.006 0.036 0.025
186 L 0.041 0.028 0.093 0.032 0.013 0.019 0.027 0.033 0.017 0.078 0.228 0.03 0.033 0.13 0.015 0.035 0.035 0.009 0.037 0.068
187 N 0.042 0.044 0.327 0.082 0.009 0.033 0.049 0.064 0.031 0.022 0.031 0.053 0.011 0.018 0.02 0.069 0.049 0.004 0.015 0.027
188 W 0.104 0.045 0.024 0.025 0.011 0.027 0.039 0.045 0.016 0.032 0.051 0.094 0.016 0.039 0.018 0.045 0.033 0.253 0.042 0.04
189 G 0.071 0.045 0.116 0.052 0.011 0.078 0.057 0.172 0.023 0.024 0.037 0.057 0.014 0.017 0.023 0.101 0.05 0.005 0.016 0.032
190 K 0.054 0.103 0.035 0.035 0.01 0.046 0.058 0.038 0.019 0.045 0.081 0.215 0.055 0.023 0.024 0.048 0.039 0.006 0.019 0.047
191 V 0.054 0.119 0.028 0.028 0.013 0.065 0.046 0.03 0.017 0.123 0.096 0.077 0.025 0.028 0.019 0.039 0.041 0.006 0.019 0.13
192 N 0.063 0.101 0.119 0.051 0.011 0.037 0.051 0.052 0.109 0.025 0.039 0.063 0.014 0.022 0.022 0.108 0.05 0.006 0.027 0.031
193 R 0.047 0.21 0.033 0.029 0.01 0.041 0.048 0.032 0.019 0.047 0.13 0.138 0.024 0.026 0.02 0.041 0.035 0.006 0.018 0.047
194 I 0.041 0.019 0.015 0.017 0.014 0.012 0.018 0.022 0.012 0.179 0.173 0.022 0.034 0.177 0.013 0.025 0.033 0.01 0.046 0.119
195 F 0.037 0.023 0.017 0.017 0.011 0.016 0.022 0.027 0.016 0.063 0.118 0.024 0.06 0.225 0.011 0.027 0.028 0.135 0.066 0.057
196 L 0.047 0.028 0.093 0.032 0.015 0.02 0.027 0.032 0.015 0.118 0.237 0.032 0.036 0.041 0.016 0.036 0.04 0.006 0.02 0.111
197 L 0.06 0.025 0.027 0.026 0.015 0.019 0.025 0.15 0.011 0.117 0.161 0.032 0.028 0.034 0.019 0.048 0.09 0.006 0.018 0.091
198 L 0.096 0.023 0.017 0.019 0.016 0.016 0.024 0.033 0.012 0.11 0.178 0.027 0.032 0.128 0.017 0.038 0.038 0.009 0.037 0.131
199 L 0.044 0.024 0.014 0.015 0.016 0.016 0.02 0.021 0.01 0.114 0.385 0.025 0.049 0.054 0.014 0.024 0.033 0.007 0.022 0.095
200 I 0.07 0.027 0.027 0.027 0.017 0.021 0.03 0.035 0.012 0.152 0.122 0.034 0.046 0.035 0.02 0.084 0.066 0.006 0.02 0.15
201 L 0.11 0.024 0.017 0.019 0.017 0.018 0.024 0.035 0.011 0.141 0.232 0.029 0.037 0.042 0.018 0.04 0.04 0.006 0.02 0.119
202 L 0.061 0.025 0.022 0.022 0.017 0.019 0.025 0.028 0.01 0.138 0.181 0.03 0.033 0.038 0.018 0.044 0.096 0.006 0.02 0.168
203 S 0.145 0.031 0.037 0.035 0.137 0.026 0.04 0.06 0.015 0.036 0.051 0.043 0.016 0.021 0.026 0.147 0.062 0.005 0.016 0.052
204 F 0.052 0.023 0.023 0.022 0.014 0.016 0.025 0.029 0.014 0.085 0.104 0.027 0.025 0.213 0.016 0.043 0.089 0.011 0.053 0.115
205 Y 0.046 0.024 0.019 0.018 0.012 0.018 0.024 0.024 0.029 0.091 0.097 0.027 0.024 0.15 0.015 0.03 0.033 0.019 0.187 0.114
206 F 0.033 0.019 0.017 0.017 0.01 0.01 0.019 0.025 0.017 0.062 0.113 0.019 0.025 0.396 0.01 0.025 0.025 0.017 0.087 0.054
207 S 0.108 0.04 0.053 0.048 0.017 0.033 0.052 0.065 0.019 0.029 0.041 0.053 0.015 0.021 0.029 0.231 0.081 0.005 0.017 0.041
208 V 0.127 0.024 0.018 0.02 0.02 0.018 0.027 0.038 0.01 0.132 0.111 0.03 0.028 0.032 0.02 0.045 0.049 0.005 0.02 0.227
209 V 0.056 0.02 0.016 0.017 0.017 0.015 0.021 0.023 0.009 0.184 0.154 0.024 0.033 0.084 0.015 0.029 0.042 0.007 0.029 0.207
210 Y 0.038 0.025 0.02 0.018 0.009 0.019 0.025 0.025 0.039 0.048 0.079 0.028 0.02 0.196 0.014 0.029 0.027 0.025 0.268 0.048
211 L 0.044 0.024 0.014 0.015 0.016 0.016 0.02 0.021 0.01 0.114 0.385 0.025 0.049 0.054 0.014 0.024 0.033 0.007 0.022 0.095
212 G 0.077 0.023 0.039 0.033 0.011 0.019 0.025 0.517 0.013 0.019 0.028 0.033 0.009 0.016 0.019 0.051 0.029 0.005 0.011 0.024
213 S 0.108 0.04 0.053 0.048 0.017 0.033 0.052 0.065 0.019 0.029 0.041 0.053 0.015 0.021 0.029 0.231 0.081 0.005 0.017 0.041
214 R 0.044 0.355 0.038 0.031 0.008 0.048 0.052 0.032 0.023 0.023 0.046 0.118 0.015 0.017 0.019 0.044 0.034 0.006 0.017 0.031
215 A 0.301 0.031 0.025 0.029 0.021 0.025 0.04 0.077 0.015 0.043 0.059 0.044 0.017 0.021 0.029 0.084 0.049 0.005 0.017 0.068
216 A 0.204 0.035 0.039 0.039 0.019 0.029 0.046 0.071 0.017 0.036 0.05 0.049 0.016 0.021 0.029 0.158 0.065 0.005 0.017 0.055
217 F 0.033 0.019 0.017 0.017 0.01 0.01 0.019 0.025 0.017 0.062 0.113 0.019 0.025 0.396 0.01 0.025 0.025 0.017 0.087 0.054
218 L 0.042 0.019 0.015 0.017 0.015 0.013 0.018 0.022 0.011 0.185 0.207 0.023 0.037 0.134 0.013 0.025 0.034 0.009 0.038 0.124
219 L 0.044 0.024 0.014 0.015 0.016 0.016 0.02 0.021 0.01 0.114 0.385 0.025 0.049 0.054 0.014 0.024 0.033 0.007 0.022 0.095
220 L 0.044 0.023 0.014 0.015 0.016 0.015 0.019 0.021 0.01 0.145 0.344 0.025 0.047 0.052 0.014 0.024 0.034 0.007 0.022 0.11
221 V 0.064 0.021 0.016 0.018 0.018 0.016 0.022 0.024 0.009 0.181 0.139 0.026 0.041 0.038 0.016 0.031 0.046 0.006 0.021 0.248
222 L 0.049 0.022 0.02 0.02 0.014 0.015 0.023 0.028 0.013 0.126 0.185 0.026 0.033 0.175 0.015 0.05 0.038 0.01 0.046 0.093
223 F 0.037 0.023 0.019 0.018 0.01 0.016 0.023 0.025 0.031 0.053 0.09 0.025 0.022 0.262 0.013 0.028 0.026 0.022 0.208 0.05
224 F 0.034 0.019 0.016 0.016 0.011 0.011 0.019 0.025 0.016 0.064 0.126 0.019 0.026 0.354 0.01 0.025 0.025 0.046 0.082 0.055
225 L 0.13 0.026 0.023 0.024 0.018 0.02 0.029 0.042 0.012 0.122 0.168 0.034 0.03 0.035 0.021 0.055 0.082 0.006 0.019 0.102
226 L 0.039 0.021 0.015 0.016 0.013 0.013 0.019 0.023 0.013 0.088 0.249 0.022 0.037 0.225 0.012 0.024 0.029 0.012 0.055 0.074
227 K 0.056 0.069 0.106 0.045 0.011 0.039 0.053 0.043 0.02 0.06 0.061 0.164 0.018 0.021 0.023 0.052 0.044 0.005 0.017 0.093
228 I 0.055 0.022 0.022 0.022 0.016 0.017 0.024 0.027 0.01 0.196 0.132 0.029 0.031 0.059 0.018 0.042 0.094 0.006 0.024 0.154
229 I 0.059 0.023 0.025 0.025 0.015 0.017 0.026 0.033 0.013 0.164 0.121 0.03 0.028 0.126 0.017 0.076 0.046 0.008 0.036 0.111
230 K 0.071 0.07 0.043 0.04 0.012 0.04 0.056 0.047 0.019 0.035 0.051 0.167 0.017 0.042 0.027 0.103 0.09 0.006 0.022 0.043
231 H 0.045 0.06 0.118 0.05 0.008 0.04 0.056 0.046 0.195 0.024 0.037 0.108 0.014 0.023 0.021 0.051 0.035 0.006 0.036 0.026
232 K 0.056 0.085 0.036 0.038 0.009 0.045 0.061 0.041 0.018 0.027 0.041 0.227 0.014 0.015 0.146 0.05 0.038 0.004 0.016 0.032
233 K 0.057 0.075 0.059 0.041 0.011 0.042 0.057 0.043 0.042 0.034 0.048 0.182 0.016 0.025 0.025 0.061 0.093 0.007 0.039 0.042
234 R 0.061 0.118 0.11 0.045 0.012 0.035 0.045 0.047 0.022 0.043 0.078 0.065 0.054 0.026 0.021 0.095 0.051 0.006 0.018 0.047
235 L 0.047 0.026 0.016 0.016 0.016 0.019 0.022 0.023 0.011 0.113 0.321 0.028 0.079 0.051 0.015 0.027 0.036 0.007 0.022 0.105
236 L 0.044 0.024 0.014 0.015 0.016 0.016 0.02 0.021 0.01 0.114 0.385 0.025 0.049 0.054 0.014 0.024 0.033 0.007 0.022 0.095
237 L 0.042 0.021 0.016 0.017 0.014 0.014 0.02 0.023 0.012 0.134 0.223 0.024 0.036 0.156 0.043 0.026 0.032 0.009 0.041 0.098
238 I 0.051 0.022 0.02 0.021 0.015 0.016 0.023 0.028 0.012 0.173 0.152 0.027 0.04 0.13 0.015 0.051 0.04 0.009 0.037 0.117
239 F 0.044 0.02 0.016 0.016 0.132 0.013 0.018 0.026 0.012 0.074 0.185 0.021 0.03 0.195 0.013 0.028 0.03 0.01 0.048 0.067
240 L 0.113 0.024 0.017 0.02 0.018 0.018 0.025 0.035 0.01 0.147 0.2 0.029 0.034 0.04 0.018 0.041 0.042 0.006 0.02 0.143
241 V 0.06 0.021 0.018 0.019 0.017 0.016 0.022 0.025 0.009 0.193 0.169 0.026 0.034 0.04 0.016 0.041 0.045 0.006 0.02 0.202
242 G 0.067 0.026 0.031 0.029 0.014 0.019 0.029 0.157 0.015 0.07 0.112 0.032 0.023 0.12 0.018 0.083 0.043 0.008 0.034 0.07
243 I 0.051 0.019 0.015 0.017 0.016 0.014 0.019 0.022 0.009 0.238 0.153 0.024 0.034 0.063 0.015 0.027 0.041 0.006 0.024 0.193
244 P 0.052 0.023 0.019 0.023 0.013 0.018 0.028 0.028 0.011 0.104 0.153 0.033 0.026 0.03 0.258 0.034 0.036 0.004 0.017 0.089
245 I 0.068 0.022 0.02 0.02 0.016 0.016 0.023 0.029 0.012 0.153 0.124 0.027 0.029 0.126 0.016 0.039 0.066 0.008 0.037 0.151
246 V 0.112 0.024 0.02 0.022 0.019 0.019 0.027 0.036 0.01 0.146 0.114 0.031 0.028 0.033 0.019 0.054 0.05 0.005 0.02 0.212
247 L 0.06 0.025 0.026 0.026 0.015 0.019 0.027 0.091 0.011 0.124 0.129 0.033 0.026 0.031 0.079 0.048 0.093 0.005 0.018 0.115
248 L 0.052 0.023 0.021 0.022 0.016 0.017 0.023 0.026 0.01 0.182 0.195 0.029 0.035 0.041 0.018 0.041 0.092 0.006 0.02 0.128
249 L 0.125 0.028 0.027 0.027 0.018 0.022 0.032 0.046 0.013 0.106 0.176 0.036 0.03 0.035 0.022 0.091 0.05 0.006 0.019 0.09
250 I 0.045 0.021 0.018 0.019 0.014 0.015 0.021 0.024 0.012 0.174 0.142 0.025 0.042 0.159 0.014 0.031 0.053 0.01 0.043 0.119
251 L 0.057 0.025 0.062 0.031 0.014 0.019 0.026 0.153 0.014 0.126 0.161 0.032 0.028 0.035 0.017 0.049 0.039 0.006 0.018 0.09
252 F 0.036 0.021 0.018 0.017 0.01 0.014 0.021 0.025 0.024 0.061 0.118 0.022 0.025 0.308 0.012 0.026 0.026 0.019 0.143 0.055
253 L 0.143 0.025 0.02 0.022 0.018 0.019 0.028 0.043 0.012 0.136 0.174 0.033 0.031 0.037 0.021 0.051 0.055 0.006 0.019 0.108
254 N 0.063 0.063 0.108 0.046 0.012 0.077 0.055 0.075 0.022 0.059 0.061 0.058 0.019 0.021 0.021 0.074 0.049 0.005 0.018 0.094
255 D 0.041 0.034 0.08 0.294 0.008 0.032 0.078 0.045 0.106 0.022 0.03 0.045 0.011 0.019 0.021 0.05 0.034 0.005 0.023 0.024
256 F 0.039 0.02 0.016 0.017 0.013 0.013 0.019 0.023 0.015 0.126 0.174 0.022 0.032 0.227 0.012 0.025 0.03 0.013 0.073 0.091
257 S 0.11 0.04 0.054 0.049 0.018 0.033 0.053 0.067 0.019 0.03 0.042 0.054 0.016 0.021 0.03 0.217 0.082 0.005 0.018 0.042
258 N 0.042 0.121 0.239 0.089 0.008 0.037 0.052 0.055 0.028 0.022 0.035 0.069 0.012 0.017 0.02 0.061 0.044 0.005 0.016 0.027
259 F 0.038 0.019 0.015 0.017 0.012 0.013 0.019 0.024 0.013 0.15 0.121 0.022 0.027 0.158 0.011 0.024 0.031 0.133 0.053 0.101
260 L 0.05 0.027 0.023 0.022 0.015 0.02 0.026 0.029 0.014 0.082 0.189 0.031 0.067 0.13 0.017 0.044 0.089 0.009 0.038 0.077
261 N 0.061 0.042 0.241 0.07 0.011 0.032 0.048 0.093 0.027 0.024 0.033 0.052 0.012 0.018 0.022 0.108 0.055 0.005 0.016 0.03
262 Y 0.058 0.03 0.028 0.025 0.013 0.023 0.032 0.034 0.03 0.057 0.14 0.035 0.025 0.083 0.018 0.079 0.042 0.017 0.174 0.057
263 L 0.041 0.023 0.015 0.015 0.015 0.015 0.02 0.022 0.012 0.101 0.317 0.023 0.043 0.139 0.013 0.024 0.031 0.009 0.038 0.085
264 D 0.041 0.033 0.133 0.325 0.008 0.03 0.08 0.05 0.022 0.022 0.028 0.046 0.01 0.015 0.022 0.056 0.038 0.004 0.012 0.025
265 F 0.033 0.019 0.017 0.017 0.01 0.01 0.019 0.025 0.017 0.062 0.113 0.019 0.025 0.396 0.01 0.025 0.025 0.017 0.087 0.054
266 G 0.077 0.023 0.039 0.033 0.011 0.019 0.025 0.517 0.013 0.019 0.028 0.033 0.009 0.016 0.019 0.051 0.029 0.005 0.011 0.024
267 G 0.077 0.023 0.039 0.033 0.011 0.019 0.025 0.517 0.013 0.019 0.028 0.033 0.009 0.016 0.019 0.051 0.029 0.005 0.011 0.024
268 F 0.033 0.019 0.017 0.017 0.01 0.01 0.019 0.025 0.017 0.062 0.113 0.019 0.025 0.396 0.01 0.025 0.025 0.017 0.087 0.054
269 S 0.082 0.058 0.047 0.057 0.013 0.045 0.12 0.052 0.021 0.027 0.04 0.117 0.015 0.018 0.028 0.142 0.059 0.005 0.017 0.036
270 E 0.064 0.044 0.117 0.097 0.01 0.046 0.165 0.05 0.025 0.024 0.036 0.062 0.013 0.018 0.025 0.102 0.05 0.005 0.016 0.032
271 R 0.044 0.355 0.038 0.031 0.008 0.048 0.052 0.032 0.023 0.023 0.046 0.118 0.015 0.017 0.019 0.044 0.034 0.006 0.017 0.031
272 G 0.077 0.023 0.039 0.033 0.011 0.019 0.025 0.517 0.013 0.019 0.028 0.033 0.009 0.016 0.019 0.051 0.029 0.005 0.011 0.024
273 L 0.044 0.022 0.014 0.016 0.016 0.015 0.019 0.021 0.01 0.156 0.33 0.025 0.046 0.051 0.014 0.024 0.034 0.007 0.022 0.115
274 D 0.057 0.032 0.064 0.317 0.01 0.03 0.08 0.051 0.019 0.024 0.031 0.046 0.011 0.016 0.024 0.096 0.046 0.004 0.013 0.028
275 S 0.108 0.04 0.053 0.048 0.017 0.033 0.052 0.065 0.019 0.029 0.041 0.053 0.015 0.021 0.029 0.231 0.081 0.005 0.017 0.041
276 P 0.056 0.025 0.023 0.031 0.01 0.02 0.036 0.036 0.013 0.025 0.036 0.041 0.01 0.013 0.501 0.043 0.036 0.003 0.013 0.031
277 R 0.044 0.355 0.038 0.031 0.008 0.048 0.052 0.032 0.023 0.023 0.046 0.118 0.015 0.017 0.019 0.044 0.034 0.006 0.017 0.031
278 F 0.033 0.019 0.017 0.017 0.01 0.01 0.019 0.025 0.017 0.062 0.113 0.019 0.025 0.396 0.01 0.025 0.025 0.017 0.087 0.054
279 S 0.108 0.04 0.053 0.048 0.017 0.033 0.052 0.065 0.019 0.029 0.041 0.053 0.015 0.021 0.029 0.231 0.081 0.005 0.017 0.041
280 L 0.051 0.032 0.02 0.02 0.016 0.028 0.028 0.028 0.016 0.099 0.194 0.036 0.173 0.047 0.016 0.036 0.04 0.008 0.024 0.091
281 L 0.041 0.023 0.015 0.015 0.015 0.015 0.02 0.022 0.012 0.101 0.317 0.023 0.043 0.139 0.013 0.024 0.031 0.009 0.038 0.085
282 E 0.057 0.034 0.028 0.053 0.013 0.039 0.164 0.029 0.017 0.114 0.089 0.05 0.023 0.027 0.021 0.042 0.041 0.005 0.018 0.135
283 Y 0.04 0.028 0.021 0.018 0.009 0.021 0.028 0.025 0.046 0.043 0.067 0.031 0.018 0.129 0.015 0.031 0.028 0.028 0.328 0.046
284 G 0.077 0.023 0.039 0.033 0.011 0.019 0.025 0.517 0.013 0.019 0.028 0.033 0.009 0.016 0.019 0.051 0.029 0.005 0.011 0.024
285 L 0.044 0.02 0.015 0.017 0.015 0.013 0.019 0.022 0.011 0.177 0.205 0.023 0.036 0.134 0.013 0.025 0.035 0.009 0.038 0.131
286 S 0.097 0.047 0.05 0.046 0.016 0.035 0.052 0.06 0.018 0.032 0.044 0.082 0.016 0.02 0.029 0.192 0.098 0.005 0.017 0.044
287 N 0.042 0.044 0.31 0.079 0.009 0.033 0.049 0.063 0.052 0.022 0.031 0.053 0.011 0.019 0.02 0.067 0.047 0.005 0.018 0.026
288 F 0.033 0.019 0.017 0.017 0.01 0.01 0.019 0.025 0.017 0.062 0.113 0.019 0.025 0.396 0.01 0.025 0.025 0.017 0.087 0.054
289 L 0.046 0.026 0.015 0.016 0.016 0.019 0.022 0.023 0.011 0.11 0.337 0.028 0.08 0.052 0.014 0.027 0.035 0.007 0.022 0.094
290 N 0.045 0.056 0.191 0.153 0.008 0.037 0.064 0.054 0.025 0.023 0.033 0.11 0.012 0.016 0.022 0.06 0.043 0.004 0.015 0.027
291 Y 0.04 0.028 0.021 0.018 0.009 0.021 0.028 0.025 0.046 0.043 0.067 0.031 0.018 0.129 0.015 0.031 0.028 0.028 0.328 0.046
292 P 0.056 0.025 0.023 0.031 0.01 0.02 0.036 0.036 0.013 0.025 0.036 0.041 0.01 0.013 0.501 0.043 0.036 0.003 0.013 0.031
293 F 0.037 0.021 0.016 0.016 0.012 0.013 0.02 0.025 0.014 0.073 0.166 0.022 0.029 0.204 0.011 0.025 0.028 0.134 0.062 0.072
294 G 0.077 0.023 0.039 0.033 0.011 0.019 0.025 0.517 0.013 0.019 0.028 0.033 0.009 0.016 0.019 0.051 0.029 0.005 0.011 0.024
295 G 0.077 0.023 0.039 0.033 0.011 0.019 0.025 0.517 0.013 0.019 0.028 0.033 0.009 0.016 0.019 0.051 0.029 0.005 0.011 0.024
296 L 0.046 0.026 0.015 0.016 0.016 0.019 0.022 0.023 0.011 0.11 0.337 0.028 0.08 0.052 0.014 0.027 0.035 0.007 0.022 0.094
297 Q 0.053 0.067 0.036 0.038 0.01 0.13 0.072 0.036 0.022 0.09 0.075 0.123 0.023 0.022 0.022 0.047 0.04 0.006 0.019 0.069
298 V 0.127 0.024 0.018 0.02 0.02 0.018 0.027 0.038 0.01 0.132 0.111 0.03 0.028 0.032 0.02 0.045 0.049 0.005 0.02 0.227
299 H 0.045 0.052 0.05 0.04 0.008 0.085 0.065 0.038 0.281 0.023 0.04 0.056 0.016 0.026 0.02 0.045 0.03 0.007 0.047 0.026
300 G 0.189 0.027 0.032 0.031 0.016 0.022 0.033 0.297 0.014 0.031 0.043 0.039 0.013 0.019 0.024 0.067 0.039 0.005 0.014 0.046
301 E 0.052 0.04 0.035 0.091 0.009 0.049 0.221 0.032 0.021 0.087 0.068 0.06 0.018 0.023 0.022 0.047 0.037 0.005 0.017 0.066
302 G 0.077 0.023 0.039 0.033 0.011 0.019 0.025 0.517 0.013 0.019 0.028 0.033 0.009 0.016 0.019 0.051 0.029 0.005 0.011 0.024
303 Y 0.04 0.028 0.021 0.018 0.009 0.021 0.028 0.025 0.046 0.043 0.067 0.031 0.018 0.129 0.015 0.031 0.028 0.028 0.328 0.046
304 T 0.06 0.037 0.048 0.142 0.012 0.037 0.119 0.041 0.018 0.037 0.048 0.052 0.015 0.019 0.025 0.072 0.147 0.005 0.016 0.049
305 G 0.077 0.023 0.039 0.033 0.011 0.019 0.025 0.517 0.013 0.019 0.028 0.033 0.009 0.016 0.019 0.051 0.029 0.005 0.011 0.024
306 I 0.046 0.017 0.014 0.017 0.016 0.013 0.017 0.02 0.009 0.282 0.165 0.023 0.036 0.044 0.014 0.025 0.039 0.006 0.02 0.174
307 W 0.03 0.022 0.015 0.015 0.007 0.015 0.022 0.03 0.015 0.03 0.052 0.022 0.015 0.06 0.007 0.022 0.022 0.5 0.067 0.03
308 F 0.035 0.019 0.016 0.016 0.011 0.011 0.019 0.025 0.016 0.069 0.147 0.019 0.028 0.353 0.011 0.025 0.026 0.015 0.079 0.059
309 H 0.041 0.045 0.053 0.038 0.007 0.038 0.053 0.038 0.365 0.023 0.038 0.045 0.015 0.03 0.019 0.041 0.026 0.007 0.056 0.023
310 N 0.042 0.044 0.327 0.082 0.009 0.033 0.049 0.064 0.031 0.022 0.031 0.053 0.011 0.018 0.02 0.069 0.049 0.004 0.015 0.027
311 L 0.051 0.032 0.02 0.02 0.016 0.028 0.028 0.028 0.016 0.099 0.194 0.036 0.173 0.047 0.016 0.036 0.04 0.008 0.024 0.091
312 L 0.044 0.024 0.014 0.015 0.016 0.016 0.02 0.021 0.01 0.114 0.385 0.025 0.049 0.054 0.014 0.024 0.033 0.007 0.022 0.095
313 L 0.044 0.024 0.014 0.015 0.016 0.016 0.02 0.021 0.01 0.114 0.385 0.025 0.049 0.054 0.014 0.024 0.033 0.007 0.022 0.095
314 D 0.04 0.029 0.068 0.406 0.007 0.029 0.09 0.046 0.018 0.022 0.028 0.044 0.009 0.015 0.022 0.051 0.035 0.004 0.011 0.024
315 L 0.045 0.02 0.014 0.016 0.016 0.014 0.019 0.021 0.009 0.208 0.261 0.024 0.042 0.048 0.014 0.024 0.036 0.006 0.021 0.139
316 V 0.069 0.022 0.016 0.018 0.019 0.016 0.023 0.024 0.008 0.162 0.128 0.026 0.031 0.035 0.016 0.032 0.049 0.005 0.02 0.28
317 R 0.044 0.355 0.038 0.031 0.008 0.048 0.052 0.032 0.023 0.023 0.046 0.118 0.015 0.017 0.019 0.044 0.034 0.006 0.017 0.031
318 V 0.069 0.022 0.016 0.018 0.019 0.016 0.023 0.024 0.008 0.162 0.128 0.026 0.031 0.035 0.016 0.032 0.049 0.005 0.02 0.28
319 S 0.156 0.037 0.046 0.043 0.018 0.031 0.049 0.068 0.018 0.033 0.046 0.051 0.016 0.021 0.029 0.195 0.073 0.005 0.017 0.048
320 G 0.077 0.023 0.039 0.033 0.011 0.019 0.025 0.517 0.013 0.019 0.028 0.033 0.009 0.016 0.019 0.051 0.029 0.005 0.011 0.024
