#Seq2Logo.py -f /work3/idamei/wzy_ssn/run/1e-50/run/150/MSAs/0008_11.afa -o /work3/idamei/wzy_ssn/run/1e-50/run/150/logos/0008_11.logo
#Position Specific Frequency Matrix
A R N D C Q E G H I L K M F P S T W Y V
0 L 0.052 0.032 0.02 0.02 0.016 0.028 0.028 0.028 0.016 0.099 0.194 0.036 0.171 0.048 0.016 0.036 0.04 0.008 0.024 0.091
1 E 0.055 0.05 0.041 0.09 0.007 0.065 0.295 0.035 0.026 0.022 0.037 0.076 0.013 0.017 0.026 0.055 0.037 0.006 0.017 0.031
2 A 0.288 0.031 0.026 0.03 0.022 0.026 0.041 0.078 0.015 0.043 0.06 0.045 0.018 0.022 0.03 0.085 0.05 0.005 0.018 0.069
3 S 0.11 0.04 0.054 0.049 0.018 0.033 0.053 0.066 0.019 0.03 0.042 0.054 0.016 0.021 0.03 0.218 0.082 0.005 0.018 0.042
4 A 0.166 0.025 0.021 0.023 0.017 0.019 0.029 0.051 0.014 0.106 0.1 0.033 0.024 0.119 0.021 0.055 0.041 0.008 0.036 0.092
5 Y 0.04 0.028 0.022 0.019 0.009 0.022 0.028 0.025 0.046 0.043 0.068 0.031 0.019 0.13 0.015 0.031 0.028 0.028 0.323 0.046
6 L 0.044 0.024 0.014 0.015 0.016 0.016 0.02 0.021 0.01 0.114 0.383 0.025 0.049 0.054 0.014 0.024 0.033 0.007 0.022 0.095
7 I 0.046 0.019 0.014 0.017 0.016 0.014 0.018 0.021 0.009 0.233 0.228 0.024 0.04 0.047 0.014 0.024 0.038 0.006 0.021 0.152
8 I 0.049 0.019 0.015 0.017 0.016 0.014 0.019 0.021 0.009 0.24 0.192 0.024 0.037 0.044 0.015 0.026 0.04 0.006 0.021 0.178
9 S 0.1 0.036 0.048 0.044 0.017 0.03 0.047 0.059 0.017 0.065 0.059 0.049 0.018 0.024 0.027 0.2 0.075 0.005 0.018 0.06
10 L 0.057 0.023 0.021 0.021 0.015 0.017 0.022 0.163 0.011 0.094 0.245 0.027 0.035 0.04 0.016 0.033 0.034 0.006 0.019 0.101
11 F 0.038 0.021 0.016 0.016 0.013 0.013 0.019 0.023 0.014 0.085 0.229 0.021 0.035 0.249 0.012 0.025 0.028 0.013 0.06 0.072
12 V 0.066 0.021 0.016 0.018 0.019 0.016 0.022 0.024 0.008 0.179 0.134 0.025 0.032 0.036 0.016 0.031 0.047 0.005 0.02 0.263
13 L 0.048 0.024 0.014 0.015 0.016 0.016 0.02 0.022 0.01 0.121 0.347 0.025 0.046 0.051 0.014 0.025 0.035 0.007 0.022 0.121
14 I 0.051 0.02 0.015 0.017 0.016 0.014 0.02 0.022 0.01 0.192 0.179 0.024 0.035 0.093 0.014 0.027 0.039 0.007 0.03 0.176
15 L 0.045 0.02 0.015 0.017 0.015 0.014 0.019 0.022 0.011 0.154 0.207 0.023 0.036 0.146 0.013 0.026 0.035 0.009 0.04 0.132
16 S 0.109 0.04 0.053 0.048 0.017 0.033 0.052 0.065 0.019 0.029 0.041 0.053 0.016 0.021 0.029 0.23 0.081 0.005 0.017 0.041
17 F 0.033 0.019 0.016 0.016 0.01 0.011 0.019 0.026 0.016 0.058 0.104 0.019 0.024 0.347 0.01 0.025 0.025 0.086 0.085 0.051
18 L 0.046 0.047 0.022 0.023 0.013 0.026 0.034 0.028 0.014 0.082 0.247 0.099 0.036 0.092 0.017 0.032 0.034 0.008 0.03 0.071
19 L 0.044 0.024 0.014 0.015 0.016 0.016 0.02 0.021 0.01 0.114 0.383 0.025 0.049 0.054 0.014 0.024 0.033 0.007 0.022 0.095
20 F 0.033 0.019 0.017 0.017 0.01 0.01 0.019 0.025 0.017 0.063 0.113 0.019 0.025 0.394 0.01 0.025 0.025 0.017 0.088 0.054
21 K 0.056 0.096 0.042 0.043 0.009 0.102 0.079 0.042 0.023 0.027 0.044 0.231 0.017 0.015 0.026 0.054 0.04 0.005 0.018 0.033
22 K 0.055 0.093 0.037 0.038 0.01 0.047 0.062 0.039 0.019 0.063 0.06 0.249 0.018 0.019 0.025 0.049 0.039 0.005 0.018 0.053
23 A 0.299 0.031 0.025 0.029 0.021 0.025 0.04 0.077 0.015 0.043 0.059 0.044 0.017 0.021 0.029 0.084 0.049 0.005 0.017 0.068
24 A 0.19 0.036 0.041 0.04 0.019 0.03 0.047 0.071 0.017 0.035 0.049 0.049 0.016 0.021 0.029 0.167 0.067 0.005 0.017 0.053
25 G 0.077 0.023 0.039 0.033 0.011 0.019 0.025 0.516 0.013 0.019 0.028 0.033 0.009 0.016 0.019 0.051 0.029 0.005 0.011 0.024
26 S 0.093 0.038 0.049 0.043 0.017 0.03 0.046 0.056 0.017 0.039 0.051 0.05 0.017 0.022 0.028 0.17 0.156 0.005 0.017 0.054
27 L 0.05 0.03 0.018 0.019 0.016 0.025 0.026 0.026 0.015 0.102 0.236 0.033 0.147 0.049 0.015 0.033 0.038 0.008 0.023 0.092
28 A 0.183 0.043 0.039 0.039 0.017 0.073 0.057 0.065 0.019 0.034 0.05 0.057 0.017 0.019 0.028 0.127 0.058 0.005 0.018 0.051
29 L 0.047 0.023 0.016 0.019 0.015 0.017 0.023 0.024 0.01 0.113 0.284 0.028 0.039 0.043 0.123 0.028 0.034 0.006 0.02 0.089
30 N 0.05 0.106 0.13 0.045 0.011 0.03 0.039 0.096 0.021 0.046 0.117 0.058 0.021 0.026 0.019 0.054 0.063 0.006 0.017 0.047
31 R 0.051 0.173 0.04 0.049 0.008 0.073 0.12 0.037 0.023 0.024 0.043 0.163 0.015 0.016 0.024 0.05 0.037 0.005 0.017 0.032
32 L 0.044 0.022 0.014 0.015 0.016 0.015 0.019 0.021 0.01 0.151 0.337 0.024 0.046 0.051 0.014 0.024 0.034 0.007 0.022 0.112
33 N 0.042 0.044 0.329 0.082 0.009 0.033 0.049 0.064 0.031 0.022 0.031 0.053 0.011 0.018 0.02 0.069 0.049 0.004 0.015 0.027
34 L 0.051 0.03 0.019 0.019 0.016 0.026 0.027 0.027 0.015 0.115 0.19 0.034 0.164 0.047 0.016 0.034 0.039 0.008 0.023 0.098
35 L 0.051 0.022 0.016 0.017 0.016 0.017 0.021 0.022 0.01 0.197 0.204 0.026 0.063 0.044 0.015 0.028 0.04 0.006 0.021 0.164
36 S 0.108 0.039 0.053 0.048 0.017 0.033 0.051 0.065 0.019 0.029 0.041 0.053 0.015 0.02 0.029 0.235 0.08 0.005 0.017 0.041
37 W 0.058 0.025 0.018 0.017 0.009 0.018 0.026 0.032 0.026 0.036 0.058 0.027 0.016 0.081 0.012 0.031 0.027 0.284 0.158 0.039
38 I 0.05 0.019 0.015 0.017 0.016 0.014 0.019 0.021 0.009 0.231 0.198 0.024 0.037 0.044 0.015 0.026 0.04 0.006 0.02 0.179
39 F 0.034 0.02 0.017 0.017 0.01 0.012 0.02 0.025 0.022 0.059 0.104 0.021 0.024 0.35 0.011 0.026 0.025 0.019 0.131 0.052
40 Y 0.04 0.027 0.021 0.018 0.009 0.021 0.027 0.024 0.046 0.043 0.067 0.031 0.018 0.128 0.015 0.031 0.027 0.027 0.331 0.046
41 F 0.041 0.022 0.018 0.017 0.012 0.014 0.022 0.025 0.023 0.075 0.103 0.023 0.024 0.259 0.013 0.028 0.03 0.018 0.141 0.093
42 E 0.049 0.042 0.118 0.067 0.008 0.043 0.142 0.043 0.087 0.023 0.035 0.057 0.012 0.018 0.11 0.054 0.038 0.005 0.023 0.028
43 L 0.04 0.021 0.015 0.016 0.014 0.014 0.019 0.022 0.012 0.11 0.267 0.022 0.039 0.178 0.013 0.024 0.03 0.01 0.045 0.087
44 I 0.046 0.021 0.016 0.017 0.015 0.015 0.02 0.022 0.011 0.194 0.176 0.025 0.059 0.104 0.014 0.027 0.037 0.008 0.032 0.142
45 L 0.088 0.022 0.016 0.018 0.016 0.016 0.022 0.031 0.011 0.14 0.21 0.026 0.035 0.102 0.016 0.035 0.037 0.008 0.031 0.118
46 L 0.049 0.046 0.079 0.038 0.012 0.095 0.054 0.037 0.022 0.064 0.15 0.054 0.077 0.032 0.018 0.045 0.04 0.006 0.021 0.062
47 S 0.123 0.035 0.041 0.038 0.016 0.028 0.043 0.056 0.022 0.037 0.052 0.046 0.017 0.039 0.026 0.153 0.097 0.009 0.07 0.051
48 F 0.082 0.022 0.017 0.018 0.014 0.015 0.022 0.032 0.014 0.075 0.196 0.025 0.031 0.222 0.015 0.034 0.031 0.011 0.053 0.069
49 I 0.045 0.02 0.016 0.019 0.014 0.014 0.021 0.024 0.011 0.178 0.171 0.025 0.032 0.1 0.096 0.027 0.035 0.007 0.03 0.116
50 G 0.12 0.026 0.038 0.035 0.013 0.022 0.032 0.372 0.014 0.024 0.035 0.038 0.012 0.017 0.022 0.087 0.041 0.005 0.013 0.034
51 A 0.169 0.033 0.041 0.039 0.017 0.028 0.043 0.145 0.016 0.032 0.044 0.046 0.015 0.02 0.027 0.155 0.061 0.005 0.016 0.047
52 I 0.051 0.02 0.015 0.017 0.017 0.014 0.019 0.021 0.009 0.213 0.211 0.024 0.038 0.044 0.015 0.026 0.04 0.006 0.021 0.181
53 L 0.041 0.023 0.015 0.016 0.014 0.015 0.02 0.023 0.013 0.094 0.281 0.024 0.052 0.169 0.013 0.025 0.031 0.01 0.044 0.08
54 V 0.061 0.02 0.016 0.017 0.018 0.015 0.021 0.023 0.008 0.203 0.139 0.025 0.033 0.038 0.016 0.03 0.045 0.005 0.02 0.249
55 V 0.06 0.022 0.017 0.017 0.017 0.016 0.023 0.023 0.014 0.162 0.123 0.026 0.03 0.052 0.016 0.031 0.043 0.009 0.072 0.227
56 Y 0.041 0.032 0.124 0.039 0.01 0.024 0.033 0.037 0.035 0.047 0.109 0.037 0.021 0.079 0.016 0.042 0.035 0.016 0.176 0.047
57 H 0.053 0.058 0.045 0.048 0.009 0.075 0.104 0.039 0.138 0.029 0.044 0.099 0.016 0.021 0.023 0.055 0.072 0.006 0.03 0.035
58 I 0.051 0.023 0.068 0.028 0.015 0.017 0.024 0.028 0.012 0.198 0.151 0.029 0.032 0.038 0.016 0.034 0.042 0.006 0.019 0.17
59 D 0.045 0.028 0.059 0.346 0.009 0.027 0.078 0.042 0.017 0.045 0.044 0.041 0.013 0.018 0.021 0.048 0.037 0.004 0.012 0.068
60 N 0.051 0.044 0.14 0.069 0.009 0.043 0.136 0.046 0.083 0.027 0.039 0.057 0.014 0.02 0.023 0.063 0.077 0.005 0.023 0.034
61 H 0.041 0.045 0.099 0.045 0.008 0.037 0.051 0.042 0.314 0.022 0.036 0.046 0.014 0.028 0.019 0.045 0.03 0.007 0.049 0.023
62 Y 0.051 0.029 0.027 0.023 0.01 0.023 0.031 0.031 0.041 0.04 0.063 0.034 0.018 0.11 0.018 0.065 0.036 0.024 0.282 0.045
63 L 0.05 0.026 0.016 0.017 0.016 0.02 0.023 0.024 0.011 0.116 0.281 0.028 0.09 0.048 0.015 0.029 0.037 0.007 0.022 0.125
64 I 0.046 0.018 0.014 0.017 0.016 0.013 0.018 0.02 0.009 0.259 0.202 0.023 0.038 0.045 0.014 0.024 0.038 0.006 0.02 0.159
65 N 0.047 0.035 0.196 0.183 0.009 0.029 0.058 0.134 0.024 0.021 0.029 0.046 0.01 0.016 0.02 0.059 0.04 0.004 0.013 0.025
66 K 0.056 0.104 0.04 0.04 0.008 0.052 0.069 0.042 0.02 0.027 0.042 0.296 0.015 0.015 0.027 0.052 0.039 0.005 0.017 0.032
67 L 0.051 0.025 0.017 0.022 0.016 0.02 0.045 0.023 0.011 0.132 0.276 0.029 0.04 0.045 0.015 0.028 0.037 0.006 0.021 0.143
68 Y 0.098 0.034 0.035 0.03 0.014 0.027 0.038 0.043 0.084 0.04 0.057 0.04 0.017 0.058 0.022 0.073 0.094 0.013 0.129 0.051
69 D 0.085 0.031 0.042 0.154 0.01 0.027 0.054 0.042 0.085 0.032 0.047 0.039 0.014 0.056 0.02 0.048 0.033 0.012 0.127 0.038
70 Q 0.056 0.074 0.044 0.047 0.009 0.213 0.103 0.041 0.029 0.027 0.047 0.091 0.021 0.015 0.024 0.056 0.041 0.006 0.021 0.035
71 D 0.058 0.037 0.057 0.239 0.009 0.04 0.147 0.046 0.021 0.023 0.033 0.055 0.011 0.016 0.025 0.088 0.044 0.004 0.014 0.029
72 S 0.067 0.045 0.091 0.055 0.013 0.069 0.098 0.048 0.022 0.037 0.072 0.059 0.018 0.021 0.024 0.106 0.088 0.005 0.018 0.045
73 S 0.123 0.035 0.041 0.038 0.016 0.028 0.043 0.056 0.022 0.037 0.052 0.046 0.017 0.039 0.026 0.153 0.097 0.009 0.07 0.051
74 R 0.044 0.361 0.038 0.03 0.008 0.047 0.051 0.032 0.023 0.023 0.045 0.117 0.015 0.017 0.019 0.044 0.034 0.006 0.017 0.03
75 I 0.057 0.022 0.022 0.022 0.015 0.016 0.024 0.029 0.012 0.167 0.124 0.027 0.029 0.128 0.016 0.062 0.044 0.008 0.036 0.14
76 L 0.044 0.025 0.017 0.017 0.014 0.019 0.023 0.023 0.023 0.116 0.212 0.028 0.058 0.075 0.015 0.028 0.033 0.014 0.126 0.09
77 G 0.115 0.024 0.036 0.032 0.012 0.02 0.027 0.448 0.013 0.022 0.033 0.035 0.01 0.017 0.02 0.056 0.032 0.005 0.012 0.031
78 W 0.034 0.023 0.016 0.016 0.01 0.015 0.022 0.026 0.019 0.051 0.121 0.023 0.023 0.127 0.01 0.024 0.025 0.261 0.107 0.047
79 L 0.084 0.026 0.018 0.018 0.013 0.019 0.026 0.033 0.023 0.064 0.171 0.029 0.028 0.074 0.016 0.036 0.032 0.096 0.133 0.063
80 A 0.263 0.029 0.023 0.027 0.02 0.023 0.036 0.067 0.014 0.054 0.113 0.04 0.022 0.026 0.026 0.073 0.046 0.006 0.018 0.072
81 I 0.05 0.018 0.015 0.017 0.016 0.013 0.018 0.021 0.008 0.267 0.158 0.023 0.035 0.042 0.015 0.026 0.04 0.006 0.02 0.191
82 L 0.048 0.029 0.018 0.018 0.016 0.024 0.025 0.025 0.014 0.103 0.258 0.032 0.137 0.049 0.015 0.031 0.037 0.008 0.023 0.091
83 Y 0.04 0.027 0.021 0.018 0.009 0.021 0.027 0.024 0.046 0.043 0.067 0.03 0.018 0.128 0.015 0.03 0.027 0.027 0.334 0.046
84 T 0.074 0.035 0.04 0.036 0.017 0.028 0.039 0.044 0.015 0.056 0.081 0.044 0.046 0.027 0.025 0.106 0.196 0.006 0.018 0.068
85 L 0.05 0.03 0.019 0.019 0.016 0.025 0.026 0.026 0.015 0.1 0.225 0.033 0.159 0.048 0.015 0.033 0.038 0.008 0.023 0.091
86 L 0.055 0.021 0.015 0.017 0.017 0.015 0.02 0.022 0.009 0.191 0.205 0.024 0.037 0.042 0.015 0.027 0.041 0.006 0.021 0.2
87 A 0.183 0.028 0.027 0.028 0.017 0.021 0.034 0.057 0.016 0.047 0.073 0.037 0.019 0.148 0.023 0.09 0.046 0.009 0.04 0.058
88 F 0.082 0.023 0.018 0.019 0.013 0.016 0.024 0.034 0.016 0.065 0.116 0.025 0.05 0.279 0.014 0.036 0.031 0.013 0.065 0.062
89 P 0.055 0.025 0.023 0.03 0.01 0.02 0.035 0.035 0.013 0.025 0.035 0.04 0.01 0.013 0.506 0.043 0.035 0.003 0.013 0.03
90 L 0.048 0.02 0.014 0.016 0.096 0.014 0.018 0.022 0.009 0.16 0.261 0.023 0.039 0.044 0.014 0.027 0.035 0.006 0.02 0.114
91 G 0.076 0.022 0.038 0.033 0.011 0.018 0.025 0.522 0.013 0.018 0.028 0.033 0.009 0.016 0.018 0.05 0.029 0.005 0.011 0.024
92 L 0.048 0.029 0.018 0.018 0.016 0.024 0.025 0.025 0.014 0.103 0.258 0.032 0.137 0.049 0.015 0.031 0.037 0.008 0.023 0.091
93 L 0.05 0.036 0.019 0.02 0.015 0.022 0.028 0.025 0.011 0.121 0.27 0.07 0.039 0.043 0.016 0.03 0.037 0.006 0.021 0.122
94 L 0.04 0.021 0.015 0.016 0.014 0.014 0.019 0.022 0.012 0.125 0.26 0.022 0.038 0.168 0.013 0.024 0.031 0.01 0.043 0.094
95 A 0.244 0.027 0.022 0.026 0.02 0.022 0.034 0.063 0.013 0.093 0.081 0.039 0.021 0.026 0.025 0.069 0.047 0.005 0.018 0.103
96 N 0.052 0.06 0.187 0.06 0.009 0.037 0.051 0.133 0.024 0.023 0.034 0.13 0.012 0.016 0.022 0.06 0.042 0.005 0.015 0.028
97 P 0.05 0.188 0.031 0.031 0.009 0.034 0.044 0.034 0.018 0.024 0.041 0.08 0.013 0.015 0.258 0.044 0.035 0.004 0.015 0.031
98 F 0.04 0.021 0.016 0.017 0.013 0.015 0.02 0.024 0.014 0.114 0.18 0.023 0.057 0.225 0.012 0.026 0.031 0.012 0.054 0.086
99 F 0.044 0.022 0.017 0.017 0.014 0.015 0.021 0.024 0.014 0.093 0.174 0.023 0.056 0.223 0.013 0.028 0.032 0.012 0.054 0.105
100 F 0.034 0.02 0.016 0.016 0.011 0.012 0.019 0.025 0.015 0.065 0.148 0.02 0.027 0.287 0.01 0.024 0.026 0.096 0.072 0.056
101 K 0.053 0.095 0.042 0.04 0.008 0.05 0.066 0.041 0.079 0.026 0.041 0.254 0.015 0.018 0.026 0.05 0.037 0.005 0.023 0.03
102 G 0.109 0.034 0.084 0.049 0.014 0.031 0.083 0.131 0.018 0.049 0.053 0.047 0.016 0.021 0.023 0.088 0.048 0.005 0.016 0.079
103 K 0.065 0.065 0.044 0.044 0.01 0.042 0.076 0.124 0.078 0.025 0.038 0.151 0.014 0.019 0.024 0.081 0.042 0.006 0.022 0.03
104 D 0.043 0.188 0.054 0.215 0.008 0.039 0.072 0.04 0.021 0.023 0.037 0.082 0.012 0.016 0.021 0.048 0.035 0.005 0.014 0.028
105 V 0.057 0.026 0.027 0.086 0.015 0.022 0.037 0.03 0.012 0.099 0.111 0.033 0.061 0.031 0.099 0.038 0.042 0.005 0.018 0.151
106 K 0.056 0.066 0.042 0.1 0.01 0.07 0.068 0.041 0.019 0.07 0.06 0.154 0.018 0.02 0.023 0.063 0.042 0.005 0.017 0.055
107 E 0.059 0.042 0.036 0.051 0.011 0.07 0.135 0.116 0.019 0.042 0.1 0.056 0.02 0.023 0.022 0.054 0.073 0.006 0.017 0.047
108 L 0.085 0.024 0.017 0.018 0.015 0.017 0.023 0.031 0.015 0.087 0.262 0.027 0.037 0.112 0.016 0.034 0.034 0.01 0.058 0.079
109 L 0.046 0.023 0.02 0.02 0.014 0.016 0.023 0.026 0.013 0.114 0.189 0.027 0.045 0.162 0.015 0.036 0.07 0.01 0.043 0.089
110 D 0.056 0.05 0.119 0.12 0.01 0.039 0.101 0.049 0.022 0.028 0.039 0.094 0.013 0.018 0.024 0.078 0.081 0.005 0.015 0.036
111 R 0.048 0.199 0.084 0.046 0.089 0.042 0.088 0.038 0.022 0.026 0.044 0.083 0.014 0.017 0.02 0.049 0.037 0.005 0.016 0.034
112 Y 0.04 0.027 0.021 0.018 0.009 0.021 0.027 0.024 0.046 0.043 0.067 0.03 0.018 0.128 0.015 0.03 0.027 0.027 0.334 0.046
113 A 0.122 0.092 0.033 0.032 0.015 0.063 0.049 0.046 0.017 0.058 0.067 0.061 0.02 0.022 0.024 0.065 0.099 0.006 0.018 0.093
114 K 0.098 0.068 0.087 0.045 0.012 0.055 0.058 0.051 0.021 0.033 0.047 0.154 0.016 0.018 0.026 0.067 0.08 0.005 0.017 0.043
115 K 0.073 0.083 0.045 0.043 0.011 0.046 0.063 0.05 0.02 0.028 0.042 0.215 0.015 0.017 0.028 0.114 0.052 0.005 0.017 0.035
116 P 0.064 0.051 0.035 0.045 0.01 0.037 0.093 0.042 0.018 0.026 0.038 0.112 0.013 0.015 0.227 0.08 0.044 0.004 0.015 0.033
117 I 0.046 0.018 0.014 0.017 0.016 0.013 0.018 0.02 0.009 0.259 0.202 0.023 0.038 0.045 0.014 0.024 0.038 0.006 0.02 0.159
118 K 0.059 0.062 0.033 0.042 0.012 0.072 0.1 0.034 0.018 0.07 0.07 0.134 0.021 0.022 0.022 0.046 0.042 0.005 0.018 0.117
119 P 0.107 0.028 0.03 0.031 0.013 0.023 0.036 0.126 0.02 0.03 0.044 0.04 0.013 0.035 0.184 0.081 0.043 0.008 0.067 0.04
120 L 0.046 0.026 0.019 0.028 0.014 0.023 0.069 0.024 0.013 0.108 0.244 0.032 0.036 0.103 0.015 0.03 0.034 0.008 0.031 0.099
121 L 0.088 0.038 0.022 0.022 0.014 0.024 0.032 0.034 0.019 0.085 0.181 0.073 0.03 0.082 0.019 0.04 0.035 0.01 0.078 0.074
122 S 0.093 0.047 0.048 0.044 0.015 0.033 0.05 0.137 0.018 0.027 0.039 0.09 0.014 0.019 0.027 0.176 0.065 0.005 0.016 0.037
123 K 0.054 0.057 0.033 0.04 0.011 0.038 0.09 0.035 0.023 0.047 0.062 0.127 0.018 0.069 0.022 0.051 0.074 0.01 0.076 0.063
124 K 0.049 0.074 0.14 0.053 0.008 0.043 0.059 0.048 0.082 0.025 0.038 0.173 0.014 0.018 0.023 0.056 0.04 0.005 0.023 0.029
125 D 0.042 0.032 0.063 0.358 0.007 0.035 0.127 0.044 0.019 0.022 0.029 0.049 0.01 0.015 0.022 0.051 0.035 0.004 0.012 0.025
126 S 0.119 0.033 0.036 0.034 0.016 0.027 0.04 0.053 0.021 0.047 0.106 0.043 0.022 0.044 0.024 0.142 0.058 0.009 0.071 0.055
127 Y 0.04 0.03 0.077 0.031 0.01 0.023 0.032 0.032 0.086 0.08 0.079 0.033 0.021 0.125 0.016 0.037 0.032 0.015 0.141 0.061
128 L 0.089 0.022 0.016 0.018 0.017 0.016 0.022 0.03 0.01 0.189 0.222 0.027 0.037 0.043 0.017 0.034 0.038 0.006 0.02 0.129
129 R 0.048 0.275 0.039 0.034 0.008 0.049 0.057 0.035 0.022 0.024 0.044 0.177 0.015 0.016 0.022 0.046 0.036 0.005 0.017 0.031
130 L 0.056 0.025 0.022 0.021 0.015 0.018 0.026 0.03 0.015 0.092 0.215 0.029 0.034 0.109 0.016 0.062 0.041 0.01 0.058 0.106
131 P 0.047 0.024 0.018 0.021 0.013 0.018 0.026 0.027 0.013 0.102 0.155 0.03 0.052 0.095 0.178 0.032 0.034 0.007 0.03 0.078
132 L 0.043 0.024 0.014 0.015 0.016 0.016 0.02 0.021 0.01 0.113 0.391 0.025 0.048 0.053 0.014 0.024 0.033 0.007 0.022 0.094
133 L 0.051 0.026 0.021 0.02 0.014 0.02 0.026 0.026 0.022 0.087 0.184 0.03 0.031 0.07 0.017 0.038 0.072 0.013 0.125 0.106
134 L 0.046 0.02 0.015 0.016 0.095 0.014 0.018 0.023 0.01 0.137 0.233 0.022 0.036 0.103 0.014 0.027 0.033 0.008 0.031 0.1
135 L 0.044 0.023 0.014 0.015 0.016 0.016 0.02 0.021 0.01 0.127 0.372 0.025 0.047 0.053 0.014 0.024 0.033 0.007 0.022 0.1
136 S 0.092 0.036 0.046 0.041 0.057 0.029 0.044 0.054 0.016 0.038 0.05 0.047 0.017 0.021 0.027 0.173 0.138 0.005 0.017 0.052
137 G 0.101 0.024 0.024 0.024 0.015 0.018 0.025 0.197 0.011 0.088 0.173 0.03 0.028 0.033 0.018 0.043 0.036 0.006 0.017 0.089
138 I 0.055 0.019 0.019 0.02 0.015 0.015 0.02 0.104 0.009 0.208 0.154 0.025 0.032 0.038 0.015 0.03 0.038 0.006 0.019 0.16
139 S 0.091 0.031 0.041 0.037 0.136 0.025 0.038 0.133 0.015 0.031 0.044 0.041 0.014 0.019 0.024 0.158 0.06 0.005 0.015 0.042
140 V 0.103 0.022 0.017 0.019 0.018 0.017 0.024 0.032 0.009 0.173 0.125 0.028 0.03 0.035 0.018 0.039 0.046 0.005 0.02 0.222
141 L 0.051 0.025 0.021 0.021 0.014 0.017 0.025 0.029 0.014 0.082 0.239 0.027 0.035 0.164 0.015 0.06 0.038 0.01 0.043 0.072
142 S 0.141 0.038 0.048 0.045 0.018 0.031 0.049 0.067 0.018 0.031 0.044 0.051 0.016 0.021 0.029 0.213 0.075 0.005 0.017 0.045
143 V 0.059 0.023 0.016 0.017 0.017 0.018 0.023 0.024 0.01 0.153 0.185 0.027 0.059 0.041 0.016 0.031 0.043 0.006 0.021 0.212
144 L 0.043 0.021 0.014 0.016 0.015 0.014 0.019 0.021 0.01 0.167 0.292 0.024 0.042 0.079 0.014 0.024 0.034 0.007 0.027 0.117
145 Y 0.04 0.027 0.021 0.018 0.009 0.021 0.027 0.024 0.046 0.043 0.067 0.03 0.018 0.128 0.015 0.03 0.027 0.027 0.334 0.046
146 T 0.07 0.029 0.031 0.029 0.018 0.022 0.032 0.035 0.011 0.097 0.09 0.036 0.024 0.028 0.022 0.066 0.175 0.006 0.019 0.16
147 F 0.041 0.022 0.02 0.02 0.012 0.014 0.022 0.027 0.015 0.069 0.15 0.024 0.028 0.281 0.014 0.036 0.066 0.013 0.064 0.063
148 Y 0.046 0.042 0.029 0.025 0.009 0.028 0.037 0.033 0.061 0.035 0.056 0.076 0.017 0.08 0.017 0.051 0.033 0.1 0.187 0.038
149 S 0.078 0.031 0.035 0.033 0.056 0.026 0.037 0.045 0.018 0.086 0.091 0.04 0.047 0.038 0.022 0.135 0.058 0.007 0.045 0.073
150 L 0.049 0.024 0.015 0.016 0.016 0.017 0.021 0.022 0.01 0.148 0.276 0.026 0.065 0.048 0.015 0.027 0.037 0.007 0.021 0.138
151 G 0.074 0.038 0.038 0.035 0.011 0.025 0.035 0.363 0.015 0.021 0.032 0.079 0.011 0.016 0.061 0.066 0.035 0.005 0.012 0.027
152 E 0.061 0.041 0.096 0.126 0.011 0.041 0.142 0.047 0.022 0.028 0.039 0.057 0.013 0.018 0.025 0.093 0.083 0.005 0.016 0.037
153 I 0.046 0.018 0.014 0.017 0.016 0.013 0.018 0.02 0.009 0.259 0.202 0.023 0.038 0.045 0.014 0.024 0.038 0.006 0.02 0.159
154 P 0.055 0.025 0.023 0.03 0.01 0.02 0.035 0.035 0.013 0.025 0.035 0.04 0.01 0.013 0.506 0.043 0.035 0.003 0.013 0.03
155 L 0.05 0.029 0.019 0.021 0.015 0.051 0.033 0.024 0.012 0.165 0.214 0.035 0.037 0.04 0.016 0.03 0.039 0.006 0.021 0.142
156 L 0.047 0.023 0.016 0.017 0.015 0.017 0.021 0.023 0.012 0.124 0.248 0.025 0.063 0.106 0.014 0.027 0.036 0.008 0.032 0.125
157 S 0.079 0.105 0.046 0.05 0.012 0.043 0.098 0.05 0.021 0.026 0.041 0.107 0.015 0.018 0.026 0.144 0.058 0.005 0.017 0.036
158 L 0.046 0.022 0.016 0.017 0.014 0.015 0.021 0.024 0.013 0.131 0.183 0.024 0.058 0.164 0.013 0.027 0.035 0.01 0.043 0.125
159 I 0.045 0.018 0.015 0.017 0.014 0.013 0.019 0.022 0.011 0.192 0.14 0.022 0.031 0.161 0.013 0.026 0.036 0.009 0.042 0.152
160 R 0.057 0.166 0.038 0.035 0.01 0.042 0.053 0.04 0.025 0.028 0.047 0.152 0.016 0.035 0.023 0.077 0.042 0.009 0.07 0.035
161 G 0.067 0.027 0.038 0.033 0.01 0.022 0.031 0.36 0.073 0.02 0.031 0.036 0.01 0.018 0.1 0.047 0.03 0.005 0.018 0.025
162 N 0.056 0.042 0.185 0.066 0.011 0.037 0.089 0.053 0.025 0.036 0.06 0.053 0.04 0.023 0.021 0.089 0.05 0.005 0.017 0.04
163 S 0.126 0.038 0.044 0.049 0.016 0.035 0.091 0.058 0.018 0.034 0.047 0.053 0.016 0.02 0.028 0.157 0.098 0.005 0.017 0.048
164 T 0.091 0.038 0.049 0.043 0.018 0.03 0.046 0.055 0.016 0.042 0.054 0.05 0.018 0.022 0.029 0.156 0.164 0.006 0.018 0.056
165 A 0.128 0.031 0.031 0.029 0.015 0.024 0.036 0.046 0.085 0.056 0.073 0.037 0.02 0.101 0.022 0.059 0.082 0.008 0.039 0.078
166 L 0.058 0.039 0.035 0.092 0.013 0.026 0.045 0.037 0.015 0.083 0.104 0.077 0.023 0.089 0.02 0.07 0.044 0.007 0.029 0.095
167 D 0.086 0.033 0.092 0.173 0.01 0.032 0.1 0.048 0.021 0.032 0.048 0.046 0.014 0.081 0.021 0.055 0.038 0.006 0.026 0.038
168 L 0.042 0.022 0.014 0.016 0.015 0.014 0.019 0.021 0.011 0.133 0.306 0.023 0.042 0.11 0.013 0.024 0.032 0.008 0.032 0.1
169 A 0.263 0.029 0.023 0.027 0.02 0.023 0.036 0.067 0.014 0.054 0.113 0.04 0.022 0.026 0.026 0.073 0.046 0.006 0.018 0.072
170 K 0.055 0.11 0.035 0.042 0.01 0.041 0.091 0.115 0.018 0.068 0.059 0.14 0.017 0.02 0.022 0.046 0.036 0.005 0.016 0.053
171 L 0.086 0.023 0.016 0.018 0.016 0.016 0.022 0.031 0.012 0.122 0.251 0.027 0.037 0.104 0.016 0.034 0.035 0.008 0.032 0.096
172 R 0.044 0.361 0.038 0.03 0.008 0.047 0.051 0.032 0.023 0.023 0.045 0.117 0.015 0.017 0.019 0.044 0.034 0.006 0.017 0.03
173 I 0.095 0.025 0.021 0.031 0.016 0.024 0.071 0.032 0.012 0.182 0.119 0.035 0.028 0.034 0.019 0.04 0.042 0.006 0.019 0.15
174 E 0.058 0.042 0.073 0.162 0.009 0.047 0.192 0.045 0.023 0.023 0.034 0.061 0.012 0.017 0.025 0.085 0.044 0.005 0.015 0.03
175 A 0.193 0.034 0.083 0.041 0.018 0.027 0.042 0.067 0.018 0.045 0.055 0.046 0.017 0.021 0.026 0.115 0.056 0.005 0.017 0.072
176 S 0.102 0.036 0.05 0.045 0.016 0.03 0.047 0.141 0.018 0.027 0.039 0.049 0.014 0.02 0.027 0.207 0.071 0.005 0.016 0.038
177 R 0.09 0.263 0.036 0.032 0.01 0.044 0.052 0.041 0.021 0.027 0.047 0.135 0.015 0.017 0.022 0.052 0.037 0.005 0.017 0.037
178 G 0.058 0.036 0.115 0.055 0.009 0.033 0.083 0.245 0.079 0.02 0.031 0.047 0.011 0.019 0.02 0.054 0.034 0.005 0.02 0.025
179 F 0.033 0.019 0.016 0.016 0.01 0.01 0.019 0.025 0.016 0.062 0.111 0.019 0.025 0.402 0.01 0.025 0.025 0.016 0.087 0.054
180 Q 0.078 0.052 0.089 0.047 0.011 0.13 0.069 0.128 0.024 0.028 0.043 0.066 0.016 0.016 0.022 0.061 0.059 0.005 0.017 0.037
181 G 0.076 0.022 0.038 0.033 0.011 0.018 0.025 0.522 0.013 0.018 0.028 0.033 0.009 0.016 0.018 0.05 0.029 0.005 0.011 0.024
182 N 0.042 0.04 0.28 0.07 0.01 0.03 0.043 0.056 0.027 0.037 0.091 0.048 0.017 0.024 0.019 0.061 0.046 0.005 0.016 0.038
183 L 0.051 0.025 0.02 0.03 0.014 0.023 0.07 0.026 0.013 0.123 0.152 0.033 0.029 0.096 0.057 0.033 0.037 0.007 0.03 0.133
184 F 0.037 0.023 0.019 0.017 0.01 0.016 0.023 0.024 0.03 0.056 0.112 0.025 0.023 0.236 0.013 0.028 0.027 0.021 0.205 0.053
185 I 0.046 0.017 0.014 0.017 0.016 0.013 0.017 0.02 0.009 0.289 0.164 0.023 0.036 0.043 0.014 0.024 0.039 0.006 0.02 0.172
186 R 0.047 0.297 0.039 0.033 0.008 0.048 0.056 0.035 0.022 0.024 0.045 0.162 0.015 0.017 0.021 0.046 0.035 0.006 0.017 0.031
187 N 0.047 0.042 0.285 0.074 0.01 0.032 0.047 0.06 0.028 0.027 0.036 0.051 0.012 0.018 0.021 0.072 0.084 0.005 0.016 0.033
188 I 0.049 0.019 0.015 0.017 0.016 0.014 0.019 0.021 0.009 0.238 0.196 0.024 0.037 0.043 0.015 0.026 0.039 0.006 0.02 0.178
189 F 0.033 0.019 0.016 0.016 0.01 0.01 0.019 0.025 0.016 0.062 0.111 0.019 0.025 0.402 0.01 0.025 0.025 0.016 0.087 0.054
190 G 0.146 0.024 0.03 0.029 0.014 0.019 0.029 0.291 0.014 0.034 0.052 0.034 0.014 0.082 0.021 0.057 0.035 0.007 0.025 0.043
191 L 0.048 0.025 0.019 0.028 0.015 0.023 0.068 0.023 0.012 0.175 0.215 0.032 0.036 0.041 0.016 0.03 0.037 0.006 0.02 0.132
192 A 0.131 0.047 0.04 0.04 0.015 0.096 0.061 0.054 0.02 0.037 0.052 0.06 0.018 0.019 0.026 0.101 0.105 0.006 0.018 0.052
193 L 0.042 0.023 0.014 0.015 0.015 0.015 0.02 0.021 0.011 0.104 0.344 0.024 0.044 0.111 0.013 0.024 0.031 0.009 0.033 0.087
194 T 0.067 0.033 0.038 0.033 0.017 0.025 0.035 0.039 0.013 0.062 0.118 0.041 0.024 0.028 0.025 0.079 0.226 0.006 0.018 0.073
195 P 0.055 0.025 0.023 0.03 0.01 0.02 0.035 0.035 0.013 0.025 0.035 0.04 0.01 0.013 0.506 0.043 0.035 0.003 0.013 0.03
196 L 0.045 0.019 0.014 0.016 0.016 0.014 0.018 0.02 0.009 0.23 0.239 0.024 0.04 0.047 0.014 0.024 0.037 0.006 0.021 0.146
197 L 0.043 0.024 0.014 0.015 0.016 0.016 0.02 0.021 0.01 0.113 0.391 0.025 0.048 0.053 0.014 0.024 0.033 0.007 0.022 0.094
198 S 0.101 0.038 0.051 0.046 0.017 0.031 0.049 0.061 0.018 0.033 0.045 0.051 0.016 0.021 0.029 0.214 0.111 0.005 0.017 0.046
199 F 0.038 0.024 0.018 0.017 0.011 0.017 0.023 0.024 0.03 0.061 0.136 0.026 0.025 0.207 0.013 0.027 0.027 0.02 0.2 0.056
200 V 0.059 0.02 0.015 0.017 0.018 0.015 0.02 0.022 0.008 0.214 0.142 0.024 0.033 0.038 0.015 0.029 0.044 0.006 0.02 0.239
201 A 0.222 0.027 0.022 0.025 0.019 0.021 0.033 0.059 0.014 0.065 0.078 0.036 0.021 0.087 0.024 0.065 0.045 0.007 0.029 0.101
202 F 0.038 0.024 0.018 0.017 0.011 0.017 0.023 0.024 0.03 0.061 0.136 0.026 0.025 0.207 0.013 0.027 0.027 0.02 0.2 0.056
203 A 0.196 0.029 0.032 0.032 0.057 0.023 0.036 0.182 0.014 0.034 0.048 0.04 0.015 0.02 0.025 0.097 0.048 0.005 0.015 0.051
204 Y 0.038 0.026 0.02 0.018 0.009 0.019 0.026 0.024 0.041 0.046 0.074 0.028 0.019 0.173 0.014 0.029 0.027 0.026 0.293 0.047
205 Y 0.042 0.04 0.024 0.022 0.009 0.026 0.034 0.027 0.041 0.04 0.063 0.075 0.018 0.109 0.017 0.034 0.029 0.024 0.282 0.043
206 K 0.052 0.134 0.036 0.035 0.009 0.045 0.058 0.037 0.019 0.041 0.101 0.221 0.021 0.022 0.023 0.046 0.037 0.005 0.018 0.042
207 L 0.051 0.105 0.03 0.029 0.012 0.069 0.05 0.033 0.02 0.062 0.118 0.101 0.099 0.031 0.019 0.043 0.038 0.007 0.021 0.061
208 T 0.072 0.034 0.048 0.101 0.016 0.028 0.049 0.047 0.015 0.043 0.054 0.046 0.017 0.021 0.026 0.109 0.196 0.005 0.016 0.057
209 K 0.056 0.104 0.04 0.04 0.008 0.052 0.069 0.042 0.02 0.027 0.042 0.296 0.015 0.015 0.027 0.052 0.039 0.005 0.017 0.032
210 G 0.079 0.057 0.045 0.041 0.013 0.036 0.051 0.13 0.017 0.03 0.043 0.129 0.015 0.018 0.026 0.12 0.089 0.005 0.016 0.04
211 K 0.049 0.121 0.032 0.031 0.01 0.04 0.051 0.034 0.023 0.043 0.105 0.177 0.021 0.041 0.021 0.042 0.035 0.009 0.071 0.044
212 F 0.043 0.047 0.026 0.026 0.009 0.043 0.041 0.03 0.028 0.044 0.074 0.098 0.02 0.181 0.017 0.036 0.03 0.016 0.146 0.044
213 D 0.051 0.031 0.065 0.351 0.009 0.03 0.083 0.049 0.018 0.023 0.03 0.045 0.01 0.016 0.023 0.082 0.042 0.004 0.012 0.027
214 L 0.042 0.092 0.023 0.022 0.011 0.025 0.033 0.028 0.016 0.066 0.182 0.083 0.029 0.157 0.016 0.032 0.031 0.01 0.042 0.06
215 L 0.043 0.02 0.015 0.016 0.014 0.013 0.019 0.022 0.012 0.144 0.219 0.022 0.036 0.165 0.013 0.025 0.033 0.01 0.043 0.116
216 W 0.036 0.022 0.015 0.015 0.01 0.015 0.021 0.027 0.013 0.076 0.124 0.023 0.024 0.055 0.01 0.023 0.027 0.339 0.051 0.074
217 F 0.033 0.019 0.016 0.016 0.01 0.01 0.019 0.025 0.016 0.062 0.111 0.019 0.025 0.402 0.01 0.025 0.025 0.016 0.087 0.054
218 L 0.052 0.025 0.019 0.019 0.015 0.018 0.024 0.026 0.016 0.102 0.264 0.028 0.038 0.06 0.016 0.044 0.038 0.01 0.073 0.114
219 I 0.049 0.019 0.015 0.017 0.016 0.014 0.019 0.021 0.009 0.238 0.196 0.024 0.037 0.043 0.015 0.026 0.039 0.006 0.02 0.178
220 L 0.051 0.026 0.017 0.017 0.096 0.021 0.023 0.026 0.012 0.094 0.237 0.029 0.109 0.045 0.015 0.032 0.036 0.007 0.021 0.086
221 F 0.036 0.02 0.016 0.016 0.012 0.012 0.019 0.023 0.014 0.079 0.205 0.021 0.033 0.286 0.012 0.024 0.027 0.013 0.065 0.067
222 L 0.051 0.021 0.019 0.019 0.014 0.015 0.021 0.106 0.012 0.12 0.162 0.025 0.042 0.129 0.014 0.031 0.034 0.009 0.036 0.117
223 F 0.094 0.026 0.024 0.024 0.014 0.019 0.029 0.04 0.016 0.059 0.104 0.031 0.048 0.216 0.017 0.072 0.04 0.011 0.053 0.06
224 S 0.096 0.036 0.049 0.043 0.016 0.029 0.045 0.137 0.017 0.031 0.042 0.048 0.015 0.02 0.027 0.183 0.102 0.005 0.016 0.043
225 I 0.047 0.019 0.015 0.017 0.015 0.014 0.019 0.022 0.01 0.2 0.187 0.023 0.035 0.103 0.014 0.026 0.037 0.008 0.031 0.159
226 L 0.044 0.026 0.016 0.016 0.015 0.019 0.022 0.022 0.017 0.098 0.304 0.027 0.065 0.065 0.014 0.027 0.033 0.01 0.074 0.085
227 I 0.051 0.023 0.02 0.021 0.016 0.018 0.022 0.025 0.011 0.218 0.152 0.029 0.057 0.04 0.017 0.037 0.077 0.006 0.02 0.141
228 L 0.062 0.025 0.021 0.021 0.017 0.019 0.026 0.029 0.011 0.115 0.245 0.03 0.037 0.042 0.017 0.062 0.046 0.006 0.02 0.149
229 T 0.071 0.035 0.042 0.037 0.017 0.027 0.038 0.042 0.013 0.052 0.064 0.044 0.019 0.023 0.027 0.09 0.265 0.006 0.017 0.069
230 Y 0.038 0.026 0.02 0.018 0.009 0.019 0.026 0.024 0.041 0.046 0.074 0.028 0.019 0.173 0.014 0.029 0.027 0.026 0.293 0.047
231 N 0.063 0.04 0.196 0.125 0.011 0.032 0.056 0.061 0.025 0.024 0.034 0.051 0.012 0.018 0.023 0.122 0.057 0.004 0.015 0.031
232 L 0.042 0.022 0.014 0.016 0.015 0.014 0.019 0.021 0.011 0.133 0.306 0.023 0.042 0.11 0.013 0.024 0.032 0.008 0.032 0.1
233 E 0.114 0.046 0.042 0.058 0.013 0.075 0.145 0.052 0.022 0.028 0.043 0.064 0.015 0.018 0.027 0.121 0.053 0.005 0.017 0.041
234 K 0.056 0.104 0.04 0.04 0.008 0.052 0.069 0.042 0.02 0.027 0.042 0.296 0.015 0.015 0.027 0.052 0.039 0.005 0.017 0.032
235 S 0.174 0.036 0.044 0.041 0.018 0.03 0.047 0.069 0.017 0.033 0.047 0.05 0.016 0.021 0.029 0.187 0.07 0.005 0.017 0.05
236 P 0.056 0.083 0.029 0.031 0.011 0.026 0.038 0.036 0.014 0.029 0.042 0.054 0.012 0.015 0.345 0.051 0.073 0.004 0.014 0.037
237 L 0.044 0.022 0.015 0.017 0.015 0.016 0.02 0.022 0.012 0.16 0.235 0.025 0.062 0.107 0.014 0.026 0.034 0.008 0.032 0.113
238 L 0.1 0.024 0.017 0.018 0.018 0.017 0.025 0.032 0.01 0.125 0.203 0.028 0.034 0.039 0.017 0.038 0.043 0.006 0.02 0.186
239 L 0.049 0.022 0.016 0.017 0.015 0.016 0.022 0.024 0.012 0.109 0.177 0.025 0.057 0.162 0.014 0.029 0.036 0.01 0.043 0.144
240 Y 0.038 0.026 0.02 0.018 0.009 0.019 0.026 0.024 0.041 0.046 0.074 0.028 0.019 0.173 0.014 0.029 0.027 0.026 0.293 0.047
241 L 0.043 0.024 0.015 0.016 0.015 0.017 0.021 0.023 0.012 0.102 0.311 0.025 0.067 0.11 0.014 0.026 0.032 0.009 0.033 0.087
242 L 0.098 0.026 0.022 0.023 0.017 0.02 0.028 0.037 0.012 0.116 0.239 0.032 0.036 0.041 0.019 0.07 0.044 0.006 0.02 0.094
243 G 0.069 0.022 0.035 0.03 0.011 0.017 0.024 0.439 0.014 0.026 0.042 0.03 0.012 0.08 0.017 0.046 0.028 0.007 0.023 0.029
244 F 0.035 0.018 0.016 0.017 0.011 0.011 0.018 0.024 0.015 0.1 0.12 0.019 0.027 0.342 0.011 0.025 0.027 0.015 0.076 0.073
245 L 0.05 0.022 0.015 0.017 0.016 0.017 0.021 0.022 0.01 0.177 0.238 0.026 0.063 0.046 0.015 0.027 0.038 0.006 0.021 0.152
246 F 0.035 0.019 0.016 0.016 0.011 0.011 0.019 0.024 0.015 0.07 0.158 0.02 0.029 0.344 0.011 0.025 0.026 0.015 0.076 0.06
247 L 0.041 0.024 0.017 0.017 0.013 0.017 0.022 0.024 0.019 0.082 0.211 0.025 0.058 0.181 0.013 0.027 0.03 0.014 0.096 0.072
248 R 0.047 0.171 0.036 0.034 0.008 0.075 0.06 0.036 0.022 0.026 0.045 0.156 0.016 0.023 0.02 0.045 0.035 0.089 0.026 0.031
249 V 0.061 0.022 0.02 0.021 0.018 0.017 0.024 0.026 0.009 0.185 0.129 0.028 0.031 0.036 0.017 0.039 0.081 0.006 0.02 0.212
250 L 0.04 0.025 0.016 0.016 0.012 0.017 0.023 0.023 0.023 0.075 0.226 0.026 0.033 0.079 0.013 0.026 0.029 0.097 0.133 0.067
251 L 0.048 0.025 0.019 0.028 0.013 0.023 0.069 0.025 0.013 0.15 0.156 0.032 0.03 0.042 0.015 0.03 0.036 0.089 0.027 0.131
252 D 0.048 0.061 0.12 0.151 0.008 0.043 0.11 0.047 0.023 0.024 0.035 0.135 0.012 0.016 0.024 0.056 0.04 0.005 0.015 0.028
253 G 0.076 0.022 0.038 0.033 0.011 0.018 0.025 0.522 0.013 0.018 0.028 0.033 0.009 0.016 0.018 0.05 0.029 0.005 0.011 0.024
254 K 0.084 0.115 0.041 0.047 0.011 0.045 0.099 0.046 0.02 0.029 0.045 0.146 0.015 0.018 0.026 0.088 0.064 0.005 0.017 0.039
255 I 0.053 0.02 0.015 0.017 0.017 0.014 0.019 0.022 0.009 0.217 0.189 0.024 0.036 0.042 0.015 0.027 0.041 0.006 0.02 0.197
256 S 0.078 0.067 0.093 0.049 0.013 0.048 0.052 0.055 0.021 0.026 0.039 0.059 0.014 0.018 0.106 0.146 0.06 0.005 0.016 0.035
257 K 0.058 0.091 0.036 0.037 0.01 0.046 0.061 0.039 0.018 0.049 0.056 0.251 0.018 0.018 0.025 0.049 0.04 0.005 0.017 0.074
258 K 0.054 0.08 0.034 0.034 0.011 0.044 0.055 0.037 0.019 0.051 0.092 0.209 0.07 0.026 0.023 0.047 0.039 0.006 0.019 0.051
259 L 0.099 0.039 0.022 0.023 0.016 0.025 0.034 0.036 0.013 0.1 0.156 0.075 0.054 0.034 0.02 0.043 0.043 0.006 0.02 0.143
260 F 0.039 0.02 0.015 0.016 0.013 0.013 0.019 0.023 0.013 0.117 0.213 0.021 0.035 0.226 0.012 0.024 0.03 0.012 0.054 0.087
261 V 0.055 0.02 0.016 0.017 0.016 0.014 0.02 0.023 0.01 0.187 0.137 0.023 0.032 0.099 0.015 0.028 0.041 0.007 0.031 0.21
262 F 0.042 0.019 0.016 0.017 0.053 0.013 0.019 0.023 0.014 0.143 0.168 0.022 0.031 0.17 0.013 0.026 0.032 0.011 0.068 0.099
263 G 0.112 0.028 0.035 0.033 0.014 0.022 0.033 0.209 0.015 0.037 0.055 0.037 0.016 0.083 0.022 0.09 0.079 0.007 0.027 0.046
264 G 0.105 0.025 0.029 0.028 0.015 0.019 0.028 0.202 0.013 0.059 0.069 0.033 0.018 0.085 0.02 0.055 0.074 0.007 0.027 0.087
265 A 0.153 0.03 0.031 0.031 0.018 0.024 0.036 0.054 0.014 0.091 0.125 0.04 0.025 0.03 0.024 0.115 0.055 0.006 0.018 0.08
266 G 0.131 0.026 0.031 0.03 0.016 0.021 0.031 0.209 0.013 0.079 0.09 0.037 0.02 0.026 0.022 0.083 0.044 0.005 0.016 0.068
267 L 0.047 0.024 0.019 0.019 0.015 0.016 0.022 0.025 0.011 0.123 0.252 0.027 0.038 0.105 0.016 0.035 0.071 0.008 0.032 0.096
268 L 0.047 0.023 0.016 0.017 0.015 0.016 0.021 0.023 0.011 0.139 0.229 0.025 0.062 0.106 0.014 0.027 0.036 0.008 0.032 0.132
269 V 0.069 0.023 0.025 0.025 0.016 0.018 0.026 0.113 0.011 0.158 0.108 0.03 0.026 0.032 0.018 0.067 0.047 0.005 0.018 0.164
270 L 0.048 0.022 0.014 0.016 0.016 0.015 0.02 0.021 0.009 0.15 0.309 0.025 0.043 0.049 0.014 0.025 0.036 0.006 0.021 0.139
271 L 0.045 0.02 0.014 0.016 0.016 0.014 0.018 0.02 0.009 0.201 0.277 0.024 0.042 0.048 0.014 0.024 0.036 0.006 0.021 0.133
272 V 0.057 0.02 0.015 0.017 0.017 0.015 0.02 0.022 0.009 0.195 0.183 0.025 0.035 0.041 0.015 0.028 0.042 0.006 0.02 0.216
273 L 0.088 0.022 0.016 0.018 0.016 0.016 0.022 0.031 0.011 0.14 0.21 0.026 0.035 0.102 0.016 0.035 0.037 0.008 0.031 0.118
274 F 0.13 0.027 0.02 0.022 0.016 0.021 0.028 0.043 0.016 0.067 0.12 0.032 0.074 0.157 0.018 0.048 0.038 0.01 0.042 0.07
275 Y 0.038 0.026 0.02 0.018 0.009 0.019 0.026 0.024 0.041 0.046 0.074 0.028 0.019 0.173 0.014 0.029 0.027 0.026 0.293 0.047
276 L 0.062 0.027 0.026 0.025 0.016 0.021 0.029 0.033 0.013 0.087 0.171 0.033 0.042 0.097 0.018 0.073 0.081 0.008 0.031 0.106
277 F 0.048 0.03 0.024 0.024 0.012 0.035 0.03 0.109 0.015 0.124 0.104 0.051 0.025 0.153 0.015 0.034 0.033 0.009 0.04 0.085
278 L 0.049 0.021 0.015 0.016 0.016 0.014 0.02 0.022 0.01 0.16 0.222 0.023 0.037 0.104 0.014 0.026 0.037 0.008 0.032 0.155
279 L 0.058 0.033 0.028 0.026 0.016 0.028 0.031 0.033 0.015 0.084 0.151 0.039 0.12 0.04 0.02 0.054 0.112 0.007 0.022 0.084
280 G 0.054 0.025 0.04 0.151 0.011 0.021 0.045 0.194 0.014 0.052 0.146 0.034 0.022 0.028 0.018 0.042 0.032 0.005 0.015 0.048
281 G 0.16 0.04 0.037 0.037 0.015 0.075 0.053 0.177 0.018 0.031 0.046 0.054 0.016 0.018 0.025 0.087 0.046 0.005 0.016 0.045
282 G 0.071 0.044 0.098 0.111 0.012 0.048 0.058 0.134 0.021 0.024 0.035 0.071 0.013 0.017 0.024 0.117 0.052 0.005 0.015 0.031
283 T 0.068 0.04 0.087 0.042 0.015 0.029 0.041 0.045 0.016 0.061 0.065 0.064 0.019 0.023 0.024 0.086 0.158 0.005 0.017 0.093
284 A 0.141 0.032 0.08 0.038 0.017 0.025 0.037 0.054 0.016 0.083 0.073 0.042 0.02 0.025 0.024 0.073 0.119 0.005 0.017 0.079
285 D 0.045 0.047 0.103 0.241 0.008 0.039 0.116 0.046 0.022 0.023 0.032 0.092 0.011 0.015 0.023 0.054 0.038 0.004 0.014 0.027
286 L 0.049 0.021 0.015 0.016 0.016 0.014 0.02 0.022 0.01 0.16 0.222 0.023 0.037 0.104 0.014 0.026 0.037 0.008 0.032 0.155
287 T 0.06 0.032 0.082 0.038 0.014 0.025 0.035 0.041 0.021 0.086 0.099 0.04 0.022 0.045 0.021 0.085 0.101 0.009 0.071 0.073
288 L 0.058 0.029 0.024 0.032 0.015 0.026 0.074 0.029 0.013 0.095 0.144 0.037 0.04 0.036 0.018 0.043 0.077 0.048 0.023 0.138
289 L 0.044 0.023 0.014 0.015 0.016 0.015 0.019 0.021 0.01 0.147 0.341 0.025 0.046 0.052 0.014 0.024 0.034 0.007 0.022 0.111
290 F 0.033 0.019 0.017 0.017 0.01 0.01 0.019 0.025 0.017 0.062 0.113 0.019 0.025 0.396 0.01 0.025 0.025 0.017 0.087 0.054
291 L 0.066 0.029 0.027 0.026 0.017 0.022 0.031 0.036 0.013 0.086 0.267 0.035 0.038 0.043 0.019 0.091 0.049 0.006 0.021 0.078
292 N 0.065 0.045 0.158 0.058 0.011 0.069 0.055 0.15 0.025 0.024 0.036 0.057 0.013 0.017 0.022 0.095 0.05 0.005 0.016 0.031
293 Y 0.044 0.026 0.02 0.02 0.011 0.02 0.028 0.026 0.032 0.054 0.125 0.032 0.023 0.091 0.112 0.032 0.03 0.018 0.204 0.053
294 N 0.049 0.106 0.242 0.068 0.009 0.036 0.05 0.058 0.028 0.023 0.035 0.066 0.012 0.018 0.021 0.08 0.049 0.005 0.016 0.029
295 S 0.083 0.037 0.043 0.05 0.014 0.034 0.096 0.051 0.02 0.034 0.055 0.051 0.017 0.095 0.025 0.155 0.061 0.007 0.031 0.042
296 G 0.07 0.023 0.035 0.03 0.01 0.019 0.025 0.439 0.019 0.022 0.034 0.032 0.011 0.034 0.018 0.047 0.029 0.009 0.065 0.027
297 I 0.089 0.021 0.016 0.019 0.017 0.015 0.021 0.03 0.01 0.218 0.184 0.027 0.035 0.041 0.017 0.034 0.039 0.006 0.02 0.142
298 L 0.061 0.028 0.027 0.027 0.015 0.021 0.031 0.034 0.012 0.074 0.219 0.035 0.032 0.036 0.101 0.074 0.08 0.006 0.019 0.07
299 G 0.071 0.026 0.087 0.041 0.01 0.021 0.029 0.446 0.016 0.019 0.028 0.036 0.009 0.016 0.019 0.053 0.032 0.005 0.011 0.024
300 R 0.044 0.361 0.038 0.03 0.008 0.047 0.051 0.032 0.023 0.023 0.045 0.117 0.015 0.017 0.019 0.044 0.034 0.006 0.017 0.03
301 L 0.052 0.022 0.016 0.017 0.017 0.017 0.021 0.022 0.01 0.196 0.197 0.026 0.061 0.043 0.015 0.028 0.04 0.006 0.021 0.174
302 L 0.04 0.022 0.015 0.015 0.014 0.014 0.019 0.022 0.012 0.096 0.298 0.023 0.041 0.17 0.013 0.024 0.03 0.01 0.043 0.08
303 L 0.04 0.021 0.015 0.016 0.014 0.014 0.019 0.022 0.012 0.125 0.26 0.022 0.038 0.168 0.013 0.024 0.031 0.01 0.043 0.094
304 S 0.096 0.037 0.055 0.108 0.015 0.032 0.057 0.061 0.019 0.028 0.039 0.051 0.014 0.019 0.028 0.208 0.072 0.005 0.016 0.038
305 Q 0.055 0.072 0.043 0.046 0.009 0.234 0.1 0.04 0.029 0.026 0.046 0.089 0.02 0.014 0.023 0.055 0.04 0.006 0.02 0.034
306 G 0.122 0.029 0.033 0.032 0.017 0.023 0.035 0.129 0.014 0.073 0.07 0.039 0.02 0.025 0.023 0.113 0.056 0.005 0.017 0.124
307 A 0.236 0.03 0.032 0.033 0.019 0.025 0.039 0.149 0.015 0.036 0.05 0.043 0.015 0.02 0.027 0.103 0.051 0.005 0.016 0.056
308 G 0.115 0.024 0.036 0.032 0.012 0.02 0.027 0.448 0.013 0.022 0.033 0.035 0.01 0.017 0.02 0.056 0.032 0.005 0.012 0.031
309 T 0.066 0.031 0.033 0.03 0.017 0.023 0.033 0.036 0.012 0.08 0.129 0.038 0.026 0.03 0.023 0.07 0.19 0.006 0.019 0.11
310 F 0.036 0.023 0.019 0.017 0.01 0.016 0.023 0.025 0.031 0.052 0.089 0.024 0.022 0.265 0.013 0.028 0.026 0.022 0.211 0.05
311 L 0.04 0.022 0.015 0.015 0.014 0.014 0.019 0.022 0.012 0.096 0.298 0.023 0.041 0.17 0.013 0.024 0.03 0.01 0.043 0.08
312 S 0.082 0.036 0.04 0.036 0.017 0.03 0.041 0.049 0.017 0.056 0.095 0.046 0.071 0.03 0.024 0.146 0.097 0.006 0.019 0.062
313 F 0.035 0.019 0.016 0.016 0.011 0.011 0.019 0.024 0.015 0.07 0.158 0.02 0.029 0.344 0.011 0.025 0.026 0.015 0.076 0.06
314 D 0.045 0.039 0.059 0.297 0.008 0.069 0.128 0.043 0.021 0.022 0.032 0.056 0.011 0.015 0.023 0.052 0.036 0.004 0.013 0.027
315 I 0.049 0.023 0.02 0.02 0.015 0.017 0.023 0.025 0.016 0.179 0.169 0.028 0.032 0.056 0.017 0.036 0.074 0.01 0.072 0.121
316 F 0.033 0.019 0.016 0.016 0.01 0.01 0.019 0.025 0.016 0.062 0.111 0.019 0.025 0.402 0.01 0.025 0.025 0.016 0.087 0.054
317 P 0.059 0.025 0.025 0.031 0.01 0.02 0.034 0.116 0.013 0.024 0.034 0.039 0.01 0.013 0.425 0.044 0.034 0.003 0.012 0.029
318 D 0.057 0.108 0.096 0.11 0.01 0.071 0.068 0.048 0.023 0.025 0.039 0.109 0.014 0.016 0.023 0.085 0.046 0.005 0.016 0.031
319 V 0.062 0.082 0.03 0.028 0.014 0.024 0.033 0.035 0.015 0.102 0.092 0.047 0.024 0.09 0.019 0.076 0.082 0.007 0.03 0.109
320 H 0.04 0.039 0.042 0.031 0.008 0.032 0.044 0.033 0.262 0.029 0.047 0.04 0.016 0.062 0.017 0.037 0.026 0.014 0.149 0.03
321 P 0.05 0.034 0.043 0.177 0.008 0.037 0.146 0.038 0.019 0.023 0.033 0.053 0.011 0.014 0.184 0.049 0.035 0.004 0.013 0.028
