#Seq2Logo.py -f /work3/idamei/wzy_ssn/run/1e-50/run/150/MSAs/0009_189.afa -o /work3/idamei/wzy_ssn/run/1e-50/run/150/logos/0009_189.logo
#Position Specific Frequency Matrix
A R N D C Q E G H I L K M F P S T W Y V
0 L 0.051 0.031 0.02 0.02 0.016 0.027 0.027 0.027 0.016 0.098 0.192 0.035 0.181 0.047 0.016 0.035 0.039 0.008 0.024 0.09
1 E 0.074 0.05 0.04 0.055 0.013 0.043 0.137 0.044 0.019 0.048 0.054 0.096 0.017 0.021 0.025 0.112 0.053 0.005 0.017 0.077
2 N 0.06 0.049 0.09 0.046 0.012 0.035 0.059 0.046 0.078 0.04 0.086 0.088 0.019 0.025 0.023 0.087 0.082 0.006 0.024 0.045
3 E 0.066 0.106 0.042 0.058 0.011 0.047 0.153 0.042 0.021 0.029 0.044 0.072 0.015 0.019 0.025 0.096 0.09 0.005 0.017 0.04
4 F 0.043 0.029 0.092 0.13 0.009 0.023 0.046 0.04 0.027 0.038 0.06 0.036 0.016 0.14 0.017 0.054 0.036 0.013 0.112 0.038
5 N 0.042 0.044 0.258 0.071 0.009 0.034 0.05 0.058 0.114 0.022 0.033 0.051 0.012 0.021 0.02 0.062 0.043 0.005 0.026 0.026
6 F 0.048 0.027 0.099 0.066 0.013 0.02 0.033 0.036 0.017 0.082 0.09 0.032 0.022 0.15 0.016 0.04 0.04 0.009 0.041 0.12
7 L 0.107 0.028 0.045 0.025 0.014 0.021 0.03 0.04 0.025 0.065 0.168 0.034 0.028 0.068 0.019 0.045 0.036 0.013 0.123 0.066
8 D 0.045 0.047 0.048 0.218 0.01 0.032 0.067 0.039 0.017 0.046 0.121 0.101 0.021 0.025 0.021 0.045 0.035 0.005 0.015 0.044
9 K 0.063 0.079 0.101 0.05 0.01 0.044 0.061 0.051 0.022 0.026 0.04 0.198 0.014 0.017 0.026 0.093 0.049 0.005 0.017 0.033
10 N 0.069 0.059 0.142 0.056 0.012 0.038 0.054 0.077 0.023 0.026 0.037 0.123 0.014 0.018 0.025 0.12 0.055 0.005 0.016 0.033
11 V 0.058 0.019 0.015 0.017 0.017 0.015 0.02 0.022 0.008 0.219 0.144 0.024 0.033 0.039 0.015 0.029 0.044 0.006 0.02 0.234
12 S 0.079 0.036 0.099 0.047 0.015 0.029 0.044 0.054 0.019 0.044 0.108 0.047 0.021 0.026 0.048 0.15 0.062 0.005 0.018 0.048
13 F 0.054 0.045 0.092 0.04 0.011 0.028 0.041 0.044 0.021 0.04 0.067 0.087 0.018 0.171 0.019 0.082 0.043 0.01 0.045 0.041
14 L 0.047 0.02 0.015 0.016 0.015 0.014 0.019 0.022 0.01 0.171 0.225 0.023 0.037 0.105 0.014 0.026 0.036 0.008 0.032 0.145
15 G 0.081 0.027 0.041 0.036 0.013 0.022 0.032 0.366 0.014 0.026 0.036 0.038 0.012 0.018 0.022 0.088 0.077 0.005 0.013 0.034
16 L 0.051 0.04 0.025 0.025 0.013 0.026 0.033 0.03 0.019 0.101 0.142 0.075 0.052 0.066 0.019 0.043 0.073 0.01 0.075 0.082
17 L 0.043 0.021 0.014 0.016 0.015 0.014 0.019 0.021 0.011 0.163 0.269 0.023 0.04 0.108 0.013 0.024 0.033 0.008 0.032 0.113
18 W 0.03 0.022 0.015 0.015 0.007 0.015 0.022 0.03 0.015 0.03 0.052 0.022 0.015 0.059 0.007 0.022 0.022 0.505 0.067 0.03
19 L 0.087 0.025 0.016 0.017 0.017 0.017 0.023 0.03 0.011 0.101 0.335 0.028 0.043 0.048 0.016 0.034 0.035 0.007 0.021 0.089
20 L 0.041 0.023 0.017 0.017 0.013 0.016 0.022 0.023 0.023 0.103 0.208 0.025 0.033 0.135 0.014 0.026 0.03 0.015 0.137 0.081
21 F 0.078 0.025 0.031 0.029 0.094 0.019 0.03 0.123 0.015 0.041 0.067 0.032 0.018 0.147 0.019 0.096 0.044 0.009 0.038 0.046
22 C 0.093 0.031 0.04 0.037 0.177 0.026 0.039 0.054 0.015 0.034 0.048 0.042 0.016 0.02 0.025 0.173 0.065 0.005 0.015 0.046
23 G 0.071 0.026 0.087 0.041 0.01 0.021 0.029 0.446 0.016 0.019 0.028 0.036 0.009 0.016 0.019 0.053 0.032 0.005 0.011 0.024
24 L 0.046 0.021 0.015 0.016 0.015 0.014 0.02 0.022 0.01 0.141 0.262 0.024 0.039 0.107 0.014 0.025 0.035 0.008 0.032 0.132
25 Y 0.038 0.026 0.02 0.018 0.009 0.019 0.026 0.024 0.041 0.046 0.074 0.028 0.019 0.173 0.014 0.029 0.027 0.026 0.293 0.047
26 L 0.042 0.022 0.014 0.016 0.015 0.014 0.019 0.021 0.011 0.133 0.306 0.023 0.042 0.11 0.013 0.024 0.032 0.008 0.032 0.1
27 T 0.071 0.035 0.042 0.037 0.017 0.027 0.038 0.042 0.013 0.052 0.064 0.044 0.019 0.023 0.027 0.09 0.265 0.006 0.017 0.069
28 Q 0.054 0.095 0.042 0.043 0.008 0.166 0.088 0.041 0.026 0.026 0.045 0.159 0.018 0.015 0.024 0.053 0.039 0.006 0.019 0.033
29 L 0.049 0.02 0.014 0.016 0.016 0.014 0.019 0.021 0.009 0.209 0.233 0.024 0.039 0.045 0.014 0.025 0.038 0.006 0.021 0.165
30 T 0.071 0.035 0.042 0.037 0.017 0.027 0.038 0.042 0.013 0.052 0.064 0.044 0.019 0.023 0.027 0.09 0.265 0.006 0.017 0.069
31 P 0.102 0.036 0.03 0.033 0.012 0.058 0.047 0.047 0.017 0.029 0.045 0.048 0.015 0.023 0.183 0.081 0.044 0.088 0.024 0.039
32 F 0.039 0.019 0.015 0.016 0.013 0.012 0.018 0.023 0.013 0.146 0.175 0.021 0.032 0.224 0.012 0.024 0.031 0.011 0.054 0.1
33 S 0.107 0.039 0.053 0.048 0.017 0.032 0.051 0.065 0.019 0.029 0.041 0.053 0.015 0.02 0.029 0.239 0.08 0.005 0.017 0.041
34 P 0.055 0.025 0.023 0.03 0.01 0.02 0.035 0.035 0.013 0.025 0.035 0.04 0.01 0.013 0.506 0.043 0.035 0.003 0.013 0.03
35 V 0.065 0.021 0.016 0.017 0.018 0.016 0.022 0.023 0.008 0.182 0.133 0.025 0.032 0.036 0.016 0.031 0.047 0.005 0.02 0.268
36 Y 0.04 0.027 0.021 0.018 0.009 0.021 0.027 0.024 0.046 0.043 0.067 0.03 0.018 0.128 0.015 0.03 0.027 0.027 0.334 0.046
37 L 0.041 0.021 0.015 0.016 0.014 0.014 0.019 0.022 0.012 0.127 0.271 0.023 0.039 0.153 0.013 0.024 0.031 0.01 0.04 0.095
38 A 0.183 0.025 0.024 0.026 0.018 0.02 0.03 0.132 0.012 0.115 0.087 0.035 0.022 0.027 0.022 0.058 0.043 0.005 0.017 0.1
39 F 0.033 0.019 0.016 0.016 0.01 0.01 0.019 0.025 0.016 0.062 0.111 0.019 0.025 0.402 0.01 0.025 0.025 0.016 0.087 0.054
40 I 0.047 0.019 0.015 0.017 0.015 0.014 0.019 0.022 0.01 0.2 0.187 0.023 0.035 0.103 0.014 0.026 0.037 0.008 0.031 0.159
41 L 0.042 0.022 0.014 0.016 0.015 0.014 0.019 0.021 0.011 0.133 0.306 0.023 0.042 0.11 0.013 0.024 0.032 0.008 0.032 0.1
42 L 0.065 0.024 0.02 0.021 0.016 0.017 0.024 0.03 0.012 0.128 0.205 0.028 0.034 0.101 0.016 0.055 0.042 0.008 0.031 0.125
43 F 0.053 0.025 0.025 0.023 0.095 0.018 0.026 0.032 0.014 0.062 0.109 0.03 0.042 0.153 0.018 0.05 0.109 0.009 0.04 0.065
44 L 0.06 0.026 0.025 0.024 0.015 0.019 0.026 0.112 0.012 0.104 0.235 0.031 0.04 0.04 0.017 0.065 0.041 0.006 0.019 0.083
45 L 0.044 0.038 0.021 0.02 0.012 0.024 0.03 0.026 0.023 0.075 0.225 0.072 0.033 0.072 0.016 0.031 0.032 0.013 0.125 0.067
46 L 0.074 0.026 0.026 0.026 0.017 0.02 0.028 0.034 0.011 0.15 0.155 0.033 0.03 0.036 0.02 0.074 0.084 0.006 0.019 0.13
47 F 0.087 0.021 0.017 0.019 0.015 0.014 0.022 0.032 0.013 0.122 0.116 0.025 0.027 0.202 0.015 0.036 0.036 0.011 0.05 0.119
48 L 0.043 0.023 0.015 0.016 0.015 0.016 0.021 0.021 0.016 0.13 0.299 0.025 0.041 0.064 0.014 0.025 0.033 0.01 0.074 0.099
49 G 0.105 0.028 0.079 0.035 0.095 0.022 0.032 0.127 0.015 0.056 0.062 0.036 0.017 0.022 0.021 0.061 0.079 0.005 0.015 0.088
50 A 0.102 0.033 0.082 0.038 0.015 0.026 0.037 0.05 0.018 0.051 0.083 0.041 0.045 0.089 0.022 0.09 0.084 0.007 0.029 0.058
51 L 0.055 0.023 0.017 0.019 0.016 0.018 0.024 0.025 0.01 0.141 0.173 0.029 0.056 0.038 0.097 0.032 0.04 0.006 0.02 0.16
52 S 0.064 0.043 0.049 0.038 0.013 0.093 0.056 0.042 0.02 0.076 0.074 0.054 0.022 0.086 0.021 0.099 0.049 0.007 0.03 0.062
53 N 0.048 0.049 0.232 0.063 0.09 0.033 0.046 0.055 0.025 0.026 0.038 0.088 0.012 0.018 0.02 0.061 0.045 0.004 0.015 0.032
54 R 0.091 0.196 0.085 0.04 0.01 0.041 0.051 0.067 0.022 0.026 0.044 0.12 0.014 0.017 0.022 0.056 0.039 0.005 0.016 0.036
55 K 0.056 0.112 0.085 0.041 0.012 0.038 0.05 0.041 0.019 0.052 0.059 0.139 0.018 0.02 0.023 0.056 0.079 0.005 0.017 0.079
56 F 0.043 0.019 0.016 0.017 0.013 0.013 0.02 0.024 0.013 0.149 0.122 0.022 0.028 0.167 0.012 0.026 0.033 0.073 0.061 0.129
57 K 0.052 0.051 0.048 0.066 0.011 0.064 0.054 0.036 0.023 0.077 0.069 0.099 0.02 0.04 0.021 0.051 0.075 0.009 0.07 0.063
58 L 0.103 0.025 0.023 0.024 0.017 0.019 0.028 0.038 0.011 0.154 0.157 0.032 0.031 0.036 0.019 0.071 0.048 0.006 0.019 0.139
59 D 0.068 0.036 0.103 0.173 0.012 0.03 0.061 0.054 0.02 0.029 0.038 0.048 0.013 0.018 0.025 0.123 0.09 0.005 0.015 0.037
60 L 0.051 0.05 0.025 0.025 0.012 0.028 0.038 0.03 0.02 0.076 0.131 0.115 0.026 0.093 0.018 0.036 0.036 0.011 0.08 0.1
61 F 0.049 0.022 0.02 0.019 0.012 0.015 0.022 0.107 0.018 0.076 0.139 0.025 0.026 0.173 0.014 0.031 0.031 0.013 0.093 0.093
62 L 0.075 0.034 0.036 0.042 0.016 0.031 0.083 0.042 0.016 0.067 0.117 0.046 0.024 0.028 0.023 0.113 0.09 0.006 0.018 0.094
63 L 0.043 0.021 0.014 0.016 0.015 0.014 0.019 0.021 0.011 0.163 0.269 0.023 0.04 0.108 0.013 0.024 0.033 0.008 0.032 0.113
64 L 0.089 0.023 0.016 0.018 0.017 0.017 0.023 0.03 0.01 0.147 0.268 0.027 0.039 0.045 0.017 0.034 0.037 0.006 0.02 0.117
65 C 0.064 0.025 0.026 0.025 0.176 0.018 0.027 0.036 0.012 0.057 0.122 0.03 0.023 0.09 0.019 0.076 0.079 0.007 0.028 0.061
66 L 0.057 0.021 0.019 0.019 0.095 0.015 0.02 0.107 0.01 0.123 0.194 0.025 0.031 0.037 0.015 0.032 0.036 0.006 0.018 0.121
67 L 0.048 0.021 0.017 0.019 0.015 0.016 0.022 0.024 0.01 0.176 0.214 0.027 0.035 0.041 0.097 0.03 0.046 0.006 0.019 0.118
68 L 0.048 0.025 0.02 0.02 0.015 0.018 0.024 0.026 0.012 0.121 0.219 0.028 0.06 0.104 0.016 0.037 0.072 0.008 0.032 0.096
69 S 0.082 0.031 0.037 0.034 0.017 0.025 0.037 0.045 0.014 0.102 0.094 0.041 0.023 0.028 0.023 0.135 0.097 0.005 0.018 0.111
70 L 0.048 0.022 0.014 0.016 0.016 0.015 0.02 0.021 0.009 0.15 0.309 0.025 0.043 0.049 0.014 0.025 0.036 0.006 0.021 0.139
71 L 0.046 0.024 0.017 0.017 0.014 0.018 0.023 0.024 0.018 0.098 0.213 0.027 0.059 0.12 0.014 0.028 0.034 0.012 0.085 0.111
72 S 0.088 0.042 0.045 0.042 0.015 0.063 0.054 0.053 0.019 0.042 0.1 0.054 0.022 0.025 0.025 0.172 0.065 0.005 0.018 0.049
73 L 0.053 0.024 0.023 0.022 0.095 0.017 0.024 0.03 0.012 0.082 0.185 0.028 0.03 0.097 0.017 0.046 0.1 0.008 0.03 0.077
74 F 0.036 0.02 0.017 0.017 0.011 0.013 0.02 0.024 0.02 0.096 0.113 0.021 0.026 0.296 0.012 0.026 0.028 0.017 0.117 0.072
75 L 0.051 0.031 0.023 0.023 0.014 0.053 0.034 0.108 0.014 0.082 0.273 0.037 0.037 0.041 0.016 0.033 0.033 0.006 0.02 0.072
76 F 0.08 0.021 0.017 0.018 0.013 0.014 0.022 0.033 0.015 0.067 0.149 0.024 0.027 0.28 0.014 0.034 0.03 0.013 0.064 0.063
77 L 0.04 0.021 0.015 0.016 0.014 0.013 0.019 0.022 0.012 0.116 0.258 0.022 0.038 0.183 0.013 0.024 0.03 0.01 0.046 0.089
78 N 0.042 0.04 0.28 0.07 0.01 0.03 0.043 0.056 0.027 0.037 0.091 0.048 0.017 0.024 0.019 0.061 0.046 0.005 0.016 0.038
79 S 0.174 0.036 0.044 0.041 0.018 0.03 0.047 0.069 0.017 0.033 0.047 0.05 0.016 0.021 0.029 0.187 0.07 0.005 0.017 0.05
80 P 0.059 0.036 0.042 0.108 0.01 0.042 0.098 0.042 0.062 0.024 0.036 0.051 0.012 0.017 0.185 0.079 0.042 0.004 0.019 0.03
81 F 0.045 0.021 0.017 0.019 0.013 0.014 0.022 0.026 0.013 0.09 0.15 0.025 0.028 0.203 0.095 0.029 0.032 0.01 0.05 0.1
82 N 0.059 0.036 0.184 0.058 0.01 0.028 0.042 0.134 0.023 0.023 0.032 0.047 0.011 0.017 0.122 0.081 0.046 0.004 0.014 0.029
83 L 0.046 0.081 0.02 0.019 0.014 0.024 0.027 0.025 0.014 0.122 0.229 0.043 0.085 0.043 0.015 0.031 0.036 0.007 0.021 0.095
84 V 0.068 0.021 0.016 0.017 0.019 0.016 0.023 0.024 0.008 0.161 0.127 0.025 0.031 0.035 0.016 0.032 0.048 0.005 0.02 0.287
85 I 0.064 0.024 0.026 0.026 0.017 0.019 0.027 0.032 0.011 0.185 0.12 0.032 0.029 0.035 0.019 0.072 0.085 0.006 0.019 0.152
86 N 0.042 0.044 0.334 0.081 0.009 0.033 0.048 0.064 0.031 0.022 0.031 0.053 0.011 0.018 0.02 0.068 0.048 0.004 0.015 0.026
87 L 0.047 0.02 0.015 0.016 0.015 0.014 0.019 0.022 0.01 0.171 0.225 0.023 0.037 0.105 0.014 0.026 0.036 0.008 0.032 0.145
88 I 0.046 0.018 0.015 0.017 0.075 0.013 0.017 0.022 0.01 0.213 0.152 0.022 0.032 0.1 0.014 0.026 0.036 0.007 0.03 0.135
89 I 0.05 0.02 0.015 0.018 0.016 0.015 0.019 0.022 0.009 0.244 0.161 0.025 0.053 0.042 0.015 0.027 0.04 0.006 0.021 0.181
90 T 0.075 0.03 0.035 0.032 0.097 0.024 0.034 0.041 0.013 0.065 0.07 0.038 0.02 0.024 0.024 0.097 0.16 0.005 0.017 0.098
91 L 0.043 0.023 0.015 0.016 0.015 0.016 0.021 0.021 0.016 0.13 0.299 0.025 0.041 0.064 0.014 0.025 0.033 0.01 0.074 0.099
92 L 0.043 0.023 0.015 0.016 0.015 0.016 0.02 0.022 0.012 0.131 0.273 0.025 0.064 0.109 0.014 0.026 0.033 0.008 0.033 0.1
93 S 0.107 0.039 0.053 0.048 0.017 0.032 0.051 0.065 0.019 0.029 0.041 0.053 0.015 0.02 0.029 0.239 0.08 0.005 0.017 0.041
94 P 0.096 0.025 0.022 0.028 0.013 0.02 0.033 0.04 0.012 0.072 0.061 0.038 0.016 0.019 0.344 0.046 0.038 0.004 0.015 0.06
95 I 0.048 0.021 0.016 0.018 0.015 0.015 0.02 0.023 0.011 0.198 0.154 0.025 0.057 0.102 0.014 0.028 0.038 0.008 0.032 0.158
96 I 0.046 0.018 0.014 0.017 0.016 0.013 0.018 0.02 0.009 0.259 0.202 0.023 0.038 0.045 0.014 0.024 0.038 0.006 0.02 0.159
97 V 0.066 0.025 0.025 0.024 0.018 0.019 0.027 0.03 0.01 0.146 0.112 0.031 0.028 0.032 0.019 0.05 0.119 0.006 0.019 0.195
98 Y 0.054 0.026 0.033 0.088 0.092 0.021 0.038 0.036 0.025 0.04 0.063 0.033 0.017 0.119 0.018 0.069 0.038 0.014 0.133 0.044
99 L 0.048 0.049 0.08 0.037 0.01 0.062 0.049 0.038 0.025 0.047 0.112 0.087 0.023 0.089 0.019 0.051 0.038 0.011 0.08 0.047
100 Y 0.05 0.029 0.028 0.024 0.093 0.022 0.03 0.03 0.082 0.053 0.115 0.032 0.022 0.064 0.018 0.043 0.069 0.013 0.129 0.055
101 F 0.039 0.02 0.017 0.017 0.091 0.012 0.02 0.026 0.02 0.056 0.096 0.021 0.022 0.292 0.012 0.028 0.027 0.016 0.115 0.053
102 R 0.045 0.213 0.137 0.049 0.008 0.043 0.053 0.044 0.025 0.023 0.04 0.125 0.014 0.017 0.021 0.053 0.04 0.005 0.016 0.029
103 N 0.05 0.059 0.132 0.047 0.009 0.031 0.043 0.105 0.026 0.026 0.04 0.088 0.013 0.034 0.101 0.052 0.038 0.008 0.068 0.031
104 R 0.047 0.213 0.088 0.05 0.008 0.048 0.097 0.039 0.024 0.023 0.041 0.129 0.014 0.017 0.021 0.051 0.037 0.005 0.017 0.03
105 Y 0.06 0.029 0.029 0.027 0.013 0.023 0.033 0.035 0.032 0.08 0.075 0.036 0.02 0.082 0.019 0.09 0.045 0.017 0.189 0.065
106 I 0.048 0.018 0.015 0.017 0.015 0.013 0.018 0.022 0.01 0.23 0.149 0.023 0.033 0.102 0.014 0.026 0.038 0.007 0.031 0.172
107 N 0.071 0.051 0.143 0.056 0.013 0.035 0.051 0.057 0.022 0.03 0.041 0.092 0.014 0.019 0.025 0.126 0.093 0.005 0.017 0.039
108 K 0.111 0.056 0.038 0.037 0.014 0.034 0.05 0.052 0.018 0.036 0.056 0.126 0.017 0.082 0.025 0.115 0.052 0.007 0.029 0.044
109 R 0.056 0.145 0.048 0.1 0.009 0.049 0.063 0.043 0.079 0.024 0.04 0.111 0.014 0.019 0.023 0.079 0.041 0.005 0.023 0.03
110 L 0.057 0.03 0.079 0.036 0.014 0.022 0.032 0.039 0.016 0.094 0.134 0.036 0.026 0.093 0.019 0.078 0.082 0.007 0.03 0.076
111 L 0.046 0.021 0.015 0.016 0.015 0.014 0.02 0.022 0.01 0.141 0.262 0.024 0.039 0.107 0.014 0.025 0.035 0.008 0.032 0.132
112 L 0.05 0.036 0.019 0.02 0.015 0.021 0.028 0.025 0.011 0.136 0.251 0.07 0.038 0.042 0.016 0.03 0.037 0.006 0.02 0.129
113 L 0.044 0.044 0.126 0.042 0.011 0.028 0.039 0.039 0.024 0.056 0.159 0.08 0.025 0.047 0.018 0.044 0.038 0.009 0.071 0.053
114 I 0.057 0.023 0.023 0.022 0.014 0.018 0.026 0.03 0.018 0.145 0.112 0.029 0.027 0.112 0.017 0.063 0.043 0.011 0.083 0.129
115 F 0.045 0.022 0.023 0.022 0.011 0.014 0.024 0.031 0.017 0.056 0.1 0.024 0.023 0.338 0.013 0.06 0.034 0.015 0.075 0.052
116 L 0.042 0.022 0.014 0.016 0.015 0.014 0.019 0.021 0.011 0.133 0.306 0.023 0.042 0.11 0.013 0.024 0.032 0.008 0.032 0.1
117 L 0.05 0.024 0.024 0.022 0.013 0.016 0.023 0.109 0.013 0.07 0.183 0.027 0.029 0.158 0.016 0.04 0.068 0.01 0.041 0.065
118 Y 0.04 0.027 0.02 0.018 0.01 0.02 0.026 0.024 0.04 0.054 0.121 0.029 0.023 0.115 0.015 0.029 0.028 0.024 0.282 0.054
119 A 0.146 0.027 0.029 0.028 0.016 0.021 0.032 0.131 0.015 0.051 0.114 0.036 0.022 0.089 0.022 0.084 0.044 0.007 0.028 0.058
120 F 0.058 0.023 0.022 0.022 0.014 0.016 0.025 0.031 0.014 0.091 0.117 0.027 0.026 0.201 0.016 0.063 0.042 0.01 0.05 0.131
121 L 0.047 0.02 0.015 0.016 0.015 0.014 0.019 0.022 0.01 0.171 0.225 0.023 0.037 0.105 0.014 0.026 0.036 0.008 0.032 0.145
122 F 0.033 0.019 0.016 0.016 0.01 0.01 0.019 0.025 0.016 0.062 0.111 0.019 0.025 0.402 0.01 0.025 0.025 0.016 0.087 0.054
123 I 0.059 0.026 0.074 0.033 0.015 0.02 0.029 0.035 0.014 0.18 0.115 0.033 0.027 0.034 0.018 0.069 0.049 0.005 0.019 0.145
124 L 0.041 0.02 0.015 0.016 0.014 0.013 0.019 0.022 0.012 0.154 0.222 0.022 0.036 0.166 0.013 0.024 0.032 0.01 0.043 0.107
125 D 0.042 0.032 0.063 0.358 0.007 0.035 0.127 0.044 0.019 0.022 0.029 0.049 0.01 0.015 0.022 0.051 0.035 0.004 0.012 0.025
126 G 0.115 0.024 0.036 0.032 0.012 0.02 0.027 0.448 0.013 0.022 0.033 0.035 0.01 0.017 0.02 0.056 0.032 0.005 0.012 0.031
127 L 0.052 0.02 0.019 0.019 0.015 0.014 0.02 0.105 0.011 0.155 0.164 0.025 0.031 0.099 0.015 0.03 0.035 0.008 0.03 0.134
128 W 0.031 0.023 0.016 0.015 0.008 0.016 0.023 0.029 0.02 0.032 0.054 0.024 0.015 0.071 0.009 0.024 0.023 0.425 0.111 0.032
129 R 0.044 0.361 0.038 0.03 0.008 0.047 0.051 0.032 0.023 0.023 0.045 0.117 0.015 0.017 0.019 0.044 0.034 0.006 0.017 0.03
130 L 0.044 0.022 0.015 0.016 0.015 0.016 0.02 0.021 0.015 0.16 0.261 0.025 0.039 0.062 0.014 0.025 0.034 0.01 0.073 0.112
131 L 0.069 0.038 0.033 0.031 0.094 0.05 0.043 0.041 0.021 0.047 0.108 0.054 0.022 0.043 0.021 0.104 0.049 0.009 0.07 0.052
132 H 0.041 0.044 0.193 0.059 0.008 0.035 0.05 0.05 0.201 0.022 0.034 0.049 0.013 0.024 0.019 0.054 0.037 0.006 0.036 0.024
133 P 0.055 0.025 0.023 0.03 0.01 0.02 0.035 0.035 0.013 0.025 0.035 0.04 0.01 0.013 0.506 0.043 0.035 0.003 0.013 0.03
134 N 0.044 0.035 0.127 0.051 0.01 0.031 0.08 0.038 0.031 0.073 0.066 0.044 0.018 0.058 0.018 0.046 0.038 0.012 0.123 0.058
135 L 0.047 0.024 0.015 0.016 0.015 0.017 0.021 0.022 0.015 0.109 0.293 0.026 0.04 0.063 0.014 0.026 0.034 0.01 0.074 0.118
136 D 0.079 0.037 0.052 0.243 0.009 0.041 0.167 0.045 0.02 0.024 0.034 0.055 0.011 0.016 0.024 0.056 0.037 0.004 0.014 0.032
137 I 0.047 0.018 0.015 0.018 0.016 0.013 0.018 0.021 0.009 0.268 0.169 0.024 0.037 0.044 0.015 0.025 0.04 0.006 0.021 0.177
138 N 0.041 0.041 0.277 0.134 0.008 0.032 0.055 0.059 0.043 0.022 0.03 0.051 0.011 0.018 0.02 0.064 0.045 0.004 0.016 0.026
139 V 0.058 0.035 0.019 0.021 0.016 0.022 0.029 0.026 0.01 0.152 0.163 0.07 0.032 0.036 0.017 0.033 0.042 0.006 0.02 0.193
140 D 0.046 0.034 0.049 0.238 0.009 0.038 0.152 0.037 0.019 0.066 0.053 0.05 0.015 0.02 0.022 0.047 0.036 0.005 0.014 0.051
141 K 0.096 0.135 0.037 0.037 0.01 0.047 0.061 0.046 0.02 0.029 0.045 0.224 0.015 0.016 0.026 0.056 0.04 0.005 0.017 0.038
142 L 0.043 0.024 0.014 0.015 0.016 0.016 0.02 0.021 0.01 0.113 0.391 0.025 0.048 0.053 0.014 0.024 0.033 0.007 0.022 0.094
143 E 0.061 0.038 0.091 0.122 0.011 0.039 0.14 0.044 0.021 0.046 0.05 0.054 0.015 0.02 0.023 0.083 0.047 0.005 0.016 0.073
144 E 0.07 0.045 0.093 0.073 0.011 0.048 0.182 0.049 0.024 0.024 0.037 0.063 0.013 0.018 0.026 0.118 0.053 0.005 0.016 0.033
145 L 0.043 0.024 0.014 0.015 0.016 0.016 0.02 0.021 0.01 0.113 0.391 0.025 0.048 0.053 0.014 0.024 0.033 0.007 0.022 0.094
146 G 0.07 0.023 0.043 0.096 0.01 0.02 0.036 0.443 0.014 0.019 0.028 0.035 0.009 0.016 0.019 0.05 0.03 0.005 0.011 0.024
147 I 0.053 0.02 0.015 0.017 0.017 0.014 0.019 0.022 0.009 0.217 0.189 0.024 0.036 0.042 0.015 0.027 0.041 0.006 0.02 0.197
148 G 0.076 0.022 0.038 0.033 0.011 0.018 0.025 0.522 0.013 0.018 0.028 0.033 0.009 0.016 0.018 0.05 0.029 0.005 0.011 0.024
149 F 0.035 0.021 0.018 0.017 0.01 0.014 0.021 0.025 0.026 0.055 0.097 0.023 0.023 0.31 0.012 0.027 0.026 0.02 0.169 0.051
150 Q 0.053 0.056 0.034 0.037 0.011 0.163 0.074 0.035 0.023 0.082 0.09 0.069 0.05 0.025 0.02 0.046 0.04 0.006 0.021 0.067
151 I 0.05 0.018 0.015 0.017 0.016 0.013 0.018 0.021 0.008 0.267 0.158 0.023 0.035 0.042 0.015 0.026 0.04 0.006 0.02 0.191
152 Y 0.04 0.027 0.021 0.018 0.009 0.021 0.027 0.024 0.046 0.043 0.067 0.03 0.018 0.128 0.015 0.03 0.027 0.027 0.334 0.046
153 K 0.056 0.104 0.04 0.04 0.008 0.052 0.069 0.042 0.02 0.027 0.042 0.296 0.015 0.015 0.027 0.052 0.039 0.005 0.017 0.032
154 V 0.054 0.023 0.021 0.021 0.015 0.017 0.025 0.027 0.017 0.128 0.11 0.028 0.027 0.111 0.017 0.039 0.075 0.011 0.083 0.152
155 N 0.042 0.044 0.334 0.081 0.009 0.033 0.048 0.064 0.031 0.022 0.031 0.053 0.011 0.018 0.02 0.068 0.048 0.004 0.015 0.026
156 S 0.107 0.039 0.053 0.048 0.017 0.032 0.051 0.065 0.019 0.029 0.041 0.053 0.015 0.02 0.029 0.239 0.08 0.005 0.017 0.041
157 L 0.046 0.02 0.015 0.016 0.015 0.014 0.019 0.022 0.011 0.169 0.213 0.023 0.036 0.119 0.014 0.026 0.036 0.008 0.034 0.144
158 L 0.051 0.031 0.02 0.02 0.016 0.027 0.027 0.027 0.016 0.098 0.192 0.035 0.181 0.047 0.016 0.035 0.039 0.008 0.024 0.09
159 Y 0.04 0.027 0.021 0.018 0.009 0.021 0.027 0.024 0.046 0.043 0.067 0.03 0.018 0.128 0.015 0.03 0.027 0.027 0.334 0.046
160 L 0.09 0.083 0.027 0.026 0.015 0.025 0.034 0.039 0.014 0.101 0.181 0.048 0.03 0.035 0.02 0.079 0.046 0.006 0.019 0.082
161 D 0.04 0.029 0.067 0.412 0.007 0.029 0.089 0.045 0.018 0.022 0.027 0.044 0.009 0.015 0.022 0.051 0.035 0.004 0.011 0.024
162 S 0.107 0.039 0.053 0.048 0.017 0.032 0.051 0.065 0.019 0.029 0.041 0.053 0.015 0.02 0.029 0.239 0.08 0.005 0.017 0.041
163 N 0.042 0.044 0.334 0.081 0.009 0.033 0.048 0.064 0.031 0.022 0.031 0.053 0.011 0.018 0.02 0.068 0.048 0.004 0.015 0.026
164 F 0.033 0.019 0.016 0.016 0.01 0.01 0.019 0.025 0.016 0.062 0.111 0.019 0.025 0.402 0.01 0.025 0.025 0.016 0.087 0.054
165 V 0.064 0.022 0.016 0.017 0.018 0.016 0.022 0.024 0.008 0.153 0.171 0.025 0.034 0.038 0.016 0.031 0.046 0.006 0.02 0.255
166 G 0.076 0.022 0.038 0.033 0.011 0.018 0.025 0.522 0.013 0.018 0.028 0.033 0.009 0.016 0.018 0.05 0.029 0.005 0.011 0.024
167 L 0.048 0.022 0.014 0.016 0.016 0.015 0.02 0.021 0.009 0.15 0.309 0.025 0.043 0.049 0.014 0.025 0.036 0.006 0.021 0.139
168 E 0.052 0.059 0.043 0.059 0.008 0.144 0.163 0.038 0.085 0.024 0.041 0.076 0.017 0.018 0.023 0.052 0.036 0.006 0.025 0.031
169 A 0.176 0.028 0.073 0.034 0.017 0.022 0.034 0.055 0.015 0.121 0.089 0.038 0.022 0.028 0.023 0.061 0.045 0.005 0.018 0.095
170 L 0.1 0.024 0.017 0.018 0.018 0.017 0.025 0.032 0.01 0.125 0.203 0.028 0.034 0.039 0.017 0.038 0.043 0.006 0.02 0.186
171 F 0.048 0.022 0.022 0.022 0.012 0.014 0.024 0.031 0.016 0.094 0.108 0.025 0.025 0.278 0.014 0.06 0.036 0.013 0.064 0.071
172 I 0.049 0.022 0.02 0.021 0.015 0.017 0.022 0.025 0.016 0.208 0.131 0.028 0.03 0.054 0.017 0.036 0.075 0.009 0.072 0.134
173 L 0.042 0.023 0.014 0.015 0.015 0.015 0.02 0.021 0.011 0.104 0.344 0.024 0.044 0.111 0.013 0.024 0.031 0.009 0.033 0.087
174 S 0.094 0.035 0.045 0.041 0.097 0.028 0.043 0.055 0.016 0.035 0.048 0.046 0.016 0.021 0.026 0.181 0.103 0.005 0.016 0.048
175 S 0.083 0.029 0.034 0.032 0.097 0.023 0.035 0.045 0.013 0.097 0.079 0.038 0.021 0.026 0.022 0.135 0.06 0.005 0.017 0.106
176 F 0.038 0.021 0.016 0.017 0.012 0.014 0.02 0.023 0.019 0.105 0.159 0.022 0.029 0.238 0.012 0.025 0.029 0.015 0.106 0.079
177 L 0.048 0.022 0.014 0.016 0.016 0.015 0.02 0.021 0.009 0.15 0.309 0.025 0.043 0.049 0.014 0.025 0.036 0.006 0.021 0.139
178 F 0.036 0.024 0.019 0.017 0.009 0.017 0.024 0.025 0.031 0.047 0.079 0.025 0.02 0.208 0.012 0.027 0.026 0.103 0.207 0.046
179 L 0.054 0.024 0.021 0.022 0.015 0.017 0.024 0.029 0.012 0.15 0.214 0.028 0.041 0.088 0.016 0.06 0.042 0.007 0.029 0.106
180 L 0.045 0.021 0.016 0.017 0.094 0.015 0.02 0.025 0.013 0.111 0.172 0.023 0.055 0.161 0.013 0.029 0.033 0.01 0.042 0.087
181 R 0.05 0.222 0.039 0.036 0.008 0.05 0.061 0.038 0.021 0.025 0.044 0.214 0.015 0.016 0.023 0.048 0.037 0.005 0.017 0.031
182 D 0.044 0.033 0.09 0.156 0.009 0.031 0.096 0.04 0.026 0.032 0.05 0.044 0.014 0.099 0.019 0.054 0.036 0.01 0.079 0.035
183 F 0.044 0.038 0.125 0.063 0.009 0.036 0.122 0.042 0.025 0.036 0.061 0.049 0.016 0.141 0.019 0.05 0.037 0.009 0.04 0.038
184 D 0.042 0.037 0.193 0.241 0.008 0.032 0.07 0.056 0.025 0.022 0.03 0.049 0.01 0.016 0.021 0.061 0.042 0.004 0.013 0.026
185 L 0.064 0.052 0.03 0.03 0.014 0.03 0.042 0.036 0.014 0.102 0.133 0.12 0.027 0.03 0.021 0.071 0.047 0.006 0.019 0.114
186 R 0.047 0.186 0.036 0.033 0.008 0.043 0.054 0.035 0.021 0.031 0.055 0.183 0.017 0.08 0.021 0.044 0.035 0.007 0.029 0.035
187 L 0.103 0.042 0.028 0.027 0.017 0.023 0.032 0.041 0.013 0.095 0.18 0.039 0.03 0.035 0.021 0.081 0.083 0.006 0.019 0.084
188 S 0.076 0.043 0.038 0.035 0.016 0.029 0.042 0.044 0.015 0.093 0.077 0.083 0.021 0.026 0.024 0.115 0.101 0.005 0.018 0.098
189 G 0.069 0.05 0.039 0.035 0.01 0.03 0.04 0.362 0.016 0.021 0.032 0.12 0.011 0.016 0.021 0.051 0.032 0.005 0.013 0.026
190 L 0.046 0.129 0.028 0.026 0.01 0.034 0.042 0.03 0.025 0.051 0.136 0.117 0.024 0.053 0.019 0.038 0.033 0.011 0.097 0.051
191 L 0.058 0.034 0.105 0.041 0.013 0.026 0.037 0.043 0.026 0.052 0.132 0.04 0.023 0.055 0.019 0.09 0.047 0.011 0.097 0.052
192 R 0.044 0.211 0.033 0.029 0.009 0.039 0.048 0.033 0.021 0.034 0.061 0.137 0.018 0.112 0.019 0.041 0.033 0.008 0.034 0.037
193 L 0.058 0.023 0.02 0.021 0.017 0.017 0.024 0.026 0.01 0.161 0.176 0.028 0.033 0.038 0.017 0.04 0.086 0.006 0.02 0.176
194 I 0.048 0.091 0.024 0.025 0.013 0.028 0.035 0.027 0.014 0.183 0.116 0.105 0.028 0.032 0.018 0.034 0.038 0.006 0.019 0.116
195 Y 0.055 0.043 0.03 0.028 0.011 0.028 0.039 0.036 0.029 0.041 0.066 0.085 0.018 0.138 0.019 0.075 0.04 0.016 0.158 0.044
196 F 0.039 0.028 0.096 0.033 0.011 0.02 0.029 0.033 0.026 0.06 0.15 0.032 0.026 0.15 0.015 0.037 0.033 0.014 0.114 0.055
197 L 0.053 0.026 0.024 0.023 0.016 0.019 0.025 0.028 0.011 0.12 0.232 0.031 0.036 0.056 0.018 0.046 0.111 0.007 0.023 0.097
198 I 0.053 0.02 0.015 0.017 0.017 0.014 0.019 0.022 0.009 0.217 0.189 0.024 0.036 0.042 0.015 0.027 0.041 0.006 0.02 0.197
199 L 0.047 0.02 0.015 0.016 0.015 0.014 0.019 0.022 0.01 0.171 0.225 0.023 0.037 0.105 0.014 0.026 0.036 0.008 0.032 0.145
200 F 0.055 0.025 0.023 0.022 0.094 0.018 0.025 0.032 0.014 0.068 0.152 0.028 0.052 0.157 0.016 0.065 0.04 0.009 0.041 0.065
201 L 0.091 0.023 0.016 0.017 0.097 0.017 0.022 0.032 0.01 0.089 0.281 0.027 0.038 0.042 0.017 0.036 0.036 0.006 0.019 0.083
202 L 0.048 0.024 0.021 0.019 0.013 0.018 0.023 0.107 0.018 0.074 0.197 0.028 0.055 0.117 0.015 0.031 0.031 0.012 0.083 0.067
203 L 0.045 0.021 0.015 0.016 0.014 0.014 0.019 0.023 0.012 0.133 0.216 0.022 0.036 0.165 0.013 0.026 0.034 0.01 0.043 0.126
204 L 0.051 0.021 0.015 0.016 0.016 0.015 0.02 0.022 0.009 0.183 0.227 0.024 0.038 0.059 0.015 0.026 0.039 0.006 0.023 0.175
205 G 0.153 0.028 0.032 0.031 0.016 0.023 0.033 0.214 0.014 0.044 0.1 0.038 0.019 0.025 0.023 0.088 0.045 0.006 0.016 0.053
206 I 0.053 0.02 0.015 0.017 0.017 0.014 0.019 0.022 0.009 0.217 0.189 0.024 0.036 0.042 0.015 0.027 0.041 0.006 0.02 0.197
207 L 0.06 0.021 0.019 0.019 0.096 0.016 0.021 0.107 0.01 0.099 0.199 0.025 0.031 0.036 0.016 0.033 0.037 0.006 0.018 0.132
208 L 0.043 0.024 0.014 0.015 0.016 0.016 0.02 0.021 0.01 0.113 0.391 0.025 0.048 0.053 0.014 0.024 0.033 0.007 0.022 0.094
209 T 0.071 0.035 0.042 0.037 0.017 0.027 0.038 0.042 0.013 0.052 0.064 0.044 0.019 0.023 0.027 0.09 0.265 0.006 0.017 0.069
210 F 0.033 0.019 0.016 0.016 0.01 0.01 0.019 0.025 0.016 0.062 0.111 0.019 0.025 0.402 0.01 0.025 0.025 0.016 0.087 0.054
211 S 0.107 0.039 0.053 0.048 0.017 0.032 0.051 0.065 0.019 0.029 0.041 0.053 0.015 0.02 0.029 0.239 0.08 0.005 0.017 0.041
212 R 0.044 0.361 0.038 0.03 0.008 0.047 0.051 0.032 0.023 0.023 0.045 0.117 0.015 0.017 0.019 0.044 0.034 0.006 0.017 0.03
213 A 0.241 0.033 0.034 0.035 0.02 0.027 0.043 0.072 0.016 0.038 0.052 0.047 0.016 0.021 0.029 0.135 0.059 0.005 0.017 0.058
214 A 0.274 0.032 0.03 0.032 0.02 0.026 0.041 0.074 0.015 0.04 0.055 0.045 0.017 0.021 0.029 0.109 0.054 0.005 0.017 0.063
215 L 0.044 0.021 0.015 0.017 0.015 0.015 0.02 0.022 0.011 0.19 0.198 0.025 0.06 0.105 0.014 0.026 0.036 0.008 0.032 0.126
216 I 0.047 0.019 0.015 0.017 0.015 0.014 0.019 0.022 0.01 0.2 0.187 0.023 0.035 0.103 0.014 0.026 0.037 0.008 0.031 0.159
217 G 0.164 0.031 0.039 0.037 0.016 0.025 0.039 0.221 0.015 0.03 0.042 0.043 0.014 0.019 0.025 0.124 0.053 0.005 0.015 0.044
218 L 0.099 0.029 0.025 0.025 0.016 0.023 0.031 0.04 0.015 0.074 0.164 0.035 0.078 0.098 0.019 0.073 0.044 0.008 0.032 0.073
219 L 0.041 0.02 0.015 0.016 0.014 0.013 0.019 0.022 0.012 0.154 0.222 0.022 0.036 0.166 0.013 0.024 0.032 0.01 0.043 0.107
220 I 0.043 0.019 0.015 0.017 0.015 0.013 0.018 0.021 0.01 0.222 0.193 0.023 0.036 0.105 0.014 0.024 0.035 0.008 0.031 0.14
221 C 0.06 0.024 0.022 0.022 0.175 0.018 0.025 0.034 0.013 0.065 0.144 0.028 0.05 0.094 0.017 0.067 0.041 0.007 0.029 0.065
222 F 0.039 0.019 0.015 0.016 0.013 0.012 0.018 0.023 0.013 0.146 0.175 0.021 0.032 0.224 0.012 0.024 0.031 0.011 0.054 0.1
223 V 0.053 0.021 0.017 0.017 0.015 0.015 0.022 0.023 0.016 0.151 0.122 0.025 0.029 0.113 0.015 0.029 0.039 0.011 0.084 0.184
224 V 0.052 0.021 0.016 0.017 0.015 0.014 0.021 0.024 0.011 0.118 0.154 0.023 0.031 0.175 0.014 0.028 0.037 0.01 0.045 0.175
225 F 0.048 0.029 0.075 0.031 0.011 0.021 0.031 0.035 0.028 0.053 0.121 0.033 0.023 0.141 0.016 0.06 0.038 0.015 0.138 0.052
226 F 0.043 0.021 0.016 0.017 0.013 0.014 0.02 0.023 0.018 0.127 0.163 0.023 0.031 0.177 0.013 0.026 0.032 0.013 0.095 0.113
227 L 0.064 0.029 0.028 0.027 0.015 0.022 0.031 0.037 0.015 0.074 0.194 0.035 0.056 0.099 0.019 0.098 0.048 0.008 0.031 0.069
228 L 0.051 0.092 0.03 0.028 0.012 0.062 0.044 0.031 0.023 0.059 0.134 0.057 0.05 0.047 0.019 0.046 0.073 0.01 0.072 0.061
229 G 0.067 0.052 0.086 0.042 0.012 0.028 0.039 0.205 0.018 0.067 0.056 0.074 0.016 0.021 0.021 0.08 0.044 0.005 0.015 0.053
230 N 0.058 0.053 0.226 0.067 0.01 0.036 0.052 0.06 0.026 0.024 0.035 0.093 0.013 0.018 0.023 0.101 0.053 0.005 0.016 0.03
231 K 0.052 0.133 0.036 0.035 0.009 0.045 0.057 0.037 0.019 0.07 0.063 0.221 0.019 0.02 0.023 0.046 0.038 0.005 0.017 0.055
232 R 0.045 0.195 0.083 0.037 0.009 0.039 0.047 0.037 0.021 0.04 0.103 0.117 0.02 0.039 0.019 0.045 0.037 0.006 0.02 0.041
233 L 0.044 0.134 0.022 0.021 0.013 0.025 0.029 0.024 0.014 0.141 0.2 0.055 0.033 0.038 0.016 0.031 0.035 0.006 0.02 0.099
234 K 0.054 0.12 0.032 0.031 0.011 0.039 0.05 0.034 0.017 0.063 0.115 0.176 0.023 0.025 0.022 0.043 0.039 0.006 0.018 0.084
235 L 0.081 0.024 0.017 0.018 0.097 0.017 0.022 0.03 0.01 0.09 0.281 0.027 0.038 0.042 0.017 0.037 0.045 0.006 0.019 0.083
236 F 0.088 0.022 0.017 0.018 0.015 0.015 0.023 0.033 0.013 0.088 0.152 0.025 0.029 0.204 0.015 0.036 0.035 0.011 0.05 0.111
237 S 0.077 0.029 0.034 0.032 0.096 0.023 0.035 0.045 0.015 0.051 0.115 0.037 0.023 0.089 0.021 0.134 0.056 0.007 0.029 0.054
238 F 0.038 0.021 0.016 0.017 0.012 0.014 0.02 0.023 0.019 0.105 0.159 0.022 0.029 0.238 0.012 0.025 0.029 0.015 0.106 0.079
239 L 0.044 0.022 0.015 0.017 0.015 0.016 0.02 0.022 0.012 0.16 0.235 0.025 0.062 0.107 0.014 0.026 0.034 0.008 0.032 0.113
240 L 0.047 0.024 0.019 0.019 0.015 0.016 0.022 0.025 0.011 0.123 0.252 0.027 0.038 0.105 0.016 0.035 0.071 0.008 0.032 0.096
241 L 0.075 0.028 0.027 0.026 0.017 0.022 0.03 0.035 0.012 0.121 0.157 0.035 0.048 0.036 0.02 0.076 0.084 0.006 0.02 0.125
242 P 0.054 0.024 0.021 0.028 0.011 0.019 0.032 0.033 0.012 0.069 0.057 0.037 0.014 0.018 0.424 0.04 0.036 0.003 0.014 0.054
243 L 0.054 0.022 0.015 0.016 0.016 0.015 0.021 0.023 0.01 0.128 0.212 0.024 0.036 0.102 0.014 0.028 0.039 0.008 0.032 0.184
244 L 0.04 0.022 0.015 0.015 0.014 0.014 0.019 0.022 0.012 0.096 0.298 0.023 0.041 0.17 0.013 0.024 0.03 0.01 0.043 0.08
245 L 0.051 0.023 0.021 0.021 0.014 0.016 0.024 0.029 0.013 0.111 0.201 0.027 0.033 0.162 0.015 0.06 0.039 0.01 0.042 0.085
246 L 0.046 0.02 0.015 0.017 0.015 0.013 0.019 0.023 0.011 0.157 0.177 0.022 0.033 0.163 0.013 0.026 0.035 0.009 0.043 0.144
247 L 0.1 0.026 0.023 0.023 0.016 0.02 0.029 0.039 0.012 0.11 0.139 0.032 0.027 0.039 0.018 0.071 0.045 0.089 0.027 0.115
248 V 0.057 0.02 0.019 0.02 0.015 0.015 0.021 0.106 0.01 0.167 0.143 0.025 0.03 0.067 0.015 0.031 0.039 0.007 0.024 0.169
249 I 0.097 0.025 0.024 0.024 0.015 0.019 0.029 0.038 0.019 0.126 0.101 0.032 0.025 0.11 0.019 0.071 0.043 0.011 0.083 0.092
250 L 0.056 0.029 0.026 0.035 0.012 0.027 0.077 0.034 0.015 0.084 0.12 0.039 0.023 0.034 0.099 0.068 0.041 0.088 0.026 0.066
251 F 0.048 0.086 0.028 0.043 0.01 0.035 0.123 0.029 0.019 0.058 0.078 0.055 0.02 0.148 0.018 0.039 0.034 0.009 0.04 0.081
252 I 0.048 0.019 0.016 0.017 0.015 0.013 0.019 0.023 0.011 0.176 0.136 0.022 0.031 0.16 0.014 0.027 0.037 0.009 0.042 0.166
253 L 0.054 0.032 0.079 0.044 0.012 0.028 0.078 0.038 0.019 0.088 0.127 0.041 0.024 0.081 0.019 0.073 0.043 0.008 0.04 0.069
254 S 0.07 0.058 0.047 0.051 0.011 0.075 0.106 0.047 0.08 0.026 0.041 0.101 0.016 0.019 0.025 0.113 0.05 0.006 0.024 0.034
255 K 0.1 0.063 0.03 0.03 0.015 0.031 0.042 0.041 0.014 0.099 0.083 0.114 0.022 0.025 0.023 0.055 0.079 0.005 0.018 0.11
256 F 0.036 0.021 0.017 0.017 0.011 0.013 0.02 0.024 0.02 0.067 0.151 0.022 0.028 0.298 0.012 0.026 0.027 0.017 0.117 0.059
257 S 0.117 0.044 0.043 0.049 0.015 0.069 0.099 0.054 0.02 0.033 0.048 0.059 0.017 0.019 0.027 0.127 0.092 0.005 0.017 0.047
258 N 0.052 0.041 0.242 0.131 0.01 0.032 0.056 0.061 0.027 0.023 0.032 0.051 0.011 0.018 0.022 0.094 0.051 0.004 0.015 0.028
259 D 0.04 0.029 0.067 0.412 0.007 0.029 0.089 0.045 0.018 0.022 0.027 0.044 0.009 0.015 0.022 0.051 0.035 0.004 0.011 0.024
260 I 0.05 0.018 0.015 0.017 0.016 0.013 0.018 0.021 0.008 0.267 0.158 0.023 0.035 0.042 0.015 0.026 0.04 0.006 0.02 0.191
261 S 0.107 0.039 0.053 0.048 0.017 0.032 0.051 0.065 0.019 0.029 0.041 0.053 0.015 0.02 0.029 0.239 0.08 0.005 0.017 0.041
262 F 0.033 0.019 0.016 0.016 0.01 0.01 0.019 0.025 0.016 0.062 0.111 0.019 0.025 0.402 0.01 0.025 0.025 0.016 0.087 0.054
263 N 0.089 0.092 0.131 0.054 0.012 0.036 0.087 0.048 0.022 0.04 0.099 0.061 0.019 0.024 0.021 0.057 0.041 0.005 0.017 0.046
264 S 0.107 0.039 0.053 0.048 0.017 0.032 0.051 0.065 0.019 0.029 0.041 0.053 0.015 0.02 0.029 0.239 0.08 0.005 0.017 0.041
265 K 0.056 0.104 0.04 0.04 0.008 0.052 0.069 0.042 0.02 0.027 0.042 0.296 0.015 0.015 0.027 0.052 0.039 0.005 0.017 0.032
266 F 0.033 0.019 0.016 0.016 0.01 0.01 0.019 0.025 0.016 0.062 0.111 0.019 0.025 0.402 0.01 0.025 0.025 0.016 0.087 0.054
267 H 0.044 0.039 0.057 0.091 0.009 0.036 0.094 0.036 0.195 0.067 0.057 0.046 0.017 0.027 0.019 0.043 0.032 0.006 0.036 0.049
268 L 0.045 0.02 0.014 0.016 0.016 0.014 0.018 0.02 0.009 0.201 0.277 0.024 0.042 0.048 0.014 0.024 0.036 0.006 0.021 0.133
269 I 0.042 0.018 0.015 0.017 0.014 0.012 0.018 0.022 0.011 0.213 0.146 0.022 0.032 0.163 0.013 0.025 0.034 0.009 0.042 0.133
270 D 0.052 0.141 0.055 0.224 0.009 0.036 0.07 0.044 0.02 0.023 0.036 0.07 0.012 0.016 0.022 0.08 0.042 0.005 0.014 0.029
271 L 0.053 0.027 0.023 0.021 0.014 0.02 0.027 0.029 0.023 0.075 0.224 0.031 0.033 0.073 0.017 0.062 0.039 0.013 0.125 0.069
272 A 0.148 0.031 0.034 0.032 0.017 0.024 0.037 0.054 0.015 0.047 0.067 0.041 0.019 0.085 0.025 0.096 0.13 0.007 0.029 0.062
273 L 0.041 0.023 0.017 0.017 0.013 0.016 0.022 0.023 0.023 0.11 0.198 0.025 0.032 0.134 0.014 0.026 0.031 0.015 0.137 0.084
274 D 0.055 0.035 0.096 0.176 0.011 0.033 0.101 0.046 0.02 0.067 0.054 0.048 0.015 0.021 0.022 0.081 0.045 0.005 0.015 0.053
275 Y 0.042 0.043 0.03 0.025 0.009 0.029 0.038 0.029 0.096 0.037 0.058 0.077 0.017 0.093 0.018 0.036 0.029 0.02 0.235 0.039
276 L 0.045 0.019 0.014 0.016 0.016 0.014 0.018 0.02 0.009 0.23 0.239 0.024 0.04 0.047 0.014 0.024 0.037 0.006 0.021 0.146
277 L 0.067 0.044 0.033 0.031 0.014 0.03 0.041 0.041 0.021 0.056 0.129 0.082 0.049 0.047 0.022 0.103 0.05 0.01 0.072 0.057
278 T 0.065 0.05 0.083 0.06 0.013 0.035 0.051 0.048 0.077 0.034 0.046 0.089 0.016 0.021 0.025 0.096 0.12 0.006 0.023 0.043
279 S 0.11 0.04 0.054 0.049 0.018 0.033 0.052 0.066 0.019 0.03 0.042 0.054 0.016 0.021 0.03 0.22 0.082 0.005 0.018 0.042
280 D 0.041 0.03 0.069 0.397 0.008 0.03 0.091 0.047 0.019 0.022 0.028 0.045 0.009 0.015 0.022 0.052 0.035 0.004 0.011 0.024
281 A 0.147 0.033 0.071 0.039 0.016 0.025 0.039 0.058 0.018 0.042 0.061 0.043 0.018 0.084 0.024 0.105 0.087 0.007 0.028 0.055
282 D 0.074 0.036 0.093 0.189 0.012 0.031 0.065 0.057 0.02 0.025 0.035 0.049 0.012 0.018 0.025 0.147 0.059 0.004 0.015 0.033
283 L 0.045 0.021 0.015 0.016 0.015 0.014 0.019 0.022 0.01 0.147 0.264 0.023 0.04 0.107 0.014 0.025 0.035 0.008 0.032 0.128
284 Y 0.047 0.028 0.027 0.046 0.011 0.025 0.064 0.029 0.026 0.085 0.084 0.035 0.021 0.123 0.018 0.042 0.07 0.015 0.135 0.069
285 N 0.058 0.042 0.141 0.114 0.011 0.063 0.06 0.05 0.023 0.044 0.053 0.053 0.022 0.02 0.022 0.086 0.05 0.005 0.017 0.065
286 I 0.053 0.019 0.015 0.017 0.017 0.014 0.019 0.021 0.008 0.246 0.152 0.024 0.034 0.04 0.015 0.027 0.042 0.006 0.02 0.211
287 L 0.04 0.022 0.015 0.015 0.014 0.014 0.019 0.022 0.012 0.096 0.298 0.023 0.041 0.17 0.013 0.024 0.03 0.01 0.043 0.08
288 L 0.04 0.022 0.015 0.015 0.014 0.014 0.019 0.022 0.012 0.096 0.298 0.023 0.041 0.17 0.013 0.024 0.03 0.01 0.043 0.08
289 G 0.076 0.022 0.038 0.033 0.011 0.018 0.025 0.522 0.013 0.018 0.028 0.033 0.009 0.016 0.018 0.05 0.029 0.005 0.011 0.024
290 V 0.063 0.022 0.017 0.018 0.017 0.017 0.023 0.024 0.014 0.141 0.117 0.026 0.029 0.05 0.016 0.032 0.045 0.009 0.072 0.247
291 G 0.076 0.022 0.038 0.033 0.011 0.018 0.025 0.522 0.013 0.018 0.028 0.033 0.009 0.016 0.018 0.05 0.029 0.005 0.011 0.024
292 L 0.046 0.023 0.015 0.018 0.015 0.016 0.022 0.023 0.01 0.127 0.294 0.027 0.04 0.045 0.096 0.027 0.034 0.006 0.02 0.096
293 G 0.076 0.022 0.038 0.033 0.011 0.018 0.025 0.522 0.013 0.018 0.028 0.033 0.009 0.016 0.018 0.05 0.029 0.005 0.011 0.024
294 N 0.042 0.044 0.334 0.081 0.009 0.033 0.048 0.064 0.031 0.022 0.031 0.053 0.011 0.018 0.02 0.068 0.048 0.004 0.015 0.026
295 A 0.241 0.033 0.034 0.035 0.02 0.027 0.043 0.072 0.016 0.038 0.052 0.047 0.016 0.021 0.029 0.135 0.059 0.005 0.017 0.058
296 V 0.057 0.019 0.015 0.017 0.017 0.015 0.02 0.022 0.008 0.225 0.145 0.024 0.033 0.039 0.015 0.028 0.044 0.006 0.02 0.23
297 D 0.041 0.037 0.199 0.233 0.008 0.032 0.078 0.054 0.025 0.022 0.029 0.049 0.01 0.016 0.021 0.06 0.041 0.004 0.013 0.025
298 V 0.1 0.023 0.018 0.019 0.017 0.018 0.025 0.032 0.015 0.143 0.112 0.029 0.027 0.049 0.018 0.039 0.043 0.009 0.072 0.191
299 I 0.046 0.018 0.014 0.017 0.016 0.013 0.018 0.02 0.009 0.259 0.202 0.023 0.038 0.045 0.014 0.024 0.038 0.006 0.02 0.159
300 G 0.076 0.022 0.038 0.033 0.011 0.018 0.025 0.522 0.013 0.018 0.028 0.033 0.009 0.016 0.018 0.05 0.029 0.005 0.011 0.024
301 L 0.049 0.027 0.018 0.019 0.016 0.023 0.024 0.025 0.013 0.162 0.183 0.031 0.133 0.046 0.015 0.032 0.039 0.007 0.022 0.118
302 G 0.076 0.022 0.038 0.033 0.011 0.018 0.025 0.522 0.013 0.018 0.028 0.033 0.009 0.016 0.018 0.05 0.029 0.005 0.011 0.024
303 A 0.307 0.03 0.025 0.029 0.021 0.025 0.04 0.076 0.014 0.042 0.058 0.043 0.017 0.021 0.029 0.083 0.049 0.005 0.017 0.067
304 H 0.041 0.045 0.052 0.037 0.007 0.037 0.052 0.037 0.371 0.022 0.037 0.045 0.015 0.03 0.019 0.041 0.026 0.007 0.056 0.022
305 N 0.053 0.043 0.287 0.076 0.01 0.033 0.049 0.064 0.029 0.023 0.032 0.053 0.012 0.018 0.021 0.096 0.053 0.005 0.016 0.029
306 L 0.042 0.023 0.014 0.015 0.015 0.015 0.02 0.021 0.011 0.104 0.344 0.024 0.044 0.111 0.013 0.024 0.031 0.009 0.033 0.087
307 L 0.088 0.023 0.017 0.019 0.016 0.017 0.023 0.032 0.012 0.149 0.18 0.028 0.057 0.102 0.016 0.036 0.037 0.008 0.032 0.108
308 L 0.052 0.023 0.015 0.016 0.017 0.016 0.021 0.022 0.009 0.129 0.303 0.025 0.043 0.047 0.015 0.027 0.038 0.006 0.021 0.158
309 T 0.077 0.035 0.044 0.038 0.017 0.028 0.041 0.046 0.014 0.048 0.06 0.046 0.019 0.023 0.027 0.115 0.234 0.006 0.017 0.065
310 L 0.041 0.02 0.015 0.016 0.014 0.013 0.019 0.022 0.012 0.154 0.222 0.022 0.036 0.166 0.013 0.024 0.032 0.01 0.043 0.107
311 L 0.05 0.021 0.015 0.016 0.016 0.015 0.02 0.022 0.01 0.149 0.218 0.024 0.037 0.104 0.014 0.027 0.038 0.008 0.032 0.165
312 I 0.049 0.019 0.015 0.017 0.016 0.014 0.019 0.021 0.009 0.238 0.196 0.024 0.037 0.043 0.015 0.026 0.039 0.006 0.02 0.178
313 E 0.054 0.048 0.04 0.088 0.007 0.063 0.314 0.034 0.025 0.022 0.036 0.074 0.013 0.016 0.025 0.054 0.036 0.005 0.016 0.031
314 T 0.069 0.033 0.036 0.032 0.017 0.026 0.036 0.04 0.014 0.066 0.136 0.041 0.05 0.032 0.023 0.095 0.158 0.006 0.019 0.072
315 G 0.076 0.022 0.038 0.033 0.011 0.018 0.025 0.522 0.013 0.018 0.028 0.033 0.009 0.016 0.018 0.05 0.029 0.005 0.011 0.024
316 L 0.045 0.024 0.016 0.017 0.015 0.018 0.021 0.023 0.012 0.131 0.237 0.026 0.08 0.107 0.014 0.028 0.035 0.009 0.033 0.107
317 I 0.043 0.019 0.015 0.017 0.015 0.013 0.018 0.021 0.01 0.222 0.193 0.023 0.036 0.105 0.014 0.024 0.035 0.008 0.031 0.14
318 G 0.069 0.022 0.035 0.03 0.011 0.017 0.024 0.439 0.014 0.026 0.042 0.03 0.012 0.08 0.017 0.046 0.028 0.007 0.023 0.029
319 L 0.04 0.022 0.015 0.015 0.014 0.014 0.019 0.022 0.012 0.096 0.298 0.023 0.041 0.17 0.013 0.024 0.03 0.01 0.043 0.08
320 F 0.054 0.024 0.025 0.023 0.015 0.017 0.026 0.03 0.012 0.115 0.118 0.029 0.027 0.14 0.018 0.048 0.111 0.009 0.039 0.119
