#Seq2Logo.py -f /work3/idamei/wzy_ssn/run/1e-50/run/150/MSAs/0009_143.afa -o /work3/idamei/wzy_ssn/run/1e-50/run/150/logos/0009_143.logo
#Position Specific Frequency Matrix
A R N D C Q E G H I L K M F P S T W Y V
0 L 0.051 0.031 0.02 0.02 0.016 0.027 0.027 0.027 0.016 0.098 0.192 0.035 0.181 0.047 0.016 0.035 0.039 0.008 0.024 0.09
1 R 0.064 0.134 0.036 0.033 0.013 0.034 0.044 0.039 0.017 0.101 0.077 0.097 0.021 0.025 0.022 0.095 0.049 0.005 0.018 0.074
2 N 0.042 0.039 0.221 0.061 0.009 0.03 0.042 0.052 0.036 0.029 0.044 0.046 0.014 0.055 0.019 0.057 0.042 0.012 0.117 0.033
3 L 0.054 0.021 0.015 0.017 0.017 0.015 0.02 0.022 0.009 0.184 0.225 0.025 0.039 0.045 0.015 0.027 0.041 0.006 0.021 0.181
4 K 0.057 0.107 0.042 0.042 0.009 0.054 0.071 0.043 0.021 0.028 0.043 0.276 0.016 0.016 0.028 0.054 0.04 0.005 0.017 0.033
5 D 0.041 0.03 0.069 0.396 0.008 0.03 0.092 0.047 0.019 0.022 0.028 0.045 0.009 0.015 0.022 0.052 0.035 0.004 0.011 0.024
6 V 0.07 0.022 0.017 0.018 0.019 0.017 0.023 0.025 0.008 0.165 0.131 0.026 0.032 0.036 0.017 0.033 0.05 0.006 0.021 0.267
7 R 0.051 0.227 0.04 0.036 0.008 0.051 0.061 0.038 0.022 0.025 0.045 0.2 0.015 0.016 0.023 0.049 0.037 0.005 0.017 0.032
8 K 0.088 0.053 0.074 0.038 0.013 0.032 0.044 0.046 0.019 0.047 0.077 0.112 0.04 0.077 0.022 0.058 0.072 0.007 0.028 0.053
9 F 0.04 0.021 0.017 0.016 0.012 0.014 0.021 0.025 0.018 0.076 0.139 0.023 0.027 0.211 0.012 0.026 0.029 0.085 0.1 0.088
10 I 0.043 0.021 0.016 0.017 0.014 0.016 0.02 0.022 0.015 0.187 0.177 0.025 0.053 0.101 0.014 0.026 0.035 0.01 0.069 0.12
11 L 0.053 0.023 0.019 0.02 0.015 0.016 0.023 0.027 0.011 0.147 0.224 0.027 0.036 0.088 0.016 0.053 0.041 0.007 0.028 0.126
12 N 0.041 0.043 0.34 0.08 0.009 0.033 0.048 0.063 0.03 0.022 0.03 0.052 0.011 0.017 0.02 0.067 0.048 0.004 0.015 0.026
13 P 0.061 0.027 0.026 0.032 0.011 0.022 0.037 0.039 0.013 0.025 0.036 0.041 0.011 0.013 0.45 0.068 0.041 0.003 0.013 0.031
14 F 0.033 0.018 0.016 0.016 0.01 0.01 0.018 0.025 0.016 0.061 0.11 0.018 0.025 0.408 0.01 0.025 0.025 0.016 0.086 0.053
15 F 0.038 0.022 0.018 0.017 0.011 0.015 0.022 0.024 0.026 0.075 0.098 0.023 0.023 0.256 0.013 0.027 0.028 0.019 0.173 0.073
16 I 0.048 0.022 0.017 0.017 0.074 0.017 0.022 0.024 0.019 0.13 0.118 0.025 0.046 0.106 0.015 0.03 0.035 0.012 0.108 0.115
17 Y 0.038 0.025 0.02 0.018 0.009 0.018 0.025 0.024 0.038 0.047 0.077 0.027 0.02 0.197 0.014 0.029 0.026 0.024 0.277 0.047
18 S 0.107 0.029 0.033 0.032 0.078 0.023 0.035 0.048 0.014 0.102 0.079 0.039 0.021 0.026 0.023 0.125 0.084 0.005 0.017 0.082
19 L 0.048 0.024 0.02 0.02 0.014 0.017 0.024 0.028 0.014 0.104 0.19 0.027 0.051 0.18 0.015 0.053 0.037 0.01 0.045 0.081
20 S 0.15 0.032 0.039 0.037 0.017 0.026 0.041 0.12 0.015 0.047 0.054 0.044 0.017 0.022 0.026 0.154 0.061 0.005 0.016 0.076
21 F 0.033 0.018 0.016 0.016 0.01 0.01 0.018 0.025 0.016 0.061 0.11 0.018 0.025 0.408 0.01 0.025 0.025 0.016 0.086 0.053
22 F 0.064 0.024 0.027 0.026 0.014 0.018 0.027 0.096 0.013 0.119 0.097 0.031 0.024 0.124 0.018 0.084 0.045 0.008 0.034 0.106
23 L 0.051 0.022 0.021 0.021 0.014 0.016 0.022 0.088 0.012 0.109 0.174 0.026 0.03 0.13 0.015 0.036 0.063 0.009 0.035 0.106
24 A 0.188 0.027 0.023 0.025 0.019 0.021 0.032 0.052 0.012 0.104 0.088 0.036 0.023 0.027 0.023 0.063 0.075 0.005 0.018 0.137
25 L 0.044 0.02 0.014 0.016 0.016 0.014 0.018 0.02 0.009 0.204 0.279 0.024 0.042 0.048 0.014 0.024 0.035 0.006 0.021 0.132
26 L 0.055 0.025 0.023 0.022 0.015 0.018 0.026 0.03 0.013 0.087 0.205 0.029 0.032 0.131 0.017 0.061 0.068 0.009 0.036 0.098
27 L 0.079 0.023 0.016 0.017 0.016 0.016 0.022 0.028 0.011 0.125 0.255 0.026 0.037 0.09 0.015 0.032 0.036 0.008 0.029 0.119
28 Y 0.038 0.026 0.02 0.018 0.009 0.02 0.026 0.024 0.042 0.045 0.072 0.029 0.019 0.162 0.014 0.029 0.027 0.026 0.309 0.046
29 S 0.072 0.04 0.039 0.036 0.013 0.029 0.042 0.105 0.019 0.034 0.047 0.075 0.015 0.032 0.085 0.106 0.104 0.008 0.056 0.044
30 L 0.041 0.024 0.015 0.015 0.014 0.016 0.021 0.023 0.012 0.093 0.292 0.025 0.058 0.097 0.013 0.025 0.031 0.071 0.035 0.08
31 K 0.06 0.057 0.082 0.099 0.009 0.065 0.096 0.107 0.022 0.024 0.036 0.118 0.013 0.016 0.024 0.078 0.043 0.005 0.015 0.03
32 W 0.033 0.022 0.014 0.015 0.009 0.015 0.021 0.027 0.013 0.05 0.138 0.023 0.023 0.057 0.009 0.022 0.025 0.384 0.055 0.045
33 S 0.106 0.039 0.052 0.047 0.017 0.032 0.051 0.064 0.019 0.029 0.04 0.052 0.015 0.02 0.029 0.246 0.079 0.005 0.017 0.04
34 D 0.056 0.033 0.093 0.234 0.011 0.029 0.066 0.049 0.018 0.03 0.038 0.046 0.012 0.018 0.024 0.087 0.101 0.004 0.014 0.037
35 L 0.043 0.022 0.014 0.015 0.016 0.015 0.019 0.02 0.01 0.146 0.353 0.024 0.046 0.051 0.014 0.024 0.033 0.007 0.021 0.108
36 Y 0.04 0.031 0.023 0.021 0.009 0.047 0.035 0.026 0.039 0.042 0.069 0.036 0.019 0.148 0.015 0.032 0.028 0.023 0.269 0.045
37 P 0.053 0.035 0.024 0.029 0.01 0.023 0.037 0.034 0.013 0.036 0.081 0.071 0.015 0.018 0.388 0.041 0.035 0.003 0.014 0.038
38 K 0.057 0.083 0.074 0.047 0.01 0.041 0.086 0.043 0.02 0.036 0.084 0.148 0.018 0.021 0.054 0.074 0.043 0.005 0.017 0.039
39 L 0.042 0.023 0.021 0.066 0.014 0.016 0.028 0.024 0.011 0.117 0.285 0.026 0.039 0.091 0.014 0.027 0.032 0.007 0.028 0.089
40 S 0.083 0.041 0.123 0.06 0.014 0.036 0.084 0.06 0.022 0.026 0.037 0.055 0.014 0.019 0.026 0.177 0.066 0.005 0.016 0.036
41 G 0.056 0.023 0.025 0.023 0.013 0.017 0.024 0.151 0.016 0.095 0.122 0.029 0.024 0.09 0.017 0.04 0.062 0.01 0.066 0.096
42 N 0.064 0.04 0.121 0.11 0.011 0.039 0.12 0.051 0.022 0.027 0.038 0.055 0.013 0.018 0.024 0.109 0.079 0.005 0.016 0.036
43 L 0.087 0.024 0.019 0.019 0.016 0.017 0.023 0.092 0.01 0.103 0.24 0.028 0.035 0.04 0.017 0.036 0.038 0.006 0.019 0.131
44 L 0.097 0.028 0.028 0.027 0.017 0.021 0.031 0.04 0.013 0.083 0.123 0.035 0.025 0.077 0.021 0.077 0.103 0.007 0.027 0.122
45 L 0.062 0.036 0.03 0.036 0.014 0.053 0.075 0.035 0.016 0.092 0.189 0.045 0.03 0.034 0.02 0.087 0.046 0.006 0.019 0.074
46 F 0.034 0.019 0.016 0.016 0.011 0.011 0.019 0.024 0.016 0.068 0.146 0.019 0.027 0.363 0.011 0.024 0.026 0.015 0.078 0.058
47 L 0.051 0.022 0.019 0.02 0.015 0.016 0.022 0.026 0.011 0.187 0.199 0.026 0.035 0.088 0.015 0.052 0.04 0.007 0.028 0.12
48 V 0.052 0.02 0.015 0.017 0.016 0.014 0.02 0.022 0.009 0.192 0.171 0.023 0.034 0.087 0.014 0.027 0.039 0.007 0.028 0.192
49 F 0.061 0.027 0.029 0.028 0.013 0.02 0.031 0.039 0.016 0.051 0.113 0.032 0.023 0.174 0.017 0.107 0.046 0.073 0.049 0.05
50 T 0.101 0.032 0.037 0.033 0.018 0.025 0.036 0.044 0.013 0.064 0.07 0.041 0.02 0.024 0.026 0.081 0.216 0.006 0.018 0.096
51 L 0.052 0.024 0.02 0.02 0.015 0.019 0.023 0.087 0.013 0.14 0.145 0.028 0.088 0.085 0.015 0.032 0.037 0.008 0.028 0.122
52 V 0.07 0.022 0.016 0.018 0.019 0.016 0.023 0.025 0.008 0.164 0.13 0.026 0.031 0.036 0.016 0.033 0.049 0.005 0.02 0.273
53 V 0.062 0.024 0.02 0.02 0.017 0.017 0.025 0.028 0.011 0.119 0.181 0.028 0.032 0.084 0.016 0.056 0.045 0.007 0.028 0.182
54 F 0.077 0.02 0.016 0.018 0.015 0.014 0.021 0.029 0.012 0.136 0.154 0.024 0.03 0.177 0.015 0.032 0.035 0.01 0.044 0.119
55 S 0.123 0.033 0.042 0.039 0.077 0.027 0.042 0.119 0.016 0.031 0.044 0.045 0.015 0.02 0.026 0.175 0.064 0.005 0.015 0.043
56 L 0.042 0.021 0.014 0.015 0.015 0.014 0.019 0.021 0.01 0.151 0.302 0.023 0.042 0.095 0.013 0.024 0.033 0.008 0.029 0.107
57 F 0.042 0.019 0.016 0.018 0.013 0.013 0.02 0.024 0.012 0.151 0.156 0.023 0.03 0.177 0.075 0.026 0.032 0.009 0.044 0.099
58 L 0.042 0.021 0.014 0.015 0.015 0.014 0.019 0.021 0.01 0.151 0.302 0.023 0.042 0.095 0.013 0.024 0.033 0.008 0.029 0.107
59 G 0.106 0.025 0.035 0.032 0.013 0.02 0.029 0.349 0.013 0.057 0.05 0.035 0.014 0.02 0.02 0.075 0.039 0.005 0.013 0.049
60 F 0.076 0.021 0.019 0.02 0.013 0.014 0.022 0.093 0.014 0.089 0.136 0.025 0.026 0.22 0.014 0.035 0.031 0.011 0.051 0.071
61 F 0.04 0.018 0.016 0.017 0.013 0.012 0.019 0.023 0.013 0.132 0.125 0.02 0.028 0.27 0.012 0.025 0.031 0.012 0.061 0.113
62 F 0.041 0.023 0.018 0.017 0.011 0.016 0.022 0.024 0.025 0.073 0.132 0.024 0.026 0.211 0.013 0.027 0.029 0.018 0.165 0.085
63 R 0.05 0.122 0.11 0.043 0.01 0.058 0.049 0.043 0.022 0.035 0.086 0.065 0.019 0.027 0.019 0.071 0.042 0.068 0.024 0.039
64 K 0.063 0.047 0.07 0.038 0.012 0.029 0.042 0.102 0.016 0.075 0.063 0.104 0.018 0.022 0.083 0.071 0.044 0.005 0.016 0.081
65 R 0.05 0.132 0.071 0.036 0.011 0.035 0.045 0.036 0.018 0.095 0.074 0.122 0.02 0.024 0.021 0.049 0.068 0.005 0.017 0.07
66 L 0.042 0.022 0.015 0.016 0.014 0.015 0.02 0.021 0.015 0.143 0.261 0.024 0.038 0.104 0.014 0.025 0.032 0.01 0.069 0.101
67 K 0.087 0.069 0.032 0.033 0.072 0.063 0.056 0.042 0.018 0.041 0.091 0.173 0.02 0.021 0.023 0.051 0.039 0.005 0.017 0.047
68 C 0.065 0.016 0.016 0.016 0.486 0.012 0.016 0.032 0.008 0.044 0.065 0.02 0.016 0.02 0.016 0.04 0.036 0.004 0.012 0.057
69 V 0.059 0.024 0.018 0.018 0.016 0.018 0.025 0.024 0.021 0.123 0.108 0.027 0.027 0.067 0.016 0.032 0.042 0.013 0.122 0.201
70 K 0.05 0.162 0.077 0.043 0.008 0.048 0.061 0.042 0.022 0.025 0.041 0.225 0.014 0.016 0.024 0.051 0.038 0.005 0.017 0.031
71 R 0.05 0.172 0.039 0.084 0.009 0.033 0.048 0.036 0.024 0.032 0.054 0.071 0.016 0.088 0.019 0.068 0.038 0.01 0.072 0.036
72 F 0.045 0.082 0.023 0.022 0.011 0.024 0.032 0.027 0.02 0.095 0.095 0.076 0.023 0.149 0.016 0.033 0.034 0.012 0.083 0.097
73 K 0.082 0.055 0.066 0.035 0.013 0.032 0.043 0.041 0.016 0.106 0.117 0.134 0.024 0.028 0.021 0.047 0.04 0.005 0.018 0.078
74 V 0.06 0.075 0.07 0.032 0.015 0.024 0.033 0.035 0.015 0.14 0.099 0.045 0.025 0.03 0.018 0.067 0.048 0.005 0.018 0.146
75 L 0.09 0.085 0.034 0.031 0.015 0.027 0.037 0.084 0.015 0.086 0.121 0.051 0.024 0.029 0.021 0.107 0.051 0.006 0.018 0.07
76 E 0.05 0.051 0.086 0.06 0.009 0.108 0.15 0.039 0.025 0.038 0.098 0.067 0.021 0.022 0.022 0.051 0.039 0.006 0.018 0.042
77 P 0.061 0.028 0.035 0.097 0.011 0.024 0.047 0.042 0.015 0.025 0.035 0.043 0.011 0.014 0.346 0.077 0.043 0.003 0.013 0.031
78 L 0.042 0.026 0.018 0.017 0.013 0.019 0.024 0.023 0.028 0.079 0.223 0.028 0.034 0.093 0.015 0.028 0.031 0.018 0.171 0.071
79 K 0.057 0.107 0.042 0.042 0.009 0.054 0.071 0.043 0.021 0.028 0.043 0.276 0.016 0.016 0.028 0.054 0.04 0.005 0.017 0.033
80 S 0.091 0.043 0.049 0.062 0.014 0.043 0.135 0.055 0.021 0.027 0.04 0.061 0.015 0.019 0.028 0.169 0.066 0.005 0.017 0.038
81 L 0.05 0.026 0.025 0.023 0.015 0.018 0.026 0.03 0.013 0.077 0.186 0.03 0.031 0.156 0.017 0.047 0.103 0.01 0.043 0.074
82 L 0.057 0.03 0.027 0.043 0.013 0.032 0.118 0.109 0.015 0.104 0.13 0.042 0.025 0.03 0.019 0.04 0.037 0.006 0.018 0.106
83 N 0.057 0.051 0.135 0.059 0.011 0.038 0.091 0.048 0.023 0.039 0.095 0.092 0.019 0.023 0.022 0.084 0.047 0.005 0.017 0.042
84 L 0.07 0.027 0.03 0.029 0.016 0.021 0.032 0.038 0.013 0.148 0.16 0.036 0.03 0.036 0.02 0.108 0.054 0.006 0.019 0.105
85 S 0.074 0.059 0.129 0.055 0.012 0.038 0.055 0.058 0.023 0.026 0.038 0.122 0.014 0.018 0.026 0.137 0.059 0.005 0.017 0.034
86 N 0.047 0.067 0.163 0.055 0.009 0.039 0.054 0.049 0.028 0.027 0.041 0.154 0.014 0.032 0.022 0.056 0.041 0.008 0.062 0.032
87 K 0.057 0.072 0.036 0.035 0.01 0.039 0.053 0.04 0.023 0.034 0.055 0.184 0.017 0.087 0.023 0.072 0.041 0.01 0.072 0.038
88 N 0.045 0.041 0.288 0.072 0.01 0.03 0.045 0.058 0.027 0.042 0.045 0.049 0.014 0.02 0.019 0.063 0.048 0.005 0.016 0.064
89 V 0.056 0.025 0.028 0.048 0.014 0.02 0.031 0.06 0.057 0.116 0.097 0.03 0.024 0.078 0.017 0.041 0.067 0.007 0.031 0.152
90 F 0.074 0.024 0.022 0.021 0.012 0.017 0.026 0.034 0.023 0.049 0.079 0.028 0.02 0.197 0.015 0.041 0.059 0.078 0.13 0.052
91 L 0.05 0.023 0.017 0.018 0.015 0.018 0.022 0.025 0.013 0.146 0.155 0.027 0.079 0.122 0.014 0.03 0.038 0.009 0.036 0.143
92 L 0.053 0.022 0.015 0.017 0.016 0.016 0.021 0.023 0.01 0.147 0.205 0.025 0.046 0.091 0.014 0.028 0.039 0.007 0.029 0.177
93 L 0.098 0.03 0.032 0.03 0.016 0.023 0.034 0.045 0.014 0.08 0.109 0.038 0.023 0.033 0.022 0.103 0.105 0.069 0.024 0.072
94 V 0.087 0.036 0.024 0.024 0.015 0.024 0.033 0.035 0.018 0.08 0.098 0.065 0.043 0.089 0.019 0.047 0.068 0.01 0.068 0.118
95 F 0.07 0.021 0.017 0.017 0.013 0.013 0.021 0.03 0.014 0.071 0.175 0.023 0.029 0.271 0.013 0.031 0.029 0.013 0.061 0.065
96 I 0.054 0.024 0.02 0.021 0.016 0.019 0.024 0.027 0.012 0.19 0.183 0.03 0.073 0.042 0.016 0.055 0.043 0.006 0.021 0.124
97 V 0.057 0.019 0.015 0.017 0.017 0.014 0.02 0.022 0.008 0.227 0.144 0.024 0.033 0.039 0.015 0.028 0.043 0.006 0.02 0.232
98 L 0.084 0.023 0.017 0.018 0.016 0.017 0.024 0.031 0.012 0.106 0.155 0.027 0.049 0.13 0.016 0.036 0.039 0.009 0.037 0.154
99 G 0.071 0.025 0.034 0.03 0.013 0.019 0.027 0.342 0.013 0.043 0.121 0.033 0.02 0.026 0.018 0.068 0.036 0.006 0.014 0.043
100 L 0.058 0.026 0.024 0.023 0.016 0.021 0.027 0.03 0.016 0.135 0.151 0.032 0.049 0.049 0.018 0.063 0.072 0.009 0.06 0.121
101 I 0.09 0.023 0.023 0.024 0.016 0.018 0.025 0.096 0.011 0.161 0.161 0.031 0.03 0.036 0.018 0.062 0.042 0.006 0.018 0.108
102 L 0.114 0.024 0.017 0.019 0.017 0.018 0.024 0.035 0.011 0.123 0.249 0.029 0.036 0.041 0.018 0.039 0.039 0.006 0.02 0.121
103 E 0.052 0.046 0.043 0.128 0.007 0.058 0.291 0.035 0.024 0.021 0.034 0.069 0.012 0.016 0.025 0.053 0.035 0.005 0.015 0.029
104 F 0.041 0.019 0.016 0.017 0.012 0.013 0.02 0.023 0.017 0.13 0.12 0.022 0.027 0.235 0.013 0.026 0.031 0.014 0.093 0.112
105 L 0.11 0.023 0.017 0.019 0.016 0.017 0.024 0.035 0.011 0.134 0.217 0.028 0.034 0.087 0.017 0.038 0.037 0.007 0.028 0.101
106 Y 0.082 0.029 0.025 0.023 0.011 0.023 0.032 0.036 0.038 0.04 0.062 0.035 0.018 0.1 0.018 0.064 0.036 0.022 0.26 0.047
107 A 0.125 0.036 0.113 0.046 0.014 0.028 0.043 0.058 0.065 0.033 0.05 0.045 0.016 0.069 0.023 0.107 0.05 0.007 0.03 0.043
108 G 0.068 0.053 0.039 0.035 0.01 0.031 0.041 0.345 0.016 0.021 0.033 0.134 0.011 0.015 0.021 0.05 0.032 0.005 0.013 0.027
109 G 0.101 0.023 0.033 0.03 0.012 0.019 0.026 0.407 0.013 0.033 0.077 0.033 0.015 0.021 0.019 0.05 0.032 0.005 0.013 0.038
110 I 0.048 0.018 0.014 0.017 0.016 0.013 0.018 0.02 0.008 0.279 0.158 0.023 0.035 0.042 0.014 0.025 0.04 0.006 0.02 0.186
111 P 0.055 0.025 0.023 0.03 0.01 0.02 0.035 0.035 0.012 0.025 0.035 0.04 0.01 0.012 0.511 0.042 0.035 0.003 0.012 0.03
112 L 0.041 0.021 0.014 0.015 0.014 0.014 0.019 0.021 0.011 0.122 0.296 0.023 0.041 0.14 0.013 0.024 0.031 0.009 0.037 0.093
113 F 0.038 0.02 0.015 0.016 0.013 0.013 0.019 0.022 0.013 0.109 0.224 0.021 0.035 0.229 0.012 0.024 0.029 0.011 0.053 0.083
114 L 0.047 0.042 0.023 0.023 0.013 0.052 0.038 0.028 0.019 0.078 0.215 0.07 0.072 0.051 0.017 0.035 0.035 0.009 0.061 0.071
115 V 0.062 0.02 0.016 0.017 0.018 0.015 0.021 0.023 0.008 0.193 0.135 0.025 0.032 0.037 0.016 0.03 0.045 0.005 0.02 0.263
116 F 0.108 0.023 0.018 0.02 0.015 0.017 0.025 0.037 0.014 0.096 0.149 0.028 0.047 0.176 0.016 0.04 0.035 0.01 0.044 0.081
117 K 0.098 0.057 0.038 0.044 0.013 0.064 0.09 0.048 0.019 0.039 0.087 0.117 0.02 0.022 0.025 0.101 0.049 0.005 0.018 0.046
118 G 0.076 0.022 0.038 0.033 0.01 0.018 0.025 0.527 0.013 0.018 0.027 0.033 0.009 0.016 0.018 0.05 0.029 0.005 0.01 0.023
119 S 0.064 0.04 0.038 0.086 0.012 0.032 0.081 0.04 0.02 0.078 0.067 0.075 0.019 0.036 0.022 0.092 0.047 0.008 0.057 0.084
120 D 0.113 0.031 0.043 0.181 0.012 0.029 0.09 0.048 0.017 0.035 0.051 0.044 0.015 0.066 0.023 0.06 0.066 0.006 0.023 0.044
121 Y 0.038 0.027 0.024 0.02 0.009 0.02 0.028 0.026 0.079 0.044 0.074 0.029 0.019 0.185 0.014 0.03 0.026 0.022 0.241 0.044
122 D 0.05 0.041 0.164 0.198 0.009 0.057 0.07 0.053 0.024 0.023 0.032 0.053 0.012 0.016 0.022 0.082 0.046 0.004 0.014 0.028
123 Y 0.039 0.029 0.025 0.02 0.009 0.023 0.03 0.026 0.087 0.04 0.063 0.032 0.018 0.114 0.015 0.031 0.027 0.025 0.305 0.042
124 F 0.054 0.085 0.034 0.031 0.011 0.055 0.046 0.037 0.023 0.04 0.065 0.084 0.019 0.129 0.02 0.07 0.067 0.011 0.075 0.045
125 D 0.081 0.044 0.049 0.193 0.009 0.09 0.143 0.045 0.022 0.025 0.038 0.062 0.014 0.016 0.024 0.056 0.038 0.005 0.015 0.033
126 F 0.033 0.018 0.016 0.016 0.01 0.01 0.018 0.025 0.016 0.061 0.11 0.018 0.025 0.408 0.01 0.025 0.025 0.016 0.086 0.053
127 G 0.076 0.022 0.038 0.033 0.01 0.018 0.025 0.527 0.013 0.018 0.027 0.033 0.009 0.016 0.018 0.05 0.029 0.005 0.01 0.023
128 I 0.046 0.017 0.014 0.017 0.016 0.013 0.017 0.02 0.009 0.296 0.162 0.023 0.036 0.043 0.014 0.024 0.038 0.006 0.02 0.171
129 P 0.12 0.026 0.023 0.03 0.013 0.021 0.036 0.045 0.013 0.029 0.041 0.041 0.012 0.015 0.39 0.052 0.038 0.003 0.014 0.039
130 T 0.079 0.032 0.038 0.034 0.017 0.025 0.037 0.043 0.013 0.073 0.073 0.041 0.021 0.025 0.024 0.114 0.168 0.005 0.018 0.118
131 F 0.035 0.02 0.016 0.016 0.012 0.012 0.019 0.024 0.015 0.074 0.182 0.02 0.03 0.319 0.011 0.024 0.026 0.014 0.07 0.063
132 H 0.041 0.044 0.052 0.037 0.007 0.037 0.052 0.037 0.377 0.022 0.037 0.044 0.015 0.029 0.018 0.041 0.026 0.007 0.055 0.022
133 V 0.098 0.022 0.017 0.019 0.019 0.017 0.025 0.03 0.009 0.144 0.117 0.027 0.029 0.033 0.018 0.038 0.048 0.005 0.02 0.265
134 F 0.039 0.019 0.015 0.016 0.013 0.012 0.018 0.022 0.013 0.155 0.166 0.021 0.032 0.226 0.012 0.024 0.031 0.011 0.053 0.102
135 L 0.041 0.021 0.014 0.016 0.014 0.014 0.019 0.021 0.011 0.145 0.266 0.023 0.039 0.139 0.013 0.024 0.032 0.009 0.037 0.102
136 L 0.055 0.031 0.022 0.023 0.015 0.046 0.034 0.029 0.013 0.096 0.274 0.036 0.038 0.042 0.017 0.056 0.041 0.006 0.021 0.104
137 P 0.078 0.032 0.039 0.038 0.014 0.026 0.042 0.048 0.015 0.033 0.044 0.046 0.014 0.018 0.209 0.131 0.111 0.004 0.015 0.044
138 Y 0.039 0.025 0.02 0.018 0.01 0.019 0.025 0.024 0.037 0.076 0.084 0.028 0.021 0.151 0.014 0.029 0.028 0.023 0.269 0.062
139 L 0.092 0.024 0.021 0.022 0.017 0.018 0.026 0.034 0.011 0.15 0.183 0.03 0.033 0.038 0.018 0.061 0.046 0.006 0.02 0.153
140 S 0.083 0.033 0.041 0.039 0.016 0.027 0.041 0.049 0.015 0.067 0.061 0.045 0.018 0.023 0.087 0.154 0.117 0.005 0.017 0.062
141 L 0.154 0.027 0.023 0.025 0.017 0.02 0.031 0.048 0.013 0.075 0.155 0.034 0.027 0.079 0.021 0.074 0.045 0.007 0.027 0.097
142 L 0.058 0.027 0.025 0.024 0.014 0.021 0.029 0.032 0.021 0.096 0.196 0.033 0.031 0.062 0.018 0.081 0.043 0.011 0.1 0.078
143 G 0.168 0.029 0.035 0.033 0.016 0.023 0.035 0.239 0.014 0.033 0.045 0.04 0.014 0.019 0.025 0.091 0.073 0.005 0.015 0.047
144 I 0.083 0.024 0.023 0.023 0.016 0.018 0.026 0.033 0.012 0.151 0.147 0.03 0.029 0.082 0.019 0.048 0.096 0.007 0.027 0.108
145 I 0.053 0.024 0.022 0.022 0.016 0.018 0.025 0.027 0.014 0.163 0.15 0.029 0.03 0.048 0.018 0.042 0.096 0.008 0.06 0.135
146 G 0.056 0.067 0.029 0.026 0.011 0.022 0.029 0.155 0.019 0.045 0.103 0.041 0.02 0.133 0.017 0.061 0.035 0.011 0.074 0.045
147 F 0.043 0.022 0.021 0.02 0.011 0.014 0.023 0.029 0.02 0.055 0.096 0.024 0.023 0.324 0.013 0.053 0.032 0.016 0.109 0.051
148 Y 0.052 0.035 0.032 0.041 0.01 0.034 0.105 0.033 0.074 0.041 0.093 0.045 0.02 0.064 0.019 0.063 0.036 0.014 0.144 0.044
149 R 0.044 0.247 0.08 0.087 0.008 0.067 0.061 0.038 0.024 0.023 0.041 0.096 0.014 0.016 0.02 0.048 0.036 0.005 0.016 0.029
150 Y 0.038 0.025 0.02 0.018 0.009 0.018 0.025 0.024 0.038 0.047 0.077 0.027 0.02 0.197 0.014 0.029 0.026 0.024 0.277 0.047
151 L 0.047 0.021 0.014 0.016 0.016 0.015 0.019 0.021 0.009 0.186 0.275 0.024 0.041 0.047 0.014 0.025 0.037 0.006 0.021 0.147
152 L 0.086 0.024 0.02 0.021 0.016 0.018 0.025 0.033 0.011 0.161 0.222 0.03 0.035 0.041 0.018 0.059 0.042 0.006 0.02 0.112
153 F 0.069 0.029 0.034 0.032 0.014 0.021 0.034 0.044 0.017 0.045 0.075 0.035 0.02 0.214 0.019 0.135 0.052 0.011 0.051 0.047
154 G 0.055 0.142 0.076 0.041 0.009 0.04 0.05 0.163 0.02 0.023 0.038 0.157 0.013 0.016 0.022 0.051 0.036 0.005 0.015 0.029
155 N 0.048 0.127 0.155 0.099 0.008 0.036 0.053 0.108 0.023 0.022 0.035 0.096 0.012 0.016 0.02 0.055 0.039 0.005 0.015 0.027
156 K 0.056 0.128 0.04 0.038 0.009 0.048 0.062 0.041 0.019 0.029 0.045 0.247 0.015 0.016 0.026 0.055 0.067 0.005 0.017 0.036
157 R 0.051 0.157 0.07 0.034 0.011 0.033 0.04 0.037 0.023 0.069 0.078 0.068 0.039 0.038 0.019 0.067 0.042 0.008 0.058 0.058
158 Y 0.04 0.031 0.106 0.083 0.01 0.024 0.039 0.036 0.034 0.043 0.094 0.037 0.019 0.076 0.017 0.041 0.034 0.016 0.178 0.044
159 L 0.043 0.023 0.014 0.015 0.016 0.015 0.019 0.02 0.01 0.135 0.367 0.024 0.046 0.052 0.014 0.024 0.033 0.007 0.021 0.103
160 F 0.052 0.032 0.023 0.023 0.013 0.02 0.029 0.03 0.014 0.101 0.137 0.06 0.027 0.174 0.016 0.056 0.039 0.01 0.044 0.099
161 L 0.045 0.024 0.024 0.07 0.012 0.019 0.033 0.028 0.016 0.093 0.189 0.031 0.028 0.046 0.139 0.032 0.033 0.008 0.058 0.072
162 L 0.085 0.026 0.024 0.023 0.016 0.019 0.027 0.034 0.016 0.102 0.131 0.031 0.026 0.091 0.019 0.049 0.095 0.01 0.067 0.107
163 L 0.048 0.022 0.016 0.016 0.015 0.015 0.021 0.022 0.014 0.131 0.223 0.024 0.035 0.101 0.014 0.027 0.035 0.01 0.069 0.142
164 L 0.042 0.019 0.015 0.016 0.014 0.013 0.018 0.021 0.011 0.191 0.208 0.022 0.036 0.136 0.013 0.024 0.033 0.009 0.037 0.122
165 G 0.077 0.028 0.035 0.034 0.014 0.023 0.034 0.165 0.014 0.069 0.096 0.039 0.02 0.025 0.083 0.116 0.05 0.005 0.016 0.058
166 L 0.048 0.021 0.016 0.017 0.015 0.015 0.02 0.022 0.014 0.154 0.193 0.024 0.034 0.099 0.014 0.027 0.036 0.01 0.069 0.152
167 L 0.076 0.023 0.015 0.017 0.016 0.016 0.022 0.028 0.011 0.12 0.289 0.026 0.04 0.092 0.015 0.031 0.034 0.008 0.029 0.094
168 F 0.035 0.02 0.017 0.016 0.011 0.012 0.02 0.024 0.019 0.065 0.141 0.021 0.027 0.328 0.011 0.025 0.026 0.016 0.11 0.057
169 S 0.09 0.034 0.043 0.04 0.077 0.027 0.043 0.054 0.016 0.033 0.045 0.046 0.015 0.019 0.087 0.175 0.092 0.005 0.016 0.044
170 I 0.053 0.019 0.015 0.017 0.017 0.014 0.019 0.021 0.008 0.221 0.178 0.024 0.035 0.041 0.015 0.027 0.041 0.006 0.02 0.207
171 L 0.054 0.024 0.019 0.019 0.016 0.017 0.023 0.026 0.01 0.13 0.289 0.028 0.04 0.045 0.016 0.052 0.041 0.006 0.021 0.121
172 I 0.054 0.02 0.018 0.02 0.017 0.015 0.021 0.024 0.009 0.231 0.141 0.026 0.032 0.038 0.016 0.034 0.07 0.006 0.02 0.189
173 V 0.056 0.021 0.016 0.017 0.016 0.015 0.021 0.023 0.013 0.172 0.127 0.025 0.03 0.071 0.015 0.029 0.041 0.009 0.064 0.217
174 N 0.053 0.042 0.267 0.071 0.011 0.032 0.047 0.06 0.027 0.026 0.036 0.051 0.012 0.018 0.022 0.092 0.08 0.005 0.016 0.033
175 R 0.043 0.367 0.037 0.03 0.008 0.047 0.051 0.032 0.023 0.023 0.045 0.116 0.015 0.017 0.019 0.043 0.034 0.006 0.017 0.03
176 G 0.169 0.027 0.035 0.033 0.015 0.022 0.033 0.3 0.014 0.028 0.04 0.039 0.013 0.018 0.023 0.086 0.042 0.005 0.014 0.042
177 A 0.167 0.032 0.036 0.034 0.018 0.026 0.038 0.118 0.014 0.041 0.054 0.043 0.017 0.021 0.027 0.101 0.134 0.005 0.016 0.059
178 L 0.088 0.027 0.021 0.021 0.017 0.021 0.027 0.033 0.012 0.104 0.193 0.032 0.071 0.039 0.018 0.044 0.07 0.006 0.02 0.136
179 L 0.044 0.023 0.016 0.017 0.015 0.017 0.021 0.023 0.012 0.148 0.251 0.026 0.077 0.093 0.014 0.027 0.034 0.008 0.03 0.106
180 F 0.044 0.026 0.018 0.018 0.014 0.021 0.024 0.026 0.016 0.084 0.16 0.029 0.127 0.182 0.014 0.031 0.033 0.011 0.047 0.076
181 I 0.057 0.029 0.026 0.027 0.015 0.046 0.035 0.031 0.013 0.175 0.149 0.037 0.031 0.035 0.019 0.064 0.072 0.006 0.019 0.115
182 L 0.045 0.022 0.014 0.016 0.015 0.015 0.019 0.021 0.01 0.134 0.298 0.024 0.041 0.094 0.014 0.025 0.034 0.008 0.029 0.123
183 L 0.042 0.021 0.015 0.017 0.014 0.015 0.019 0.022 0.012 0.166 0.211 0.024 0.055 0.137 0.013 0.025 0.033 0.009 0.037 0.112
184 S 0.116 0.032 0.04 0.039 0.015 0.026 0.042 0.116 0.016 0.028 0.04 0.046 0.013 0.018 0.148 0.15 0.058 0.004 0.015 0.039
185 C 0.098 0.024 0.026 0.025 0.197 0.018 0.028 0.043 0.013 0.044 0.068 0.03 0.018 0.117 0.019 0.093 0.045 0.007 0.032 0.052
186 L 0.049 0.021 0.02 0.02 0.013 0.015 0.02 0.148 0.012 0.099 0.203 0.025 0.031 0.131 0.014 0.03 0.03 0.009 0.035 0.075
187 F 0.046 0.019 0.015 0.017 0.014 0.013 0.019 0.023 0.011 0.151 0.163 0.022 0.032 0.179 0.013 0.026 0.035 0.01 0.045 0.148
188 L 0.079 0.022 0.016 0.018 0.016 0.017 0.022 0.028 0.01 0.193 0.211 0.027 0.055 0.043 0.016 0.033 0.038 0.006 0.02 0.128
189 Y 0.038 0.029 0.024 0.02 0.009 0.022 0.029 0.026 0.083 0.038 0.061 0.031 0.017 0.106 0.015 0.03 0.026 0.085 0.271 0.04
190 L 0.052 0.024 0.019 0.019 0.076 0.017 0.023 0.028 0.011 0.086 0.275 0.027 0.037 0.089 0.015 0.053 0.038 0.007 0.028 0.077
191 S 0.074 0.037 0.037 0.034 0.015 0.052 0.045 0.043 0.02 0.059 0.102 0.046 0.023 0.039 0.023 0.121 0.082 0.008 0.059 0.082
192 L 0.05 0.037 0.029 0.026 0.012 0.025 0.035 0.032 0.068 0.079 0.115 0.066 0.024 0.103 0.018 0.059 0.037 0.013 0.112 0.063
193 N 0.045 0.099 0.191 0.059 0.008 0.04 0.054 0.051 0.07 0.023 0.036 0.122 0.013 0.018 0.021 0.057 0.041 0.005 0.021 0.027
194 N 0.043 0.045 0.317 0.083 0.009 0.034 0.049 0.065 0.032 0.022 0.032 0.054 0.011 0.018 0.02 0.07 0.049 0.004 0.016 0.027
195 N 0.043 0.045 0.317 0.083 0.009 0.034 0.049 0.065 0.032 0.022 0.032 0.054 0.011 0.018 0.02 0.07 0.049 0.004 0.016 0.027
196 L 0.08 0.031 0.063 0.031 0.013 0.046 0.036 0.099 0.017 0.057 0.147 0.038 0.025 0.124 0.017 0.044 0.035 0.008 0.035 0.055
197 K 0.065 0.051 0.075 0.041 0.013 0.033 0.046 0.046 0.019 0.043 0.07 0.107 0.038 0.071 0.023 0.102 0.077 0.007 0.026 0.048
198 P 0.052 0.022 0.019 0.024 0.013 0.017 0.027 0.028 0.011 0.151 0.101 0.032 0.023 0.028 0.256 0.034 0.038 0.004 0.017 0.103
199 R 0.077 0.195 0.046 0.04 0.013 0.04 0.052 0.049 0.021 0.026 0.044 0.087 0.015 0.019 0.024 0.135 0.058 0.005 0.017 0.036
200 L 0.048 0.021 0.016 0.018 0.014 0.016 0.022 0.023 0.014 0.167 0.188 0.027 0.033 0.051 0.076 0.028 0.036 0.008 0.06 0.133
201 K 0.058 0.161 0.041 0.038 0.009 0.048 0.062 0.042 0.02 0.026 0.042 0.225 0.015 0.016 0.025 0.074 0.042 0.005 0.017 0.032
202 K 0.1 0.068 0.039 0.039 0.012 0.039 0.056 0.051 0.018 0.029 0.043 0.175 0.015 0.017 0.088 0.103 0.049 0.005 0.016 0.038
203 V 0.052 0.033 0.019 0.02 0.015 0.022 0.028 0.026 0.013 0.149 0.139 0.061 0.069 0.084 0.016 0.032 0.039 0.007 0.029 0.149
204 I 0.053 0.021 0.02 0.021 0.015 0.015 0.022 0.027 0.012 0.187 0.129 0.026 0.03 0.13 0.015 0.053 0.041 0.008 0.036 0.14
205 A 0.113 0.038 0.03 0.03 0.015 0.026 0.038 0.045 0.018 0.084 0.112 0.07 0.023 0.041 0.022 0.095 0.049 0.008 0.059 0.083
206 I 0.062 0.024 0.026 0.025 0.016 0.018 0.026 0.092 0.011 0.157 0.142 0.031 0.029 0.034 0.018 0.064 0.072 0.006 0.018 0.129
207 L 0.055 0.023 0.019 0.02 0.016 0.017 0.023 0.026 0.01 0.176 0.23 0.027 0.037 0.043 0.016 0.053 0.042 0.006 0.02 0.141
208 I 0.057 0.022 0.02 0.02 0.016 0.016 0.023 0.027 0.011 0.176 0.161 0.027 0.032 0.085 0.016 0.054 0.043 0.007 0.028 0.161
209 L 0.086 0.023 0.022 0.022 0.076 0.017 0.024 0.095 0.012 0.092 0.16 0.029 0.027 0.079 0.018 0.045 0.064 0.007 0.026 0.078
210 L 0.089 0.024 0.024 0.023 0.015 0.018 0.027 0.098 0.013 0.074 0.158 0.03 0.027 0.127 0.017 0.063 0.04 0.008 0.035 0.09
211 L 0.044 0.021 0.015 0.016 0.015 0.014 0.019 0.022 0.011 0.128 0.262 0.023 0.038 0.138 0.013 0.025 0.033 0.009 0.037 0.118
212 I 0.055 0.018 0.018 0.019 0.136 0.013 0.019 0.087 0.01 0.151 0.109 0.023 0.025 0.078 0.015 0.032 0.036 0.006 0.025 0.124
213 V 0.089 0.023 0.02 0.021 0.017 0.017 0.025 0.032 0.011 0.13 0.146 0.029 0.029 0.081 0.018 0.042 0.07 0.007 0.028 0.167
214 L 0.045 0.021 0.014 0.016 0.015 0.014 0.019 0.021 0.01 0.157 0.268 0.023 0.04 0.092 0.014 0.025 0.035 0.008 0.029 0.132
215 F 0.041 0.022 0.018 0.017 0.011 0.015 0.022 0.024 0.025 0.096 0.102 0.024 0.024 0.21 0.013 0.027 0.03 0.018 0.165 0.095
216 L 0.098 0.031 0.03 0.029 0.017 0.025 0.034 0.043 0.014 0.094 0.143 0.039 0.066 0.034 0.021 0.098 0.078 0.006 0.019 0.082
217 F 0.033 0.018 0.016 0.016 0.01 0.01 0.018 0.025 0.016 0.061 0.11 0.018 0.025 0.408 0.01 0.025 0.025 0.016 0.086 0.053
218 G 0.076 0.022 0.038 0.033 0.01 0.018 0.025 0.527 0.013 0.018 0.027 0.033 0.009 0.016 0.018 0.05 0.029 0.005 0.01 0.023
219 V 0.053 0.023 0.017 0.017 0.015 0.016 0.023 0.024 0.019 0.112 0.143 0.025 0.029 0.106 0.015 0.029 0.038 0.012 0.109 0.176
220 L 0.081 0.021 0.016 0.018 0.017 0.015 0.021 0.028 0.009 0.201 0.203 0.026 0.036 0.041 0.016 0.032 0.039 0.006 0.02 0.154
221 G 0.076 0.022 0.038 0.033 0.01 0.018 0.025 0.527 0.013 0.018 0.027 0.033 0.009 0.016 0.018 0.05 0.029 0.005 0.01 0.023
222 D 0.039 0.031 0.129 0.283 0.008 0.027 0.069 0.047 0.021 0.027 0.038 0.042 0.011 0.064 0.02 0.051 0.036 0.005 0.021 0.028
223 L 0.085 0.039 0.066 0.033 0.013 0.026 0.037 0.042 0.024 0.076 0.108 0.07 0.022 0.053 0.02 0.069 0.042 0.011 0.099 0.065
224 R 0.043 0.367 0.037 0.03 0.008 0.047 0.051 0.032 0.023 0.023 0.045 0.116 0.015 0.017 0.019 0.043 0.034 0.006 0.017 0.03
225 L 0.064 0.033 0.028 0.026 0.016 0.028 0.033 0.036 0.016 0.08 0.153 0.039 0.146 0.04 0.019 0.088 0.049 0.007 0.022 0.077
226 K 0.054 0.052 0.026 0.027 0.012 0.029 0.04 0.032 0.014 0.097 0.086 0.13 0.022 0.072 0.081 0.039 0.039 0.006 0.026 0.117
227 S 0.122 0.044 0.045 0.042 0.016 0.032 0.048 0.121 0.018 0.029 0.041 0.08 0.015 0.019 0.027 0.177 0.064 0.005 0.016 0.041
228 S 0.086 0.034 0.04 0.037 0.017 0.027 0.041 0.05 0.016 0.057 0.157 0.044 0.026 0.031 0.024 0.166 0.064 0.006 0.019 0.059
229 G 0.077 0.022 0.038 0.033 0.011 0.018 0.025 0.521 0.013 0.018 0.028 0.033 0.009 0.016 0.018 0.05 0.029 0.005 0.011 0.024
230 Y 0.04 0.027 0.021 0.018 0.009 0.021 0.027 0.024 0.046 0.043 0.067 0.031 0.018 0.128 0.015 0.031 0.027 0.027 0.333 0.046
231 D 0.064 0.047 0.05 0.147 0.011 0.06 0.066 0.115 0.019 0.028 0.039 0.086 0.014 0.017 0.024 0.084 0.075 0.005 0.015 0.035
232 D 0.051 0.032 0.095 0.203 0.008 0.028 0.06 0.183 0.069 0.021 0.029 0.042 0.01 0.018 0.02 0.052 0.034 0.005 0.018 0.024
233 E 0.048 0.042 0.089 0.18 0.007 0.049 0.212 0.042 0.024 0.022 0.033 0.062 0.011 0.016 0.023 0.055 0.037 0.005 0.015 0.028
234 S 0.11 0.04 0.054 0.049 0.018 0.033 0.053 0.066 0.019 0.03 0.042 0.054 0.016 0.021 0.03 0.218 0.082 0.005 0.018 0.042
235 D 0.083 0.045 0.091 0.211 0.01 0.037 0.105 0.05 0.021 0.025 0.036 0.085 0.012 0.016 0.024 0.059 0.039 0.004 0.014 0.032
236 G 0.122 0.025 0.026 0.027 0.013 0.02 0.03 0.165 0.017 0.063 0.058 0.035 0.016 0.033 0.143 0.05 0.036 0.007 0.055 0.057
237 I 0.045 0.019 0.014 0.016 0.016 0.014 0.018 0.02 0.009 0.25 0.221 0.023 0.039 0.045 0.014 0.024 0.037 0.006 0.02 0.151
238 L 0.041 0.024 0.018 0.025 0.013 0.019 0.056 0.024 0.014 0.104 0.215 0.028 0.033 0.18 0.014 0.028 0.031 0.01 0.045 0.08
239 R 0.051 0.126 0.033 0.043 0.011 0.041 0.111 0.032 0.018 0.072 0.103 0.096 0.022 0.025 0.021 0.048 0.065 0.006 0.018 0.061
240 L 0.053 0.021 0.015 0.016 0.017 0.015 0.02 0.022 0.009 0.175 0.236 0.024 0.038 0.043 0.015 0.027 0.04 0.006 0.021 0.188
241 G 0.135 0.026 0.035 0.032 0.014 0.021 0.03 0.353 0.013 0.028 0.039 0.037 0.012 0.018 0.022 0.063 0.064 0.005 0.013 0.04
242 Q 0.054 0.076 0.042 0.049 0.008 0.171 0.119 0.04 0.026 0.025 0.043 0.14 0.018 0.015 0.024 0.053 0.039 0.005 0.019 0.033
243 A 0.215 0.026 0.022 0.026 0.018 0.021 0.033 0.057 0.013 0.103 0.081 0.038 0.021 0.025 0.085 0.063 0.044 0.005 0.017 0.088
244 N 0.059 0.046 0.162 0.151 0.01 0.034 0.061 0.056 0.023 0.024 0.034 0.081 0.012 0.017 0.023 0.106 0.051 0.004 0.015 0.03
245 S 0.075 0.045 0.09 0.143 0.012 0.034 0.062 0.056 0.02 0.026 0.036 0.081 0.013 0.018 0.026 0.151 0.059 0.005 0.015 0.033
246 N 0.081 0.036 0.15 0.052 0.013 0.028 0.043 0.054 0.02 0.044 0.049 0.046 0.015 0.02 0.084 0.107 0.068 0.005 0.016 0.069
247 F 0.042 0.02 0.017 0.017 0.012 0.013 0.02 0.024 0.018 0.083 0.109 0.022 0.025 0.279 0.012 0.027 0.031 0.015 0.101 0.112
248 L 0.05 0.082 0.028 0.033 0.012 0.033 0.071 0.03 0.02 0.061 0.154 0.081 0.046 0.044 0.019 0.044 0.064 0.009 0.059 0.06
249 K 0.049 0.068 0.119 0.104 0.008 0.069 0.101 0.046 0.024 0.024 0.037 0.152 0.013 0.016 0.024 0.056 0.04 0.005 0.016 0.029
250 S 0.102 0.038 0.051 0.046 0.017 0.031 0.049 0.061 0.018 0.032 0.043 0.051 0.016 0.021 0.028 0.227 0.103 0.005 0.017 0.044
251 L 0.044 0.028 0.121 0.038 0.013 0.021 0.028 0.035 0.016 0.141 0.195 0.033 0.032 0.038 0.016 0.039 0.04 0.006 0.019 0.098
252 L 0.084 0.022 0.016 0.018 0.017 0.016 0.022 0.028 0.01 0.161 0.228 0.027 0.037 0.042 0.016 0.033 0.04 0.006 0.02 0.159
253 P 0.055 0.025 0.023 0.03 0.01 0.02 0.035 0.035 0.012 0.025 0.035 0.04 0.01 0.012 0.511 0.042 0.035 0.003 0.012 0.03
254 S 0.094 0.044 0.081 0.045 0.014 0.031 0.046 0.116 0.018 0.031 0.043 0.079 0.015 0.019 0.026 0.135 0.098 0.005 0.016 0.042
255 G 0.059 0.044 0.038 0.056 0.009 0.091 0.156 0.159 0.021 0.022 0.036 0.063 0.013 0.015 0.083 0.051 0.035 0.005 0.015 0.029
256 F 0.038 0.021 0.02 0.019 0.011 0.014 0.022 0.027 0.02 0.058 0.099 0.023 0.023 0.324 0.013 0.033 0.056 0.016 0.109 0.054
257 F 0.048 0.024 0.024 0.022 0.013 0.016 0.025 0.031 0.015 0.062 0.131 0.027 0.026 0.267 0.015 0.06 0.063 0.012 0.061 0.058
258 W 0.029 0.022 0.015 0.015 0.007 0.015 0.022 0.029 0.015 0.029 0.051 0.022 0.015 0.059 0.007 0.022 0.022 0.51 0.066 0.029
259 F 0.096 0.029 0.033 0.031 0.015 0.022 0.034 0.045 0.016 0.048 0.074 0.036 0.02 0.166 0.021 0.103 0.103 0.009 0.043 0.056
260 Y 0.039 0.027 0.021 0.018 0.009 0.021 0.027 0.024 0.045 0.042 0.066 0.03 0.018 0.126 0.015 0.03 0.027 0.027 0.341 0.045
261 L 0.047 0.022 0.014 0.016 0.016 0.015 0.019 0.021 0.009 0.163 0.304 0.024 0.043 0.048 0.014 0.025 0.036 0.006 0.021 0.137
262 Y 0.039 0.027 0.021 0.018 0.009 0.021 0.027 0.024 0.045 0.042 0.066 0.03 0.018 0.126 0.015 0.03 0.027 0.027 0.341 0.045
263 L 0.149 0.025 0.019 0.021 0.018 0.02 0.028 0.042 0.012 0.136 0.151 0.032 0.049 0.035 0.02 0.048 0.043 0.006 0.019 0.127
264 S 0.092 0.035 0.045 0.041 0.017 0.029 0.044 0.054 0.016 0.051 0.057 0.047 0.018 0.023 0.027 0.18 0.123 0.005 0.017 0.079
265 S 0.102 0.038 0.051 0.046 0.017 0.031 0.049 0.061 0.018 0.032 0.043 0.051 0.016 0.021 0.028 0.227 0.103 0.005 0.017 0.044
266 P 0.055 0.025 0.023 0.03 0.01 0.02 0.035 0.035 0.012 0.025 0.035 0.04 0.01 0.012 0.511 0.042 0.035 0.003 0.012 0.03
267 L 0.041 0.023 0.017 0.017 0.012 0.016 0.022 0.022 0.024 0.125 0.178 0.025 0.031 0.122 0.014 0.026 0.031 0.015 0.149 0.089
268 A 0.288 0.031 0.028 0.031 0.02 0.026 0.041 0.074 0.015 0.04 0.055 0.044 0.017 0.021 0.029 0.103 0.052 0.005 0.017 0.063
269 N 0.041 0.043 0.34 0.08 0.009 0.033 0.048 0.063 0.03 0.022 0.03 0.052 0.011 0.017 0.02 0.067 0.048 0.004 0.015 0.026
270 L 0.042 0.023 0.014 0.015 0.015 0.015 0.019 0.021 0.011 0.105 0.361 0.024 0.045 0.097 0.013 0.024 0.031 0.008 0.03 0.088
271 Q 0.051 0.055 0.035 0.046 0.01 0.151 0.121 0.034 0.023 0.046 0.131 0.069 0.026 0.024 0.021 0.046 0.037 0.006 0.02 0.048
272 N 0.044 0.034 0.18 0.049 0.01 0.026 0.037 0.044 0.033 0.047 0.056 0.04 0.016 0.06 0.017 0.049 0.04 0.013 0.138 0.067
273 Q 0.095 0.058 0.041 0.047 0.012 0.115 0.102 0.047 0.022 0.031 0.047 0.097 0.017 0.017 0.025 0.086 0.074 0.005 0.018 0.042
274 V 0.059 0.035 0.031 0.088 0.013 0.057 0.115 0.031 0.016 0.091 0.081 0.047 0.022 0.025 0.02 0.042 0.042 0.005 0.018 0.162
275 N 0.043 0.081 0.191 0.109 0.008 0.036 0.085 0.048 0.029 0.024 0.037 0.059 0.012 0.03 0.02 0.056 0.04 0.007 0.056 0.029
276 N 0.09 0.048 0.152 0.06 0.012 0.037 0.082 0.056 0.023 0.029 0.041 0.084 0.014 0.018 0.024 0.091 0.077 0.005 0.016 0.039
277 G 0.082 0.07 0.065 0.032 0.011 0.025 0.034 0.1 0.024 0.064 0.061 0.046 0.017 0.047 0.08 0.046 0.036 0.01 0.097 0.055
278 E 0.058 0.104 0.038 0.052 0.01 0.045 0.137 0.039 0.021 0.031 0.052 0.105 0.016 0.081 0.023 0.078 0.041 0.007 0.028 0.036
279 R 0.044 0.115 0.027 0.026 0.01 0.052 0.041 0.029 0.025 0.067 0.072 0.058 0.02 0.095 0.078 0.036 0.032 0.012 0.107 0.055
280 N 0.055 0.031 0.112 0.09 0.011 0.025 0.042 0.105 0.022 0.059 0.052 0.041 0.015 0.033 0.081 0.072 0.042 0.007 0.055 0.048
281 N 0.045 0.095 0.191 0.059 0.008 0.063 0.058 0.05 0.071 0.023 0.036 0.095 0.013 0.018 0.021 0.057 0.041 0.005 0.021 0.028
282 Q 0.056 0.074 0.044 0.047 0.009 0.215 0.103 0.041 0.029 0.026 0.047 0.091 0.021 0.015 0.024 0.056 0.041 0.006 0.021 0.035
283 G 0.061 0.026 0.069 0.033 0.011 0.02 0.028 0.28 0.023 0.042 0.05 0.033 0.014 0.046 0.017 0.045 0.033 0.011 0.095 0.063
284 N 0.063 0.038 0.159 0.109 0.011 0.034 0.085 0.115 0.023 0.023 0.033 0.051 0.012 0.017 0.023 0.106 0.05 0.005 0.015 0.03
285 I 0.079 0.022 0.017 0.018 0.015 0.016 0.023 0.029 0.015 0.159 0.148 0.027 0.029 0.053 0.015 0.033 0.037 0.071 0.066 0.13
286 E 0.061 0.043 0.033 0.043 0.012 0.036 0.108 0.035 0.021 0.058 0.101 0.078 0.021 0.038 0.022 0.072 0.071 0.008 0.058 0.079
287 D 0.048 0.043 0.082 0.182 0.01 0.055 0.065 0.04 0.019 0.074 0.061 0.078 0.017 0.021 0.02 0.048 0.039 0.005 0.016 0.078
288 F 0.069 0.021 0.018 0.018 0.011 0.013 0.022 0.031 0.02 0.056 0.098 0.023 0.023 0.324 0.013 0.032 0.028 0.016 0.109 0.054
289 L 0.079 0.024 0.019 0.02 0.016 0.017 0.024 0.031 0.011 0.112 0.247 0.028 0.036 0.088 0.017 0.039 0.064 0.008 0.028 0.091
290 N 0.083 0.043 0.144 0.047 0.012 0.029 0.04 0.11 0.02 0.045 0.101 0.074 0.039 0.025 0.02 0.055 0.041 0.005 0.017 0.048
291 Y 0.09 0.03 0.066 0.033 0.014 0.023 0.034 0.042 0.023 0.085 0.076 0.037 0.021 0.051 0.02 0.075 0.073 0.011 0.098 0.095
292 E 0.114 0.042 0.112 0.065 0.011 0.042 0.148 0.052 0.068 0.027 0.04 0.057 0.013 0.019 0.024 0.062 0.041 0.005 0.021 0.037
293 I 0.045 0.019 0.014 0.016 0.016 0.014 0.018 0.02 0.009 0.25 0.221 0.023 0.039 0.045 0.014 0.024 0.037 0.006 0.02 0.151
294 L 0.05 0.021 0.014 0.016 0.016 0.015 0.02 0.021 0.009 0.169 0.27 0.024 0.04 0.046 0.014 0.026 0.038 0.006 0.021 0.163
295 P 0.053 0.023 0.02 0.027 0.011 0.018 0.031 0.031 0.011 0.093 0.067 0.036 0.016 0.02 0.387 0.038 0.036 0.003 0.014 0.065
296 D 0.04 0.029 0.067 0.418 0.007 0.029 0.088 0.045 0.018 0.022 0.027 0.043 0.009 0.014 0.022 0.05 0.034 0.004 0.011 0.023
297 F 0.103 0.021 0.018 0.019 0.013 0.014 0.024 0.037 0.016 0.056 0.097 0.025 0.023 0.311 0.015 0.039 0.03 0.014 0.069 0.056
298 I 0.051 0.019 0.015 0.017 0.016 0.014 0.019 0.021 0.009 0.238 0.182 0.024 0.036 0.042 0.015 0.026 0.04 0.006 0.02 0.192
299 S 0.091 0.04 0.048 0.044 0.015 0.056 0.052 0.116 0.018 0.03 0.042 0.053 0.015 0.019 0.026 0.178 0.092 0.005 0.017 0.041
300 K 0.055 0.103 0.04 0.04 0.008 0.052 0.068 0.042 0.02 0.027 0.042 0.303 0.015 0.015 0.027 0.052 0.038 0.005 0.017 0.032
301 R 0.043 0.367 0.037 0.03 0.008 0.047 0.051 0.032 0.023 0.023 0.045 0.116 0.015 0.017 0.019 0.043 0.034 0.006 0.017 0.03
302 I 0.051 0.02 0.018 0.02 0.016 0.015 0.02 0.023 0.009 0.248 0.145 0.026 0.033 0.039 0.016 0.033 0.069 0.006 0.02 0.173
303 D 0.045 0.067 0.04 0.17 0.01 0.024 0.049 0.095 0.016 0.072 0.103 0.043 0.02 0.072 0.018 0.04 0.033 0.006 0.023 0.055
304 D 0.043 0.031 0.086 0.236 0.008 0.03 0.097 0.042 0.02 0.027 0.04 0.045 0.012 0.064 0.081 0.049 0.035 0.005 0.022 0.029
305 D 0.066 0.033 0.083 0.189 0.011 0.031 0.092 0.045 0.018 0.036 0.042 0.047 0.013 0.017 0.084 0.058 0.068 0.004 0.014 0.051
306 V 0.089 0.03 0.109 0.037 0.015 0.023 0.032 0.043 0.017 0.114 0.104 0.037 0.046 0.031 0.019 0.049 0.045 0.005 0.019 0.137
307 I 0.047 0.018 0.015 0.018 0.016 0.013 0.018 0.021 0.009 0.269 0.168 0.024 0.037 0.044 0.015 0.025 0.04 0.006 0.021 0.177
308 D 0.041 0.03 0.069 0.396 0.008 0.03 0.092 0.047 0.019 0.022 0.028 0.045 0.009 0.015 0.022 0.052 0.035 0.004 0.011 0.024
309 P 0.057 0.026 0.023 0.031 0.01 0.021 0.036 0.036 0.013 0.026 0.036 0.041 0.01 0.013 0.492 0.044 0.036 0.003 0.013 0.031
310 D 0.044 0.11 0.056 0.26 0.008 0.038 0.078 0.042 0.02 0.023 0.034 0.108 0.012 0.015 0.022 0.05 0.035 0.004 0.013 0.027
311 E 0.06 0.059 0.033 0.049 0.012 0.044 0.132 0.034 0.018 0.071 0.069 0.129 0.02 0.022 0.023 0.047 0.042 0.005 0.018 0.113
312 G 0.07 0.026 0.029 0.029 0.015 0.021 0.031 0.133 0.013 0.069 0.124 0.035 0.023 0.028 0.116 0.077 0.045 0.005 0.016 0.095
313 R 0.048 0.141 0.075 0.046 0.008 0.069 0.092 0.038 0.027 0.026 0.044 0.135 0.015 0.03 0.022 0.049 0.037 0.008 0.057 0.032
314 F 0.063 0.078 0.037 0.04 0.011 0.057 0.079 0.101 0.02 0.033 0.057 0.056 0.017 0.115 0.02 0.093 0.043 0.008 0.034 0.038
315 D 0.047 0.042 0.049 0.227 0.008 0.056 0.074 0.041 0.018 0.024 0.033 0.08 0.011 0.014 0.145 0.049 0.036 0.004 0.013 0.027
316 V 0.066 0.039 0.07 0.036 0.015 0.027 0.038 0.04 0.015 0.099 0.082 0.071 0.022 0.026 0.022 0.079 0.105 0.005 0.018 0.124
317 L 0.08 0.047 0.064 0.032 0.013 0.03 0.039 0.039 0.02 0.083 0.123 0.102 0.044 0.042 0.02 0.046 0.039 0.008 0.059 0.069
318 L 0.043 0.066 0.017 0.017 0.015 0.02 0.023 0.022 0.011 0.1 0.353 0.036 0.044 0.048 0.014 0.026 0.032 0.007 0.021 0.085
319 L 0.047 0.02 0.014 0.016 0.016 0.014 0.019 0.021 0.009 0.21 0.246 0.024 0.04 0.045 0.014 0.025 0.037 0.006 0.021 0.157
320 D 0.122 0.036 0.044 0.131 0.015 0.054 0.059 0.051 0.017 0.038 0.05 0.049 0.016 0.019 0.025 0.073 0.128 0.005 0.016 0.052
