#Seq2Logo.py -f /work3/idamei/wzy_ssn/run/1e-50/run/150/MSAs/0009_108.afa -o /work3/idamei/wzy_ssn/run/1e-50/run/150/logos/0009_108.logo
#Position Specific Frequency Matrix
A R N D C Q E G H I L K M F P S T W Y V
0 L 0.051 0.032 0.02 0.02 0.016 0.028 0.028 0.028 0.016 0.099 0.194 0.036 0.173 0.047 0.016 0.036 0.04 0.008 0.024 0.091
1 T 0.057 0.034 0.109 0.047 0.014 0.027 0.05 0.042 0.018 0.102 0.081 0.043 0.021 0.027 0.022 0.066 0.132 0.005 0.018 0.084
2 G 0.079 0.023 0.039 0.034 0.011 0.019 0.026 0.508 0.014 0.019 0.028 0.034 0.009 0.016 0.019 0.052 0.03 0.005 0.011 0.024
3 I 0.047 0.018 0.015 0.018 0.016 0.013 0.018 0.021 0.009 0.268 0.169 0.024 0.037 0.044 0.015 0.025 0.04 0.006 0.021 0.177
4 I 0.047 0.018 0.015 0.018 0.016 0.013 0.018 0.021 0.009 0.268 0.169 0.024 0.037 0.044 0.015 0.025 0.04 0.006 0.021 0.177
5 V 0.069 0.022 0.016 0.018 0.019 0.016 0.023 0.025 0.008 0.163 0.129 0.026 0.031 0.035 0.016 0.033 0.049 0.005 0.02 0.275
6 S 0.088 0.033 0.038 0.036 0.017 0.026 0.04 0.049 0.015 0.073 0.127 0.042 0.025 0.03 0.024 0.147 0.065 0.006 0.019 0.099
7 I 0.065 0.023 0.024 0.025 0.017 0.018 0.027 0.032 0.011 0.204 0.13 0.031 0.03 0.037 0.018 0.077 0.051 0.006 0.02 0.154
8 Y 0.04 0.028 0.021 0.018 0.009 0.021 0.028 0.025 0.046 0.043 0.067 0.031 0.018 0.129 0.015 0.031 0.028 0.028 0.328 0.046
9 F 0.048 0.024 0.023 0.021 0.011 0.017 0.024 0.147 0.025 0.052 0.116 0.027 0.022 0.156 0.015 0.033 0.028 0.016 0.143 0.05
10 L 0.045 0.021 0.014 0.016 0.016 0.015 0.019 0.021 0.009 0.198 0.275 0.024 0.043 0.049 0.014 0.024 0.036 0.006 0.021 0.134
11 F 0.036 0.021 0.018 0.017 0.011 0.014 0.021 0.024 0.023 0.063 0.128 0.022 0.026 0.295 0.012 0.026 0.026 0.018 0.141 0.056
12 I 0.067 0.025 0.025 0.025 0.017 0.019 0.028 0.033 0.011 0.164 0.158 0.032 0.032 0.037 0.019 0.078 0.051 0.006 0.02 0.155
13 L 0.096 0.024 0.02 0.022 0.018 0.018 0.026 0.035 0.011 0.149 0.183 0.03 0.033 0.038 0.018 0.056 0.046 0.006 0.02 0.151
14 L 0.105 0.024 0.017 0.019 0.016 0.017 0.025 0.036 0.013 0.083 0.235 0.028 0.035 0.131 0.017 0.039 0.035 0.009 0.037 0.078
15 L 0.059 0.028 0.023 0.022 0.017 0.022 0.027 0.029 0.012 0.107 0.193 0.033 0.068 0.04 0.018 0.046 0.095 0.007 0.021 0.134
16 L 0.122 0.028 0.027 0.027 0.016 0.021 0.033 0.047 0.015 0.062 0.149 0.035 0.027 0.123 0.021 0.091 0.047 0.009 0.036 0.065
17 L 0.061 0.028 0.025 0.024 0.016 0.021 0.028 0.033 0.013 0.112 0.248 0.033 0.054 0.043 0.018 0.077 0.047 0.006 0.021 0.091
18 L 0.043 0.021 0.015 0.016 0.015 0.014 0.019 0.022 0.011 0.154 0.238 0.023 0.038 0.135 0.013 0.025 0.034 0.009 0.038 0.118
19 A 0.219 0.027 0.027 0.029 0.018 0.022 0.034 0.182 0.014 0.06 0.062 0.039 0.017 0.022 0.025 0.07 0.043 0.005 0.016 0.067
20 L 0.045 0.03 0.093 0.032 0.014 0.022 0.028 0.033 0.016 0.089 0.268 0.034 0.058 0.044 0.016 0.037 0.038 0.006 0.021 0.077
21 L 0.08 0.024 0.021 0.023 0.017 0.018 0.025 0.033 0.011 0.178 0.191 0.03 0.034 0.04 0.018 0.061 0.045 0.006 0.02 0.124
22 D 0.04 0.029 0.068 0.406 0.007 0.029 0.09 0.046 0.018 0.022 0.028 0.044 0.009 0.015 0.022 0.051 0.035 0.004 0.011 0.024
23 V 0.056 0.02 0.016 0.017 0.017 0.014 0.02 0.023 0.01 0.189 0.139 0.024 0.032 0.092 0.015 0.029 0.042 0.007 0.03 0.209
24 A 0.128 0.028 0.028 0.028 0.017 0.021 0.033 0.048 0.015 0.074 0.085 0.035 0.022 0.118 0.021 0.093 0.051 0.008 0.036 0.111
25 I 0.041 0.018 0.015 0.017 0.014 0.012 0.018 0.022 0.012 0.191 0.145 0.022 0.032 0.183 0.013 0.025 0.034 0.01 0.048 0.127
26 I 0.056 0.019 0.015 0.018 0.017 0.014 0.02 0.022 0.008 0.231 0.152 0.024 0.034 0.04 0.015 0.028 0.043 0.006 0.02 0.215
27 A 0.206 0.03 0.027 0.029 0.02 0.024 0.037 0.06 0.013 0.069 0.074 0.041 0.021 0.025 0.026 0.076 0.09 0.005 0.018 0.11
28 D 0.063 0.031 0.045 0.127 0.013 0.025 0.05 0.045 0.017 0.042 0.061 0.04 0.017 0.114 0.022 0.1 0.1 0.008 0.033 0.047
29 A 0.116 0.049 0.034 0.037 0.015 0.033 0.058 0.049 0.016 0.094 0.076 0.104 0.021 0.025 0.025 0.097 0.051 0.005 0.018 0.077
30 K 0.064 0.111 0.115 0.051 0.011 0.042 0.057 0.052 0.023 0.026 0.04 0.145 0.014 0.017 0.025 0.1 0.051 0.005 0.017 0.033
31 N 0.059 0.041 0.159 0.056 0.011 0.032 0.047 0.053 0.109 0.05 0.049 0.048 0.016 0.024 0.021 0.098 0.05 0.006 0.027 0.044
32 K 0.053 0.168 0.04 0.038 0.008 0.051 0.065 0.04 0.021 0.026 0.043 0.246 0.015 0.016 0.025 0.051 0.038 0.005 0.017 0.032
33 N 0.057 0.034 0.173 0.051 0.012 0.025 0.037 0.048 0.022 0.052 0.134 0.04 0.023 0.084 0.018 0.06 0.043 0.007 0.028 0.051
34 L 0.082 0.044 0.026 0.027 0.014 0.026 0.036 0.036 0.014 0.112 0.136 0.095 0.027 0.068 0.021 0.047 0.065 0.007 0.026 0.088
35 L 0.05 0.021 0.015 0.016 0.016 0.015 0.02 0.022 0.01 0.163 0.239 0.024 0.039 0.081 0.014 0.026 0.038 0.007 0.028 0.157
36 L 0.049 0.044 0.023 0.023 0.013 0.026 0.034 0.028 0.021 0.101 0.16 0.092 0.029 0.059 0.018 0.034 0.036 0.011 0.097 0.1
37 L 0.057 0.025 0.018 0.018 0.015 0.018 0.023 0.026 0.019 0.115 0.24 0.028 0.036 0.068 0.016 0.032 0.045 0.012 0.098 0.092
38 L 0.053 0.02 0.015 0.017 0.017 0.015 0.02 0.022 0.009 0.204 0.209 0.024 0.038 0.044 0.015 0.027 0.04 0.006 0.021 0.186
39 L 0.111 0.038 0.024 0.026 0.015 0.071 0.045 0.04 0.016 0.074 0.219 0.046 0.034 0.036 0.02 0.047 0.039 0.006 0.02 0.073
40 F 0.063 0.025 0.031 0.029 0.012 0.018 0.029 0.158 0.016 0.043 0.074 0.031 0.019 0.207 0.017 0.083 0.04 0.011 0.051 0.043
41 L 0.054 0.024 0.024 0.023 0.015 0.018 0.026 0.031 0.013 0.124 0.178 0.029 0.032 0.129 0.017 0.062 0.062 0.009 0.037 0.094
42 L 0.041 0.022 0.015 0.016 0.015 0.014 0.019 0.022 0.011 0.118 0.295 0.023 0.042 0.138 0.013 0.024 0.032 0.009 0.038 0.093
43 I 0.046 0.018 0.014 0.017 0.016 0.014 0.018 0.02 0.009 0.257 0.198 0.024 0.038 0.045 0.014 0.025 0.038 0.006 0.021 0.162
44 V 0.052 0.02 0.016 0.017 0.016 0.014 0.02 0.023 0.011 0.162 0.159 0.023 0.033 0.129 0.014 0.028 0.039 0.008 0.037 0.178
45 L 0.053 0.026 0.026 0.024 0.015 0.019 0.027 0.031 0.013 0.093 0.167 0.031 0.03 0.126 0.018 0.051 0.121 0.009 0.036 0.083
46 F 0.042 0.019 0.017 0.017 0.013 0.012 0.02 0.025 0.015 0.087 0.116 0.02 0.027 0.306 0.012 0.027 0.031 0.014 0.071 0.111
47 I 0.053 0.019 0.015 0.017 0.017 0.014 0.019 0.022 0.008 0.246 0.154 0.024 0.035 0.041 0.015 0.027 0.042 0.006 0.02 0.206
48 G 0.077 0.023 0.039 0.033 0.011 0.019 0.025 0.517 0.013 0.019 0.028 0.033 0.009 0.016 0.019 0.051 0.029 0.005 0.011 0.024
49 L 0.041 0.023 0.015 0.015 0.015 0.015 0.02 0.022 0.012 0.101 0.317 0.023 0.043 0.139 0.013 0.024 0.031 0.009 0.038 0.085
50 R 0.044 0.355 0.038 0.031 0.008 0.048 0.052 0.032 0.023 0.023 0.046 0.118 0.015 0.017 0.019 0.044 0.034 0.006 0.017 0.031
51 Y 0.04 0.028 0.021 0.018 0.009 0.021 0.028 0.025 0.046 0.043 0.067 0.031 0.018 0.129 0.015 0.031 0.028 0.028 0.328 0.046
52 E 0.055 0.069 0.041 0.066 0.008 0.102 0.196 0.038 0.025 0.024 0.04 0.132 0.015 0.016 0.025 0.054 0.038 0.005 0.018 0.032
53 L 0.061 0.025 0.022 0.022 0.017 0.019 0.025 0.028 0.01 0.138 0.181 0.03 0.033 0.038 0.018 0.044 0.096 0.006 0.02 0.168
54 G 0.077 0.023 0.039 0.033 0.011 0.019 0.025 0.517 0.013 0.019 0.028 0.033 0.009 0.016 0.019 0.051 0.029 0.005 0.011 0.024
55 L 0.051 0.02 0.015 0.017 0.017 0.015 0.019 0.021 0.009 0.21 0.211 0.024 0.038 0.044 0.015 0.026 0.04 0.006 0.021 0.181
56 D 0.04 0.029 0.068 0.406 0.007 0.029 0.09 0.046 0.018 0.022 0.028 0.044 0.009 0.015 0.022 0.051 0.035 0.004 0.011 0.024
57 W 0.03 0.022 0.015 0.015 0.007 0.015 0.022 0.03 0.015 0.03 0.052 0.022 0.015 0.06 0.007 0.022 0.022 0.5 0.067 0.03
58 L 0.047 0.025 0.016 0.017 0.016 0.017 0.021 0.023 0.01 0.109 0.368 0.026 0.047 0.052 0.015 0.034 0.035 0.007 0.022 0.092
59 F 0.033 0.019 0.017 0.017 0.01 0.01 0.019 0.025 0.017 0.062 0.113 0.019 0.025 0.396 0.01 0.025 0.025 0.017 0.087 0.054
60 Y 0.04 0.028 0.021 0.018 0.009 0.021 0.028 0.025 0.046 0.043 0.067 0.031 0.018 0.129 0.015 0.031 0.028 0.028 0.328 0.046
61 L 0.047 0.04 0.072 0.035 0.011 0.073 0.047 0.034 0.027 0.066 0.141 0.048 0.026 0.055 0.018 0.044 0.047 0.011 0.097 0.06
62 N 0.045 0.045 0.255 0.084 0.008 0.041 0.113 0.057 0.03 0.022 0.032 0.058 0.011 0.017 0.021 0.065 0.046 0.005 0.016 0.028
63 L 0.076 0.032 0.034 0.032 0.017 0.024 0.036 0.043 0.014 0.071 0.213 0.039 0.032 0.037 0.022 0.128 0.057 0.006 0.02 0.068
64 F 0.037 0.024 0.02 0.018 0.01 0.017 0.024 0.025 0.034 0.051 0.085 0.026 0.021 0.236 0.013 0.028 0.027 0.023 0.232 0.049
65 N 0.054 0.049 0.156 0.068 0.011 0.041 0.113 0.049 0.024 0.03 0.042 0.08 0.014 0.019 0.024 0.069 0.097 0.005 0.016 0.039
66 G 0.077 0.023 0.039 0.033 0.011 0.019 0.025 0.517 0.013 0.019 0.028 0.033 0.009 0.016 0.019 0.051 0.029 0.005 0.011 0.024
67 N 0.064 0.038 0.124 0.056 0.013 0.033 0.081 0.049 0.021 0.047 0.123 0.049 0.022 0.027 0.022 0.104 0.053 0.005 0.018 0.049
68 G 0.105 0.036 0.039 0.051 0.013 0.035 0.107 0.122 0.018 0.027 0.039 0.052 0.013 0.018 0.109 0.109 0.05 0.005 0.015 0.038
69 T 0.066 0.051 0.039 0.036 0.014 0.032 0.045 0.042 0.016 0.045 0.064 0.103 0.019 0.077 0.025 0.086 0.15 0.007 0.028 0.055
70 N 0.043 0.045 0.314 0.083 0.009 0.034 0.05 0.065 0.032 0.023 0.032 0.054 0.011 0.018 0.02 0.07 0.05 0.005 0.016 0.027
71 L 0.067 0.036 0.109 0.045 0.015 0.027 0.04 0.048 0.018 0.054 0.13 0.044 0.024 0.029 0.023 0.104 0.105 0.006 0.018 0.058
72 L 0.044 0.024 0.014 0.015 0.016 0.016 0.02 0.021 0.01 0.114 0.385 0.025 0.049 0.054 0.014 0.024 0.033 0.007 0.022 0.095
73 A 0.186 0.033 0.034 0.033 0.019 0.026 0.039 0.06 0.014 0.048 0.061 0.044 0.018 0.022 0.028 0.088 0.153 0.006 0.017 0.069
74 I 0.046 0.017 0.014 0.017 0.016 0.013 0.017 0.02 0.009 0.282 0.165 0.023 0.036 0.044 0.014 0.025 0.039 0.006 0.02 0.174
75 E 0.054 0.049 0.04 0.089 0.007 0.064 0.307 0.034 0.025 0.022 0.036 0.074 0.013 0.016 0.025 0.054 0.036 0.005 0.016 0.031
76 P 0.056 0.025 0.023 0.031 0.01 0.02 0.036 0.036 0.013 0.025 0.036 0.041 0.01 0.013 0.501 0.043 0.036 0.003 0.013 0.031
77 G 0.077 0.023 0.039 0.033 0.011 0.019 0.025 0.517 0.013 0.019 0.028 0.033 0.009 0.016 0.019 0.051 0.029 0.005 0.011 0.024
78 Y 0.038 0.025 0.02 0.018 0.009 0.019 0.025 0.025 0.039 0.048 0.079 0.028 0.02 0.196 0.014 0.029 0.027 0.025 0.268 0.048
79 L 0.045 0.042 0.101 0.04 0.011 0.074 0.049 0.038 0.029 0.051 0.132 0.05 0.025 0.054 0.018 0.045 0.037 0.011 0.096 0.051
80 F 0.07 0.022 0.017 0.018 0.014 0.014 0.022 0.03 0.014 0.078 0.201 0.024 0.032 0.229 0.014 0.032 0.031 0.012 0.056 0.07
81 L 0.042 0.023 0.014 0.015 0.015 0.015 0.02 0.022 0.011 0.106 0.344 0.024 0.045 0.105 0.013 0.024 0.032 0.008 0.032 0.089
82 S 0.099 0.038 0.051 0.045 0.017 0.031 0.048 0.06 0.018 0.035 0.047 0.051 0.016 0.021 0.029 0.196 0.125 0.005 0.017 0.048
83 S 0.079 0.035 0.078 0.043 0.013 0.028 0.042 0.111 0.027 0.03 0.045 0.045 0.015 0.047 0.023 0.138 0.057 0.011 0.094 0.038
84 L 0.048 0.021 0.015 0.016 0.015 0.014 0.02 0.023 0.011 0.134 0.225 0.023 0.037 0.133 0.014 0.026 0.036 0.009 0.038 0.141
85 S 0.074 0.029 0.034 0.033 0.015 0.022 0.035 0.044 0.016 0.101 0.09 0.037 0.023 0.12 0.021 0.128 0.056 0.008 0.036 0.078
86 S 0.091 0.037 0.045 0.041 0.015 0.03 0.046 0.055 0.026 0.033 0.048 0.048 0.016 0.048 0.026 0.181 0.067 0.011 0.095 0.042
87 F 0.036 0.022 0.018 0.017 0.011 0.014 0.021 0.024 0.023 0.064 0.135 0.022 0.026 0.286 0.012 0.026 0.027 0.018 0.139 0.057
88 L 0.045 0.024 0.014 0.015 0.016 0.016 0.02 0.021 0.01 0.116 0.373 0.025 0.05 0.055 0.014 0.024 0.034 0.007 0.022 0.097
89 L 0.043 0.022 0.021 0.065 0.014 0.016 0.028 0.024 0.011 0.139 0.258 0.026 0.038 0.081 0.015 0.028 0.034 0.007 0.027 0.102
90 G 0.066 0.025 0.049 0.155 0.01 0.023 0.048 0.355 0.015 0.02 0.028 0.037 0.009 0.016 0.02 0.052 0.032 0.005 0.011 0.024
91 F 0.04 0.02 0.016 0.017 0.013 0.013 0.019 0.023 0.013 0.145 0.153 0.022 0.045 0.221 0.013 0.026 0.032 0.011 0.054 0.102
92 G 0.06 0.033 0.183 0.058 0.01 0.026 0.037 0.291 0.022 0.02 0.029 0.043 0.01 0.017 0.019 0.06 0.039 0.005 0.013 0.025
93 F 0.037 0.023 0.019 0.018 0.01 0.016 0.023 0.025 0.031 0.053 0.09 0.025 0.022 0.262 0.013 0.028 0.026 0.022 0.208 0.05
94 W 0.03 0.022 0.015 0.015 0.007 0.015 0.022 0.03 0.015 0.03 0.052 0.022 0.015 0.06 0.007 0.022 0.022 0.5 0.067 0.03
95 L 0.057 0.025 0.025 0.024 0.015 0.018 0.027 0.033 0.014 0.111 0.173 0.03 0.031 0.146 0.017 0.076 0.044 0.009 0.04 0.085
96 F 0.035 0.021 0.018 0.017 0.01 0.013 0.021 0.025 0.024 0.058 0.101 0.022 0.023 0.329 0.012 0.026 0.026 0.019 0.148 0.052
97 Q 0.072 0.051 0.039 0.04 0.013 0.125 0.069 0.043 0.021 0.061 0.066 0.065 0.022 0.021 0.023 0.093 0.053 0.006 0.02 0.098
98 A 0.23 0.027 0.024 0.026 0.138 0.022 0.033 0.088 0.013 0.042 0.058 0.037 0.017 0.021 0.025 0.071 0.045 0.005 0.016 0.063
99 L 0.048 0.022 0.017 0.017 0.133 0.016 0.02 0.026 0.013 0.088 0.178 0.025 0.065 0.129 0.014 0.031 0.034 0.009 0.036 0.078
100 I 0.052 0.018 0.015 0.017 0.017 0.014 0.019 0.021 0.009 0.252 0.156 0.024 0.035 0.041 0.015 0.027 0.042 0.006 0.02 0.2
101 T 0.081 0.036 0.045 0.04 0.017 0.029 0.042 0.048 0.015 0.047 0.058 0.047 0.018 0.023 0.028 0.126 0.213 0.006 0.017 0.063
102 G 0.117 0.023 0.023 0.024 0.016 0.018 0.025 0.159 0.011 0.135 0.132 0.031 0.026 0.032 0.019 0.046 0.038 0.006 0.017 0.1
103 V 0.051 0.02 0.016 0.017 0.015 0.013 0.02 0.024 0.011 0.157 0.132 0.023 0.03 0.164 0.014 0.028 0.038 0.009 0.044 0.174
104 L 0.051 0.022 0.015 0.016 0.017 0.015 0.02 0.022 0.009 0.168 0.266 0.025 0.041 0.047 0.015 0.026 0.038 0.006 0.021 0.161
105 L 0.042 0.02 0.015 0.016 0.015 0.013 0.019 0.022 0.011 0.168 0.229 0.023 0.038 0.135 0.013 0.024 0.033 0.009 0.038 0.116
106 F 0.039 0.02 0.015 0.016 0.013 0.012 0.019 0.023 0.013 0.13 0.194 0.021 0.034 0.222 0.012 0.025 0.031 0.012 0.054 0.094
107 A 0.178 0.024 0.02 0.023 0.137 0.019 0.028 0.052 0.011 0.103 0.087 0.033 0.022 0.027 0.022 0.058 0.043 0.005 0.017 0.091
108 L 0.044 0.024 0.014 0.015 0.016 0.016 0.02 0.021 0.01 0.114 0.385 0.025 0.049 0.054 0.014 0.024 0.033 0.007 0.022 0.095
109 L 0.044 0.044 0.102 0.039 0.011 0.029 0.04 0.038 0.061 0.051 0.131 0.075 0.023 0.055 0.018 0.043 0.036 0.011 0.1 0.049
110 R 0.051 0.229 0.04 0.034 0.009 0.045 0.054 0.037 0.038 0.028 0.047 0.146 0.016 0.018 0.022 0.053 0.069 0.006 0.019 0.036
111 F 0.034 0.02 0.017 0.017 0.01 0.012 0.02 0.025 0.02 0.061 0.108 0.02 0.024 0.369 0.011 0.026 0.025 0.018 0.112 0.053
112 F 0.033 0.019 0.017 0.017 0.01 0.01 0.019 0.025 0.017 0.062 0.113 0.019 0.025 0.396 0.01 0.025 0.025 0.017 0.087 0.054
113 K 0.049 0.14 0.035 0.04 0.008 0.045 0.09 0.034 0.028 0.029 0.049 0.15 0.016 0.044 0.022 0.045 0.035 0.011 0.095 0.035
114 K 0.066 0.063 0.039 0.039 0.011 0.039 0.064 0.067 0.026 0.031 0.047 0.142 0.016 0.045 0.024 0.092 0.046 0.011 0.094 0.037
115 Y 0.04 0.03 0.067 0.028 0.009 0.023 0.03 0.031 0.042 0.041 0.064 0.033 0.018 0.126 0.016 0.036 0.031 0.024 0.269 0.044
116 T 0.09 0.037 0.048 0.043 0.017 0.03 0.045 0.054 0.016 0.041 0.053 0.049 0.017 0.022 0.028 0.161 0.169 0.005 0.017 0.056
117 P 0.052 0.046 0.039 0.127 0.009 0.031 0.058 0.04 0.016 0.025 0.035 0.104 0.011 0.014 0.263 0.048 0.036 0.003 0.013 0.029
118 F 0.043 0.049 0.102 0.039 0.009 0.029 0.041 0.039 0.029 0.039 0.063 0.098 0.017 0.139 0.018 0.044 0.035 0.013 0.112 0.04
119 P 0.048 0.027 0.022 0.024 0.01 0.021 0.032 0.03 0.029 0.034 0.052 0.036 0.014 0.071 0.258 0.037 0.032 0.015 0.17 0.038
120 L 0.057 0.022 0.015 0.016 0.017 0.016 0.021 0.023 0.009 0.146 0.246 0.025 0.039 0.044 0.015 0.028 0.041 0.006 0.021 0.191
121 F 0.033 0.019 0.017 0.017 0.01 0.01 0.019 0.025 0.017 0.062 0.113 0.019 0.025 0.396 0.01 0.025 0.025 0.017 0.087 0.054
122 C 0.075 0.022 0.025 0.024 0.373 0.017 0.025 0.04 0.011 0.04 0.058 0.028 0.016 0.02 0.019 0.088 0.047 0.004 0.013 0.052
123 L 0.044 0.022 0.014 0.016 0.016 0.015 0.019 0.021 0.01 0.156 0.33 0.025 0.046 0.051 0.014 0.024 0.034 0.007 0.022 0.115
124 G 0.089 0.029 0.04 0.036 0.134 0.024 0.036 0.17 0.015 0.03 0.044 0.04 0.014 0.019 0.023 0.138 0.057 0.005 0.014 0.041
125 G 0.057 0.019 0.021 0.021 0.133 0.014 0.019 0.148 0.011 0.124 0.098 0.024 0.023 0.084 0.015 0.035 0.034 0.007 0.026 0.089
126 F 0.037 0.023 0.019 0.018 0.01 0.016 0.023 0.025 0.031 0.053 0.09 0.025 0.022 0.262 0.013 0.028 0.026 0.022 0.208 0.05
127 F 0.033 0.019 0.017 0.017 0.01 0.01 0.019 0.025 0.017 0.062 0.113 0.019 0.025 0.396 0.01 0.025 0.025 0.017 0.087 0.054
128 I 0.046 0.019 0.014 0.017 0.016 0.014 0.018 0.02 0.009 0.24 0.22 0.024 0.039 0.046 0.014 0.024 0.038 0.006 0.021 0.154
129 L 0.043 0.023 0.016 0.016 0.014 0.017 0.021 0.022 0.019 0.138 0.251 0.026 0.038 0.07 0.014 0.026 0.033 0.012 0.098 0.102
130 S 0.119 0.047 0.047 0.045 0.016 0.08 0.063 0.061 0.021 0.03 0.045 0.061 0.017 0.019 0.028 0.169 0.067 0.005 0.018 0.043
131 F 0.033 0.019 0.017 0.017 0.01 0.01 0.019 0.025 0.017 0.062 0.113 0.019 0.025 0.396 0.01 0.025 0.025 0.017 0.087 0.054
132 G 0.069 0.021 0.033 0.029 0.012 0.017 0.023 0.393 0.012 0.084 0.062 0.031 0.016 0.023 0.018 0.044 0.032 0.005 0.013 0.061
133 F 0.033 0.019 0.017 0.017 0.01 0.01 0.019 0.025 0.017 0.062 0.113 0.019 0.025 0.396 0.01 0.025 0.025 0.017 0.087 0.054
134 N 0.049 0.039 0.249 0.066 0.011 0.029 0.042 0.054 0.025 0.057 0.055 0.046 0.016 0.022 0.019 0.06 0.049 0.005 0.017 0.09
135 V 0.124 0.026 0.025 0.026 0.018 0.021 0.03 0.042 0.011 0.134 0.103 0.035 0.026 0.031 0.022 0.065 0.09 0.006 0.019 0.146
136 E 0.054 0.049 0.04 0.089 0.007 0.064 0.307 0.034 0.025 0.022 0.036 0.074 0.013 0.016 0.025 0.054 0.036 0.005 0.016 0.031
137 A 0.278 0.031 0.027 0.03 0.021 0.025 0.04 0.074 0.014 0.044 0.059 0.044 0.017 0.021 0.029 0.085 0.07 0.005 0.017 0.068
138 L 0.045 0.021 0.014 0.016 0.016 0.015 0.019 0.021 0.009 0.181 0.297 0.024 0.044 0.05 0.014 0.024 0.035 0.007 0.021 0.127
139 R 0.044 0.355 0.038 0.031 0.008 0.048 0.052 0.032 0.023 0.023 0.046 0.118 0.015 0.017 0.019 0.044 0.034 0.006 0.017 0.031
140 Q 0.055 0.072 0.043 0.046 0.009 0.226 0.101 0.041 0.029 0.026 0.046 0.09 0.02 0.014 0.023 0.055 0.041 0.006 0.02 0.035
141 I 0.052 0.018 0.015 0.017 0.017 0.014 0.019 0.021 0.009 0.252 0.156 0.024 0.035 0.041 0.015 0.027 0.042 0.006 0.02 0.2
142 I 0.046 0.019 0.014 0.017 0.016 0.014 0.018 0.02 0.009 0.24 0.22 0.024 0.039 0.046 0.014 0.024 0.038 0.006 0.021 0.154
143 A 0.301 0.031 0.025 0.029 0.021 0.025 0.04 0.077 0.015 0.043 0.059 0.044 0.017 0.021 0.029 0.084 0.049 0.005 0.017 0.068
144 L 0.056 0.023 0.015 0.016 0.017 0.016 0.021 0.023 0.009 0.138 0.257 0.025 0.04 0.045 0.015 0.028 0.041 0.006 0.021 0.187
145 A 0.253 0.033 0.032 0.034 0.02 0.027 0.043 0.074 0.016 0.039 0.054 0.046 0.017 0.021 0.029 0.121 0.057 0.005 0.017 0.061
146 I 0.046 0.018 0.015 0.017 0.015 0.013 0.018 0.022 0.011 0.212 0.148 0.022 0.033 0.131 0.014 0.026 0.037 0.008 0.037 0.157
147 F 0.045 0.019 0.016 0.017 0.014 0.013 0.019 0.024 0.013 0.142 0.13 0.022 0.029 0.218 0.013 0.027 0.034 0.011 0.054 0.141
148 Y 0.047 0.024 0.018 0.017 0.131 0.018 0.023 0.026 0.027 0.061 0.146 0.027 0.025 0.083 0.015 0.031 0.031 0.017 0.172 0.061
149 I 0.049 0.02 0.015 0.017 0.016 0.014 0.019 0.021 0.009 0.222 0.215 0.024 0.039 0.045 0.015 0.026 0.039 0.006 0.021 0.17
150 A 0.245 0.029 0.029 0.03 0.019 0.024 0.036 0.187 0.014 0.037 0.051 0.041 0.015 0.02 0.027 0.075 0.044 0.005 0.016 0.057
151 L 0.042 0.026 0.018 0.017 0.013 0.019 0.024 0.023 0.028 0.078 0.226 0.028 0.034 0.091 0.015 0.027 0.03 0.017 0.175 0.07
152 K 0.072 0.068 0.038 0.037 0.013 0.039 0.054 0.044 0.017 0.061 0.064 0.164 0.019 0.022 0.025 0.092 0.052 0.005 0.018 0.096
153 F 0.045 0.053 0.045 0.033 0.009 0.077 0.053 0.034 0.029 0.039 0.067 0.095 0.02 0.139 0.019 0.042 0.034 0.014 0.113 0.042
154 F 0.039 0.023 0.017 0.017 0.012 0.015 0.021 0.023 0.022 0.076 0.197 0.024 0.032 0.209 0.013 0.026 0.028 0.016 0.125 0.066
155 L 0.044 0.022 0.031 0.02 0.014 0.016 0.022 0.024 0.018 0.179 0.194 0.027 0.035 0.062 0.015 0.028 0.036 0.01 0.082 0.121
156 N 0.046 0.046 0.188 0.129 0.008 0.06 0.125 0.052 0.028 0.022 0.033 0.061 0.012 0.017 0.022 0.061 0.043 0.005 0.016 0.028
157 G 0.067 0.114 0.039 0.033 0.01 0.029 0.036 0.349 0.016 0.021 0.034 0.08 0.011 0.016 0.02 0.049 0.032 0.005 0.013 0.026
158 K 0.052 0.087 0.127 0.053 0.009 0.047 0.063 0.049 0.024 0.026 0.039 0.218 0.014 0.016 0.025 0.057 0.042 0.005 0.017 0.031
159 K 0.051 0.08 0.072 0.041 0.009 0.043 0.057 0.041 0.024 0.046 0.067 0.201 0.018 0.033 0.024 0.049 0.039 0.008 0.056 0.044
160 K 0.052 0.065 0.03 0.032 0.01 0.035 0.049 0.036 0.017 0.043 0.099 0.16 0.02 0.058 0.142 0.043 0.036 0.006 0.024 0.043
161 N 0.081 0.047 0.111 0.047 0.011 0.079 0.059 0.048 0.109 0.043 0.052 0.056 0.018 0.023 0.021 0.056 0.041 0.006 0.028 0.064
162 F 0.037 0.023 0.019 0.018 0.01 0.016 0.023 0.025 0.031 0.053 0.09 0.025 0.022 0.262 0.013 0.028 0.026 0.022 0.208 0.05
163 Y 0.042 0.028 0.024 0.021 0.011 0.022 0.029 0.025 0.084 0.1 0.087 0.031 0.022 0.093 0.016 0.031 0.03 0.019 0.21 0.075
164 L 0.127 0.026 0.02 0.022 0.018 0.02 0.028 0.04 0.012 0.135 0.155 0.033 0.051 0.037 0.02 0.048 0.054 0.006 0.02 0.128
165 L 0.042 0.025 0.016 0.016 0.014 0.017 0.022 0.022 0.019 0.093 0.292 0.026 0.04 0.09 0.014 0.026 0.031 0.013 0.102 0.081
166 C 0.071 0.023 0.024 0.023 0.255 0.017 0.025 0.035 0.01 0.073 0.078 0.028 0.02 0.024 0.019 0.065 0.077 0.005 0.015 0.113
167 L 0.043 0.022 0.014 0.016 0.015 0.015 0.019 0.021 0.01 0.149 0.296 0.024 0.043 0.094 0.014 0.024 0.033 0.008 0.03 0.11
168 L 0.044 0.022 0.014 0.016 0.016 0.015 0.019 0.021 0.01 0.156 0.33 0.025 0.046 0.051 0.014 0.024 0.034 0.007 0.022 0.115
169 A 0.245 0.029 0.029 0.03 0.019 0.024 0.036 0.187 0.014 0.037 0.051 0.041 0.015 0.02 0.027 0.075 0.044 0.005 0.016 0.057
170 S 0.146 0.032 0.037 0.036 0.09 0.026 0.04 0.059 0.015 0.048 0.058 0.043 0.018 0.022 0.026 0.146 0.063 0.005 0.017 0.074
171 S 0.086 0.034 0.04 0.037 0.017 0.027 0.04 0.05 0.016 0.067 0.151 0.043 0.027 0.032 0.024 0.159 0.064 0.006 0.019 0.064
172 F 0.036 0.02 0.016 0.016 0.012 0.012 0.019 0.024 0.015 0.075 0.181 0.02 0.031 0.31 0.011 0.025 0.027 0.014 0.071 0.064
173 H 0.041 0.045 0.053 0.038 0.007 0.038 0.053 0.038 0.365 0.023 0.038 0.045 0.015 0.03 0.019 0.041 0.026 0.007 0.056 0.023
174 I 0.054 0.019 0.015 0.017 0.017 0.014 0.019 0.022 0.008 0.24 0.152 0.024 0.034 0.041 0.015 0.027 0.043 0.006 0.02 0.211
175 S 0.108 0.04 0.053 0.048 0.017 0.033 0.052 0.065 0.019 0.029 0.041 0.053 0.015 0.021 0.029 0.231 0.081 0.005 0.017 0.041
176 A 0.236 0.029 0.022 0.026 0.02 0.023 0.035 0.063 0.013 0.06 0.14 0.039 0.025 0.029 0.025 0.069 0.045 0.006 0.018 0.075
177 L 0.061 0.022 0.015 0.017 0.017 0.016 0.021 0.024 0.01 0.168 0.264 0.025 0.041 0.046 0.015 0.028 0.038 0.006 0.021 0.145
178 I 0.049 0.019 0.017 0.021 0.015 0.015 0.022 0.024 0.01 0.218 0.133 0.028 0.03 0.036 0.136 0.029 0.038 0.005 0.018 0.138
179 V 0.069 0.022 0.016 0.018 0.019 0.016 0.023 0.024 0.008 0.163 0.129 0.026 0.031 0.035 0.016 0.033 0.049 0.005 0.02 0.277
180 F 0.037 0.018 0.016 0.017 0.012 0.011 0.018 0.024 0.015 0.117 0.126 0.02 0.028 0.308 0.011 0.025 0.029 0.014 0.071 0.084
181 I 0.077 0.02 0.016 0.019 0.017 0.015 0.021 0.027 0.009 0.228 0.145 0.026 0.033 0.039 0.016 0.032 0.043 0.006 0.02 0.19
182 L 0.055 0.024 0.022 0.022 0.016 0.017 0.025 0.028 0.012 0.115 0.151 0.028 0.03 0.126 0.017 0.043 0.092 0.009 0.037 0.133
183 L 0.048 0.021 0.016 0.02 0.015 0.016 0.023 0.024 0.01 0.176 0.188 0.028 0.033 0.038 0.136 0.029 0.037 0.005 0.019 0.118
184 P 0.053 0.025 0.021 0.027 0.012 0.019 0.032 0.032 0.012 0.047 0.123 0.037 0.02 0.023 0.379 0.038 0.035 0.004 0.015 0.047
185 F 0.038 0.022 0.017 0.017 0.012 0.015 0.021 0.024 0.022 0.07 0.169 0.023 0.029 0.244 0.013 0.026 0.028 0.017 0.131 0.062
186 L 0.048 0.021 0.016 0.018 0.016 0.015 0.02 0.023 0.01 0.194 0.258 0.026 0.041 0.047 0.015 0.035 0.038 0.006 0.021 0.132
187 D 0.044 0.105 0.055 0.126 0.009 0.034 0.058 0.038 0.02 0.034 0.056 0.119 0.016 0.111 0.02 0.045 0.034 0.008 0.033 0.035
188 N 0.043 0.168 0.182 0.056 0.008 0.039 0.049 0.048 0.045 0.024 0.039 0.078 0.013 0.024 0.019 0.056 0.041 0.006 0.034 0.029
189 A 0.175 0.13 0.032 0.032 0.015 0.038 0.05 0.057 0.018 0.034 0.051 0.124 0.016 0.019 0.026 0.066 0.043 0.005 0.017 0.05
190 N 0.047 0.036 0.213 0.06 0.012 0.027 0.04 0.051 0.023 0.091 0.069 0.045 0.018 0.025 0.019 0.06 0.072 0.005 0.017 0.069
191 W 0.118 0.024 0.019 0.021 0.013 0.017 0.027 0.045 0.016 0.046 0.075 0.029 0.019 0.157 0.016 0.044 0.033 0.172 0.058 0.051
192 I 0.051 0.042 0.025 0.026 0.013 0.024 0.034 0.03 0.014 0.123 0.105 0.091 0.026 0.121 0.018 0.041 0.064 0.008 0.036 0.106
193 R 0.049 0.134 0.124 0.048 0.009 0.04 0.052 0.045 0.028 0.027 0.044 0.125 0.014 0.034 0.021 0.061 0.041 0.008 0.063 0.033
194 I 0.046 0.019 0.014 0.017 0.016 0.014 0.018 0.02 0.009 0.24 0.22 0.024 0.039 0.046 0.014 0.024 0.038 0.006 0.021 0.154
195 L 0.053 0.027 0.023 0.022 0.016 0.021 0.026 0.028 0.012 0.137 0.202 0.032 0.069 0.042 0.018 0.044 0.092 0.007 0.021 0.107
196 K 0.055 0.137 0.041 0.04 0.008 0.052 0.067 0.041 0.021 0.027 0.043 0.267 0.015 0.016 0.026 0.052 0.039 0.005 0.017 0.032
197 L 0.044 0.02 0.015 0.017 0.015 0.014 0.019 0.021 0.01 0.203 0.215 0.024 0.045 0.09 0.014 0.025 0.036 0.008 0.029 0.135
198 L 0.101 0.028 0.026 0.026 0.018 0.021 0.031 0.04 0.012 0.102 0.162 0.035 0.03 0.034 0.021 0.086 0.053 0.006 0.02 0.147
199 C 0.126 0.026 0.025 0.025 0.137 0.02 0.029 0.044 0.011 0.075 0.079 0.034 0.021 0.025 0.022 0.062 0.098 0.005 0.017 0.118
200 L 0.045 0.02 0.015 0.017 0.015 0.013 0.019 0.022 0.011 0.173 0.203 0.023 0.036 0.133 0.014 0.025 0.035 0.009 0.038 0.135
201 V 0.053 0.018 0.016 0.017 0.134 0.013 0.019 0.025 0.01 0.138 0.118 0.022 0.027 0.124 0.014 0.031 0.037 0.008 0.035 0.141
202 G 0.077 0.023 0.039 0.033 0.011 0.019 0.025 0.517 0.013 0.019 0.028 0.033 0.009 0.016 0.019 0.051 0.029 0.005 0.011 0.024
203 L 0.057 0.025 0.023 0.022 0.016 0.017 0.025 0.029 0.012 0.103 0.147 0.029 0.029 0.125 0.017 0.044 0.093 0.009 0.037 0.143
204 A 0.176 0.026 0.02 0.023 0.019 0.02 0.03 0.05 0.012 0.091 0.159 0.034 0.029 0.051 0.022 0.055 0.043 0.006 0.023 0.111
205 L 0.054 0.028 0.02 0.02 0.016 0.021 0.026 0.028 0.013 0.099 0.294 0.031 0.076 0.048 0.016 0.053 0.041 0.007 0.022 0.087
206 A 0.188 0.031 0.029 0.03 0.019 0.025 0.038 0.06 0.015 0.057 0.136 0.041 0.025 0.029 0.025 0.106 0.053 0.006 0.018 0.068
207 L 0.054 0.021 0.015 0.017 0.017 0.015 0.02 0.022 0.009 0.198 0.207 0.025 0.038 0.043 0.015 0.027 0.041 0.006 0.021 0.191
208 V 0.113 0.023 0.018 0.02 0.017 0.017 0.025 0.036 0.011 0.142 0.143 0.029 0.03 0.09 0.018 0.041 0.041 0.007 0.03 0.148
209 G 0.064 0.05 0.078 0.136 0.01 0.033 0.059 0.168 0.019 0.024 0.034 0.105 0.012 0.016 0.023 0.08 0.043 0.005 0.014 0.029
210 L 0.046 0.02 0.015 0.017 0.015 0.014 0.019 0.022 0.011 0.167 0.201 0.023 0.036 0.133 0.014 0.026 0.036 0.009 0.038 0.14
211 Y 0.038 0.028 0.024 0.02 0.009 0.021 0.028 0.026 0.078 0.045 0.075 0.03 0.02 0.183 0.015 0.031 0.027 0.022 0.234 0.045
212 P 0.05 0.024 0.021 0.027 0.01 0.018 0.031 0.033 0.014 0.035 0.055 0.035 0.014 0.109 0.378 0.039 0.033 0.006 0.031 0.036
213 I 0.055 0.019 0.015 0.017 0.017 0.014 0.02 0.022 0.008 0.234 0.151 0.024 0.034 0.04 0.015 0.028 0.043 0.006 0.02 0.216
214 D 0.052 0.034 0.045 0.198 0.01 0.038 0.149 0.037 0.018 0.057 0.056 0.05 0.016 0.02 0.022 0.048 0.039 0.005 0.015 0.09
215 Y 0.045 0.03 0.024 0.036 0.01 0.03 0.095 0.026 0.032 0.097 0.084 0.04 0.021 0.079 0.018 0.035 0.033 0.017 0.173 0.074
216 L 0.045 0.02 0.014 0.016 0.016 0.014 0.018 0.021 0.009 0.215 0.253 0.024 0.041 0.048 0.014 0.024 0.037 0.006 0.021 0.142
217 I 0.046 0.019 0.014 0.017 0.016 0.014 0.018 0.02 0.009 0.24 0.22 0.024 0.039 0.046 0.014 0.024 0.038 0.006 0.021 0.154
218 K 0.065 0.068 0.042 0.054 0.01 0.075 0.126 0.102 0.022 0.025 0.04 0.144 0.015 0.016 0.025 0.076 0.043 0.005 0.017 0.032
219 L 0.056 0.025 0.022 0.021 0.016 0.018 0.025 0.028 0.011 0.104 0.206 0.029 0.034 0.084 0.017 0.043 0.092 0.008 0.029 0.13
220 L 0.041 0.022 0.015 0.016 0.015 0.014 0.019 0.022 0.012 0.109 0.306 0.023 0.042 0.139 0.013 0.024 0.031 0.009 0.038 0.089
221 S 0.099 0.038 0.051 0.045 0.017 0.031 0.048 0.06 0.018 0.035 0.047 0.051 0.016 0.021 0.029 0.196 0.125 0.005 0.017 0.048
222 L 0.063 0.031 0.026 0.025 0.016 0.024 0.031 0.034 0.014 0.087 0.232 0.036 0.084 0.043 0.018 0.08 0.047 0.007 0.021 0.08
223 L 0.106 0.023 0.018 0.02 0.016 0.016 0.024 0.036 0.012 0.125 0.18 0.028 0.032 0.129 0.017 0.039 0.037 0.009 0.037 0.098
224 P 0.076 0.031 0.037 0.036 0.014 0.024 0.039 0.048 0.017 0.037 0.058 0.042 0.017 0.112 0.142 0.133 0.056 0.007 0.034 0.042
225 A 0.117 0.034 0.036 0.04 0.014 0.03 0.071 0.109 0.025 0.034 0.05 0.045 0.016 0.047 0.024 0.1 0.058 0.011 0.094 0.046
226 N 0.051 0.039 0.255 0.07 0.009 0.03 0.043 0.178 0.027 0.021 0.03 0.048 0.011 0.017 0.02 0.064 0.044 0.005 0.014 0.026
227 P 0.058 0.107 0.031 0.031 0.01 0.027 0.037 0.155 0.015 0.023 0.036 0.058 0.011 0.015 0.26 0.045 0.034 0.004 0.013 0.029
228 Y 0.038 0.025 0.02 0.018 0.009 0.019 0.025 0.025 0.039 0.048 0.079 0.028 0.02 0.196 0.014 0.029 0.027 0.025 0.268 0.048
229 L 0.051 0.022 0.015 0.016 0.017 0.015 0.02 0.022 0.009 0.168 0.266 0.025 0.041 0.047 0.015 0.026 0.038 0.006 0.021 0.161
230 E 0.116 0.044 0.036 0.074 0.011 0.054 0.24 0.045 0.023 0.027 0.042 0.067 0.014 0.018 0.026 0.062 0.039 0.005 0.017 0.04
231 K 0.056 0.106 0.041 0.041 0.008 0.053 0.07 0.043 0.02 0.027 0.043 0.289 0.015 0.015 0.027 0.053 0.039 0.005 0.017 0.032
232 I 0.046 0.017 0.014 0.017 0.016 0.013 0.017 0.02 0.009 0.282 0.165 0.023 0.036 0.044 0.014 0.025 0.039 0.006 0.02 0.174
233 L 0.051 0.086 0.031 0.026 0.013 0.03 0.039 0.03 0.101 0.081 0.149 0.071 0.028 0.034 0.018 0.036 0.036 0.006 0.029 0.107
234 W 0.033 0.028 0.024 0.021 0.007 0.021 0.03 0.032 0.102 0.028 0.049 0.028 0.015 0.052 0.01 0.027 0.023 0.377 0.065 0.028
235 Y 0.04 0.028 0.021 0.018 0.009 0.021 0.028 0.025 0.046 0.043 0.067 0.031 0.018 0.129 0.015 0.031 0.028 0.028 0.328 0.046
236 G 0.139 0.032 0.04 0.037 0.017 0.026 0.039 0.176 0.015 0.036 0.048 0.044 0.015 0.02 0.026 0.114 0.104 0.005 0.016 0.051
237 L 0.053 0.04 0.042 0.126 0.012 0.075 0.063 0.038 0.018 0.054 0.131 0.051 0.024 0.027 0.022 0.055 0.092 0.006 0.018 0.056
238 N 0.058 0.039 0.194 0.155 0.011 0.032 0.06 0.06 0.025 0.024 0.033 0.051 0.012 0.018 0.023 0.105 0.053 0.004 0.015 0.03
239 A 0.187 0.033 0.043 0.128 0.017 0.028 0.055 0.066 0.017 0.034 0.046 0.046 0.015 0.019 0.027 0.113 0.053 0.005 0.016 0.05
240 G 0.067 0.033 0.11 0.045 0.011 0.027 0.038 0.168 0.027 0.028 0.042 0.043 0.014 0.046 0.021 0.095 0.047 0.011 0.093 0.034
241 A 0.182 0.036 0.033 0.046 0.017 0.035 0.106 0.058 0.017 0.04 0.054 0.052 0.017 0.021 0.028 0.078 0.098 0.005 0.017 0.059
242 G 0.071 0.029 0.039 0.047 0.01 0.03 0.096 0.397 0.016 0.019 0.03 0.043 0.01 0.016 0.02 0.052 0.031 0.005 0.012 0.026
243 S 0.079 0.039 0.118 0.053 0.015 0.031 0.046 0.057 0.02 0.036 0.047 0.05 0.016 0.021 0.026 0.142 0.135 0.005 0.017 0.048
244 V 0.121 0.023 0.018 0.02 0.019 0.018 0.026 0.037 0.01 0.162 0.12 0.03 0.029 0.034 0.019 0.043 0.046 0.005 0.02 0.2
245 L 0.042 0.021 0.015 0.016 0.015 0.014 0.019 0.022 0.011 0.143 0.262 0.023 0.04 0.137 0.013 0.024 0.033 0.009 0.038 0.104
246 T 0.072 0.035 0.043 0.037 0.018 0.027 0.039 0.043 0.014 0.053 0.064 0.045 0.019 0.023 0.027 0.091 0.258 0.006 0.018 0.07
247 F 0.035 0.021 0.018 0.017 0.01 0.014 0.021 0.025 0.025 0.057 0.099 0.022 0.023 0.316 0.012 0.027 0.026 0.02 0.16 0.052
248 N 0.075 0.042 0.19 0.065 0.013 0.033 0.05 0.065 0.025 0.026 0.036 0.053 0.013 0.019 0.025 0.15 0.065 0.005 0.016 0.034
249 L 0.043 0.025 0.016 0.016 0.014 0.017 0.022 0.022 0.019 0.096 0.305 0.026 0.041 0.073 0.014 0.026 0.032 0.012 0.098 0.083
250 L 0.05 0.022 0.016 0.017 0.016 0.016 0.021 0.022 0.009 0.168 0.264 0.026 0.041 0.046 0.015 0.029 0.048 0.006 0.021 0.145
251 F 0.042 0.019 0.017 0.017 0.013 0.012 0.02 0.025 0.015 0.087 0.116 0.02 0.027 0.306 0.012 0.027 0.031 0.014 0.071 0.111
252 K 0.056 0.106 0.041 0.041 0.008 0.053 0.07 0.043 0.02 0.027 0.043 0.289 0.015 0.015 0.027 0.053 0.039 0.005 0.017 0.032
253 L 0.049 0.02 0.015 0.017 0.016 0.015 0.019 0.021 0.009 0.205 0.237 0.024 0.04 0.046 0.015 0.026 0.038 0.006 0.021 0.162
254 L 0.045 0.021 0.016 0.017 0.015 0.014 0.019 0.046 0.011 0.152 0.26 0.024 0.04 0.1 0.014 0.026 0.033 0.008 0.031 0.109
255 L 0.069 0.022 0.016 0.017 0.018 0.016 0.022 0.025 0.009 0.174 0.198 0.026 0.036 0.041 0.016 0.031 0.042 0.006 0.021 0.196
256 V 0.052 0.021 0.016 0.018 0.016 0.015 0.021 0.024 0.011 0.159 0.142 0.025 0.049 0.129 0.014 0.029 0.039 0.009 0.038 0.173
257 L 0.067 0.028 0.031 0.03 0.016 0.022 0.032 0.038 0.013 0.114 0.137 0.036 0.028 0.07 0.021 0.093 0.102 0.007 0.026 0.091
258 L 0.048 0.023 0.016 0.016 0.133 0.016 0.021 0.025 0.018 0.079 0.225 0.025 0.033 0.064 0.015 0.03 0.032 0.011 0.096 0.073
259 Y 0.038 0.025 0.02 0.018 0.009 0.019 0.025 0.025 0.039 0.048 0.079 0.028 0.02 0.196 0.014 0.029 0.027 0.025 0.268 0.048
260 D 0.048 0.028 0.035 0.132 0.129 0.029 0.108 0.034 0.017 0.038 0.06 0.039 0.016 0.112 0.018 0.043 0.033 0.007 0.032 0.041
261 L 0.043 0.023 0.016 0.016 0.014 0.017 0.021 0.022 0.019 0.138 0.251 0.026 0.038 0.07 0.014 0.026 0.033 0.012 0.098 0.102
262 R 0.05 0.133 0.109 0.045 0.01 0.038 0.05 0.043 0.021 0.06 0.059 0.124 0.017 0.021 0.022 0.056 0.068 0.005 0.017 0.053
263 L 0.044 0.126 0.027 0.026 0.011 0.032 0.04 0.03 0.017 0.057 0.146 0.113 0.026 0.121 0.018 0.036 0.033 0.009 0.036 0.053
264 R 0.053 0.178 0.085 0.042 0.009 0.041 0.05 0.137 0.022 0.023 0.039 0.131 0.013 0.017 0.021 0.051 0.037 0.005 0.016 0.029
265 K 0.066 0.077 0.041 0.039 0.011 0.043 0.059 0.045 0.024 0.03 0.046 0.19 0.016 0.035 0.026 0.092 0.047 0.009 0.067 0.037
266 I 0.052 0.042 0.025 0.026 0.014 0.025 0.033 0.029 0.012 0.189 0.122 0.092 0.029 0.034 0.019 0.04 0.066 0.006 0.019 0.126
267 K 0.052 0.099 0.044 0.04 0.008 0.07 0.069 0.041 0.108 0.026 0.042 0.194 0.016 0.019 0.024 0.05 0.036 0.006 0.027 0.03
268 S 0.071 0.076 0.038 0.048 0.013 0.037 0.107 0.042 0.018 0.09 0.072 0.059 0.02 0.025 0.023 0.112 0.053 0.005 0.018 0.071
269 Y 0.075 0.034 0.038 0.034 0.013 0.028 0.04 0.046 0.033 0.037 0.055 0.043 0.017 0.076 0.023 0.125 0.055 0.017 0.167 0.044
270 L 0.045 0.048 0.12 0.044 0.011 0.032 0.043 0.041 0.089 0.054 0.152 0.081 0.025 0.032 0.019 0.046 0.037 0.006 0.026 0.05
271 G 0.125 0.026 0.03 0.052 0.013 0.021 0.047 0.196 0.016 0.038 0.061 0.035 0.016 0.126 0.02 0.053 0.034 0.008 0.035 0.046
272 K 0.055 0.075 0.039 0.054 0.008 0.082 0.139 0.039 0.022 0.025 0.041 0.165 0.015 0.015 0.08 0.053 0.038 0.005 0.017 0.032
273 F 0.034 0.019 0.017 0.017 0.011 0.011 0.019 0.026 0.017 0.064 0.115 0.019 0.026 0.384 0.011 0.026 0.026 0.017 0.089 0.055
274 A 0.287 0.031 0.026 0.03 0.022 0.026 0.041 0.079 0.015 0.043 0.06 0.045 0.018 0.022 0.03 0.085 0.05 0.005 0.018 0.069
275 N 0.043 0.045 0.314 0.083 0.009 0.034 0.05 0.065 0.032 0.023 0.032 0.054 0.011 0.018 0.02 0.07 0.05 0.005 0.016 0.027
276 D 0.059 0.055 0.048 0.147 0.01 0.045 0.141 0.043 0.021 0.037 0.043 0.115 0.014 0.018 0.025 0.078 0.043 0.005 0.016 0.038
277 R 0.054 0.131 0.071 0.038 0.011 0.037 0.048 0.041 0.02 0.042 0.1 0.121 0.021 0.061 0.021 0.068 0.042 0.007 0.025 0.044
278 I 0.045 0.022 0.06 0.074 0.014 0.018 0.03 0.029 0.013 0.217 0.131 0.03 0.03 0.037 0.016 0.033 0.04 0.005 0.019 0.137
279 P 0.046 0.032 0.135 0.044 0.011 0.024 0.036 0.041 0.023 0.048 0.125 0.04 0.021 0.039 0.138 0.046 0.039 0.008 0.055 0.047
280 L 0.094 0.042 0.068 0.036 0.015 0.028 0.039 0.045 0.016 0.059 0.137 0.071 0.025 0.029 0.023 0.066 0.117 0.006 0.018 0.066
281 N 0.064 0.09 0.109 0.046 0.013 0.033 0.045 0.047 0.02 0.075 0.066 0.079 0.019 0.024 0.022 0.094 0.052 0.005 0.018 0.082
282 F 0.082 0.039 0.099 0.038 0.013 0.027 0.037 0.045 0.02 0.055 0.097 0.062 0.056 0.12 0.019 0.05 0.04 0.009 0.036 0.056
283 A 0.11 0.031 0.025 0.038 0.013 0.031 0.098 0.039 0.024 0.097 0.082 0.043 0.021 0.053 0.021 0.048 0.038 0.011 0.095 0.08
284 N 0.063 0.037 0.158 0.148 0.011 0.03 0.057 0.117 0.023 0.023 0.032 0.048 0.011 0.017 0.023 0.103 0.051 0.005 0.014 0.029
285 F 0.056 0.024 0.025 0.025 0.014 0.017 0.027 0.034 0.015 0.114 0.135 0.029 0.028 0.18 0.017 0.076 0.043 0.01 0.047 0.085
286 L 0.051 0.02 0.015 0.017 0.017 0.015 0.019 0.021 0.009 0.21 0.211 0.024 0.038 0.044 0.015 0.026 0.04 0.006 0.021 0.181
287 E 0.048 0.038 0.03 0.054 0.01 0.042 0.167 0.029 0.043 0.049 0.13 0.052 0.023 0.049 0.02 0.041 0.033 0.01 0.082 0.049
288 I 0.08 0.027 0.03 0.03 0.017 0.021 0.031 0.039 0.013 0.161 0.109 0.036 0.027 0.033 0.021 0.093 0.094 0.006 0.019 0.115
289 L 0.061 0.026 0.024 0.024 0.016 0.019 0.027 0.032 0.012 0.135 0.244 0.032 0.037 0.043 0.018 0.076 0.046 0.006 0.02 0.101
290 V 0.053 0.02 0.016 0.017 0.016 0.014 0.02 0.023 0.01 0.165 0.146 0.023 0.032 0.128 0.014 0.028 0.04 0.008 0.037 0.188
291 Y 0.106 0.027 0.02 0.02 0.014 0.02 0.028 0.037 0.028 0.062 0.147 0.032 0.026 0.097 0.018 0.042 0.034 0.016 0.162 0.064
292 L 0.058 0.024 0.022 0.022 0.017 0.018 0.025 0.027 0.01 0.153 0.186 0.03 0.034 0.039 0.018 0.043 0.095 0.006 0.02 0.155
293 L 0.05 0.03 0.018 0.019 0.016 0.025 0.026 0.026 0.014 0.103 0.242 0.033 0.142 0.049 0.015 0.033 0.038 0.008 0.023 0.092
294 L 0.044 0.022 0.014 0.016 0.016 0.015 0.019 0.021 0.01 0.156 0.33 0.025 0.046 0.051 0.014 0.024 0.034 0.007 0.022 0.115
295 F 0.039 0.02 0.015 0.016 0.013 0.012 0.019 0.023 0.013 0.13 0.194 0.021 0.034 0.222 0.012 0.025 0.031 0.012 0.054 0.094
296 I 0.047 0.02 0.015 0.018 0.016 0.016 0.019 0.021 0.01 0.238 0.192 0.025 0.058 0.045 0.015 0.026 0.039 0.006 0.021 0.154
297 D 0.04 0.029 0.068 0.406 0.007 0.029 0.09 0.046 0.018 0.022 0.028 0.044 0.009 0.015 0.022 0.051 0.035 0.004 0.011 0.024
298 V 0.063 0.021 0.016 0.018 0.018 0.015 0.022 0.023 0.008 0.192 0.138 0.025 0.032 0.037 0.016 0.03 0.046 0.006 0.02 0.253
299 Y 0.038 0.025 0.02 0.018 0.009 0.019 0.025 0.025 0.039 0.048 0.079 0.028 0.02 0.196 0.014 0.029 0.027 0.025 0.268 0.048
300 L 0.039 0.021 0.015 0.016 0.013 0.013 0.019 0.023 0.013 0.088 0.249 0.022 0.037 0.225 0.012 0.024 0.029 0.012 0.055 0.074
301 G 0.071 0.025 0.034 0.03 0.012 0.021 0.026 0.395 0.014 0.039 0.069 0.034 0.05 0.024 0.018 0.047 0.032 0.006 0.014 0.041
302 R 0.05 0.21 0.035 0.033 0.008 0.042 0.052 0.036 0.02 0.025 0.042 0.142 0.014 0.016 0.142 0.046 0.036 0.005 0.016 0.031
303 F 0.037 0.023 0.019 0.018 0.01 0.016 0.023 0.025 0.031 0.053 0.09 0.025 0.022 0.262 0.013 0.028 0.026 0.022 0.208 0.05
304 G 0.085 0.027 0.042 0.037 0.012 0.022 0.032 0.404 0.015 0.021 0.031 0.038 0.011 0.017 0.021 0.096 0.042 0.005 0.012 0.028
305 T 0.072 0.035 0.043 0.037 0.018 0.027 0.039 0.043 0.014 0.053 0.064 0.045 0.019 0.023 0.027 0.091 0.258 0.006 0.018 0.07
306 I 0.046 0.017 0.014 0.017 0.016 0.013 0.017 0.02 0.009 0.282 0.165 0.023 0.036 0.044 0.014 0.025 0.039 0.006 0.02 0.174
307 T 0.09 0.037 0.048 0.043 0.017 0.03 0.045 0.054 0.016 0.041 0.053 0.049 0.017 0.022 0.028 0.161 0.169 0.005 0.017 0.056
308 S 0.099 0.038 0.051 0.045 0.017 0.031 0.048 0.06 0.018 0.035 0.047 0.051 0.016 0.021 0.029 0.196 0.125 0.005 0.017 0.048
309 R 0.044 0.355 0.038 0.031 0.008 0.048 0.052 0.032 0.023 0.023 0.046 0.118 0.015 0.017 0.019 0.044 0.034 0.006 0.017 0.031
310 L 0.043 0.023 0.016 0.016 0.014 0.017 0.021 0.022 0.019 0.138 0.251 0.026 0.038 0.07 0.014 0.026 0.033 0.012 0.098 0.102
311 D 0.04 0.029 0.068 0.406 0.007 0.029 0.09 0.046 0.018 0.022 0.028 0.044 0.009 0.015 0.022 0.051 0.035 0.004 0.011 0.024
312 E 0.062 0.035 0.028 0.053 0.013 0.04 0.165 0.029 0.017 0.092 0.082 0.05 0.022 0.026 0.021 0.043 0.042 0.005 0.018 0.155
313 Y 0.04 0.028 0.021 0.018 0.009 0.021 0.028 0.025 0.046 0.043 0.067 0.031 0.018 0.129 0.015 0.031 0.028 0.028 0.328 0.046
314 F 0.033 0.019 0.017 0.017 0.01 0.01 0.019 0.025 0.017 0.062 0.113 0.019 0.025 0.396 0.01 0.025 0.025 0.017 0.087 0.054
315 I 0.054 0.022 0.022 0.022 0.017 0.017 0.023 0.026 0.01 0.218 0.138 0.029 0.032 0.038 0.018 0.042 0.094 0.006 0.02 0.153
316 P 0.056 0.025 0.023 0.031 0.01 0.02 0.036 0.036 0.013 0.025 0.036 0.041 0.01 0.013 0.501 0.043 0.036 0.003 0.013 0.031
317 A 0.178 0.024 0.02 0.023 0.137 0.019 0.028 0.052 0.011 0.103 0.087 0.033 0.022 0.027 0.022 0.058 0.043 0.005 0.017 0.091
318 F 0.038 0.022 0.017 0.017 0.012 0.015 0.021 0.026 0.016 0.072 0.133 0.023 0.062 0.309 0.012 0.028 0.029 0.014 0.072 0.063
319 L 0.044 0.022 0.014 0.016 0.016 0.015 0.019 0.021 0.01 0.156 0.33 0.025 0.046 0.051 0.014 0.024 0.034 0.007 0.022 0.115
320 I 0.047 0.018 0.015 0.017 0.016 0.013 0.018 0.021 0.009 0.267 0.175 0.023 0.037 0.044 0.015 0.025 0.039 0.006 0.02 0.175
