#Seq2Logo.py -f /work3/idamei/wzy_ssn/run/1e-50/run/150/MSAs/0009_117.afa -o /work3/idamei/wzy_ssn/run/1e-50/run/150/logos/0009_117.logo
#Position Specific Frequency Matrix
A R N D C Q E G H I L K M F P S T W Y V
0 L 0.051 0.031 0.02 0.02 0.016 0.027 0.027 0.027 0.016 0.098 0.192 0.035 0.181 0.047 0.016 0.035 0.039 0.008 0.024 0.09
1 N 0.043 0.045 0.315 0.083 0.009 0.034 0.05 0.065 0.032 0.023 0.032 0.054 0.011 0.018 0.02 0.07 0.05 0.005 0.016 0.027
2 A 0.288 0.031 0.026 0.03 0.022 0.026 0.041 0.079 0.015 0.043 0.06 0.045 0.018 0.022 0.03 0.085 0.05 0.005 0.018 0.069
3 Q 0.056 0.074 0.044 0.047 0.009 0.212 0.103 0.041 0.029 0.027 0.047 0.092 0.021 0.015 0.024 0.056 0.041 0.006 0.021 0.035
4 I 0.047 0.018 0.015 0.018 0.016 0.013 0.018 0.021 0.009 0.269 0.168 0.024 0.037 0.044 0.015 0.025 0.04 0.006 0.021 0.177
5 C 0.065 0.016 0.016 0.016 0.482 0.012 0.016 0.033 0.008 0.045 0.065 0.02 0.016 0.02 0.016 0.041 0.037 0.004 0.012 0.057
6 L 0.052 0.032 0.02 0.02 0.016 0.028 0.028 0.028 0.016 0.101 0.197 0.036 0.158 0.048 0.016 0.036 0.04 0.008 0.024 0.093
7 T 0.074 0.035 0.09 0.044 0.016 0.027 0.041 0.05 0.017 0.079 0.067 0.045 0.019 0.025 0.024 0.125 0.129 0.005 0.017 0.07
8 S 0.109 0.04 0.054 0.048 0.017 0.033 0.052 0.066 0.019 0.029 0.041 0.054 0.016 0.021 0.029 0.228 0.081 0.005 0.017 0.041
9 N 0.046 0.046 0.23 0.085 0.008 0.043 0.134 0.055 0.029 0.022 0.033 0.06 0.012 0.017 0.022 0.064 0.045 0.005 0.016 0.028
10 K 0.051 0.181 0.072 0.042 0.008 0.049 0.062 0.042 0.023 0.025 0.043 0.204 0.015 0.016 0.024 0.052 0.039 0.005 0.017 0.031
11 K 0.05 0.113 0.135 0.054 0.009 0.046 0.061 0.049 0.024 0.025 0.039 0.19 0.014 0.016 0.024 0.057 0.042 0.005 0.017 0.03
12 C 0.054 0.055 0.127 0.046 0.169 0.033 0.045 0.046 0.02 0.031 0.046 0.12 0.014 0.018 0.021 0.054 0.041 0.005 0.015 0.038
13 I 0.047 0.032 0.029 0.025 0.013 0.026 0.033 0.029 0.129 0.134 0.133 0.035 0.074 0.041 0.016 0.034 0.035 0.007 0.034 0.096
14 R 0.046 0.151 0.035 0.032 0.009 0.098 0.06 0.033 0.033 0.031 0.053 0.08 0.018 0.054 0.019 0.043 0.034 0.013 0.121 0.037
15 P 0.057 0.029 0.025 0.028 0.013 0.024 0.034 0.034 0.014 0.055 0.094 0.04 0.064 0.026 0.259 0.049 0.073 0.005 0.017 0.058
16 L 0.076 0.032 0.034 0.032 0.017 0.024 0.036 0.043 0.015 0.072 0.211 0.039 0.032 0.037 0.022 0.126 0.057 0.006 0.02 0.068
17 G 0.077 0.053 0.046 0.045 0.012 0.125 0.073 0.128 0.023 0.026 0.042 0.069 0.017 0.017 0.025 0.112 0.052 0.006 0.018 0.035
18 F 0.044 0.046 0.03 0.032 0.01 0.116 0.06 0.033 0.023 0.045 0.08 0.055 0.023 0.204 0.017 0.04 0.033 0.011 0.054 0.045
19 K 0.049 0.071 0.119 0.142 0.008 0.042 0.07 0.049 0.023 0.025 0.036 0.168 0.013 0.016 0.024 0.056 0.041 0.005 0.015 0.029
20 L 0.11 0.043 0.102 0.043 0.014 0.075 0.053 0.051 0.021 0.051 0.13 0.053 0.024 0.027 0.022 0.058 0.043 0.006 0.019 0.056
21 P 0.113 0.052 0.104 0.046 0.012 0.033 0.049 0.055 0.02 0.029 0.042 0.106 0.013 0.017 0.144 0.062 0.043 0.004 0.016 0.039
22 L 0.045 0.022 0.014 0.016 0.016 0.015 0.019 0.021 0.01 0.156 0.329 0.025 0.046 0.051 0.014 0.024 0.035 0.007 0.022 0.115
23 Y 0.091 0.026 0.024 0.023 0.014 0.02 0.028 0.036 0.024 0.081 0.086 0.032 0.022 0.124 0.019 0.048 0.072 0.015 0.135 0.082
24 L 0.038 0.021 0.015 0.016 0.013 0.013 0.019 0.023 0.013 0.087 0.251 0.022 0.037 0.228 0.012 0.024 0.029 0.012 0.054 0.074
25 C 0.052 0.021 0.017 0.017 0.254 0.016 0.02 0.027 0.021 0.055 0.119 0.024 0.022 0.061 0.015 0.034 0.032 0.012 0.121 0.059
26 L 0.052 0.023 0.015 0.016 0.017 0.016 0.021 0.022 0.009 0.129 0.303 0.025 0.043 0.047 0.015 0.027 0.038 0.006 0.021 0.158
27 L 0.044 0.023 0.014 0.015 0.016 0.015 0.019 0.021 0.01 0.142 0.353 0.024 0.046 0.052 0.014 0.024 0.034 0.007 0.021 0.107
28 A 0.216 0.026 0.022 0.025 0.017 0.02 0.033 0.059 0.015 0.049 0.076 0.035 0.02 0.148 0.023 0.064 0.041 0.009 0.04 0.063
29 A 0.241 0.033 0.034 0.035 0.02 0.027 0.043 0.072 0.016 0.038 0.052 0.047 0.016 0.021 0.029 0.135 0.059 0.005 0.017 0.058
30 F 0.054 0.022 0.028 0.025 0.012 0.016 0.024 0.193 0.015 0.046 0.075 0.028 0.019 0.21 0.016 0.044 0.066 0.011 0.05 0.046
31 L 0.051 0.023 0.019 0.02 0.016 0.016 0.023 0.025 0.011 0.131 0.208 0.027 0.035 0.102 0.016 0.037 0.074 0.008 0.031 0.128
32 P 0.115 0.031 0.033 0.036 0.014 0.025 0.041 0.052 0.015 0.029 0.041 0.045 0.013 0.017 0.267 0.115 0.052 0.004 0.015 0.04
33 L 0.043 0.024 0.014 0.015 0.016 0.016 0.02 0.021 0.01 0.113 0.391 0.025 0.048 0.053 0.014 0.024 0.033 0.007 0.022 0.094
34 G 0.074 0.028 0.04 0.035 0.014 0.023 0.032 0.282 0.013 0.035 0.046 0.039 0.014 0.019 0.023 0.07 0.147 0.006 0.014 0.046
35 S 0.096 0.04 0.1 0.053 0.016 0.032 0.051 0.065 0.021 0.028 0.039 0.053 0.015 0.02 0.027 0.21 0.075 0.005 0.017 0.038
36 T 0.072 0.059 0.043 0.04 0.014 0.036 0.051 0.046 0.017 0.04 0.053 0.13 0.017 0.02 0.027 0.102 0.159 0.005 0.017 0.052
37 L 0.041 0.02 0.015 0.016 0.014 0.013 0.019 0.022 0.012 0.154 0.222 0.022 0.036 0.166 0.013 0.024 0.032 0.01 0.043 0.107
38 G 0.076 0.022 0.038 0.033 0.011 0.018 0.025 0.522 0.013 0.018 0.028 0.033 0.009 0.016 0.018 0.05 0.029 0.005 0.011 0.024
39 V 0.108 0.023 0.018 0.019 0.019 0.018 0.026 0.033 0.009 0.141 0.116 0.028 0.029 0.033 0.018 0.041 0.048 0.005 0.02 0.25
40 I 0.079 0.022 0.02 0.022 0.017 0.017 0.023 0.03 0.01 0.212 0.148 0.029 0.032 0.038 0.018 0.042 0.077 0.006 0.019 0.139
41 I 0.045 0.018 0.015 0.017 0.014 0.013 0.019 0.022 0.011 0.192 0.14 0.022 0.031 0.161 0.013 0.026 0.036 0.009 0.042 0.152
42 S 0.122 0.033 0.04 0.038 0.017 0.027 0.042 0.056 0.017 0.04 0.059 0.044 0.018 0.085 0.026 0.152 0.096 0.007 0.029 0.052
43 W 0.03 0.022 0.015 0.015 0.007 0.015 0.022 0.03 0.015 0.03 0.052 0.022 0.015 0.059 0.007 0.022 0.022 0.505 0.067 0.03
44 L 0.057 0.021 0.019 0.019 0.095 0.015 0.02 0.107 0.01 0.123 0.194 0.025 0.031 0.037 0.015 0.032 0.036 0.006 0.018 0.121
45 I 0.067 0.024 0.026 0.025 0.097 0.019 0.027 0.034 0.011 0.144 0.104 0.031 0.026 0.031 0.019 0.075 0.084 0.005 0.018 0.133
46 L 0.041 0.02 0.015 0.016 0.014 0.013 0.019 0.022 0.012 0.154 0.222 0.022 0.036 0.166 0.013 0.024 0.032 0.01 0.043 0.107
47 P 0.055 0.025 0.023 0.03 0.01 0.02 0.035 0.035 0.013 0.025 0.035 0.04 0.01 0.013 0.506 0.043 0.035 0.003 0.013 0.03
48 L 0.081 0.024 0.018 0.019 0.017 0.017 0.024 0.03 0.01 0.137 0.253 0.028 0.038 0.043 0.017 0.044 0.041 0.006 0.02 0.133
49 I 0.047 0.019 0.015 0.017 0.015 0.014 0.019 0.022 0.01 0.2 0.187 0.023 0.035 0.103 0.014 0.026 0.037 0.008 0.031 0.159
50 A 0.145 0.028 0.029 0.029 0.017 0.022 0.034 0.051 0.014 0.086 0.083 0.038 0.022 0.088 0.023 0.091 0.084 0.007 0.029 0.078
51 I 0.043 0.019 0.015 0.017 0.015 0.013 0.018 0.021 0.01 0.222 0.193 0.023 0.036 0.105 0.014 0.024 0.035 0.008 0.031 0.14
52 F 0.045 0.023 0.021 0.02 0.013 0.016 0.023 0.026 0.018 0.123 0.126 0.026 0.027 0.174 0.015 0.036 0.07 0.013 0.094 0.09
53 C 0.065 0.016 0.016 0.016 0.485 0.012 0.016 0.032 0.008 0.045 0.065 0.02 0.016 0.02 0.016 0.041 0.037 0.004 0.012 0.057
54 F 0.034 0.019 0.017 0.017 0.011 0.011 0.019 0.025 0.017 0.063 0.114 0.019 0.025 0.388 0.011 0.025 0.025 0.017 0.089 0.055
55 G 0.078 0.023 0.039 0.034 0.011 0.019 0.026 0.511 0.013 0.019 0.028 0.034 0.009 0.016 0.019 0.051 0.03 0.005 0.011 0.024
56 L 0.049 0.023 0.02 0.019 0.015 0.016 0.023 0.026 0.012 0.094 0.199 0.026 0.033 0.161 0.015 0.037 0.071 0.01 0.042 0.109
57 T 0.072 0.031 0.039 0.034 0.015 0.024 0.035 0.123 0.015 0.044 0.062 0.04 0.018 0.085 0.023 0.098 0.155 0.007 0.028 0.054
58 L 0.046 0.022 0.015 0.016 0.015 0.015 0.02 0.022 0.011 0.112 0.3 0.024 0.042 0.108 0.014 0.025 0.034 0.008 0.032 0.119
59 L 0.054 0.025 0.02 0.021 0.016 0.018 0.025 0.028 0.011 0.128 0.295 0.029 0.041 0.046 0.016 0.06 0.042 0.006 0.021 0.098
60 K 0.049 0.067 0.085 0.048 0.009 0.039 0.09 0.038 0.084 0.042 0.052 0.092 0.016 0.039 0.02 0.047 0.037 0.009 0.076 0.06
61 S 0.077 0.061 0.095 0.05 0.013 0.039 0.056 0.056 0.021 0.028 0.041 0.133 0.015 0.018 0.027 0.14 0.071 0.005 0.017 0.037
62 R 0.048 0.262 0.036 0.032 0.008 0.044 0.051 0.034 0.021 0.024 0.043 0.134 0.014 0.016 0.101 0.045 0.035 0.005 0.016 0.031
63 K 0.054 0.105 0.028 0.027 0.012 0.032 0.042 0.032 0.016 0.077 0.083 0.13 0.022 0.086 0.019 0.039 0.039 0.007 0.03 0.12
64 F 0.047 0.019 0.016 0.017 0.014 0.013 0.02 0.024 0.012 0.133 0.125 0.022 0.029 0.22 0.013 0.027 0.035 0.011 0.053 0.151
65 H 0.043 0.044 0.105 0.043 0.008 0.065 0.052 0.04 0.148 0.028 0.045 0.05 0.016 0.052 0.019 0.046 0.034 0.012 0.118 0.032
66 R 0.051 0.207 0.035 0.031 0.011 0.039 0.046 0.033 0.018 0.073 0.068 0.119 0.019 0.022 0.021 0.05 0.074 0.006 0.018 0.061
67 R 0.054 0.168 0.088 0.043 0.01 0.043 0.055 0.044 0.022 0.039 0.048 0.154 0.016 0.018 0.023 0.071 0.043 0.005 0.017 0.039
68 G 0.103 0.028 0.082 0.038 0.012 0.022 0.032 0.288 0.022 0.027 0.04 0.038 0.012 0.036 0.02 0.055 0.035 0.009 0.066 0.035
69 L 0.044 0.019 0.015 0.017 0.014 0.013 0.019 0.022 0.011 0.17 0.18 0.022 0.034 0.163 0.013 0.025 0.034 0.009 0.043 0.132
70 L 0.048 0.022 0.016 0.017 0.015 0.016 0.021 0.022 0.015 0.168 0.217 0.025 0.036 0.059 0.015 0.026 0.036 0.01 0.073 0.144
71 L 0.042 0.022 0.016 0.017 0.014 0.016 0.021 0.024 0.013 0.136 0.191 0.025 0.071 0.165 0.013 0.027 0.033 0.01 0.043 0.099
72 F 0.132 0.024 0.019 0.021 0.016 0.017 0.026 0.041 0.013 0.08 0.143 0.029 0.027 0.156 0.018 0.045 0.038 0.009 0.042 0.104
73 F 0.053 0.023 0.022 0.022 0.014 0.016 0.024 0.03 0.013 0.114 0.157 0.027 0.03 0.18 0.015 0.061 0.04 0.01 0.046 0.104
74 L 0.042 0.022 0.017 0.018 0.013 0.014 0.021 0.026 0.013 0.107 0.184 0.023 0.031 0.167 0.013 0.036 0.032 0.093 0.05 0.08
75 S 0.079 0.029 0.038 0.035 0.015 0.023 0.036 0.127 0.016 0.076 0.071 0.039 0.019 0.087 0.022 0.136 0.055 0.007 0.028 0.062
76 I 0.051 0.019 0.015 0.017 0.016 0.014 0.019 0.022 0.01 0.198 0.155 0.023 0.033 0.101 0.014 0.027 0.039 0.007 0.031 0.186
77 I 0.08 0.02 0.016 0.019 0.017 0.015 0.021 0.028 0.009 0.227 0.146 0.026 0.033 0.039 0.017 0.033 0.043 0.006 0.02 0.186
78 F 0.043 0.02 0.016 0.016 0.014 0.013 0.019 0.023 0.013 0.125 0.169 0.021 0.032 0.223 0.013 0.026 0.032 0.011 0.054 0.119
79 L 0.04 0.021 0.015 0.016 0.014 0.014 0.019 0.022 0.012 0.125 0.26 0.022 0.038 0.168 0.013 0.024 0.031 0.01 0.043 0.094
80 I 0.051 0.017 0.015 0.017 0.096 0.013 0.018 0.022 0.008 0.234 0.143 0.023 0.032 0.038 0.015 0.028 0.039 0.005 0.019 0.166
81 L 0.07 0.029 0.032 0.03 0.016 0.023 0.033 0.039 0.013 0.114 0.169 0.037 0.03 0.035 0.021 0.107 0.088 0.006 0.019 0.09
82 N 0.089 0.037 0.177 0.052 0.013 0.03 0.04 0.054 0.023 0.051 0.089 0.045 0.069 0.028 0.02 0.06 0.045 0.006 0.018 0.054
83 Y 0.14 0.03 0.028 0.027 0.014 0.024 0.035 0.048 0.031 0.04 0.06 0.038 0.017 0.074 0.022 0.083 0.043 0.016 0.176 0.052
84 G 0.071 0.025 0.034 0.031 0.013 0.019 0.028 0.254 0.014 0.073 0.067 0.033 0.018 0.086 0.019 0.084 0.041 0.007 0.026 0.057
85 L 0.044 0.021 0.015 0.017 0.015 0.015 0.02 0.021 0.015 0.189 0.223 0.025 0.037 0.061 0.014 0.025 0.035 0.01 0.073 0.125
86 V 0.076 0.029 0.033 0.031 0.017 0.022 0.034 0.041 0.014 0.082 0.085 0.037 0.023 0.089 0.021 0.11 0.091 0.007 0.03 0.13
87 G 0.151 0.025 0.034 0.032 0.014 0.021 0.03 0.369 0.014 0.027 0.038 0.037 0.012 0.018 0.022 0.062 0.036 0.005 0.013 0.039
88 Y 0.05 0.025 0.018 0.017 0.013 0.019 0.025 0.024 0.027 0.094 0.141 0.028 0.027 0.084 0.015 0.03 0.035 0.017 0.178 0.134
89 F 0.056 0.049 0.036 0.036 0.011 0.126 0.065 0.039 0.023 0.038 0.067 0.059 0.021 0.145 0.02 0.075 0.042 0.009 0.042 0.042
90 Y 0.041 0.026 0.019 0.017 0.011 0.019 0.025 0.023 0.034 0.066 0.175 0.029 0.028 0.103 0.015 0.028 0.029 0.021 0.23 0.062
91 V 0.099 0.025 0.035 0.151 0.015 0.022 0.048 0.04 0.012 0.095 0.082 0.035 0.021 0.026 0.02 0.047 0.044 0.005 0.017 0.162
92 D 0.055 0.032 0.051 0.232 0.01 0.033 0.108 0.043 0.018 0.067 0.054 0.047 0.015 0.021 0.022 0.078 0.043 0.005 0.014 0.052
93 F 0.036 0.023 0.019 0.017 0.01 0.016 0.023 0.025 0.031 0.052 0.089 0.024 0.022 0.265 0.013 0.028 0.026 0.022 0.211 0.05
94 N 0.075 0.052 0.234 0.066 0.011 0.035 0.05 0.06 0.026 0.027 0.037 0.092 0.013 0.018 0.022 0.068 0.059 0.005 0.016 0.034
95 S 0.081 0.053 0.046 0.06 0.012 0.046 0.142 0.051 0.021 0.026 0.039 0.1 0.014 0.018 0.027 0.146 0.058 0.005 0.017 0.036
96 R 0.046 0.318 0.038 0.032 0.008 0.048 0.054 0.034 0.022 0.023 0.045 0.147 0.015 0.017 0.02 0.045 0.035 0.006 0.017 0.031
97 L 0.05 0.021 0.015 0.016 0.016 0.015 0.02 0.022 0.01 0.149 0.218 0.024 0.037 0.104 0.014 0.027 0.038 0.008 0.032 0.165
98 I 0.048 0.032 0.076 0.051 0.012 0.033 0.121 0.032 0.018 0.155 0.099 0.045 0.024 0.03 0.019 0.041 0.039 0.005 0.018 0.101
99 F 0.051 0.026 0.075 0.033 0.013 0.019 0.028 0.036 0.017 0.125 0.104 0.031 0.025 0.155 0.016 0.068 0.043 0.009 0.041 0.087
100 N 0.042 0.044 0.334 0.081 0.009 0.033 0.048 0.064 0.031 0.022 0.031 0.053 0.011 0.018 0.02 0.068 0.048 0.004 0.015 0.026
101 L 0.052 0.025 0.017 0.017 0.016 0.019 0.023 0.024 0.016 0.114 0.216 0.028 0.06 0.059 0.015 0.03 0.038 0.01 0.074 0.149
102 L 0.045 0.021 0.016 0.016 0.094 0.015 0.02 0.024 0.016 0.11 0.198 0.024 0.032 0.117 0.014 0.028 0.032 0.011 0.083 0.086
103 L 0.043 0.024 0.014 0.015 0.016 0.016 0.02 0.021 0.01 0.113 0.391 0.025 0.048 0.053 0.014 0.024 0.033 0.007 0.022 0.094
104 S 0.174 0.036 0.044 0.041 0.018 0.03 0.047 0.069 0.017 0.033 0.047 0.05 0.016 0.021 0.029 0.187 0.07 0.005 0.017 0.05
105 L 0.048 0.021 0.014 0.016 0.016 0.015 0.019 0.021 0.009 0.179 0.271 0.024 0.041 0.047 0.014 0.025 0.037 0.006 0.021 0.152
106 V 0.057 0.019 0.015 0.017 0.017 0.015 0.02 0.022 0.008 0.225 0.145 0.024 0.033 0.039 0.015 0.028 0.044 0.006 0.02 0.23
107 G 0.076 0.022 0.038 0.033 0.011 0.018 0.025 0.522 0.013 0.018 0.028 0.033 0.009 0.016 0.018 0.05 0.029 0.005 0.011 0.024
108 C 0.053 0.02 0.016 0.016 0.255 0.015 0.019 0.028 0.011 0.067 0.147 0.023 0.05 0.094 0.015 0.034 0.034 0.007 0.028 0.067
109 F 0.035 0.018 0.016 0.017 0.011 0.011 0.018 0.024 0.015 0.1 0.12 0.019 0.027 0.342 0.011 0.025 0.027 0.015 0.076 0.073
110 Y 0.04 0.028 0.022 0.018 0.009 0.022 0.028 0.025 0.046 0.043 0.068 0.031 0.018 0.129 0.015 0.031 0.028 0.028 0.325 0.046
111 L 0.054 0.028 0.022 0.022 0.016 0.023 0.027 0.029 0.014 0.095 0.146 0.032 0.103 0.1 0.017 0.042 0.076 0.009 0.032 0.113
112 A 0.16 0.029 0.031 0.031 0.099 0.024 0.037 0.056 0.014 0.058 0.065 0.04 0.019 0.023 0.025 0.119 0.057 0.005 0.017 0.093
113 V 0.1 0.023 0.017 0.019 0.018 0.017 0.024 0.032 0.009 0.154 0.166 0.028 0.032 0.037 0.018 0.038 0.044 0.006 0.02 0.199
114 V 0.067 0.024 0.022 0.023 0.097 0.019 0.026 0.032 0.011 0.13 0.119 0.03 0.052 0.033 0.018 0.067 0.048 0.006 0.019 0.155
115 F 0.042 0.02 0.02 0.019 0.011 0.013 0.02 0.107 0.015 0.063 0.144 0.022 0.026 0.279 0.012 0.029 0.027 0.013 0.063 0.055
116 F 0.035 0.021 0.018 0.017 0.01 0.014 0.021 0.025 0.026 0.055 0.097 0.023 0.023 0.31 0.012 0.027 0.026 0.02 0.169 0.051
117 S 0.077 0.052 0.144 0.058 0.013 0.036 0.053 0.061 0.023 0.026 0.038 0.093 0.014 0.019 0.026 0.151 0.063 0.005 0.016 0.035
118 R 0.059 0.116 0.04 0.095 0.011 0.034 0.053 0.039 0.021 0.05 0.057 0.099 0.017 0.032 0.022 0.075 0.044 0.007 0.052 0.076
119 G 0.064 0.131 0.1 0.046 0.01 0.036 0.048 0.144 0.021 0.024 0.038 0.098 0.013 0.017 0.022 0.09 0.046 0.005 0.015 0.031
120 N 0.043 0.045 0.318 0.083 0.009 0.034 0.049 0.065 0.031 0.022 0.031 0.054 0.011 0.018 0.02 0.07 0.049 0.004 0.016 0.027
121 L 0.077 0.032 0.034 0.032 0.017 0.025 0.036 0.044 0.015 0.072 0.211 0.039 0.032 0.038 0.022 0.125 0.057 0.006 0.02 0.069
122 L 0.051 0.023 0.021 0.021 0.014 0.016 0.024 0.029 0.013 0.111 0.201 0.027 0.033 0.162 0.015 0.06 0.039 0.01 0.042 0.085
123 N 0.046 0.04 0.241 0.129 0.01 0.031 0.053 0.057 0.026 0.027 0.036 0.05 0.012 0.018 0.021 0.069 0.082 0.004 0.015 0.033
124 F 0.038 0.024 0.031 0.086 0.01 0.018 0.036 0.03 0.075 0.086 0.094 0.028 0.022 0.215 0.014 0.032 0.029 0.011 0.058 0.063
125 F 0.05 0.041 0.085 0.101 0.011 0.027 0.047 0.041 0.019 0.077 0.073 0.079 0.019 0.107 0.019 0.065 0.041 0.007 0.032 0.059
126 S 0.109 0.045 0.043 0.099 0.013 0.032 0.055 0.053 0.023 0.032 0.046 0.086 0.015 0.037 0.025 0.116 0.052 0.009 0.069 0.042
127 L 0.04 0.022 0.015 0.015 0.014 0.014 0.019 0.022 0.012 0.096 0.298 0.023 0.041 0.17 0.013 0.024 0.03 0.01 0.043 0.08
128 S 0.078 0.044 0.038 0.036 0.015 0.03 0.043 0.046 0.016 0.086 0.12 0.084 0.024 0.029 0.024 0.136 0.058 0.005 0.018 0.07
129 R 0.063 0.167 0.042 0.038 0.011 0.043 0.055 0.043 0.02 0.03 0.047 0.154 0.016 0.018 0.025 0.087 0.082 0.005 0.017 0.039
130 A 0.263 0.029 0.023 0.027 0.02 0.023 0.036 0.067 0.014 0.054 0.113 0.04 0.022 0.026 0.026 0.073 0.046 0.006 0.018 0.072
131 I 0.046 0.017 0.014 0.017 0.016 0.013 0.017 0.02 0.009 0.289 0.164 0.023 0.036 0.043 0.014 0.024 0.039 0.006 0.02 0.172
132 K 0.049 0.07 0.082 0.172 0.008 0.043 0.087 0.045 0.021 0.024 0.036 0.172 0.012 0.015 0.024 0.054 0.038 0.005 0.015 0.029
133 L 0.045 0.033 0.019 0.02 0.014 0.02 0.027 0.025 0.012 0.168 0.185 0.068 0.033 0.101 0.016 0.029 0.035 0.008 0.031 0.112
134 V 0.068 0.026 0.025 0.024 0.018 0.02 0.028 0.03 0.01 0.132 0.108 0.032 0.027 0.031 0.02 0.051 0.12 0.006 0.019 0.208
135 L 0.044 0.022 0.014 0.016 0.016 0.015 0.019 0.021 0.009 0.171 0.315 0.024 0.044 0.05 0.014 0.024 0.035 0.007 0.021 0.12
136 L 0.067 0.027 0.028 0.027 0.016 0.02 0.03 0.037 0.014 0.094 0.171 0.033 0.03 0.097 0.019 0.097 0.05 0.008 0.031 0.106
137 I 0.094 0.02 0.017 0.019 0.017 0.016 0.022 0.03 0.009 0.219 0.138 0.027 0.032 0.038 0.017 0.036 0.043 0.006 0.02 0.18
138 N 0.049 0.043 0.255 0.07 0.009 0.034 0.049 0.059 0.086 0.023 0.033 0.051 0.012 0.02 0.021 0.082 0.048 0.005 0.022 0.027
139 L 0.053 0.021 0.015 0.016 0.097 0.015 0.019 0.023 0.009 0.131 0.252 0.024 0.038 0.043 0.015 0.028 0.037 0.006 0.02 0.139
140 L 0.053 0.02 0.015 0.016 0.097 0.014 0.019 0.023 0.009 0.161 0.215 0.024 0.036 0.041 0.015 0.028 0.038 0.006 0.019 0.152
141 L 0.13 0.025 0.018 0.02 0.017 0.018 0.026 0.04 0.012 0.081 0.233 0.03 0.034 0.101 0.018 0.044 0.037 0.008 0.031 0.078
142 F 0.033 0.019 0.016 0.016 0.01 0.01 0.019 0.025 0.016 0.062 0.111 0.019 0.025 0.402 0.01 0.025 0.025 0.016 0.087 0.054
143 L 0.051 0.027 0.023 0.022 0.013 0.019 0.027 0.03 0.024 0.067 0.178 0.03 0.029 0.131 0.016 0.062 0.037 0.015 0.136 0.062
144 I 0.047 0.02 0.015 0.018 0.016 0.015 0.019 0.021 0.01 0.257 0.169 0.025 0.06 0.044 0.015 0.026 0.039 0.006 0.021 0.159
145 Q 0.055 0.072 0.043 0.046 0.009 0.234 0.1 0.04 0.029 0.026 0.046 0.089 0.02 0.014 0.023 0.055 0.04 0.006 0.02 0.034
146 F 0.033 0.019 0.016 0.016 0.01 0.01 0.019 0.025 0.016 0.062 0.111 0.019 0.025 0.402 0.01 0.025 0.025 0.016 0.087 0.054
147 L 0.05 0.02 0.015 0.017 0.016 0.014 0.019 0.021 0.009 0.211 0.219 0.024 0.038 0.044 0.015 0.026 0.039 0.006 0.021 0.176
148 S 0.141 0.038 0.048 0.045 0.018 0.031 0.049 0.067 0.018 0.031 0.044 0.051 0.016 0.021 0.029 0.213 0.075 0.005 0.017 0.045
149 Y 0.038 0.025 0.02 0.018 0.009 0.019 0.025 0.024 0.039 0.047 0.077 0.028 0.02 0.189 0.014 0.029 0.027 0.025 0.279 0.047
150 Y 0.04 0.027 0.021 0.018 0.009 0.021 0.027 0.024 0.046 0.043 0.067 0.03 0.018 0.128 0.015 0.03 0.027 0.027 0.334 0.046
151 L 0.095 0.023 0.017 0.018 0.017 0.017 0.024 0.032 0.011 0.111 0.186 0.027 0.032 0.099 0.017 0.037 0.04 0.008 0.031 0.158
152 F 0.036 0.02 0.016 0.016 0.012 0.012 0.019 0.023 0.014 0.079 0.205 0.021 0.033 0.286 0.012 0.024 0.027 0.013 0.065 0.067
153 H 0.046 0.053 0.128 0.05 0.008 0.037 0.052 0.072 0.198 0.023 0.036 0.088 0.014 0.023 0.02 0.051 0.034 0.006 0.036 0.025
154 Y 0.037 0.024 0.02 0.018 0.009 0.018 0.024 0.024 0.036 0.049 0.082 0.026 0.02 0.219 0.014 0.029 0.026 0.024 0.252 0.048
155 V 0.049 0.096 0.077 0.034 0.011 0.03 0.039 0.034 0.023 0.094 0.079 0.091 0.021 0.043 0.019 0.042 0.039 0.009 0.071 0.099
156 L 0.045 0.019 0.014 0.016 0.016 0.014 0.018 0.02 0.009 0.23 0.239 0.024 0.04 0.047 0.014 0.024 0.037 0.006 0.021 0.146
157 D 0.04 0.029 0.067 0.412 0.007 0.029 0.089 0.045 0.018 0.022 0.027 0.044 0.009 0.015 0.022 0.051 0.035 0.004 0.011 0.024
158 Y 0.04 0.027 0.021 0.018 0.009 0.021 0.027 0.024 0.046 0.043 0.067 0.03 0.018 0.128 0.015 0.03 0.027 0.027 0.334 0.046
159 N 0.074 0.041 0.193 0.064 0.013 0.033 0.05 0.064 0.025 0.025 0.036 0.053 0.013 0.019 0.024 0.153 0.064 0.005 0.016 0.034
160 L 0.045 0.088 0.023 0.023 0.013 0.057 0.038 0.026 0.015 0.083 0.276 0.051 0.038 0.041 0.016 0.032 0.034 0.007 0.021 0.073
161 L 0.075 0.026 0.016 0.017 0.017 0.019 0.023 0.028 0.011 0.105 0.306 0.029 0.066 0.048 0.016 0.033 0.036 0.007 0.021 0.101
162 T 0.089 0.037 0.048 0.042 0.017 0.03 0.045 0.054 0.016 0.04 0.052 0.049 0.017 0.022 0.028 0.165 0.172 0.005 0.017 0.055
163 G 0.076 0.022 0.038 0.033 0.011 0.018 0.025 0.522 0.013 0.018 0.028 0.033 0.009 0.016 0.018 0.05 0.029 0.005 0.011 0.024
164 G 0.076 0.022 0.038 0.033 0.011 0.018 0.025 0.522 0.013 0.018 0.028 0.033 0.009 0.016 0.018 0.05 0.029 0.005 0.011 0.024
165 L 0.045 0.021 0.016 0.018 0.014 0.015 0.021 0.024 0.011 0.148 0.209 0.026 0.034 0.101 0.095 0.027 0.034 0.007 0.03 0.103
166 G 0.076 0.022 0.038 0.033 0.011 0.018 0.025 0.522 0.013 0.018 0.028 0.033 0.009 0.016 0.018 0.05 0.029 0.005 0.011 0.024
167 G 0.12 0.031 0.04 0.037 0.016 0.025 0.037 0.213 0.015 0.034 0.046 0.042 0.015 0.02 0.025 0.109 0.109 0.005 0.015 0.047
168 R 0.044 0.361 0.038 0.03 0.008 0.047 0.051 0.032 0.023 0.023 0.045 0.117 0.015 0.017 0.019 0.044 0.034 0.006 0.017 0.03
169 N 0.039 0.036 0.181 0.052 0.009 0.026 0.039 0.046 0.083 0.035 0.059 0.04 0.016 0.148 0.016 0.049 0.037 0.009 0.046 0.035
170 D 0.041 0.03 0.039 0.161 0.008 0.029 0.094 0.033 0.028 0.035 0.056 0.04 0.015 0.117 0.018 0.04 0.031 0.014 0.132 0.037
171 W 0.035 0.028 0.023 0.02 0.008 0.021 0.029 0.029 0.084 0.033 0.054 0.029 0.016 0.077 0.012 0.028 0.025 0.263 0.154 0.034
172 G 0.07 0.023 0.043 0.096 0.01 0.02 0.036 0.443 0.014 0.019 0.028 0.035 0.009 0.016 0.019 0.05 0.03 0.005 0.011 0.024
173 E 0.072 0.04 0.049 0.12 0.012 0.041 0.143 0.048 0.02 0.029 0.041 0.057 0.014 0.018 0.026 0.121 0.089 0.005 0.016 0.039
174 L 0.044 0.023 0.014 0.015 0.016 0.015 0.019 0.021 0.01 0.142 0.353 0.024 0.046 0.052 0.014 0.024 0.034 0.007 0.021 0.107
175 F 0.035 0.021 0.018 0.017 0.01 0.014 0.021 0.025 0.026 0.055 0.097 0.023 0.023 0.31 0.012 0.027 0.026 0.02 0.169 0.051
176 R 0.044 0.361 0.038 0.03 0.008 0.047 0.051 0.032 0.023 0.023 0.045 0.117 0.015 0.017 0.019 0.044 0.034 0.006 0.017 0.03
177 A 0.268 0.031 0.028 0.03 0.02 0.025 0.039 0.071 0.014 0.044 0.059 0.044 0.017 0.021 0.029 0.084 0.085 0.005 0.017 0.067
178 A 0.168 0.035 0.042 0.04 0.018 0.029 0.045 0.065 0.016 0.037 0.05 0.048 0.017 0.021 0.029 0.162 0.1 0.005 0.017 0.054
179 G 0.076 0.022 0.038 0.033 0.011 0.018 0.025 0.522 0.013 0.018 0.028 0.033 0.009 0.016 0.018 0.05 0.029 0.005 0.011 0.024
180 I 0.042 0.018 0.015 0.017 0.014 0.012 0.018 0.022 0.011 0.213 0.146 0.022 0.032 0.163 0.013 0.025 0.034 0.009 0.042 0.133
181 F 0.034 0.02 0.017 0.017 0.01 0.012 0.02 0.025 0.021 0.059 0.104 0.021 0.024 0.356 0.011 0.026 0.025 0.018 0.128 0.052
182 D 0.041 0.036 0.2 0.247 0.008 0.031 0.069 0.055 0.024 0.022 0.029 0.048 0.01 0.016 0.021 0.059 0.041 0.004 0.013 0.025
183 E 0.054 0.048 0.04 0.088 0.007 0.063 0.314 0.034 0.025 0.022 0.036 0.074 0.013 0.016 0.025 0.054 0.036 0.005 0.016 0.031
184 P 0.055 0.025 0.023 0.03 0.01 0.02 0.035 0.035 0.013 0.025 0.035 0.04 0.01 0.013 0.506 0.043 0.035 0.003 0.013 0.03
185 A 0.307 0.03 0.025 0.029 0.021 0.025 0.04 0.076 0.014 0.042 0.058 0.043 0.017 0.021 0.029 0.083 0.049 0.005 0.017 0.067
186 E 0.061 0.035 0.028 0.053 0.013 0.04 0.168 0.029 0.017 0.091 0.082 0.05 0.022 0.026 0.021 0.043 0.042 0.005 0.018 0.159
187 Y 0.038 0.026 0.02 0.018 0.009 0.019 0.026 0.024 0.041 0.046 0.074 0.028 0.019 0.173 0.014 0.029 0.027 0.026 0.293 0.047
188 S 0.141 0.038 0.048 0.045 0.018 0.031 0.049 0.067 0.018 0.031 0.044 0.051 0.016 0.021 0.029 0.213 0.075 0.005 0.017 0.045
189 L 0.077 0.033 0.034 0.032 0.016 0.026 0.037 0.044 0.015 0.068 0.183 0.04 0.054 0.036 0.022 0.133 0.057 0.006 0.02 0.067
190 H 0.174 0.037 0.039 0.033 0.014 0.031 0.046 0.057 0.193 0.032 0.048 0.044 0.016 0.025 0.024 0.062 0.037 0.006 0.036 0.045
191 I 0.048 0.024 0.017 0.018 0.016 0.02 0.022 0.024 0.012 0.193 0.178 0.029 0.108 0.045 0.015 0.03 0.039 0.007 0.022 0.131
192 V 0.111 0.027 0.028 0.028 0.018 0.022 0.032 0.042 0.012 0.122 0.097 0.036 0.025 0.03 0.022 0.083 0.088 0.005 0.019 0.154
193 A 0.148 0.026 0.023 0.024 0.099 0.02 0.03 0.046 0.011 0.084 0.083 0.034 0.022 0.026 0.022 0.06 0.082 0.005 0.017 0.139
194 L 0.043 0.024 0.014 0.015 0.016 0.016 0.02 0.021 0.01 0.113 0.391 0.025 0.048 0.053 0.014 0.024 0.033 0.007 0.022 0.094
195 V 0.057 0.023 0.02 0.02 0.017 0.017 0.023 0.025 0.009 0.177 0.173 0.028 0.034 0.039 0.017 0.038 0.079 0.006 0.02 0.18
196 V 0.075 0.027 0.027 0.026 0.018 0.021 0.03 0.034 0.011 0.121 0.102 0.033 0.026 0.03 0.02 0.076 0.09 0.005 0.019 0.21
197 L 0.059 0.028 0.023 0.024 0.016 0.023 0.028 0.031 0.014 0.15 0.157 0.034 0.105 0.041 0.017 0.066 0.046 0.007 0.021 0.109
198 L 0.053 0.156 0.032 0.029 0.012 0.036 0.045 0.034 0.017 0.054 0.159 0.119 0.026 0.029 0.02 0.061 0.04 0.006 0.019 0.053
199 Y 0.039 0.027 0.021 0.018 0.009 0.021 0.027 0.024 0.044 0.044 0.069 0.03 0.019 0.143 0.015 0.03 0.027 0.027 0.321 0.046
200 L 0.046 0.025 0.016 0.017 0.016 0.019 0.022 0.023 0.012 0.137 0.287 0.028 0.091 0.05 0.015 0.028 0.036 0.007 0.022 0.106
201 I 0.048 0.036 0.024 0.026 0.013 0.087 0.045 0.027 0.015 0.172 0.162 0.045 0.033 0.035 0.017 0.034 0.038 0.006 0.02 0.113
202 E 0.065 0.051 0.091 0.063 0.01 0.044 0.137 0.127 0.022 0.023 0.036 0.097 0.013 0.017 0.024 0.086 0.045 0.005 0.015 0.031
203 R 0.062 0.208 0.041 0.035 0.01 0.041 0.05 0.121 0.02 0.024 0.041 0.122 0.014 0.017 0.022 0.079 0.042 0.005 0.016 0.031
204 K 0.053 0.092 0.037 0.037 0.009 0.047 0.062 0.039 0.024 0.03 0.046 0.251 0.016 0.034 0.025 0.049 0.037 0.009 0.07 0.034
205 L 0.045 0.022 0.02 0.02 0.014 0.015 0.022 0.025 0.012 0.144 0.167 0.025 0.031 0.161 0.015 0.035 0.071 0.01 0.042 0.103
206 S 0.076 0.049 0.1 0.113 0.013 0.035 0.06 0.058 0.021 0.026 0.037 0.092 0.014 0.018 0.026 0.148 0.06 0.005 0.016 0.034
207 G 0.101 0.051 0.031 0.031 0.013 0.03 0.042 0.123 0.015 0.081 0.101 0.121 0.022 0.025 0.022 0.06 0.04 0.005 0.017 0.067
208 L 0.047 0.079 0.018 0.018 0.014 0.021 0.026 0.024 0.012 0.101 0.27 0.04 0.038 0.045 0.015 0.028 0.035 0.034 0.023 0.112
209 G 0.048 0.029 0.087 0.1 0.011 0.024 0.041 0.118 0.075 0.11 0.075 0.037 0.019 0.027 0.018 0.043 0.036 0.005 0.022 0.073
210 Y 0.054 0.082 0.027 0.025 0.012 0.025 0.032 0.031 0.025 0.119 0.091 0.046 0.023 0.063 0.018 0.065 0.041 0.013 0.124 0.085
211 I 0.054 0.02 0.015 0.017 0.017 0.015 0.02 0.022 0.009 0.21 0.187 0.024 0.036 0.042 0.015 0.027 0.041 0.006 0.02 0.204
212 A 0.162 0.035 0.04 0.038 0.019 0.028 0.043 0.061 0.016 0.041 0.054 0.047 0.017 0.022 0.028 0.137 0.131 0.005 0.017 0.059
213 L 0.043 0.024 0.014 0.015 0.016 0.016 0.02 0.021 0.01 0.113 0.391 0.025 0.048 0.053 0.014 0.024 0.033 0.007 0.022 0.094
214 L 0.107 0.024 0.017 0.019 0.017 0.018 0.024 0.034 0.01 0.125 0.248 0.029 0.037 0.042 0.018 0.038 0.039 0.006 0.02 0.129
215 S 0.088 0.034 0.043 0.039 0.097 0.027 0.041 0.052 0.015 0.039 0.052 0.044 0.017 0.021 0.026 0.156 0.134 0.005 0.016 0.053
216 L 0.053 0.026 0.02 0.02 0.017 0.02 0.025 0.026 0.011 0.108 0.259 0.03 0.063 0.044 0.017 0.038 0.075 0.007 0.021 0.121
217 L 0.091 0.025 0.017 0.019 0.016 0.018 0.025 0.032 0.012 0.098 0.212 0.029 0.058 0.102 0.016 0.037 0.038 0.008 0.032 0.114
218 L 0.045 0.025 0.015 0.016 0.016 0.018 0.021 0.022 0.011 0.11 0.358 0.026 0.071 0.052 0.014 0.026 0.034 0.007 0.022 0.093
219 S 0.107 0.039 0.053 0.048 0.017 0.032 0.051 0.065 0.019 0.029 0.041 0.053 0.015 0.02 0.029 0.239 0.08 0.005 0.017 0.041
220 F 0.033 0.019 0.016 0.016 0.01 0.01 0.019 0.025 0.016 0.062 0.111 0.019 0.025 0.402 0.01 0.025 0.025 0.016 0.087 0.054
221 S 0.107 0.039 0.053 0.048 0.017 0.032 0.051 0.065 0.019 0.029 0.041 0.053 0.015 0.02 0.029 0.239 0.08 0.005 0.017 0.041
222 F 0.035 0.018 0.016 0.017 0.011 0.011 0.018 0.024 0.015 0.1 0.12 0.019 0.027 0.342 0.011 0.025 0.027 0.015 0.076 0.073
223 V 0.061 0.02 0.016 0.017 0.018 0.015 0.021 0.023 0.008 0.203 0.139 0.025 0.033 0.038 0.016 0.03 0.045 0.005 0.02 0.249
224 G 0.153 0.025 0.034 0.032 0.014 0.021 0.03 0.373 0.014 0.026 0.038 0.036 0.012 0.018 0.022 0.061 0.036 0.005 0.013 0.038
225 I 0.05 0.018 0.015 0.017 0.016 0.013 0.018 0.021 0.008 0.267 0.158 0.023 0.035 0.042 0.015 0.026 0.04 0.006 0.02 0.191
226 F 0.039 0.018 0.015 0.017 0.013 0.012 0.018 0.022 0.013 0.175 0.138 0.021 0.03 0.222 0.012 0.025 0.032 0.011 0.053 0.113
227 Q 0.055 0.072 0.043 0.046 0.009 0.234 0.1 0.04 0.029 0.026 0.046 0.089 0.02 0.014 0.023 0.055 0.04 0.006 0.02 0.034
228 A 0.234 0.03 0.028 0.03 0.02 0.025 0.039 0.066 0.014 0.06 0.067 0.042 0.019 0.023 0.027 0.1 0.054 0.005 0.018 0.099
229 F 0.044 0.021 0.017 0.017 0.014 0.015 0.021 0.024 0.014 0.122 0.136 0.023 0.054 0.222 0.013 0.028 0.033 0.011 0.054 0.118
230 L 0.089 0.022 0.017 0.018 0.096 0.015 0.022 0.032 0.011 0.11 0.196 0.026 0.032 0.099 0.016 0.037 0.036 0.008 0.03 0.089
231 L 0.047 0.02 0.015 0.016 0.015 0.014 0.019 0.022 0.01 0.171 0.225 0.023 0.037 0.105 0.014 0.026 0.036 0.008 0.032 0.145
232 L 0.069 0.027 0.031 0.029 0.014 0.02 0.03 0.12 0.014 0.09 0.129 0.034 0.025 0.092 0.019 0.1 0.048 0.007 0.029 0.071
233 F 0.042 0.022 0.018 0.017 0.092 0.015 0.021 0.025 0.024 0.061 0.135 0.024 0.025 0.189 0.013 0.029 0.029 0.016 0.146 0.058
234 L 0.044 0.022 0.014 0.016 0.016 0.015 0.019 0.021 0.009 0.171 0.315 0.024 0.044 0.05 0.014 0.024 0.035 0.007 0.021 0.12
235 V 0.057 0.02 0.016 0.017 0.016 0.014 0.021 0.024 0.011 0.128 0.122 0.023 0.029 0.157 0.014 0.03 0.04 0.009 0.042 0.209
236 N 0.043 0.038 0.221 0.06 0.011 0.028 0.039 0.05 0.024 0.053 0.148 0.044 0.024 0.03 0.018 0.054 0.044 0.005 0.018 0.05
237 F 0.039 0.018 0.015 0.017 0.013 0.012 0.018 0.022 0.013 0.175 0.138 0.021 0.03 0.222 0.012 0.025 0.032 0.011 0.053 0.113
238 R 0.055 0.209 0.039 0.034 0.009 0.042 0.05 0.156 0.02 0.023 0.041 0.14 0.014 0.016 0.021 0.048 0.034 0.005 0.016 0.029
239 K 0.058 0.084 0.073 0.044 0.009 0.044 0.059 0.125 0.02 0.025 0.038 0.225 0.014 0.016 0.025 0.054 0.038 0.005 0.016 0.03
240 I 0.046 0.028 0.122 0.04 0.013 0.021 0.031 0.037 0.017 0.136 0.123 0.036 0.025 0.031 0.098 0.042 0.041 0.005 0.017 0.091
241 K 0.094 0.065 0.032 0.032 0.065 0.035 0.049 0.044 0.037 0.037 0.058 0.163 0.017 0.082 0.023 0.051 0.037 0.007 0.03 0.044
242 R 0.048 0.281 0.039 0.034 0.008 0.049 0.057 0.035 0.022 0.024 0.045 0.169 0.015 0.017 0.022 0.047 0.036 0.006 0.017 0.031
243 K 0.052 0.146 0.089 0.045 0.008 0.075 0.063 0.083 0.023 0.024 0.04 0.154 0.015 0.016 0.022 0.053 0.039 0.005 0.017 0.03
244 P 0.056 0.023 0.023 0.028 0.011 0.019 0.03 0.086 0.012 0.082 0.063 0.036 0.016 0.02 0.34 0.04 0.036 0.004 0.014 0.062
245 L 0.049 0.023 0.016 0.017 0.016 0.017 0.021 0.022 0.01 0.163 0.255 0.027 0.069 0.047 0.015 0.027 0.038 0.007 0.022 0.14
246 Y 0.039 0.024 0.018 0.017 0.011 0.017 0.023 0.024 0.03 0.065 0.158 0.026 0.028 0.177 0.014 0.028 0.028 0.02 0.192 0.06
247 I 0.052 0.019 0.015 0.017 0.017 0.014 0.019 0.021 0.009 0.239 0.174 0.024 0.036 0.042 0.015 0.026 0.041 0.006 0.02 0.194
248 F 0.033 0.019 0.017 0.017 0.01 0.01 0.019 0.025 0.017 0.063 0.113 0.019 0.025 0.393 0.01 0.025 0.025 0.017 0.088 0.054
249 P 0.051 0.023 0.018 0.022 0.013 0.017 0.026 0.028 0.012 0.077 0.14 0.03 0.025 0.103 0.209 0.033 0.035 0.007 0.031 0.098
250 L 0.059 0.026 0.023 0.023 0.016 0.02 0.027 0.031 0.012 0.162 0.19 0.032 0.063 0.042 0.018 0.069 0.046 0.006 0.021 0.114
251 V 0.056 0.021 0.015 0.017 0.017 0.015 0.02 0.022 0.009 0.193 0.192 0.025 0.036 0.042 0.015 0.028 0.042 0.006 0.021 0.209
252 G 0.067 0.021 0.028 0.026 0.014 0.017 0.023 0.287 0.011 0.118 0.084 0.029 0.021 0.027 0.017 0.04 0.036 0.005 0.015 0.116
253 C 0.061 0.017 0.016 0.017 0.303 0.013 0.018 0.028 0.008 0.116 0.097 0.022 0.023 0.028 0.016 0.035 0.039 0.005 0.015 0.125
254 L 0.049 0.025 0.015 0.016 0.016 0.018 0.022 0.023 0.011 0.128 0.299 0.027 0.071 0.049 0.015 0.027 0.037 0.007 0.022 0.124
255 L 0.05 0.019 0.015 0.016 0.173 0.013 0.018 0.025 0.01 0.122 0.198 0.022 0.033 0.078 0.014 0.03 0.035 0.007 0.026 0.095
256 L 0.105 0.024 0.017 0.019 0.018 0.017 0.025 0.034 0.011 0.115 0.199 0.028 0.034 0.063 0.018 0.039 0.042 0.007 0.025 0.162
257 V 0.072 0.022 0.016 0.018 0.017 0.016 0.023 0.027 0.011 0.124 0.172 0.025 0.032 0.111 0.015 0.033 0.041 0.008 0.034 0.185
258 V 0.096 0.022 0.017 0.019 0.015 0.016 0.024 0.035 0.013 0.116 0.103 0.027 0.025 0.112 0.016 0.037 0.037 0.107 0.042 0.122
259 L 0.093 0.023 0.017 0.019 0.015 0.016 0.023 0.033 0.012 0.108 0.219 0.027 0.034 0.138 0.016 0.036 0.035 0.009 0.038 0.089
260 L 0.124 0.025 0.023 0.024 0.112 0.019 0.028 0.045 0.013 0.059 0.134 0.031 0.025 0.103 0.02 0.071 0.042 0.008 0.031 0.064
261 F 0.033 0.019 0.017 0.017 0.01 0.01 0.019 0.025 0.017 0.062 0.112 0.019 0.025 0.399 0.01 0.025 0.025 0.017 0.087 0.054
262 F 0.044 0.046 0.091 0.039 0.01 0.029 0.041 0.038 0.089 0.084 0.077 0.086 0.02 0.101 0.018 0.042 0.035 0.008 0.039 0.062
263 D 0.04 0.029 0.068 0.409 0.007 0.029 0.09 0.046 0.018 0.022 0.027 0.044 0.009 0.015 0.022 0.051 0.035 0.004 0.011 0.024
264 L 0.042 0.033 0.142 0.042 0.012 0.024 0.033 0.039 0.025 0.063 0.181 0.037 0.028 0.054 0.017 0.043 0.038 0.01 0.081 0.057
265 L 0.04 0.019 0.015 0.017 0.014 0.013 0.018 0.022 0.012 0.162 0.188 0.022 0.034 0.188 0.013 0.025 0.032 0.01 0.047 0.11
266 I 0.044 0.021 0.016 0.017 0.015 0.015 0.02 0.021 0.016 0.202 0.19 0.025 0.035 0.062 0.014 0.026 0.035 0.01 0.083 0.132
267 E 0.05 0.049 0.042 0.121 0.01 0.114 0.124 0.036 0.022 0.042 0.109 0.064 0.022 0.023 0.021 0.048 0.037 0.006 0.018 0.044
268 R 0.044 0.358 0.038 0.03 0.008 0.047 0.051 0.032 0.023 0.023 0.046 0.118 0.015 0.017 0.019 0.044 0.034 0.006 0.017 0.03
269 Y 0.04 0.027 0.021 0.018 0.009 0.021 0.027 0.024 0.046 0.043 0.067 0.031 0.018 0.128 0.015 0.031 0.027 0.027 0.331 0.046
270 D 0.047 0.044 0.099 0.128 0.01 0.074 0.114 0.041 0.023 0.041 0.106 0.057 0.02 0.023 0.021 0.05 0.038 0.005 0.017 0.042
271 A 0.137 0.041 0.031 0.042 0.015 0.072 0.102 0.048 0.019 0.05 0.118 0.055 0.023 0.025 0.024 0.06 0.056 0.006 0.019 0.059
272 F 0.033 0.019 0.017 0.017 0.01 0.01 0.019 0.025 0.017 0.062 0.112 0.019 0.025 0.399 0.01 0.025 0.025 0.017 0.087 0.054
273 I 0.052 0.022 0.016 0.018 0.016 0.018 0.021 0.023 0.01 0.211 0.165 0.027 0.073 0.043 0.015 0.029 0.041 0.006 0.021 0.173
274 L 0.11 0.033 0.071 0.06 0.016 0.027 0.04 0.05 0.017 0.061 0.142 0.041 0.054 0.032 0.022 0.088 0.049 0.006 0.019 0.064
275 G 0.077 0.022 0.038 0.033 0.011 0.019 0.025 0.52 0.013 0.019 0.028 0.033 0.009 0.016 0.019 0.05 0.029 0.005 0.011 0.024
276 G 0.076 0.03 0.1 0.046 0.012 0.024 0.035 0.338 0.018 0.021 0.031 0.041 0.011 0.017 0.021 0.091 0.043 0.005 0.013 0.028
277 D 0.04 0.029 0.068 0.409 0.007 0.029 0.09 0.046 0.018 0.022 0.027 0.044 0.009 0.015 0.022 0.051 0.035 0.004 0.011 0.024
278 G 0.077 0.022 0.038 0.033 0.011 0.019 0.025 0.52 0.013 0.019 0.028 0.033 0.009 0.016 0.019 0.05 0.029 0.005 0.011 0.024
279 S 0.108 0.039 0.053 0.048 0.017 0.033 0.051 0.065 0.019 0.029 0.041 0.053 0.015 0.02 0.029 0.235 0.08 0.005 0.017 0.041
280 N 0.042 0.044 0.33 0.081 0.009 0.033 0.048 0.064 0.031 0.022 0.031 0.053 0.011 0.018 0.02 0.068 0.048 0.004 0.015 0.026
281 N 0.042 0.044 0.33 0.081 0.009 0.033 0.048 0.064 0.031 0.022 0.031 0.053 0.011 0.018 0.02 0.068 0.048 0.004 0.015 0.026
282 T 0.072 0.035 0.043 0.037 0.017 0.027 0.039 0.043 0.014 0.052 0.064 0.045 0.019 0.023 0.027 0.091 0.261 0.006 0.017 0.07
283 K 0.056 0.105 0.041 0.041 0.008 0.052 0.069 0.042 0.02 0.027 0.042 0.292 0.015 0.015 0.027 0.052 0.039 0.005 0.017 0.032
284 L 0.045 0.02 0.014 0.016 0.016 0.014 0.018 0.02 0.009 0.216 0.254 0.024 0.041 0.047 0.014 0.024 0.037 0.006 0.021 0.142
285 D 0.043 0.033 0.062 0.345 0.007 0.036 0.134 0.043 0.02 0.022 0.029 0.05 0.01 0.015 0.023 0.052 0.035 0.004 0.012 0.025
286 T 0.072 0.035 0.043 0.037 0.017 0.027 0.039 0.043 0.014 0.052 0.064 0.045 0.019 0.023 0.027 0.091 0.261 0.006 0.017 0.07
287 I 0.042 0.019 0.015 0.017 0.014 0.013 0.018 0.022 0.011 0.203 0.18 0.022 0.035 0.14 0.013 0.025 0.034 0.009 0.038 0.131
288 N 0.041 0.041 0.269 0.069 0.009 0.031 0.044 0.056 0.034 0.026 0.038 0.048 0.012 0.04 0.019 0.061 0.044 0.009 0.079 0.03
289 F 0.038 0.031 0.087 0.034 0.009 0.023 0.033 0.035 0.095 0.042 0.072 0.033 0.019 0.195 0.015 0.038 0.03 0.014 0.115 0.041
290 F 0.035 0.02 0.016 0.016 0.011 0.011 0.019 0.024 0.015 0.072 0.167 0.02 0.03 0.33 0.011 0.025 0.026 0.015 0.074 0.062
291 L 0.042 0.021 0.015 0.016 0.015 0.014 0.019 0.022 0.011 0.137 0.288 0.023 0.041 0.121 0.013 0.024 0.032 0.009 0.035 0.102
292 N 0.055 0.054 0.159 0.059 0.01 0.111 0.068 0.052 0.027 0.028 0.042 0.066 0.016 0.017 0.023 0.077 0.076 0.005 0.018 0.036
293 N 0.062 0.039 0.161 0.056 0.011 0.031 0.045 0.15 0.092 0.023 0.034 0.047 0.012 0.02 0.021 0.093 0.047 0.005 0.023 0.028
294 P 0.072 0.029 0.031 0.033 0.015 0.023 0.037 0.041 0.013 0.059 0.061 0.041 0.017 0.021 0.216 0.089 0.092 0.004 0.016 0.091
295 D 0.049 0.063 0.051 0.198 0.008 0.045 0.126 0.042 0.021 0.024 0.035 0.149 0.012 0.015 0.025 0.052 0.037 0.005 0.014 0.029
296 Y 0.041 0.042 0.024 0.022 0.009 0.026 0.035 0.029 0.035 0.037 0.059 0.081 0.017 0.092 0.016 0.033 0.029 0.118 0.215 0.04
297 L 0.044 0.024 0.014 0.015 0.016 0.016 0.02 0.021 0.01 0.113 0.388 0.025 0.049 0.054 0.014 0.024 0.033 0.007 0.022 0.094
298 Y 0.038 0.025 0.019 0.017 0.01 0.018 0.024 0.024 0.033 0.055 0.118 0.027 0.023 0.168 0.014 0.028 0.027 0.054 0.223 0.053
299 G 0.066 0.022 0.033 0.029 0.011 0.017 0.024 0.394 0.014 0.03 0.049 0.03 0.013 0.111 0.017 0.044 0.028 0.008 0.03 0.032
300 G 0.077 0.022 0.038 0.033 0.011 0.019 0.025 0.52 0.013 0.019 0.028 0.033 0.009 0.016 0.019 0.05 0.029 0.005 0.011 0.024
301 A 0.198 0.029 0.024 0.025 0.016 0.024 0.035 0.056 0.027 0.043 0.062 0.038 0.018 0.064 0.024 0.062 0.04 0.014 0.143 0.059
302 G 0.077 0.022 0.038 0.033 0.011 0.019 0.025 0.52 0.013 0.019 0.028 0.033 0.009 0.016 0.019 0.05 0.029 0.005 0.011 0.024
303 L 0.044 0.024 0.014 0.015 0.016 0.016 0.02 0.021 0.01 0.113 0.388 0.025 0.049 0.054 0.014 0.024 0.033 0.007 0.022 0.094
304 I 0.103 0.024 0.018 0.02 0.018 0.019 0.025 0.034 0.011 0.175 0.142 0.03 0.059 0.038 0.018 0.04 0.043 0.006 0.02 0.158
305 G 0.077 0.022 0.038 0.033 0.011 0.019 0.025 0.52 0.013 0.019 0.028 0.033 0.009 0.016 0.019 0.05 0.029 0.005 0.011 0.024
306 Y 0.04 0.027 0.021 0.018 0.009 0.021 0.027 0.024 0.046 0.043 0.067 0.031 0.018 0.128 0.015 0.031 0.027 0.027 0.331 0.046
307 D 0.054 0.031 0.065 0.337 0.009 0.03 0.082 0.05 0.018 0.023 0.03 0.046 0.01 0.016 0.023 0.088 0.044 0.004 0.012 0.027
308 P 0.052 0.025 0.02 0.025 0.012 0.019 0.031 0.031 0.012 0.055 0.151 0.036 0.023 0.027 0.337 0.037 0.035 0.004 0.016 0.052
309 E 0.099 0.043 0.052 0.053 0.011 0.076 0.139 0.044 0.022 0.035 0.057 0.059 0.017 0.094 0.022 0.055 0.038 0.008 0.031 0.043
310 T 0.083 0.051 0.046 0.042 0.016 0.034 0.05 0.051 0.017 0.038 0.05 0.097 0.017 0.021 0.028 0.141 0.144 0.005 0.017 0.051
311 F 0.044 0.026 0.018 0.018 0.014 0.021 0.024 0.026 0.016 0.084 0.161 0.029 0.116 0.188 0.014 0.031 0.034 0.011 0.049 0.076
312 P 0.056 0.025 0.023 0.03 0.01 0.02 0.035 0.035 0.013 0.025 0.035 0.04 0.01 0.013 0.503 0.043 0.035 0.003 0.013 0.03
313 L 0.044 0.024 0.014 0.015 0.016 0.016 0.02 0.021 0.01 0.113 0.388 0.025 0.049 0.054 0.014 0.024 0.033 0.007 0.022 0.094
314 F 0.036 0.022 0.018 0.017 0.01 0.015 0.022 0.025 0.028 0.054 0.094 0.023 0.022 0.291 0.012 0.027 0.026 0.021 0.185 0.051
315 Y 0.043 0.027 0.02 0.019 0.012 0.022 0.026 0.026 0.028 0.069 0.126 0.03 0.083 0.15 0.015 0.031 0.032 0.017 0.159 0.065
316 Q 0.055 0.072 0.043 0.046 0.009 0.23 0.101 0.04 0.029 0.026 0.046 0.089 0.02 0.014 0.023 0.055 0.04 0.006 0.02 0.035
317 G 0.077 0.022 0.038 0.033 0.011 0.019 0.025 0.52 0.013 0.019 0.028 0.033 0.009 0.016 0.019 0.05 0.029 0.005 0.011 0.024
318 L 0.044 0.024 0.014 0.015 0.016 0.016 0.02 0.021 0.01 0.113 0.388 0.025 0.049 0.054 0.014 0.024 0.033 0.007 0.022 0.094
319 Y 0.04 0.027 0.021 0.018 0.009 0.021 0.027 0.024 0.046 0.043 0.067 0.031 0.018 0.128 0.015 0.031 0.027 0.027 0.331 0.046
320 D 0.04 0.029 0.068 0.409 0.007 0.029 0.09 0.046 0.018 0.022 0.027 0.044 0.009 0.015 0.022 0.051 0.035 0.004 0.011 0.024
