#Seq2Logo.py -f /work3/idamei/wzy_ssn/run/1e-50/run/150/MSAs/0009_180.afa -o /work3/idamei/wzy_ssn/run/1e-50/run/150/logos/0009_180.logo
#Position Specific Frequency Matrix
A R N D C Q E G H I L K M F P S T W Y V
0 L 0.052 0.032 0.02 0.02 0.016 0.028 0.028 0.028 0.016 0.099 0.195 0.036 0.169 0.048 0.016 0.036 0.04 0.008 0.024 0.091
1 K 0.055 0.07 0.136 0.054 0.011 0.041 0.056 0.05 0.023 0.031 0.044 0.155 0.015 0.018 0.025 0.067 0.09 0.005 0.017 0.039
2 G 0.089 0.034 0.133 0.05 0.013 0.026 0.038 0.211 0.02 0.03 0.041 0.044 0.013 0.019 0.022 0.07 0.088 0.005 0.015 0.04
3 V 0.061 0.03 0.071 0.117 0.015 0.025 0.046 0.04 0.015 0.079 0.074 0.039 0.02 0.025 0.022 0.061 0.114 0.005 0.017 0.124
4 L 0.128 0.033 0.121 0.042 0.015 0.025 0.036 0.054 0.019 0.06 0.157 0.041 0.026 0.031 0.021 0.059 0.044 0.006 0.018 0.063
5 K 0.056 0.106 0.041 0.041 0.009 0.053 0.07 0.043 0.02 0.027 0.043 0.285 0.015 0.015 0.027 0.053 0.039 0.005 0.017 0.032
6 P 0.05 0.069 0.023 0.025 0.012 0.025 0.034 0.03 0.013 0.083 0.168 0.069 0.027 0.031 0.178 0.036 0.036 0.005 0.018 0.068
7 I 0.044 0.021 0.017 0.018 0.014 0.016 0.021 0.022 0.021 0.2 0.133 0.026 0.03 0.072 0.015 0.027 0.036 0.013 0.122 0.132
8 I 0.047 0.018 0.015 0.018 0.016 0.013 0.018 0.02 0.009 0.278 0.166 0.023 0.036 0.044 0.015 0.025 0.039 0.006 0.02 0.175
9 L 0.046 0.02 0.014 0.017 0.016 0.014 0.018 0.021 0.009 0.224 0.238 0.024 0.041 0.047 0.014 0.025 0.037 0.006 0.021 0.148
10 L 0.054 0.023 0.02 0.021 0.015 0.017 0.024 0.028 0.012 0.134 0.207 0.027 0.035 0.113 0.016 0.053 0.041 0.008 0.034 0.118
11 C 0.059 0.023 0.02 0.019 0.173 0.016 0.023 0.031 0.011 0.076 0.166 0.026 0.028 0.038 0.016 0.053 0.04 0.071 0.024 0.088
12 F 0.036 0.022 0.018 0.017 0.01 0.014 0.022 0.025 0.027 0.056 0.098 0.023 0.023 0.305 0.012 0.027 0.026 0.02 0.167 0.052
13 L 0.096 0.024 0.017 0.019 0.016 0.017 0.024 0.034 0.012 0.095 0.224 0.028 0.035 0.12 0.017 0.037 0.037 0.009 0.036 0.105
14 L 0.045 0.021 0.015 0.016 0.109 0.013 0.019 0.025 0.012 0.083 0.229 0.022 0.035 0.16 0.013 0.028 0.031 0.01 0.042 0.074
15 L 0.052 0.019 0.015 0.016 0.174 0.014 0.018 0.025 0.009 0.146 0.204 0.023 0.034 0.039 0.015 0.03 0.036 0.006 0.018 0.109
16 A 0.201 0.033 0.034 0.034 0.02 0.027 0.041 0.065 0.015 0.045 0.059 0.045 0.018 0.022 0.029 0.103 0.121 0.005 0.017 0.066
17 L 0.046 0.02 0.014 0.017 0.016 0.014 0.018 0.021 0.009 0.224 0.238 0.024 0.041 0.047 0.014 0.025 0.037 0.006 0.021 0.148
18 A 0.158 0.031 0.032 0.032 0.019 0.025 0.038 0.056 0.014 0.078 0.076 0.041 0.021 0.026 0.025 0.115 0.06 0.005 0.018 0.129
19 V 0.07 0.024 0.022 0.022 0.019 0.019 0.026 0.028 0.009 0.141 0.116 0.03 0.029 0.033 0.019 0.044 0.09 0.006 0.02 0.235
20 F 0.033 0.019 0.017 0.017 0.01 0.01 0.019 0.025 0.017 0.063 0.113 0.019 0.025 0.393 0.01 0.025 0.025 0.017 0.088 0.054
21 I 0.044 0.019 0.015 0.017 0.015 0.013 0.018 0.021 0.01 0.217 0.202 0.023 0.037 0.092 0.014 0.025 0.036 0.008 0.03 0.143
22 L 0.069 0.029 0.03 0.029 0.016 0.022 0.032 0.039 0.014 0.093 0.192 0.036 0.032 0.077 0.02 0.106 0.052 0.007 0.027 0.078
23 F 0.046 0.021 0.018 0.017 0.17 0.015 0.021 0.027 0.024 0.05 0.082 0.023 0.02 0.181 0.014 0.032 0.03 0.016 0.142 0.052
24 D 0.05 0.034 0.117 0.292 0.009 0.031 0.077 0.052 0.021 0.023 0.03 0.047 0.01 0.016 0.023 0.079 0.044 0.004 0.013 0.027
25 F 0.038 0.023 0.018 0.017 0.011 0.015 0.022 0.024 0.025 0.067 0.152 0.024 0.028 0.237 0.013 0.027 0.028 0.018 0.154 0.06
26 K 0.109 0.062 0.094 0.053 0.012 0.042 0.087 0.054 0.021 0.032 0.046 0.131 0.015 0.018 0.026 0.068 0.067 0.005 0.017 0.043
27 S 0.066 0.041 0.106 0.088 0.013 0.055 0.056 0.051 0.021 0.044 0.106 0.052 0.021 0.025 0.023 0.109 0.054 0.005 0.018 0.046
28 S 0.084 0.033 0.041 0.038 0.015 0.025 0.041 0.052 0.018 0.041 0.065 0.042 0.019 0.145 0.023 0.16 0.063 0.009 0.041 0.046
29 P 0.056 0.026 0.023 0.031 0.01 0.02 0.036 0.036 0.013 0.026 0.036 0.041 0.01 0.013 0.499 0.043 0.036 0.003 0.013 0.031
30 D 0.041 0.03 0.068 0.403 0.007 0.03 0.09 0.046 0.019 0.022 0.028 0.044 0.009 0.015 0.022 0.052 0.035 0.004 0.011 0.024
31 Y 0.038 0.025 0.02 0.018 0.01 0.018 0.025 0.025 0.036 0.05 0.083 0.027 0.021 0.217 0.014 0.029 0.027 0.024 0.246 0.049
32 F 0.043 0.04 0.027 0.027 0.009 0.085 0.049 0.03 0.031 0.044 0.076 0.047 0.021 0.179 0.016 0.037 0.031 0.017 0.144 0.045
33 S 0.109 0.04 0.054 0.048 0.017 0.033 0.052 0.066 0.019 0.029 0.041 0.054 0.016 0.021 0.029 0.228 0.081 0.005 0.017 0.041
34 Y 0.04 0.028 0.022 0.019 0.009 0.022 0.028 0.025 0.046 0.043 0.068 0.031 0.019 0.13 0.015 0.031 0.028 0.028 0.325 0.046
35 L 0.044 0.024 0.014 0.015 0.016 0.016 0.02 0.021 0.01 0.114 0.382 0.025 0.049 0.054 0.014 0.024 0.033 0.007 0.022 0.095
36 N 0.042 0.044 0.324 0.082 0.009 0.033 0.049 0.065 0.031 0.022 0.031 0.053 0.011 0.018 0.02 0.069 0.049 0.004 0.016 0.027
37 W 0.03 0.022 0.015 0.015 0.008 0.015 0.022 0.03 0.015 0.03 0.052 0.022 0.015 0.06 0.008 0.022 0.022 0.497 0.068 0.03
38 Y 0.04 0.028 0.022 0.019 0.009 0.022 0.028 0.025 0.046 0.043 0.068 0.031 0.019 0.13 0.015 0.031 0.028 0.028 0.325 0.046
39 E 0.055 0.049 0.04 0.089 0.007 0.064 0.303 0.035 0.026 0.022 0.036 0.075 0.013 0.016 0.026 0.055 0.036 0.005 0.016 0.031
40 L 0.074 0.028 0.028 0.027 0.017 0.022 0.032 0.037 0.012 0.102 0.184 0.035 0.032 0.037 0.02 0.095 0.054 0.006 0.02 0.138
41 S 0.109 0.04 0.054 0.048 0.017 0.033 0.052 0.066 0.019 0.029 0.041 0.054 0.016 0.021 0.029 0.228 0.081 0.005 0.017 0.041
42 V 0.113 0.028 0.027 0.026 0.019 0.021 0.031 0.041 0.011 0.115 0.098 0.036 0.025 0.03 0.022 0.062 0.116 0.006 0.019 0.155
43 S 0.087 0.041 0.144 0.06 0.015 0.033 0.051 0.065 0.023 0.027 0.038 0.053 0.014 0.02 0.026 0.175 0.07 0.005 0.017 0.037
44 L 0.11 0.029 0.025 0.024 0.015 0.022 0.031 0.04 0.024 0.061 0.135 0.036 0.025 0.065 0.021 0.055 0.079 0.013 0.121 0.067
45 V 0.077 0.034 0.094 0.043 0.016 0.027 0.04 0.049 0.017 0.076 0.072 0.043 0.02 0.025 0.023 0.113 0.087 0.005 0.018 0.121
46 K 0.057 0.108 0.042 0.042 0.009 0.054 0.071 0.043 0.021 0.028 0.043 0.275 0.016 0.016 0.028 0.054 0.04 0.005 0.017 0.033
47 D 0.043 0.029 0.036 0.147 0.011 0.025 0.048 0.032 0.026 0.057 0.122 0.036 0.05 0.065 0.018 0.038 0.033 0.013 0.12 0.054
48 G 0.055 0.03 0.125 0.044 0.012 0.023 0.031 0.2 0.018 0.052 0.147 0.037 0.023 0.029 0.018 0.048 0.037 0.006 0.016 0.049
49 N 0.042 0.041 0.267 0.154 0.009 0.033 0.058 0.06 0.028 0.022 0.03 0.051 0.011 0.017 0.02 0.065 0.046 0.004 0.015 0.026
50 S 0.074 0.037 0.089 0.12 0.014 0.03 0.055 0.054 0.019 0.035 0.045 0.049 0.015 0.02 0.026 0.126 0.125 0.005 0.016 0.046
51 W 0.03 0.022 0.015 0.015 0.008 0.015 0.022 0.03 0.015 0.03 0.052 0.022 0.015 0.06 0.008 0.022 0.022 0.497 0.068 0.03
52 V 0.069 0.022 0.016 0.018 0.019 0.016 0.023 0.024 0.008 0.163 0.129 0.026 0.031 0.035 0.016 0.033 0.049 0.005 0.02 0.276
53 L 0.041 0.02 0.015 0.016 0.014 0.013 0.019 0.022 0.012 0.152 0.22 0.022 0.037 0.164 0.013 0.025 0.033 0.01 0.043 0.108
54 L 0.125 0.025 0.019 0.02 0.016 0.017 0.026 0.041 0.014 0.073 0.185 0.029 0.031 0.156 0.018 0.044 0.036 0.01 0.042 0.073
55 K 0.056 0.106 0.041 0.041 0.009 0.053 0.07 0.043 0.02 0.027 0.043 0.285 0.015 0.015 0.027 0.053 0.039 0.005 0.017 0.032
56 D 0.041 0.03 0.068 0.403 0.007 0.03 0.09 0.046 0.019 0.022 0.028 0.044 0.009 0.015 0.022 0.052 0.035 0.004 0.011 0.024
57 P 0.056 0.026 0.023 0.031 0.01 0.02 0.036 0.036 0.013 0.026 0.036 0.041 0.01 0.013 0.499 0.043 0.036 0.003 0.013 0.031
58 G 0.151 0.025 0.034 0.032 0.014 0.021 0.03 0.369 0.014 0.027 0.038 0.037 0.012 0.018 0.022 0.062 0.036 0.005 0.013 0.039
59 F 0.034 0.02 0.017 0.017 0.01 0.012 0.02 0.025 0.02 0.061 0.108 0.02 0.024 0.364 0.011 0.026 0.025 0.018 0.114 0.054
60 Y 0.04 0.028 0.022 0.019 0.009 0.022 0.028 0.025 0.046 0.043 0.068 0.031 0.019 0.13 0.015 0.031 0.028 0.028 0.325 0.046
61 L 0.041 0.02 0.015 0.016 0.014 0.013 0.019 0.022 0.012 0.152 0.22 0.022 0.037 0.164 0.013 0.025 0.033 0.01 0.043 0.108
62 L 0.045 0.023 0.014 0.016 0.016 0.015 0.019 0.021 0.01 0.151 0.334 0.025 0.046 0.052 0.014 0.024 0.034 0.007 0.022 0.113
63 S 0.109 0.04 0.054 0.048 0.017 0.033 0.052 0.066 0.019 0.029 0.041 0.054 0.016 0.021 0.029 0.228 0.081 0.005 0.017 0.041
64 N 0.051 0.037 0.221 0.061 0.012 0.028 0.04 0.051 0.023 0.069 0.064 0.044 0.018 0.024 0.019 0.057 0.049 0.005 0.017 0.11
65 L 0.045 0.02 0.015 0.017 0.015 0.014 0.019 0.022 0.011 0.163 0.222 0.023 0.038 0.124 0.014 0.025 0.035 0.009 0.036 0.133
66 S 0.084 0.033 0.041 0.038 0.015 0.025 0.041 0.052 0.018 0.041 0.065 0.042 0.019 0.145 0.023 0.16 0.063 0.009 0.041 0.046
67 D 0.041 0.034 0.138 0.168 0.009 0.028 0.056 0.045 0.032 0.029 0.042 0.043 0.013 0.054 0.019 0.051 0.037 0.012 0.117 0.032
68 N 0.062 0.035 0.132 0.049 0.012 0.027 0.041 0.052 0.026 0.036 0.057 0.043 0.017 0.115 0.021 0.108 0.052 0.01 0.067 0.04
69 L 0.041 0.02 0.015 0.016 0.014 0.013 0.019 0.022 0.012 0.152 0.22 0.022 0.037 0.164 0.013 0.025 0.033 0.01 0.043 0.108
70 G 0.083 0.029 0.048 0.088 0.012 0.025 0.043 0.303 0.016 0.023 0.032 0.042 0.011 0.017 0.023 0.11 0.047 0.005 0.013 0.03
71 L 0.041 0.022 0.015 0.016 0.014 0.014 0.02 0.022 0.012 0.097 0.292 0.023 0.041 0.167 0.013 0.024 0.03 0.01 0.044 0.082
72 G 0.07 0.032 0.039 0.052 0.01 0.034 0.118 0.355 0.017 0.02 0.031 0.047 0.01 0.016 0.021 0.052 0.032 0.005 0.013 0.026
73 L 0.059 0.022 0.015 0.017 0.018 0.016 0.022 0.023 0.009 0.154 0.216 0.025 0.038 0.042 0.015 0.029 0.043 0.006 0.021 0.209
74 L 0.049 0.038 0.024 0.026 0.014 0.084 0.046 0.027 0.016 0.14 0.198 0.046 0.035 0.037 0.017 0.035 0.038 0.006 0.021 0.102
75 G 0.078 0.023 0.039 0.033 0.011 0.019 0.025 0.515 0.013 0.019 0.028 0.033 0.009 0.016 0.019 0.051 0.029 0.005 0.011 0.024
76 V 0.1 0.023 0.018 0.019 0.019 0.018 0.025 0.032 0.009 0.147 0.12 0.028 0.029 0.033 0.018 0.039 0.049 0.005 0.02 0.248
77 L 0.046 0.02 0.014 0.017 0.016 0.014 0.018 0.021 0.009 0.224 0.238 0.024 0.041 0.047 0.014 0.025 0.037 0.006 0.021 0.148
78 F 0.037 0.021 0.016 0.016 0.012 0.012 0.019 0.024 0.014 0.08 0.203 0.021 0.033 0.28 0.012 0.025 0.028 0.013 0.066 0.068
79 T 0.068 0.028 0.032 0.03 0.016 0.022 0.032 0.038 0.013 0.112 0.096 0.036 0.025 0.078 0.021 0.089 0.118 0.007 0.028 0.109
80 L 0.044 0.024 0.014 0.015 0.016 0.016 0.02 0.021 0.01 0.114 0.382 0.025 0.049 0.054 0.014 0.024 0.033 0.007 0.022 0.095
81 F 0.045 0.02 0.017 0.017 0.013 0.012 0.02 0.025 0.014 0.096 0.118 0.021 0.027 0.274 0.012 0.028 0.033 0.013 0.065 0.128
82 L 0.054 0.026 0.024 0.023 0.017 0.019 0.026 0.028 0.011 0.148 0.204 0.031 0.035 0.04 0.019 0.047 0.109 0.006 0.02 0.113
83 I 0.047 0.018 0.015 0.018 0.016 0.013 0.018 0.02 0.009 0.278 0.166 0.023 0.036 0.044 0.015 0.025 0.039 0.006 0.02 0.175
84 S 0.109 0.04 0.054 0.048 0.017 0.033 0.052 0.066 0.019 0.029 0.041 0.054 0.016 0.021 0.029 0.228 0.081 0.005 0.017 0.041
85 L 0.045 0.022 0.014 0.016 0.016 0.015 0.019 0.021 0.01 0.169 0.31 0.024 0.045 0.051 0.014 0.024 0.035 0.007 0.022 0.122
86 S 0.087 0.034 0.04 0.037 0.017 0.027 0.041 0.051 0.016 0.058 0.155 0.044 0.027 0.032 0.024 0.16 0.065 0.006 0.019 0.059
87 T 0.079 0.034 0.042 0.037 0.08 0.026 0.039 0.046 0.014 0.047 0.06 0.043 0.018 0.022 0.026 0.112 0.19 0.005 0.017 0.063
88 K 0.056 0.106 0.041 0.041 0.009 0.053 0.07 0.043 0.02 0.027 0.043 0.285 0.015 0.015 0.027 0.053 0.039 0.005 0.017 0.032
89 I 0.069 0.03 0.029 0.029 0.016 0.025 0.032 0.038 0.015 0.136 0.134 0.038 0.074 0.037 0.02 0.096 0.053 0.006 0.021 0.103
90 F 0.035 0.019 0.016 0.017 0.011 0.011 0.019 0.025 0.016 0.068 0.143 0.02 0.028 0.355 0.011 0.025 0.026 0.016 0.081 0.059
91 F 0.133 0.024 0.019 0.021 0.017 0.017 0.027 0.042 0.013 0.09 0.1 0.03 0.025 0.15 0.019 0.047 0.041 0.009 0.042 0.133
92 C 0.135 0.024 0.019 0.02 0.175 0.018 0.025 0.044 0.011 0.067 0.168 0.03 0.028 0.032 0.02 0.05 0.04 0.005 0.017 0.073
93 Y 0.043 0.03 0.12 0.039 0.011 0.023 0.031 0.037 0.029 0.115 0.088 0.036 0.022 0.064 0.017 0.042 0.039 0.013 0.12 0.083
94 K 0.052 0.188 0.04 0.038 0.008 0.051 0.064 0.039 0.021 0.026 0.044 0.23 0.015 0.016 0.025 0.05 0.038 0.005 0.017 0.032
95 L 0.041 0.022 0.015 0.016 0.014 0.014 0.02 0.022 0.012 0.097 0.292 0.023 0.041 0.167 0.013 0.024 0.03 0.01 0.044 0.082
96 L 0.044 0.024 0.014 0.015 0.016 0.016 0.02 0.021 0.01 0.114 0.382 0.025 0.049 0.054 0.014 0.024 0.033 0.007 0.022 0.095
97 N 0.042 0.042 0.29 0.125 0.009 0.033 0.054 0.062 0.029 0.022 0.031 0.052 0.011 0.017 0.02 0.067 0.047 0.004 0.015 0.026
98 N 0.126 0.098 0.126 0.045 0.013 0.031 0.043 0.058 0.022 0.03 0.046 0.059 0.015 0.025 0.021 0.063 0.043 0.071 0.023 0.042
99 E 0.051 0.048 0.135 0.087 0.008 0.054 0.219 0.045 0.027 0.022 0.035 0.068 0.012 0.017 0.024 0.059 0.041 0.005 0.016 0.03
100 A 0.14 0.031 0.026 0.026 0.019 0.025 0.034 0.047 0.014 0.08 0.115 0.039 0.07 0.032 0.023 0.063 0.087 0.006 0.02 0.104
101 L 0.041 0.02 0.015 0.016 0.014 0.013 0.019 0.022 0.012 0.152 0.22 0.022 0.037 0.164 0.013 0.025 0.033 0.01 0.043 0.108
102 F 0.033 0.019 0.017 0.017 0.01 0.01 0.019 0.025 0.017 0.063 0.113 0.019 0.025 0.393 0.01 0.025 0.025 0.017 0.088 0.054
103 W 0.031 0.021 0.016 0.016 0.009 0.014 0.021 0.028 0.016 0.041 0.073 0.021 0.018 0.171 0.009 0.023 0.023 0.337 0.074 0.038
104 V 0.057 0.021 0.016 0.017 0.016 0.014 0.022 0.025 0.011 0.13 0.124 0.023 0.029 0.155 0.014 0.03 0.041 0.009 0.043 0.202
105 L 0.055 0.024 0.022 0.021 0.014 0.017 0.022 0.186 0.011 0.082 0.264 0.028 0.036 0.041 0.016 0.033 0.032 0.006 0.018 0.072
106 L 0.078 0.024 0.016 0.017 0.017 0.017 0.023 0.028 0.01 0.117 0.29 0.027 0.042 0.046 0.016 0.033 0.038 0.006 0.021 0.132
107 L 0.044 0.024 0.014 0.015 0.016 0.016 0.02 0.021 0.01 0.114 0.382 0.025 0.049 0.054 0.014 0.024 0.033 0.007 0.022 0.095
108 Y 0.04 0.028 0.022 0.019 0.009 0.022 0.028 0.025 0.046 0.043 0.068 0.031 0.019 0.13 0.015 0.031 0.028 0.028 0.325 0.046
109 L 0.044 0.024 0.014 0.015 0.016 0.016 0.02 0.021 0.01 0.114 0.382 0.025 0.049 0.054 0.014 0.024 0.033 0.007 0.022 0.095
110 S 0.172 0.037 0.044 0.042 0.019 0.03 0.048 0.07 0.018 0.034 0.047 0.05 0.016 0.021 0.029 0.18 0.071 0.005 0.017 0.05
111 R 0.044 0.351 0.038 0.031 0.008 0.048 0.052 0.033 0.023 0.023 0.046 0.119 0.015 0.017 0.019 0.044 0.035 0.006 0.017 0.031
112 L 0.044 0.024 0.014 0.015 0.016 0.016 0.02 0.021 0.01 0.114 0.382 0.025 0.049 0.054 0.014 0.024 0.033 0.007 0.022 0.095
113 F 0.033 0.019 0.017 0.017 0.01 0.01 0.019 0.025 0.017 0.063 0.113 0.019 0.025 0.393 0.01 0.025 0.025 0.017 0.088 0.054
114 I 0.047 0.018 0.015 0.018 0.016 0.013 0.018 0.02 0.009 0.278 0.166 0.023 0.036 0.044 0.015 0.025 0.039 0.006 0.02 0.175
115 I 0.06 0.024 0.024 0.024 0.017 0.019 0.026 0.029 0.01 0.18 0.125 0.031 0.03 0.035 0.019 0.049 0.113 0.006 0.019 0.16
116 H 0.042 0.045 0.053 0.038 0.008 0.038 0.053 0.038 0.361 0.023 0.038 0.045 0.015 0.03 0.019 0.042 0.026 0.008 0.057 0.023
117 D 0.041 0.03 0.068 0.403 0.007 0.03 0.09 0.046 0.019 0.022 0.028 0.044 0.009 0.015 0.022 0.052 0.035 0.004 0.011 0.024
118 L 0.044 0.024 0.014 0.015 0.016 0.016 0.02 0.021 0.01 0.114 0.382 0.025 0.049 0.054 0.014 0.024 0.033 0.007 0.022 0.095
119 I 0.054 0.019 0.015 0.018 0.017 0.014 0.019 0.022 0.009 0.24 0.154 0.024 0.035 0.041 0.015 0.027 0.043 0.006 0.02 0.209
120 Q 0.055 0.073 0.044 0.047 0.009 0.222 0.102 0.041 0.029 0.026 0.047 0.09 0.02 0.015 0.023 0.055 0.041 0.006 0.02 0.035
121 Y 0.04 0.028 0.022 0.019 0.009 0.022 0.028 0.025 0.046 0.043 0.068 0.031 0.019 0.13 0.015 0.031 0.028 0.028 0.325 0.046
122 R 0.044 0.351 0.038 0.031 0.008 0.048 0.052 0.033 0.023 0.023 0.046 0.119 0.015 0.017 0.019 0.044 0.035 0.006 0.017 0.031
123 A 0.297 0.031 0.025 0.029 0.021 0.025 0.04 0.078 0.015 0.043 0.059 0.044 0.017 0.021 0.029 0.084 0.049 0.005 0.017 0.068
124 G 0.078 0.023 0.039 0.033 0.011 0.019 0.025 0.515 0.013 0.019 0.028 0.033 0.009 0.016 0.019 0.051 0.029 0.005 0.011 0.024
125 A 0.297 0.031 0.025 0.029 0.021 0.025 0.04 0.078 0.015 0.043 0.059 0.044 0.017 0.021 0.029 0.084 0.049 0.005 0.017 0.068
126 S 0.172 0.037 0.044 0.042 0.019 0.03 0.048 0.07 0.018 0.034 0.047 0.05 0.016 0.021 0.029 0.18 0.071 0.005 0.017 0.05
127 I 0.054 0.019 0.015 0.018 0.017 0.014 0.019 0.022 0.009 0.24 0.154 0.024 0.035 0.041 0.015 0.027 0.043 0.006 0.02 0.209
128 G 0.078 0.023 0.039 0.033 0.011 0.019 0.025 0.515 0.013 0.019 0.028 0.033 0.009 0.016 0.019 0.051 0.029 0.005 0.011 0.024
129 L 0.044 0.024 0.014 0.015 0.016 0.016 0.02 0.021 0.01 0.114 0.382 0.025 0.049 0.054 0.014 0.024 0.033 0.007 0.022 0.095
130 A 0.158 0.03 0.034 0.033 0.123 0.024 0.037 0.112 0.014 0.036 0.051 0.041 0.016 0.02 0.025 0.119 0.055 0.005 0.015 0.052
131 F 0.121 0.023 0.02 0.021 0.014 0.015 0.026 0.043 0.016 0.056 0.095 0.027 0.023 0.269 0.017 0.045 0.033 0.013 0.064 0.059
132 L 0.044 0.024 0.014 0.015 0.016 0.016 0.02 0.021 0.01 0.114 0.382 0.025 0.049 0.054 0.014 0.024 0.033 0.007 0.022 0.095
133 A 0.146 0.03 0.032 0.032 0.016 0.023 0.037 0.056 0.017 0.045 0.071 0.039 0.019 0.145 0.023 0.112 0.052 0.009 0.041 0.055
134 L 0.045 0.02 0.015 0.017 0.015 0.013 0.019 0.023 0.012 0.158 0.187 0.023 0.035 0.161 0.013 0.026 0.035 0.01 0.043 0.132
135 F 0.048 0.023 0.018 0.018 0.013 0.016 0.023 0.025 0.024 0.09 0.103 0.025 0.025 0.186 0.014 0.03 0.034 0.017 0.144 0.126
136 F 0.037 0.021 0.016 0.016 0.012 0.012 0.019 0.024 0.014 0.08 0.203 0.021 0.033 0.28 0.012 0.025 0.028 0.013 0.066 0.068
137 Y 0.04 0.028 0.022 0.019 0.009 0.022 0.028 0.025 0.046 0.043 0.068 0.031 0.019 0.13 0.015 0.031 0.028 0.028 0.325 0.046
138 L 0.044 0.024 0.014 0.015 0.016 0.016 0.02 0.021 0.01 0.114 0.382 0.025 0.049 0.054 0.014 0.024 0.033 0.007 0.022 0.095
139 D 0.047 0.048 0.113 0.187 0.008 0.044 0.15 0.046 0.024 0.023 0.033 0.083 0.011 0.016 0.023 0.057 0.039 0.005 0.015 0.028
140 N 0.089 0.058 0.155 0.058 0.012 0.038 0.054 0.06 0.024 0.027 0.04 0.114 0.014 0.018 0.025 0.102 0.054 0.005 0.017 0.036
141 K 0.068 0.058 0.039 0.036 0.012 0.036 0.05 0.044 0.029 0.033 0.051 0.123 0.016 0.055 0.024 0.104 0.049 0.013 0.12 0.04
142 R 0.051 0.221 0.04 0.036 0.008 0.051 0.062 0.038 0.022 0.025 0.044 0.208 0.015 0.016 0.024 0.049 0.037 0.005 0.017 0.032
143 L 0.043 0.02 0.015 0.017 0.015 0.014 0.019 0.022 0.011 0.18 0.227 0.023 0.038 0.117 0.014 0.025 0.034 0.008 0.034 0.124
144 K 0.052 0.188 0.04 0.038 0.008 0.051 0.064 0.039 0.021 0.026 0.044 0.23 0.015 0.016 0.025 0.05 0.038 0.005 0.017 0.032
145 S 0.172 0.037 0.044 0.042 0.019 0.03 0.048 0.07 0.018 0.034 0.047 0.05 0.016 0.021 0.029 0.18 0.071 0.005 0.017 0.05
146 G 0.053 0.02 0.023 0.023 0.012 0.014 0.021 0.187 0.013 0.12 0.102 0.025 0.024 0.151 0.015 0.034 0.031 0.009 0.04 0.084
147 F 0.052 0.022 0.02 0.021 0.015 0.016 0.024 0.028 0.013 0.146 0.134 0.027 0.044 0.157 0.015 0.05 0.04 0.01 0.043 0.122
148 F 0.127 0.023 0.019 0.021 0.016 0.016 0.026 0.042 0.014 0.091 0.103 0.029 0.024 0.191 0.018 0.046 0.037 0.01 0.049 0.097
149 L 0.041 0.022 0.015 0.016 0.014 0.014 0.02 0.022 0.012 0.097 0.292 0.023 0.041 0.167 0.013 0.024 0.03 0.01 0.044 0.082
150 L 0.058 0.022 0.02 0.021 0.111 0.017 0.023 0.029 0.01 0.144 0.201 0.027 0.034 0.039 0.017 0.055 0.042 0.006 0.019 0.107
151 L 0.043 0.022 0.014 0.016 0.015 0.015 0.019 0.021 0.01 0.145 0.304 0.024 0.044 0.089 0.014 0.024 0.034 0.008 0.029 0.108
152 A 0.297 0.031 0.025 0.029 0.021 0.025 0.04 0.078 0.015 0.043 0.059 0.044 0.017 0.021 0.029 0.084 0.049 0.005 0.017 0.068
153 L 0.11 0.023 0.018 0.019 0.175 0.017 0.024 0.038 0.01 0.08 0.176 0.028 0.029 0.033 0.018 0.044 0.04 0.005 0.018 0.096
154 S 0.087 0.034 0.04 0.037 0.017 0.027 0.041 0.051 0.016 0.058 0.155 0.044 0.027 0.032 0.024 0.16 0.065 0.006 0.019 0.059
155 I 0.054 0.019 0.015 0.018 0.017 0.014 0.019 0.022 0.009 0.24 0.154 0.024 0.035 0.041 0.015 0.027 0.043 0.006 0.02 0.209
156 H 0.042 0.045 0.053 0.038 0.008 0.038 0.053 0.038 0.361 0.023 0.038 0.045 0.015 0.03 0.019 0.042 0.026 0.008 0.057 0.023
157 L 0.044 0.024 0.014 0.015 0.016 0.016 0.02 0.021 0.01 0.114 0.382 0.025 0.049 0.054 0.014 0.024 0.033 0.007 0.022 0.095
158 S 0.109 0.04 0.054 0.048 0.017 0.033 0.052 0.066 0.019 0.029 0.041 0.054 0.016 0.021 0.029 0.228 0.081 0.005 0.017 0.041
159 A 0.213 0.035 0.038 0.038 0.02 0.029 0.045 0.072 0.017 0.037 0.051 0.048 0.017 0.021 0.029 0.148 0.064 0.005 0.017 0.056
160 L 0.047 0.024 0.016 0.017 0.016 0.019 0.022 0.023 0.012 0.164 0.248 0.028 0.085 0.049 0.015 0.028 0.037 0.007 0.022 0.121
161 L 0.044 0.024 0.014 0.015 0.016 0.016 0.02 0.021 0.01 0.114 0.382 0.025 0.049 0.054 0.014 0.024 0.033 0.007 0.022 0.095
162 I 0.055 0.021 0.016 0.018 0.017 0.016 0.021 0.023 0.009 0.216 0.158 0.026 0.052 0.041 0.015 0.029 0.043 0.006 0.021 0.198
163 L 0.052 0.023 0.015 0.016 0.017 0.016 0.021 0.022 0.009 0.13 0.297 0.025 0.043 0.048 0.015 0.027 0.038 0.007 0.022 0.156
164 V 0.075 0.026 0.028 0.028 0.017 0.021 0.031 0.037 0.012 0.157 0.112 0.034 0.028 0.033 0.02 0.095 0.057 0.005 0.019 0.164
165 V 0.142 0.024 0.019 0.022 0.019 0.019 0.028 0.042 0.01 0.138 0.111 0.032 0.027 0.032 0.02 0.049 0.048 0.005 0.019 0.193
166 I 0.047 0.018 0.015 0.018 0.016 0.013 0.018 0.02 0.009 0.278 0.166 0.023 0.036 0.044 0.015 0.025 0.039 0.006 0.02 0.175
167 P 0.056 0.026 0.023 0.031 0.01 0.02 0.036 0.036 0.013 0.026 0.036 0.041 0.01 0.013 0.499 0.043 0.036 0.003 0.013 0.031
168 L 0.046 0.02 0.014 0.017 0.016 0.014 0.018 0.021 0.009 0.224 0.238 0.024 0.041 0.047 0.014 0.025 0.037 0.006 0.021 0.148
169 H 0.081 0.038 0.132 0.047 0.012 0.03 0.044 0.049 0.134 0.053 0.057 0.044 0.017 0.026 0.02 0.055 0.041 0.006 0.03 0.081
170 W 0.057 0.027 0.028 0.027 0.012 0.019 0.031 0.04 0.017 0.041 0.069 0.032 0.019 0.158 0.016 0.092 0.043 0.173 0.058 0.042
171 F 0.037 0.024 0.019 0.018 0.01 0.016 0.024 0.025 0.032 0.052 0.089 0.025 0.022 0.252 0.013 0.028 0.027 0.023 0.214 0.05
172 L 0.044 0.024 0.014 0.015 0.016 0.016 0.02 0.021 0.01 0.114 0.382 0.025 0.049 0.054 0.014 0.024 0.033 0.007 0.022 0.095
173 K 0.048 0.132 0.132 0.05 0.009 0.043 0.054 0.046 0.024 0.033 0.057 0.143 0.031 0.02 0.022 0.054 0.042 0.005 0.017 0.037
174 K 0.052 0.188 0.04 0.038 0.008 0.051 0.064 0.039 0.021 0.026 0.044 0.23 0.015 0.016 0.025 0.05 0.038 0.005 0.017 0.032
175 R 0.044 0.249 0.133 0.048 0.008 0.043 0.051 0.043 0.026 0.023 0.041 0.097 0.014 0.017 0.019 0.052 0.039 0.005 0.017 0.029
176 K 0.054 0.066 0.033 0.035 0.011 0.096 0.064 0.035 0.019 0.103 0.083 0.133 0.024 0.024 0.022 0.045 0.04 0.006 0.019 0.088
177 G 0.071 0.145 0.042 0.037 0.011 0.035 0.045 0.202 0.019 0.023 0.039 0.094 0.013 0.017 0.022 0.088 0.044 0.005 0.015 0.031
178 R 0.133 0.139 0.091 0.041 0.013 0.034 0.044 0.118 0.021 0.029 0.045 0.069 0.014 0.019 0.023 0.063 0.042 0.005 0.016 0.041
179 N 0.042 0.04 0.239 0.189 0.008 0.032 0.063 0.058 0.027 0.022 0.03 0.05 0.01 0.017 0.021 0.063 0.044 0.004 0.014 0.026
180 L 0.045 0.022 0.014 0.016 0.016 0.015 0.019 0.021 0.01 0.169 0.31 0.024 0.045 0.051 0.014 0.024 0.035 0.007 0.022 0.122
181 F 0.035 0.019 0.016 0.017 0.011 0.011 0.019 0.025 0.016 0.091 0.12 0.019 0.027 0.346 0.011 0.025 0.027 0.015 0.079 0.071
182 N 0.043 0.188 0.191 0.058 0.008 0.04 0.05 0.05 0.027 0.023 0.038 0.084 0.013 0.018 0.02 0.057 0.042 0.005 0.016 0.029
183 L 0.044 0.039 0.025 0.026 0.012 0.083 0.047 0.029 0.019 0.068 0.18 0.045 0.032 0.154 0.016 0.035 0.033 0.01 0.043 0.062
184 I 0.047 0.018 0.015 0.018 0.016 0.013 0.018 0.02 0.009 0.278 0.166 0.023 0.036 0.044 0.015 0.025 0.039 0.006 0.02 0.175
185 L 0.084 0.022 0.016 0.018 0.017 0.016 0.023 0.029 0.01 0.167 0.215 0.027 0.037 0.042 0.017 0.034 0.041 0.006 0.021 0.157
186 I 0.049 0.018 0.015 0.018 0.016 0.014 0.018 0.021 0.009 0.265 0.162 0.024 0.036 0.043 0.015 0.026 0.04 0.006 0.02 0.186
187 I 0.08 0.024 0.022 0.023 0.017 0.018 0.025 0.032 0.011 0.18 0.16 0.031 0.032 0.038 0.019 0.046 0.087 0.006 0.02 0.129
188 I 0.047 0.018 0.015 0.018 0.016 0.013 0.018 0.021 0.009 0.272 0.168 0.024 0.037 0.044 0.015 0.025 0.04 0.006 0.021 0.177
189 F 0.05 0.024 0.024 0.023 0.013 0.016 0.026 0.033 0.016 0.063 0.135 0.027 0.026 0.273 0.015 0.065 0.037 0.013 0.065 0.057
190 L 0.045 0.022 0.014 0.016 0.016 0.015 0.019 0.021 0.01 0.169 0.31 0.024 0.045 0.051 0.014 0.024 0.035 0.007 0.022 0.122
191 L 0.041 0.021 0.015 0.016 0.014 0.014 0.019 0.022 0.012 0.119 0.263 0.023 0.039 0.166 0.013 0.025 0.031 0.01 0.044 0.092
192 L 0.066 0.029 0.027 0.026 0.016 0.022 0.031 0.036 0.013 0.086 0.268 0.035 0.038 0.043 0.019 0.092 0.049 0.006 0.02 0.077
193 F 0.071 0.027 0.029 0.028 0.016 0.02 0.031 0.038 0.015 0.085 0.095 0.033 0.024 0.15 0.019 0.095 0.052 0.009 0.042 0.124
194 C 0.066 0.022 0.02 0.02 0.227 0.017 0.023 0.032 0.01 0.101 0.116 0.027 0.034 0.03 0.017 0.056 0.044 0.005 0.017 0.117
195 V 0.069 0.027 0.03 0.028 0.017 0.021 0.03 0.035 0.012 0.144 0.107 0.035 0.027 0.032 0.021 0.076 0.119 0.006 0.019 0.145
196 V 0.061 0.022 0.016 0.017 0.018 0.016 0.022 0.023 0.009 0.147 0.213 0.026 0.037 0.042 0.016 0.03 0.044 0.006 0.021 0.216
197 L 0.044 0.021 0.015 0.016 0.015 0.014 0.019 0.021 0.01 0.162 0.274 0.024 0.042 0.096 0.014 0.024 0.034 0.008 0.03 0.116
198 V 0.05 0.019 0.016 0.017 0.015 0.013 0.02 0.023 0.011 0.168 0.136 0.023 0.031 0.157 0.014 0.027 0.038 0.009 0.043 0.169
199 D 0.041 0.035 0.153 0.296 0.008 0.031 0.077 0.052 0.023 0.022 0.029 0.047 0.01 0.016 0.021 0.057 0.04 0.004 0.013 0.025
200 P 0.056 0.026 0.023 0.031 0.01 0.02 0.036 0.036 0.013 0.026 0.036 0.041 0.01 0.013 0.499 0.043 0.036 0.003 0.013 0.031
201 Y 0.04 0.028 0.022 0.019 0.009 0.022 0.028 0.025 0.046 0.043 0.068 0.031 0.019 0.13 0.015 0.031 0.028 0.028 0.325 0.046
202 R 0.132 0.134 0.026 0.026 0.015 0.029 0.037 0.044 0.015 0.099 0.085 0.062 0.022 0.026 0.021 0.052 0.042 0.006 0.018 0.105
203 L 0.051 0.029 0.118 0.039 0.014 0.021 0.031 0.037 0.017 0.094 0.151 0.034 0.028 0.073 0.016 0.042 0.043 0.007 0.027 0.128
204 L 0.05 0.022 0.015 0.016 0.016 0.015 0.021 0.023 0.011 0.119 0.238 0.024 0.038 0.123 0.014 0.027 0.037 0.009 0.036 0.146
205 L 0.047 0.024 0.016 0.017 0.016 0.019 0.022 0.023 0.012 0.164 0.248 0.028 0.085 0.049 0.015 0.028 0.037 0.007 0.022 0.121
206 E 0.054 0.147 0.039 0.064 0.008 0.054 0.189 0.087 0.023 0.022 0.039 0.085 0.013 0.017 0.023 0.051 0.035 0.006 0.016 0.03
207 L 0.047 0.027 0.016 0.017 0.016 0.02 0.023 0.023 0.012 0.109 0.319 0.029 0.089 0.052 0.015 0.028 0.035 0.007 0.023 0.094
208 L 0.055 0.026 0.017 0.018 0.017 0.02 0.024 0.024 0.011 0.126 0.235 0.029 0.083 0.046 0.015 0.031 0.041 0.007 0.022 0.154
209 A 0.19 0.032 0.027 0.029 0.019 0.027 0.038 0.059 0.016 0.06 0.102 0.043 0.068 0.03 0.025 0.087 0.05 0.006 0.02 0.072
210 K 0.056 0.09 0.041 0.051 0.008 0.078 0.121 0.041 0.023 0.026 0.042 0.217 0.016 0.015 0.026 0.054 0.039 0.005 0.017 0.033
211 I 0.042 0.018 0.015 0.017 0.014 0.012 0.018 0.022 0.011 0.206 0.149 0.022 0.033 0.16 0.013 0.025 0.035 0.009 0.043 0.135
212 P 0.074 0.03 0.033 0.037 0.013 0.025 0.041 0.046 0.015 0.027 0.038 0.045 0.012 0.015 0.342 0.105 0.051 0.003 0.014 0.034
213 F 0.039 0.022 0.017 0.017 0.012 0.015 0.021 0.025 0.016 0.077 0.165 0.023 0.057 0.279 0.012 0.027 0.029 0.014 0.066 0.067
214 L 0.043 0.025 0.017 0.017 0.014 0.018 0.022 0.025 0.014 0.092 0.23 0.027 0.081 0.165 0.013 0.028 0.033 0.011 0.045 0.08
215 Q 0.051 0.064 0.047 0.044 0.008 0.161 0.086 0.04 0.14 0.025 0.044 0.075 0.019 0.02 0.022 0.051 0.036 0.006 0.033 0.031
216 E 0.152 0.042 0.034 0.065 0.013 0.048 0.198 0.052 0.021 0.03 0.045 0.062 0.015 0.018 0.027 0.066 0.042 0.005 0.017 0.046
217 R 0.044 0.351 0.038 0.031 0.008 0.048 0.052 0.033 0.023 0.023 0.046 0.119 0.015 0.017 0.019 0.044 0.035 0.006 0.017 0.031
218 I 0.054 0.019 0.015 0.018 0.017 0.014 0.019 0.022 0.009 0.24 0.154 0.024 0.035 0.041 0.015 0.027 0.043 0.006 0.02 0.209
219 A 0.269 0.03 0.024 0.028 0.021 0.024 0.038 0.071 0.014 0.051 0.095 0.042 0.021 0.025 0.028 0.077 0.048 0.006 0.018 0.071
220 P 0.056 0.026 0.023 0.031 0.01 0.02 0.036 0.036 0.013 0.026 0.036 0.041 0.01 0.013 0.499 0.043 0.036 0.003 0.013 0.031
221 Y 0.04 0.028 0.022 0.019 0.009 0.022 0.028 0.025 0.046 0.043 0.068 0.031 0.019 0.13 0.015 0.031 0.028 0.028 0.325 0.046
222 L 0.048 0.02 0.015 0.017 0.016 0.014 0.019 0.021 0.009 0.211 0.234 0.024 0.04 0.046 0.015 0.025 0.038 0.006 0.021 0.16
223 D 0.041 0.035 0.153 0.296 0.008 0.031 0.077 0.052 0.023 0.022 0.029 0.047 0.01 0.016 0.021 0.057 0.04 0.004 0.013 0.025
224 G 0.078 0.023 0.039 0.033 0.011 0.019 0.025 0.515 0.013 0.019 0.028 0.033 0.009 0.016 0.019 0.051 0.029 0.005 0.011 0.024
225 S 0.097 0.038 0.05 0.045 0.017 0.031 0.048 0.058 0.017 0.037 0.049 0.051 0.017 0.022 0.029 0.182 0.139 0.005 0.017 0.051
226 Y 0.04 0.028 0.022 0.019 0.009 0.022 0.028 0.025 0.046 0.043 0.068 0.031 0.019 0.13 0.015 0.031 0.028 0.028 0.325 0.046
227 Q 0.102 0.058 0.036 0.039 0.012 0.156 0.079 0.046 0.024 0.041 0.094 0.072 0.024 0.021 0.023 0.057 0.041 0.006 0.02 0.05
228 T 0.071 0.031 0.034 0.031 0.018 0.024 0.034 0.037 0.012 0.09 0.086 0.039 0.023 0.027 0.024 0.072 0.186 0.006 0.019 0.139
229 S 0.078 0.035 0.113 0.047 0.016 0.027 0.041 0.052 0.019 0.072 0.068 0.044 0.02 0.025 0.023 0.12 0.062 0.005 0.018 0.116
230 A 0.131 0.041 0.13 0.067 0.013 0.041 0.131 0.059 0.024 0.029 0.042 0.057 0.014 0.019 0.025 0.069 0.045 0.005 0.016 0.042
231 T 0.109 0.028 0.03 0.029 0.018 0.022 0.032 0.042 0.012 0.126 0.097 0.038 0.025 0.03 0.023 0.068 0.142 0.006 0.018 0.105
232 P 0.081 0.032 0.037 0.039 0.014 0.026 0.043 0.05 0.016 0.027 0.038 0.047 0.013 0.016 0.28 0.129 0.057 0.004 0.015 0.036
233 L 0.047 0.024 0.016 0.017 0.016 0.019 0.022 0.023 0.012 0.164 0.248 0.028 0.085 0.049 0.015 0.028 0.037 0.007 0.022 0.121
234 F 0.038 0.021 0.016 0.016 0.013 0.013 0.019 0.023 0.014 0.086 0.232 0.022 0.036 0.242 0.012 0.025 0.029 0.012 0.059 0.073
235 N 0.042 0.044 0.324 0.082 0.009 0.033 0.049 0.065 0.031 0.022 0.031 0.053 0.011 0.018 0.02 0.069 0.049 0.004 0.016 0.027
236 S 0.097 0.038 0.05 0.045 0.017 0.031 0.048 0.058 0.017 0.037 0.049 0.051 0.017 0.022 0.029 0.182 0.139 0.005 0.017 0.051
237 Y 0.038 0.025 0.02 0.018 0.01 0.018 0.025 0.025 0.036 0.05 0.083 0.027 0.021 0.217 0.014 0.029 0.027 0.024 0.246 0.049
238 V 0.069 0.022 0.016 0.018 0.019 0.016 0.023 0.024 0.008 0.163 0.129 0.026 0.031 0.035 0.016 0.033 0.049 0.005 0.02 0.276
239 L 0.049 0.023 0.015 0.016 0.017 0.016 0.02 0.022 0.009 0.146 0.302 0.025 0.044 0.049 0.015 0.026 0.037 0.007 0.022 0.142
240 I 0.047 0.018 0.015 0.018 0.016 0.013 0.018 0.02 0.009 0.278 0.166 0.023 0.036 0.044 0.015 0.025 0.039 0.006 0.02 0.175
241 K 0.056 0.106 0.041 0.041 0.009 0.053 0.07 0.043 0.02 0.027 0.043 0.285 0.015 0.015 0.027 0.053 0.039 0.005 0.017 0.032
242 I 0.047 0.018 0.015 0.018 0.016 0.013 0.018 0.02 0.009 0.278 0.166 0.023 0.036 0.044 0.015 0.025 0.039 0.006 0.02 0.175
243 L 0.051 0.022 0.019 0.02 0.016 0.016 0.022 0.026 0.011 0.172 0.218 0.027 0.037 0.083 0.016 0.047 0.04 0.007 0.028 0.12
244 S 0.093 0.033 0.041 0.038 0.018 0.027 0.042 0.051 0.015 0.087 0.075 0.044 0.021 0.027 0.025 0.162 0.069 0.005 0.018 0.108
245 Y 0.038 0.025 0.02 0.018 0.01 0.018 0.025 0.025 0.036 0.05 0.083 0.027 0.021 0.217 0.014 0.029 0.027 0.024 0.246 0.049
246 V 0.062 0.022 0.016 0.018 0.018 0.017 0.022 0.024 0.009 0.182 0.145 0.026 0.048 0.039 0.016 0.031 0.046 0.006 0.021 0.233
247 I 0.042 0.018 0.015 0.017 0.014 0.012 0.018 0.022 0.011 0.206 0.149 0.022 0.033 0.16 0.013 0.025 0.035 0.009 0.043 0.135
248 F 0.033 0.019 0.017 0.017 0.01 0.01 0.019 0.025 0.017 0.063 0.113 0.019 0.025 0.393 0.01 0.025 0.025 0.017 0.088 0.054
249 L 0.05 0.026 0.025 0.023 0.015 0.018 0.026 0.03 0.013 0.077 0.186 0.03 0.031 0.157 0.017 0.047 0.104 0.01 0.043 0.073
250 V 0.056 0.131 0.023 0.022 0.015 0.026 0.032 0.026 0.013 0.139 0.109 0.056 0.027 0.031 0.017 0.035 0.042 0.006 0.019 0.174
251 W 0.03 0.022 0.015 0.015 0.008 0.015 0.022 0.03 0.015 0.03 0.052 0.022 0.015 0.06 0.008 0.022 0.022 0.497 0.068 0.03
252 I 0.054 0.019 0.015 0.018 0.017 0.014 0.019 0.022 0.009 0.24 0.154 0.024 0.035 0.041 0.015 0.027 0.043 0.006 0.02 0.209
253 Y 0.043 0.026 0.021 0.018 0.073 0.02 0.026 0.026 0.041 0.043 0.067 0.029 0.018 0.115 0.016 0.032 0.029 0.025 0.283 0.048
254 K 0.052 0.079 0.032 0.032 0.011 0.041 0.053 0.036 0.017 0.056 0.156 0.199 0.027 0.028 0.023 0.043 0.037 0.006 0.019 0.053
255 N 0.042 0.044 0.324 0.082 0.009 0.033 0.049 0.065 0.031 0.022 0.031 0.053 0.011 0.018 0.02 0.069 0.049 0.004 0.016 0.027
256 K 0.052 0.18 0.041 0.039 0.008 0.089 0.071 0.039 0.023 0.026 0.045 0.187 0.016 0.016 0.024 0.051 0.038 0.006 0.018 0.032
257 G 0.056 0.046 0.115 0.129 0.009 0.032 0.055 0.206 0.02 0.022 0.032 0.091 0.011 0.016 0.022 0.056 0.037 0.005 0.013 0.026
258 R 0.059 0.161 0.034 0.032 0.012 0.04 0.05 0.036 0.018 0.062 0.067 0.145 0.02 0.022 0.022 0.056 0.043 0.005 0.018 0.097
259 E 0.059 0.04 0.038 0.069 0.008 0.049 0.211 0.162 0.022 0.022 0.035 0.06 0.012 0.019 0.023 0.051 0.034 0.038 0.018 0.029
260 L 0.043 0.024 0.014 0.015 0.016 0.016 0.02 0.021 0.01 0.111 0.364 0.025 0.048 0.077 0.014 0.024 0.033 0.008 0.026 0.093
261 V 0.07 0.026 0.024 0.023 0.019 0.019 0.028 0.03 0.01 0.132 0.111 0.031 0.028 0.032 0.019 0.05 0.107 0.006 0.02 0.217
262 G 0.059 0.099 0.092 0.04 0.01 0.027 0.035 0.252 0.018 0.055 0.051 0.055 0.015 0.02 0.019 0.049 0.036 0.005 0.014 0.046
263 E 0.053 0.069 0.074 0.06 0.008 0.109 0.139 0.042 0.049 0.025 0.041 0.122 0.016 0.017 0.024 0.055 0.039 0.006 0.02 0.032
264 N 0.042 0.059 0.204 0.058 0.009 0.03 0.042 0.049 0.036 0.029 0.044 0.05 0.014 0.055 0.018 0.055 0.041 0.012 0.119 0.033
265 Y 0.041 0.035 0.026 0.022 0.009 0.025 0.033 0.027 0.08 0.04 0.063 0.049 0.018 0.111 0.017 0.034 0.028 0.024 0.274 0.043
266 L 0.043 0.031 0.117 0.037 0.014 0.022 0.03 0.036 0.017 0.084 0.265 0.034 0.036 0.042 0.016 0.039 0.038 0.006 0.02 0.072
267 L 0.045 0.022 0.014 0.016 0.016 0.015 0.019 0.021 0.01 0.158 0.324 0.025 0.046 0.051 0.014 0.024 0.035 0.007 0.022 0.117
268 Y 0.04 0.028 0.041 0.023 0.009 0.021 0.028 0.027 0.042 0.044 0.07 0.031 0.019 0.151 0.015 0.033 0.029 0.025 0.278 0.046
269 L 0.041 0.022 0.015 0.016 0.014 0.014 0.02 0.022 0.012 0.097 0.292 0.023 0.041 0.167 0.013 0.024 0.03 0.01 0.044 0.082
270 F 0.072 0.026 0.031 0.029 0.141 0.02 0.031 0.043 0.015 0.044 0.071 0.033 0.019 0.145 0.02 0.11 0.051 0.009 0.039 0.05
271 F 0.035 0.02 0.017 0.017 0.011 0.012 0.019 0.025 0.017 0.065 0.119 0.02 0.035 0.37 0.011 0.026 0.026 0.016 0.084 0.057
272 F 0.033 0.019 0.017 0.017 0.01 0.01 0.019 0.025 0.017 0.063 0.113 0.019 0.025 0.393 0.01 0.025 0.025 0.017 0.088 0.054
273 L 0.067 0.026 0.027 0.027 0.016 0.02 0.029 0.036 0.012 0.162 0.168 0.034 0.032 0.038 0.019 0.092 0.052 0.006 0.02 0.115
274 S 0.109 0.04 0.054 0.048 0.017 0.033 0.052 0.066 0.019 0.029 0.041 0.054 0.016 0.021 0.029 0.228 0.081 0.005 0.017 0.041
275 L 0.044 0.022 0.016 0.017 0.014 0.016 0.021 0.022 0.018 0.14 0.208 0.025 0.035 0.105 0.014 0.026 0.034 0.012 0.096 0.113
276 F 0.043 0.02 0.017 0.017 0.013 0.013 0.021 0.025 0.016 0.088 0.114 0.021 0.026 0.28 0.012 0.028 0.032 0.014 0.086 0.113
277 G 0.087 0.028 0.042 0.037 0.045 0.023 0.034 0.333 0.015 0.024 0.035 0.039 0.012 0.018 0.022 0.109 0.047 0.005 0.013 0.032
278 L 0.044 0.046 0.016 0.016 0.015 0.018 0.022 0.022 0.011 0.108 0.359 0.031 0.047 0.052 0.014 0.025 0.033 0.007 0.022 0.091
279 L 0.056 0.025 0.025 0.024 0.016 0.018 0.027 0.03 0.013 0.102 0.134 0.03 0.028 0.129 0.018 0.049 0.109 0.009 0.038 0.122
280 L 0.046 0.024 0.014 0.015 0.016 0.016 0.02 0.021 0.01 0.118 0.365 0.025 0.048 0.053 0.014 0.025 0.034 0.007 0.022 0.107
281 G 0.052 0.023 0.026 0.023 0.01 0.017 0.024 0.2 0.026 0.04 0.067 0.028 0.017 0.164 0.015 0.036 0.028 0.017 0.145 0.041
282 W 0.03 0.022 0.015 0.015 0.008 0.015 0.022 0.03 0.015 0.03 0.053 0.022 0.015 0.06 0.008 0.022 0.022 0.497 0.068 0.03
283 F 0.042 0.018 0.017 0.017 0.147 0.011 0.018 0.027 0.014 0.058 0.099 0.019 0.023 0.286 0.012 0.03 0.028 0.013 0.066 0.055
284 F 0.033 0.019 0.017 0.017 0.011 0.011 0.019 0.025 0.017 0.063 0.113 0.019 0.025 0.392 0.011 0.025 0.025 0.017 0.088 0.055
285 R 0.044 0.351 0.038 0.031 0.008 0.048 0.052 0.033 0.023 0.023 0.046 0.119 0.015 0.017 0.019 0.044 0.035 0.006 0.017 0.031
286 G 0.098 0.034 0.048 0.043 0.015 0.028 0.042 0.226 0.017 0.026 0.037 0.046 0.013 0.019 0.026 0.164 0.063 0.005 0.015 0.035
287 N 0.042 0.044 0.323 0.082 0.009 0.033 0.049 0.065 0.031 0.022 0.031 0.053 0.011 0.018 0.02 0.069 0.049 0.004 0.016 0.027
288 D 0.041 0.03 0.068 0.403 0.007 0.03 0.091 0.046 0.019 0.022 0.028 0.044 0.009 0.015 0.022 0.052 0.035 0.004 0.011 0.024
289 S 0.109 0.04 0.054 0.048 0.017 0.033 0.052 0.066 0.019 0.029 0.042 0.054 0.016 0.021 0.029 0.227 0.081 0.005 0.017 0.042
290 L 0.044 0.024 0.014 0.015 0.016 0.016 0.02 0.021 0.01 0.114 0.381 0.025 0.049 0.054 0.014 0.024 0.033 0.007 0.022 0.095
291 A 0.243 0.033 0.033 0.035 0.02 0.028 0.044 0.074 0.016 0.039 0.054 0.047 0.017 0.021 0.029 0.125 0.059 0.005 0.017 0.061
292 I 0.047 0.018 0.015 0.018 0.016 0.013 0.018 0.02 0.009 0.278 0.166 0.023 0.036 0.044 0.015 0.025 0.039 0.006 0.02 0.175
293 R 0.044 0.351 0.038 0.031 0.008 0.048 0.052 0.033 0.023 0.023 0.046 0.119 0.015 0.017 0.019 0.044 0.035 0.006 0.017 0.031
294 F 0.037 0.021 0.016 0.016 0.012 0.012 0.019 0.024 0.014 0.081 0.209 0.021 0.034 0.272 0.012 0.025 0.028 0.013 0.064 0.069
295 S 0.109 0.04 0.054 0.048 0.017 0.033 0.052 0.066 0.019 0.029 0.042 0.054 0.016 0.021 0.029 0.227 0.081 0.005 0.017 0.042
296 D 0.041 0.03 0.068 0.403 0.007 0.03 0.091 0.046 0.019 0.022 0.028 0.044 0.009 0.015 0.022 0.052 0.035 0.004 0.011 0.024
297 F 0.033 0.019 0.017 0.017 0.011 0.011 0.019 0.025 0.017 0.063 0.113 0.019 0.025 0.392 0.011 0.025 0.025 0.017 0.088 0.055
298 F 0.035 0.021 0.018 0.017 0.01 0.013 0.021 0.025 0.024 0.058 0.102 0.022 0.024 0.33 0.012 0.027 0.026 0.019 0.144 0.053
299 C 0.147 0.029 0.032 0.031 0.187 0.023 0.036 0.057 0.014 0.039 0.055 0.039 0.016 0.021 0.025 0.119 0.056 0.005 0.015 0.054
300 I 0.046 0.018 0.014 0.017 0.016 0.014 0.018 0.021 0.009 0.254 0.197 0.024 0.038 0.045 0.014 0.025 0.039 0.006 0.021 0.164
301 Y 0.038 0.025 0.02 0.018 0.01 0.018 0.025 0.025 0.036 0.05 0.084 0.027 0.021 0.223 0.014 0.029 0.027 0.024 0.24 0.049
302 D 0.041 0.03 0.068 0.403 0.007 0.03 0.091 0.046 0.019 0.022 0.028 0.044 0.009 0.015 0.022 0.052 0.035 0.004 0.011 0.024
303 L 0.048 0.02 0.015 0.017 0.016 0.015 0.019 0.021 0.009 0.206 0.239 0.024 0.04 0.047 0.015 0.025 0.038 0.006 0.021 0.159
304 L 0.057 0.022 0.015 0.017 0.018 0.016 0.021 0.023 0.009 0.162 0.224 0.025 0.038 0.043 0.015 0.028 0.042 0.006 0.021 0.197
305 F 0.033 0.019 0.017 0.017 0.011 0.011 0.019 0.025 0.017 0.063 0.113 0.019 0.025 0.392 0.011 0.025 0.025 0.017 0.088 0.055
306 F 0.038 0.018 0.016 0.017 0.012 0.011 0.018 0.023 0.014 0.14 0.132 0.02 0.029 0.268 0.012 0.025 0.03 0.013 0.064 0.098
307 V 0.134 0.024 0.019 0.021 0.02 0.019 0.028 0.04 0.01 0.129 0.109 0.031 0.027 0.031 0.02 0.047 0.049 0.005 0.02 0.216
308 L 0.048 0.041 0.025 0.026 0.013 0.09 0.049 0.028 0.017 0.083 0.262 0.048 0.039 0.04 0.017 0.035 0.036 0.007 0.021 0.074
309 L 0.107 0.025 0.017 0.019 0.018 0.018 0.025 0.035 0.011 0.103 0.274 0.03 0.039 0.044 0.018 0.039 0.039 0.006 0.021 0.11
310 L 0.046 0.026 0.015 0.016 0.016 0.019 0.022 0.023 0.011 0.111 0.337 0.028 0.077 0.053 0.015 0.027 0.035 0.007 0.023 0.094
311 N 0.042 0.039 0.215 0.06 0.009 0.029 0.041 0.05 0.037 0.03 0.044 0.045 0.014 0.058 0.018 0.055 0.041 0.013 0.126 0.034
312 V 0.069 0.022 0.016 0.018 0.019 0.016 0.023 0.024 0.008 0.163 0.129 0.026 0.031 0.035 0.016 0.033 0.049 0.005 0.02 0.275
313 F 0.033 0.019 0.017 0.017 0.011 0.011 0.019 0.025 0.017 0.063 0.113 0.019 0.025 0.392 0.011 0.025 0.025 0.017 0.088 0.055
314 D 0.111 0.058 0.045 0.141 0.012 0.037 0.065 0.052 0.018 0.033 0.045 0.13 0.015 0.018 0.026 0.065 0.066 0.005 0.016 0.043
315 P 0.063 0.026 0.022 0.031 0.014 0.024 0.061 0.03 0.012 0.097 0.085 0.037 0.022 0.025 0.189 0.039 0.043 0.004 0.017 0.159
316 F 0.061 0.027 0.03 0.028 0.013 0.019 0.031 0.039 0.017 0.055 0.107 0.032 0.023 0.235 0.018 0.097 0.046 0.012 0.058 0.053
317 G 0.089 0.029 0.044 0.039 0.013 0.024 0.035 0.354 0.015 0.023 0.033 0.041 0.012 0.018 0.023 0.114 0.048 0.005 0.013 0.03
318 K 0.052 0.194 0.04 0.037 0.008 0.051 0.064 0.039 0.021 0.026 0.044 0.225 0.015 0.016 0.024 0.05 0.038 0.005 0.017 0.032
319 P 0.045 0.023 0.018 0.021 0.012 0.016 0.025 0.028 0.013 0.068 0.181 0.029 0.028 0.136 0.186 0.031 0.032 0.008 0.038 0.061
320 L 0.046 0.02 0.014 0.017 0.016 0.014 0.018 0.021 0.009 0.219 0.243 0.024 0.041 0.048 0.014 0.025 0.037 0.006 0.021 0.147
