#Seq2Logo.py -f /work3/idamei/wzy_ssn/run/1e-50/run/150/MSAs/0009_42.afa -o /work3/idamei/wzy_ssn/run/1e-50/run/150/logos/0009_42.logo
#Position Specific Frequency Matrix
A R N D C Q E G H I L K M F P S T W Y V
0 L 0.052 0.032 0.02 0.02 0.016 0.028 0.028 0.028 0.016 0.101 0.197 0.036 0.158 0.048 0.016 0.036 0.04 0.008 0.024 0.093
1 A 0.288 0.031 0.026 0.03 0.022 0.026 0.041 0.079 0.015 0.043 0.06 0.045 0.018 0.022 0.03 0.085 0.05 0.005 0.018 0.069
2 R 0.045 0.343 0.039 0.031 0.008 0.049 0.052 0.033 0.023 0.023 0.047 0.121 0.016 0.017 0.019 0.045 0.035 0.006 0.017 0.031
3 S 0.11 0.04 0.054 0.049 0.018 0.033 0.053 0.067 0.019 0.03 0.042 0.054 0.016 0.021 0.03 0.217 0.082 0.005 0.018 0.042
4 I 0.047 0.018 0.015 0.018 0.016 0.013 0.018 0.021 0.009 0.269 0.168 0.024 0.037 0.044 0.015 0.025 0.04 0.006 0.021 0.177
5 K 0.057 0.107 0.042 0.042 0.009 0.054 0.071 0.043 0.021 0.028 0.043 0.276 0.016 0.016 0.028 0.054 0.04 0.005 0.017 0.033
6 E 0.055 0.05 0.041 0.091 0.007 0.065 0.294 0.035 0.026 0.022 0.037 0.076 0.013 0.017 0.026 0.055 0.037 0.006 0.017 0.031
7 F 0.034 0.019 0.017 0.017 0.011 0.011 0.019 0.025 0.017 0.064 0.115 0.019 0.025 0.385 0.011 0.025 0.025 0.017 0.089 0.055
8 N 0.043 0.045 0.315 0.083 0.009 0.034 0.05 0.065 0.032 0.023 0.032 0.054 0.011 0.018 0.02 0.07 0.05 0.005 0.016 0.027
9 F 0.034 0.019 0.017 0.017 0.011 0.011 0.019 0.025 0.017 0.064 0.115 0.019 0.025 0.385 0.011 0.025 0.025 0.017 0.089 0.055
10 S 0.11 0.04 0.054 0.049 0.018 0.033 0.053 0.067 0.019 0.03 0.042 0.054 0.016 0.021 0.03 0.217 0.082 0.005 0.018 0.042
11 A 0.288 0.031 0.026 0.03 0.022 0.026 0.041 0.079 0.015 0.043 0.06 0.045 0.018 0.022 0.03 0.085 0.05 0.005 0.018 0.069
12 I 0.047 0.018 0.015 0.018 0.016 0.013 0.018 0.021 0.009 0.269 0.168 0.024 0.037 0.044 0.015 0.025 0.04 0.006 0.021 0.177
13 I 0.047 0.018 0.015 0.018 0.016 0.013 0.018 0.021 0.009 0.269 0.168 0.024 0.037 0.044 0.015 0.025 0.04 0.006 0.021 0.177
14 Y 0.041 0.028 0.022 0.019 0.009 0.022 0.028 0.025 0.047 0.044 0.069 0.031 0.019 0.131 0.016 0.031 0.028 0.028 0.316 0.047
15 L 0.045 0.024 0.014 0.015 0.016 0.016 0.02 0.021 0.01 0.116 0.373 0.025 0.05 0.055 0.014 0.024 0.034 0.007 0.022 0.097
16 L 0.045 0.024 0.014 0.015 0.016 0.016 0.02 0.021 0.01 0.116 0.373 0.025 0.05 0.055 0.014 0.024 0.034 0.007 0.022 0.097
17 R 0.045 0.343 0.039 0.031 0.008 0.049 0.052 0.033 0.023 0.023 0.047 0.121 0.016 0.017 0.019 0.045 0.035 0.006 0.017 0.031
18 K 0.057 0.107 0.042 0.042 0.009 0.054 0.071 0.043 0.021 0.028 0.043 0.276 0.016 0.016 0.028 0.054 0.04 0.005 0.017 0.033
19 F 0.034 0.019 0.017 0.017 0.011 0.011 0.019 0.025 0.017 0.064 0.115 0.019 0.025 0.385 0.011 0.025 0.025 0.017 0.089 0.055
20 R 0.045 0.343 0.039 0.031 0.008 0.049 0.052 0.033 0.023 0.023 0.047 0.121 0.016 0.017 0.019 0.045 0.035 0.006 0.017 0.031
21 P 0.057 0.026 0.023 0.031 0.01 0.021 0.036 0.036 0.013 0.026 0.036 0.041 0.01 0.013 0.492 0.044 0.036 0.003 0.013 0.031
22 S 0.11 0.04 0.054 0.049 0.018 0.033 0.053 0.067 0.019 0.03 0.042 0.054 0.016 0.021 0.03 0.217 0.082 0.005 0.018 0.042
23 F 0.034 0.019 0.017 0.017 0.011 0.011 0.019 0.025 0.017 0.064 0.115 0.019 0.025 0.385 0.011 0.025 0.025 0.017 0.089 0.055
24 I 0.047 0.018 0.015 0.018 0.016 0.013 0.018 0.021 0.009 0.269 0.168 0.024 0.037 0.044 0.015 0.025 0.04 0.006 0.021 0.177
25 I 0.047 0.018 0.015 0.018 0.016 0.013 0.018 0.021 0.009 0.269 0.168 0.024 0.037 0.044 0.015 0.025 0.04 0.006 0.021 0.177
26 H 0.042 0.046 0.054 0.038 0.008 0.038 0.054 0.038 0.353 0.023 0.038 0.046 0.015 0.031 0.019 0.042 0.027 0.008 0.057 0.023
27 A 0.288 0.031 0.026 0.03 0.022 0.026 0.041 0.079 0.015 0.043 0.06 0.045 0.018 0.022 0.03 0.085 0.05 0.005 0.018 0.069
28 P 0.057 0.026 0.023 0.031 0.01 0.021 0.036 0.036 0.013 0.026 0.036 0.041 0.01 0.013 0.492 0.044 0.036 0.003 0.013 0.031
29 Y 0.041 0.028 0.022 0.019 0.009 0.022 0.028 0.025 0.047 0.044 0.069 0.031 0.019 0.131 0.016 0.031 0.028 0.028 0.316 0.047
30 F 0.034 0.019 0.017 0.017 0.011 0.011 0.019 0.025 0.017 0.064 0.115 0.019 0.025 0.385 0.011 0.025 0.025 0.017 0.089 0.055
31 I 0.047 0.018 0.015 0.018 0.016 0.013 0.018 0.021 0.009 0.269 0.168 0.024 0.037 0.044 0.015 0.025 0.04 0.006 0.021 0.177
32 K 0.057 0.107 0.042 0.042 0.009 0.054 0.071 0.043 0.021 0.028 0.043 0.276 0.016 0.016 0.028 0.054 0.04 0.005 0.017 0.033
33 K 0.057 0.107 0.042 0.042 0.009 0.054 0.071 0.043 0.021 0.028 0.043 0.276 0.016 0.016 0.028 0.054 0.04 0.005 0.017 0.033
34 I 0.047 0.018 0.015 0.018 0.016 0.013 0.018 0.021 0.009 0.269 0.168 0.024 0.037 0.044 0.015 0.025 0.04 0.006 0.021 0.177
35 L 0.052 0.032 0.02 0.02 0.016 0.028 0.028 0.028 0.016 0.101 0.197 0.036 0.158 0.048 0.016 0.036 0.04 0.008 0.024 0.093
36 E 0.055 0.05 0.041 0.091 0.007 0.065 0.294 0.035 0.026 0.022 0.037 0.076 0.013 0.017 0.026 0.055 0.037 0.006 0.017 0.031
37 K 0.057 0.107 0.042 0.042 0.009 0.054 0.071 0.043 0.021 0.028 0.043 0.276 0.016 0.016 0.028 0.054 0.04 0.005 0.017 0.033
38 N 0.043 0.045 0.315 0.083 0.009 0.034 0.05 0.065 0.032 0.023 0.032 0.054 0.011 0.018 0.02 0.07 0.05 0.005 0.016 0.027
39 L 0.051 0.031 0.02 0.02 0.016 0.027 0.027 0.027 0.016 0.098 0.192 0.035 0.181 0.047 0.016 0.035 0.039 0.008 0.024 0.09
40 N 0.069 0.036 0.146 0.117 0.012 0.03 0.052 0.137 0.022 0.024 0.033 0.048 0.012 0.018 0.023 0.119 0.053 0.005 0.014 0.03
41 Y 0.04 0.028 0.029 0.084 0.009 0.023 0.038 0.028 0.041 0.039 0.06 0.033 0.017 0.109 0.016 0.034 0.029 0.023 0.281 0.042
42 E 0.054 0.036 0.036 0.118 0.011 0.042 0.179 0.032 0.018 0.063 0.094 0.053 0.02 0.024 0.021 0.045 0.038 0.005 0.017 0.093
43 D 0.104 0.038 0.048 0.159 0.012 0.04 0.147 0.051 0.02 0.027 0.038 0.056 0.013 0.017 0.026 0.099 0.047 0.005 0.015 0.037
44 F 0.033 0.019 0.016 0.016 0.01 0.01 0.019 0.025 0.016 0.062 0.111 0.019 0.025 0.402 0.01 0.025 0.025 0.016 0.087 0.054
45 F 0.033 0.019 0.016 0.016 0.01 0.01 0.019 0.025 0.016 0.062 0.111 0.019 0.025 0.402 0.01 0.025 0.025 0.016 0.087 0.054
46 K 0.095 0.065 0.043 0.109 0.01 0.076 0.113 0.047 0.021 0.028 0.042 0.14 0.015 0.016 0.025 0.058 0.039 0.005 0.016 0.037
47 L 0.045 0.019 0.015 0.017 0.014 0.013 0.019 0.022 0.011 0.162 0.178 0.022 0.033 0.163 0.013 0.026 0.035 0.009 0.043 0.139
48 A 0.207 0.035 0.039 0.038 0.019 0.029 0.045 0.071 0.017 0.036 0.049 0.048 0.016 0.021 0.029 0.161 0.064 0.005 0.017 0.054
49 Y 0.038 0.026 0.02 0.018 0.009 0.019 0.026 0.024 0.041 0.046 0.074 0.028 0.019 0.173 0.014 0.029 0.027 0.026 0.293 0.047
50 S 0.077 0.039 0.091 0.055 0.014 0.035 0.089 0.052 0.02 0.041 0.097 0.052 0.02 0.025 0.024 0.144 0.059 0.005 0.017 0.046
51 Y 0.041 0.036 0.162 0.047 0.009 0.027 0.038 0.042 0.057 0.032 0.049 0.041 0.015 0.073 0.017 0.048 0.037 0.016 0.177 0.036
52 L 0.042 0.019 0.015 0.017 0.014 0.013 0.018 0.022 0.011 0.177 0.182 0.022 0.034 0.164 0.013 0.025 0.034 0.01 0.043 0.126
53 D 0.047 0.027 0.051 0.282 0.01 0.025 0.068 0.039 0.015 0.05 0.065 0.039 0.015 0.02 0.074 0.045 0.037 0.004 0.013 0.072
54 Y 0.045 0.043 0.026 0.033 0.01 0.032 0.081 0.028 0.032 0.058 0.099 0.081 0.021 0.077 0.019 0.037 0.032 0.016 0.176 0.053
55 F 0.035 0.02 0.016 0.016 0.011 0.012 0.019 0.024 0.016 0.069 0.147 0.02 0.036 0.343 0.011 0.025 0.026 0.015 0.076 0.06
56 I 0.047 0.019 0.015 0.017 0.015 0.014 0.019 0.022 0.01 0.2 0.187 0.023 0.035 0.103 0.014 0.026 0.037 0.008 0.031 0.159
57 Y 0.048 0.025 0.021 0.019 0.012 0.019 0.025 0.052 0.028 0.074 0.131 0.029 0.025 0.103 0.016 0.034 0.045 0.017 0.181 0.094
58 I 0.048 0.02 0.016 0.017 0.095 0.015 0.019 0.024 0.011 0.178 0.143 0.024 0.055 0.1 0.014 0.029 0.036 0.008 0.03 0.119
59 S 0.092 0.037 0.046 0.041 0.017 0.031 0.045 0.055 0.017 0.044 0.07 0.048 0.044 0.025 0.026 0.18 0.104 0.006 0.018 0.054
60 L 0.044 0.02 0.014 0.016 0.015 0.014 0.018 0.021 0.01 0.195 0.246 0.023 0.04 0.087 0.014 0.024 0.035 0.007 0.028 0.129
61 F 0.041 0.021 0.015 0.016 0.013 0.013 0.019 0.023 0.013 0.093 0.222 0.022 0.035 0.226 0.012 0.025 0.03 0.012 0.054 0.095
62 L 0.047 0.024 0.019 0.019 0.015 0.016 0.022 0.025 0.011 0.123 0.252 0.027 0.038 0.105 0.016 0.035 0.071 0.008 0.032 0.096
63 F 0.045 0.023 0.02 0.02 0.013 0.015 0.023 0.028 0.014 0.076 0.195 0.025 0.032 0.222 0.014 0.044 0.057 0.011 0.053 0.068
64 F 0.092 0.021 0.02 0.021 0.015 0.015 0.023 0.088 0.013 0.111 0.12 0.027 0.026 0.155 0.016 0.038 0.036 0.009 0.041 0.113
65 V 0.049 0.02 0.016 0.017 0.015 0.013 0.02 0.023 0.011 0.151 0.159 0.023 0.032 0.161 0.014 0.027 0.037 0.009 0.042 0.162
66 L 0.056 0.023 0.015 0.016 0.015 0.015 0.021 0.025 0.011 0.1 0.326 0.025 0.043 0.11 0.014 0.027 0.032 0.008 0.032 0.086
67 Y 0.044 0.026 0.02 0.018 0.011 0.02 0.027 0.024 0.039 0.062 0.077 0.03 0.02 0.112 0.015 0.031 0.031 0.024 0.282 0.086
68 L 0.045 0.023 0.02 0.019 0.014 0.015 0.022 0.026 0.012 0.115 0.205 0.026 0.034 0.163 0.015 0.035 0.07 0.01 0.042 0.089
69 L 0.07 0.027 0.025 0.026 0.015 0.02 0.03 0.035 0.013 0.066 0.173 0.034 0.028 0.094 0.1 0.065 0.077 0.007 0.03 0.065
70 L 0.067 0.03 0.03 0.028 0.017 0.022 0.032 0.036 0.012 0.086 0.179 0.036 0.03 0.035 0.021 0.083 0.121 0.006 0.019 0.109
71 R 0.045 0.266 0.041 0.033 0.008 0.046 0.054 0.035 0.08 0.023 0.043 0.135 0.015 0.019 0.02 0.045 0.033 0.006 0.023 0.029
72 R 0.047 0.223 0.088 0.042 0.008 0.046 0.057 0.041 0.023 0.024 0.042 0.166 0.014 0.016 0.022 0.05 0.038 0.005 0.017 0.03
73 L 0.039 0.04 0.016 0.016 0.013 0.015 0.021 0.023 0.014 0.085 0.247 0.027 0.036 0.206 0.013 0.025 0.029 0.011 0.05 0.072
74 S 0.142 0.033 0.042 0.039 0.017 0.027 0.042 0.14 0.016 0.039 0.049 0.045 0.016 0.021 0.026 0.153 0.073 0.005 0.016 0.059
75 I 0.073 0.02 0.016 0.018 0.017 0.015 0.021 0.027 0.01 0.204 0.138 0.025 0.032 0.079 0.016 0.032 0.041 0.007 0.027 0.185
76 N 0.092 0.035 0.18 0.053 0.012 0.026 0.038 0.135 0.022 0.04 0.095 0.043 0.018 0.024 0.02 0.06 0.042 0.005 0.016 0.044
77 G 0.076 0.022 0.038 0.033 0.011 0.018 0.025 0.522 0.013 0.018 0.028 0.033 0.009 0.016 0.018 0.05 0.029 0.005 0.011 0.024
78 L 0.043 0.023 0.015 0.016 0.015 0.016 0.021 0.021 0.016 0.13 0.299 0.025 0.041 0.064 0.014 0.025 0.033 0.01 0.074 0.099
79 L 0.045 0.021 0.014 0.016 0.016 0.015 0.019 0.021 0.01 0.2 0.266 0.024 0.05 0.048 0.014 0.025 0.036 0.006 0.021 0.133
80 D 0.04 0.029 0.067 0.412 0.007 0.029 0.089 0.045 0.018 0.022 0.027 0.044 0.009 0.015 0.022 0.051 0.035 0.004 0.011 0.024
81 P 0.055 0.025 0.023 0.03 0.01 0.02 0.035 0.035 0.013 0.025 0.035 0.04 0.01 0.013 0.506 0.043 0.035 0.003 0.013 0.03
82 F 0.035 0.019 0.016 0.016 0.011 0.011 0.019 0.024 0.015 0.07 0.158 0.02 0.029 0.344 0.011 0.025 0.026 0.015 0.076 0.06
83 H 0.056 0.04 0.047 0.037 0.012 0.032 0.045 0.04 0.192 0.037 0.05 0.044 0.017 0.026 0.023 0.066 0.145 0.007 0.037 0.046
84 F 0.035 0.021 0.018 0.017 0.01 0.014 0.021 0.025 0.026 0.055 0.097 0.023 0.023 0.31 0.012 0.027 0.026 0.02 0.169 0.051
85 T 0.062 0.031 0.034 0.03 0.016 0.024 0.033 0.036 0.018 0.09 0.081 0.038 0.022 0.044 0.023 0.069 0.188 0.009 0.071 0.083
86 F 0.036 0.024 0.019 0.017 0.009 0.017 0.024 0.025 0.031 0.047 0.079 0.025 0.02 0.208 0.012 0.027 0.026 0.103 0.207 0.046
87 T 0.077 0.035 0.044 0.038 0.017 0.028 0.041 0.046 0.014 0.048 0.06 0.046 0.019 0.023 0.027 0.115 0.234 0.006 0.017 0.065
88 F 0.033 0.019 0.016 0.016 0.01 0.01 0.019 0.025 0.016 0.062 0.111 0.019 0.025 0.402 0.01 0.025 0.025 0.016 0.087 0.054
89 T 0.071 0.032 0.038 0.033 0.018 0.025 0.036 0.039 0.013 0.07 0.074 0.041 0.021 0.025 0.025 0.081 0.229 0.006 0.018 0.106
90 Y 0.037 0.024 0.02 0.018 0.009 0.018 0.024 0.024 0.036 0.049 0.082 0.026 0.02 0.219 0.014 0.029 0.026 0.024 0.252 0.048
91 A 0.169 0.033 0.041 0.039 0.017 0.028 0.043 0.145 0.016 0.032 0.044 0.046 0.015 0.02 0.027 0.155 0.061 0.005 0.016 0.047
92 T 0.071 0.035 0.042 0.037 0.017 0.027 0.038 0.042 0.013 0.052 0.064 0.044 0.019 0.023 0.027 0.09 0.265 0.006 0.017 0.069
93 S 0.141 0.038 0.048 0.045 0.018 0.031 0.049 0.067 0.018 0.031 0.044 0.051 0.016 0.021 0.029 0.213 0.075 0.005 0.017 0.045
94 Y 0.04 0.027 0.021 0.018 0.009 0.021 0.027 0.024 0.046 0.043 0.067 0.03 0.018 0.128 0.015 0.03 0.027 0.027 0.334 0.046
95 S 0.135 0.035 0.046 0.042 0.017 0.029 0.045 0.143 0.017 0.029 0.042 0.048 0.015 0.02 0.027 0.181 0.066 0.005 0.016 0.042
96 V 0.066 0.021 0.016 0.017 0.018 0.016 0.022 0.024 0.008 0.175 0.131 0.025 0.031 0.036 0.016 0.031 0.047 0.005 0.02 0.274
97 I 0.053 0.019 0.015 0.017 0.017 0.014 0.019 0.021 0.008 0.246 0.152 0.024 0.034 0.04 0.015 0.027 0.042 0.006 0.02 0.211
98 I 0.049 0.019 0.015 0.017 0.016 0.014 0.019 0.021 0.009 0.238 0.196 0.024 0.037 0.043 0.015 0.026 0.039 0.006 0.02 0.178
99 I 0.093 0.021 0.016 0.019 0.017 0.016 0.022 0.03 0.01 0.197 0.178 0.027 0.034 0.04 0.017 0.035 0.041 0.006 0.02 0.161
100 L 0.044 0.024 0.014 0.015 0.016 0.016 0.02 0.021 0.01 0.112 0.38 0.025 0.056 0.053 0.014 0.024 0.033 0.007 0.022 0.094
101 Y 0.038 0.025 0.02 0.018 0.009 0.018 0.025 0.024 0.037 0.048 0.079 0.027 0.02 0.204 0.014 0.029 0.027 0.024 0.266 0.048
102 I 0.065 0.025 0.026 0.025 0.015 0.02 0.026 0.113 0.012 0.154 0.121 0.032 0.052 0.035 0.018 0.067 0.045 0.006 0.019 0.125
103 L 0.046 0.027 0.081 0.095 0.011 0.02 0.037 0.116 0.016 0.058 0.163 0.033 0.025 0.093 0.016 0.04 0.034 0.007 0.028 0.053
104 G 0.071 0.026 0.087 0.041 0.01 0.021 0.029 0.446 0.016 0.019 0.028 0.036 0.009 0.016 0.019 0.053 0.032 0.005 0.011 0.024
105 Y 0.042 0.035 0.031 0.034 0.008 0.032 0.081 0.029 0.114 0.035 0.055 0.041 0.017 0.087 0.018 0.037 0.028 0.019 0.22 0.038
106 I 0.052 0.018 0.015 0.017 0.017 0.014 0.019 0.021 0.008 0.253 0.154 0.024 0.034 0.041 0.015 0.027 0.041 0.006 0.02 0.204
107 S 0.089 0.039 0.05 0.073 0.015 0.036 0.095 0.055 0.019 0.031 0.043 0.054 0.015 0.02 0.028 0.173 0.101 0.005 0.017 0.043
108 N 0.046 0.035 0.138 0.109 0.011 0.028 0.048 0.044 0.079 0.057 0.119 0.042 0.021 0.029 0.019 0.058 0.04 0.005 0.023 0.049
109 Y 0.039 0.028 0.024 0.02 0.01 0.021 0.028 0.026 0.087 0.055 0.126 0.029 0.024 0.16 0.014 0.03 0.027 0.018 0.181 0.052
110 T 0.056 0.034 0.037 0.031 0.013 0.027 0.037 0.035 0.084 0.044 0.06 0.04 0.018 0.059 0.022 0.062 0.146 0.013 0.129 0.054
111 F 0.039 0.02 0.016 0.016 0.012 0.012 0.019 0.024 0.014 0.081 0.16 0.02 0.029 0.303 0.012 0.025 0.029 0.014 0.068 0.086
112 F 0.087 0.026 0.024 0.024 0.015 0.02 0.029 0.037 0.015 0.082 0.111 0.031 0.05 0.155 0.018 0.07 0.044 0.009 0.042 0.111
113 L 0.047 0.022 0.015 0.017 0.016 0.016 0.02 0.022 0.01 0.201 0.23 0.026 0.063 0.046 0.015 0.026 0.038 0.006 0.021 0.143
114 F 0.04 0.02 0.015 0.016 0.013 0.013 0.019 0.023 0.013 0.119 0.199 0.021 0.034 0.225 0.012 0.025 0.031 0.011 0.054 0.098
115 F 0.054 0.026 0.027 0.025 0.014 0.018 0.028 0.034 0.016 0.062 0.127 0.03 0.034 0.217 0.017 0.072 0.076 0.011 0.053 0.061
116 L 0.066 0.026 0.024 0.023 0.015 0.018 0.027 0.034 0.014 0.072 0.186 0.03 0.03 0.159 0.017 0.062 0.075 0.01 0.042 0.069
117 Y 0.04 0.027 0.021 0.018 0.009 0.021 0.027 0.024 0.046 0.043 0.067 0.03 0.018 0.128 0.015 0.03 0.027 0.027 0.334 0.046
118 G 0.159 0.028 0.036 0.034 0.015 0.023 0.034 0.297 0.015 0.028 0.04 0.04 0.013 0.018 0.024 0.092 0.044 0.005 0.014 0.041
119 I 0.052 0.02 0.016 0.018 0.016 0.015 0.019 0.049 0.009 0.206 0.199 0.024 0.036 0.042 0.015 0.027 0.039 0.006 0.02 0.172
120 L 0.058 0.027 0.022 0.022 0.016 0.019 0.026 0.03 0.011 0.101 0.285 0.031 0.039 0.044 0.017 0.064 0.055 0.006 0.021 0.105
121 F 0.033 0.019 0.016 0.016 0.01 0.01 0.019 0.025 0.016 0.062 0.111 0.019 0.025 0.402 0.01 0.025 0.025 0.016 0.087 0.054
122 L 0.052 0.023 0.015 0.016 0.017 0.016 0.021 0.022 0.009 0.129 0.303 0.025 0.043 0.047 0.015 0.027 0.038 0.006 0.021 0.158
123 L 0.053 0.024 0.021 0.021 0.015 0.018 0.025 0.029 0.013 0.116 0.221 0.028 0.043 0.123 0.016 0.061 0.04 0.009 0.035 0.089
124 S 0.124 0.033 0.039 0.038 0.016 0.027 0.043 0.057 0.017 0.034 0.051 0.045 0.016 0.062 0.106 0.156 0.061 0.006 0.024 0.045
125 L 0.044 0.021 0.014 0.016 0.016 0.015 0.019 0.021 0.01 0.168 0.3 0.024 0.043 0.069 0.014 0.024 0.034 0.007 0.025 0.118
126 N 0.044 0.101 0.131 0.045 0.009 0.035 0.045 0.042 0.033 0.03 0.047 0.097 0.015 0.054 0.019 0.049 0.037 0.012 0.122 0.034
127 L 0.042 0.019 0.015 0.017 0.014 0.014 0.019 0.022 0.011 0.186 0.189 0.023 0.043 0.145 0.013 0.025 0.034 0.009 0.039 0.122
128 F 0.044 0.021 0.022 0.021 0.011 0.013 0.023 0.057 0.017 0.056 0.099 0.023 0.023 0.338 0.013 0.05 0.031 0.015 0.075 0.051
129 S 0.093 0.096 0.044 0.041 0.014 0.066 0.055 0.079 0.02 0.029 0.047 0.066 0.016 0.04 0.025 0.145 0.058 0.006 0.021 0.039
130 R 0.047 0.108 0.086 0.039 0.011 0.032 0.042 0.038 0.099 0.073 0.065 0.058 0.019 0.031 0.019 0.051 0.074 0.007 0.044 0.059
131 I 0.055 0.085 0.024 0.023 0.015 0.023 0.029 0.028 0.012 0.158 0.131 0.046 0.029 0.034 0.018 0.042 0.081 0.006 0.019 0.143
132 R 0.066 0.176 0.045 0.039 0.011 0.042 0.054 0.045 0.06 0.025 0.042 0.117 0.015 0.019 0.024 0.11 0.049 0.006 0.021 0.033
133 Y 0.047 0.04 0.025 0.023 0.01 0.025 0.033 0.085 0.031 0.049 0.115 0.076 0.022 0.082 0.017 0.035 0.031 0.017 0.184 0.049
134 T 0.1 0.036 0.041 0.097 0.014 0.049 0.053 0.047 0.022 0.04 0.054 0.047 0.017 0.038 0.024 0.077 0.116 0.009 0.069 0.052
135 P 0.051 0.083 0.025 0.028 0.01 0.035 0.038 0.059 0.015 0.039 0.097 0.052 0.018 0.023 0.261 0.04 0.034 0.032 0.018 0.041
136 L 0.057 0.024 0.022 0.022 0.016 0.018 0.025 0.03 0.012 0.127 0.193 0.029 0.041 0.101 0.016 0.062 0.043 0.008 0.031 0.123
137 N 0.057 0.036 0.141 0.112 0.011 0.029 0.051 0.049 0.061 0.047 0.051 0.045 0.016 0.028 0.021 0.083 0.048 0.006 0.038 0.072
138 K 0.058 0.06 0.033 0.032 0.011 0.034 0.045 0.117 0.021 0.072 0.064 0.149 0.018 0.039 0.022 0.054 0.038 0.009 0.069 0.057
139 K 0.049 0.065 0.037 0.095 0.009 0.037 0.058 0.037 0.023 0.041 0.068 0.164 0.017 0.039 0.022 0.044 0.035 0.036 0.072 0.05
140 I 0.051 0.019 0.015 0.017 0.016 0.014 0.019 0.022 0.01 0.208 0.143 0.023 0.032 0.1 0.014 0.027 0.04 0.007 0.031 0.191
141 F 0.043 0.023 0.02 0.018 0.011 0.017 0.024 0.052 0.03 0.061 0.086 0.026 0.021 0.203 0.014 0.03 0.029 0.02 0.199 0.074
142 G 0.101 0.089 0.09 0.044 0.014 0.031 0.043 0.134 0.019 0.034 0.044 0.058 0.015 0.019 0.023 0.118 0.053 0.005 0.016 0.05
143 L 0.044 0.022 0.02 0.02 0.014 0.015 0.022 0.026 0.013 0.112 0.19 0.025 0.032 0.182 0.015 0.035 0.069 0.01 0.046 0.087
144 F 0.036 0.02 0.016 0.016 0.012 0.012 0.019 0.023 0.014 0.079 0.205 0.021 0.033 0.286 0.012 0.024 0.027 0.013 0.065 0.067
145 V 0.067 0.022 0.022 0.022 0.097 0.017 0.025 0.031 0.01 0.162 0.114 0.028 0.027 0.033 0.018 0.065 0.048 0.005 0.018 0.169
146 P 0.056 0.025 0.025 0.027 0.012 0.02 0.031 0.034 0.019 0.079 0.076 0.034 0.019 0.103 0.18 0.067 0.04 0.01 0.081 0.062
147 K 0.051 0.084 0.041 0.097 0.009 0.039 0.059 0.065 0.037 0.069 0.059 0.17 0.017 0.021 0.023 0.046 0.037 0.005 0.018 0.053
148 K 0.054 0.071 0.138 0.053 0.009 0.04 0.055 0.129 0.023 0.024 0.036 0.171 0.013 0.016 0.023 0.057 0.04 0.005 0.015 0.029
149 T 0.062 0.089 0.041 0.045 0.013 0.041 0.093 0.04 0.018 0.038 0.052 0.113 0.017 0.02 0.026 0.071 0.151 0.006 0.017 0.05
150 K 0.067 0.071 0.042 0.048 0.01 0.045 0.099 0.125 0.02 0.025 0.038 0.174 0.014 0.016 0.026 0.083 0.044 0.005 0.016 0.032
151 R 0.043 0.252 0.043 0.033 0.008 0.044 0.052 0.034 0.137 0.023 0.043 0.094 0.015 0.021 0.019 0.043 0.032 0.006 0.03 0.028
152 I 0.101 0.025 0.026 0.026 0.015 0.02 0.029 0.094 0.018 0.121 0.091 0.033 0.023 0.067 0.02 0.074 0.044 0.01 0.074 0.089
153 F 0.043 0.025 0.021 0.029 0.011 0.022 0.07 0.026 0.021 0.068 0.094 0.031 0.023 0.231 0.015 0.032 0.031 0.015 0.105 0.087
154 V 0.063 0.025 0.025 0.024 0.017 0.019 0.027 0.03 0.011 0.108 0.103 0.031 0.026 0.092 0.019 0.05 0.117 0.007 0.03 0.175
155 F 0.038 0.08 0.073 0.03 0.01 0.022 0.03 0.032 0.02 0.082 0.087 0.042 0.021 0.161 0.014 0.035 0.032 0.066 0.064 0.062
156 L 0.075 0.03 0.034 0.032 0.016 0.023 0.035 0.043 0.014 0.107 0.15 0.038 0.028 0.054 0.021 0.132 0.057 0.006 0.023 0.083
157 I 0.05 0.02 0.015 0.017 0.016 0.014 0.019 0.022 0.01 0.186 0.183 0.023 0.035 0.102 0.014 0.026 0.038 0.008 0.031 0.171
158 L 0.049 0.02 0.014 0.016 0.016 0.014 0.019 0.021 0.009 0.209 0.233 0.024 0.039 0.045 0.014 0.025 0.038 0.006 0.021 0.165
159 L 0.043 0.02 0.015 0.016 0.015 0.013 0.018 0.021 0.01 0.192 0.231 0.023 0.038 0.106 0.014 0.024 0.034 0.008 0.032 0.126
160 L 0.067 0.025 0.02 0.02 0.017 0.018 0.024 0.028 0.01 0.116 0.261 0.029 0.038 0.043 0.017 0.04 0.075 0.006 0.02 0.125
161 Y 0.04 0.027 0.021 0.018 0.009 0.021 0.027 0.024 0.046 0.043 0.067 0.03 0.018 0.128 0.015 0.03 0.027 0.027 0.334 0.046
162 I 0.047 0.02 0.017 0.018 0.015 0.014 0.02 0.023 0.011 0.207 0.186 0.024 0.035 0.103 0.014 0.036 0.038 0.008 0.031 0.132
163 I 0.047 0.019 0.014 0.017 0.069 0.013 0.018 0.022 0.009 0.222 0.203 0.023 0.036 0.043 0.014 0.026 0.037 0.006 0.02 0.142
164 L 0.044 0.023 0.014 0.015 0.016 0.015 0.019 0.021 0.01 0.142 0.353 0.024 0.046 0.052 0.014 0.024 0.034 0.007 0.021 0.107
165 L 0.102 0.027 0.022 0.022 0.018 0.021 0.028 0.036 0.012 0.104 0.16 0.033 0.055 0.036 0.02 0.049 0.08 0.006 0.02 0.149
166 A 0.154 0.03 0.031 0.031 0.018 0.024 0.037 0.054 0.014 0.093 0.111 0.04 0.024 0.029 0.024 0.116 0.056 0.005 0.018 0.091
167 L 0.042 0.021 0.016 0.018 0.013 0.014 0.022 0.024 0.012 0.11 0.201 0.025 0.032 0.161 0.095 0.027 0.031 0.009 0.042 0.083
168 L 0.061 0.029 0.028 0.026 0.017 0.021 0.03 0.032 0.011 0.09 0.183 0.035 0.031 0.035 0.021 0.058 0.151 0.006 0.019 0.114
169 I 0.047 0.02 0.016 0.018 0.016 0.016 0.02 0.022 0.01 0.246 0.17 0.026 0.068 0.044 0.015 0.027 0.039 0.006 0.021 0.154
170 Y 0.074 0.053 0.028 0.027 0.01 0.032 0.042 0.036 0.032 0.037 0.057 0.12 0.017 0.074 0.02 0.043 0.033 0.044 0.178 0.043
171 L 0.067 0.034 0.047 0.031 0.016 0.024 0.035 0.038 0.014 0.082 0.175 0.051 0.029 0.034 0.021 0.088 0.086 0.006 0.019 0.103
172 K 0.058 0.093 0.041 0.04 0.01 0.048 0.064 0.042 0.019 0.031 0.046 0.254 0.016 0.016 0.027 0.059 0.076 0.005 0.017 0.038
173 G 0.076 0.022 0.038 0.033 0.011 0.018 0.025 0.522 0.013 0.018 0.028 0.033 0.009 0.016 0.018 0.05 0.029 0.005 0.011 0.024
174 F 0.033 0.019 0.016 0.016 0.01 0.01 0.019 0.025 0.016 0.062 0.111 0.019 0.025 0.402 0.01 0.025 0.025 0.016 0.087 0.054
175 S 0.102 0.036 0.05 0.045 0.016 0.03 0.047 0.141 0.018 0.027 0.039 0.049 0.014 0.02 0.027 0.207 0.071 0.005 0.016 0.038
176 L 0.053 0.023 0.018 0.019 0.016 0.017 0.023 0.026 0.01 0.165 0.262 0.027 0.04 0.045 0.016 0.048 0.041 0.006 0.021 0.125
177 F 0.042 0.022 0.038 0.024 0.011 0.014 0.024 0.031 0.018 0.056 0.099 0.024 0.023 0.338 0.013 0.051 0.032 0.015 0.075 0.051
178 T 0.111 0.034 0.039 0.035 0.018 0.027 0.039 0.048 0.014 0.05 0.063 0.044 0.019 0.023 0.027 0.089 0.229 0.006 0.017 0.069
179 E 0.058 0.04 0.051 0.189 0.009 0.047 0.195 0.043 0.022 0.023 0.034 0.06 0.012 0.016 0.025 0.084 0.043 0.005 0.015 0.03
180 T 0.069 0.032 0.038 0.034 0.017 0.025 0.036 0.04 0.013 0.09 0.079 0.041 0.022 0.026 0.025 0.088 0.217 0.006 0.018 0.085
181 N 0.042 0.044 0.334 0.081 0.009 0.033 0.048 0.064 0.031 0.022 0.031 0.053 0.011 0.018 0.02 0.068 0.048 0.004 0.015 0.026
182 R 0.044 0.361 0.038 0.03 0.008 0.047 0.051 0.032 0.023 0.023 0.045 0.117 0.015 0.017 0.019 0.044 0.034 0.006 0.017 0.03
183 F 0.034 0.02 0.017 0.017 0.01 0.012 0.02 0.025 0.021 0.059 0.104 0.021 0.024 0.356 0.011 0.026 0.025 0.018 0.128 0.052
184 E 0.054 0.048 0.04 0.088 0.007 0.063 0.314 0.034 0.025 0.022 0.036 0.074 0.013 0.016 0.025 0.054 0.036 0.005 0.016 0.031
185 D 0.042 0.036 0.063 0.351 0.008 0.063 0.091 0.045 0.02 0.023 0.03 0.051 0.011 0.015 0.022 0.052 0.035 0.004 0.012 0.025
186 N 0.042 0.044 0.334 0.081 0.009 0.033 0.048 0.064 0.031 0.022 0.031 0.053 0.011 0.018 0.02 0.068 0.048 0.004 0.015 0.026
187 R 0.054 0.307 0.04 0.033 0.009 0.045 0.051 0.038 0.022 0.024 0.045 0.107 0.015 0.018 0.021 0.076 0.042 0.006 0.017 0.032
188 G 0.076 0.022 0.038 0.033 0.011 0.018 0.025 0.522 0.013 0.018 0.028 0.033 0.009 0.016 0.018 0.05 0.029 0.005 0.011 0.024
189 L 0.044 0.021 0.015 0.016 0.015 0.014 0.019 0.021 0.01 0.166 0.254 0.023 0.039 0.107 0.014 0.025 0.034 0.008 0.032 0.124
190 G 0.076 0.022 0.038 0.033 0.011 0.018 0.025 0.522 0.013 0.018 0.028 0.033 0.009 0.016 0.018 0.05 0.029 0.005 0.011 0.024
191 P 0.101 0.026 0.026 0.03 0.012 0.021 0.034 0.123 0.013 0.027 0.038 0.04 0.011 0.015 0.345 0.051 0.036 0.003 0.013 0.035
192 L 0.043 0.02 0.015 0.016 0.015 0.013 0.018 0.021 0.01 0.192 0.231 0.023 0.038 0.106 0.014 0.024 0.034 0.008 0.032 0.126
193 V 0.108 0.023 0.018 0.019 0.019 0.018 0.026 0.033 0.009 0.141 0.116 0.028 0.029 0.033 0.018 0.041 0.048 0.005 0.02 0.25
194 R 0.046 0.318 0.038 0.032 0.008 0.048 0.054 0.034 0.022 0.023 0.045 0.147 0.015 0.017 0.02 0.045 0.035 0.006 0.017 0.031
195 I 0.045 0.018 0.015 0.017 0.014 0.013 0.019 0.022 0.011 0.192 0.14 0.022 0.031 0.161 0.013 0.026 0.036 0.009 0.042 0.152
196 L 0.087 0.025 0.017 0.018 0.016 0.018 0.024 0.031 0.017 0.089 0.281 0.029 0.038 0.06 0.017 0.035 0.034 0.01 0.073 0.081
197 D 0.047 0.041 0.098 0.195 0.008 0.047 0.195 0.043 0.024 0.022 0.032 0.06 0.011 0.016 0.023 0.055 0.037 0.005 0.014 0.028
198 L 0.076 0.025 0.017 0.019 0.016 0.018 0.023 0.056 0.011 0.126 0.263 0.029 0.063 0.045 0.016 0.034 0.036 0.007 0.021 0.099
199 L 0.1 0.024 0.023 0.024 0.096 0.018 0.027 0.04 0.013 0.096 0.138 0.03 0.026 0.093 0.019 0.072 0.043 0.007 0.029 0.081
200 T 0.061 0.089 0.087 0.041 0.013 0.03 0.042 0.046 0.019 0.035 0.049 0.056 0.016 0.027 0.021 0.092 0.119 0.089 0.025 0.044
201 L 0.041 0.023 0.016 0.016 0.014 0.016 0.021 0.022 0.017 0.092 0.29 0.025 0.039 0.124 0.013 0.025 0.03 0.012 0.085 0.079
202 F 0.091 0.026 0.027 0.025 0.014 0.018 0.029 0.039 0.015 0.055 0.087 0.031 0.022 0.212 0.019 0.056 0.109 0.011 0.052 0.061
203 L 0.049 0.021 0.014 0.016 0.016 0.015 0.019 0.021 0.009 0.189 0.259 0.024 0.041 0.046 0.014 0.025 0.038 0.006 0.021 0.157
204 V 0.099 0.022 0.017 0.019 0.018 0.017 0.024 0.031 0.009 0.181 0.142 0.028 0.031 0.036 0.018 0.038 0.044 0.006 0.02 0.201
205 A 0.144 0.029 0.035 0.033 0.097 0.024 0.036 0.135 0.014 0.037 0.051 0.04 0.016 0.02 0.025 0.106 0.086 0.005 0.015 0.052
206 L 0.058 0.024 0.024 0.023 0.041 0.018 0.026 0.032 0.014 0.137 0.155 0.029 0.029 0.103 0.017 0.073 0.044 0.009 0.048 0.097
207 I 0.043 0.019 0.015 0.017 0.015 0.013 0.018 0.021 0.01 0.212 0.206 0.023 0.037 0.105 0.014 0.024 0.035 0.008 0.032 0.135
208 S 0.13 0.034 0.042 0.04 0.018 0.028 0.044 0.059 0.016 0.074 0.064 0.046 0.019 0.024 0.027 0.177 0.068 0.005 0.018 0.067
209 I 0.048 0.019 0.014 0.017 0.016 0.014 0.018 0.021 0.009 0.235 0.21 0.024 0.038 0.044 0.014 0.025 0.038 0.006 0.02 0.168
210 Y 0.047 0.041 0.075 0.032 0.011 0.027 0.036 0.033 0.027 0.094 0.087 0.077 0.03 0.062 0.018 0.04 0.038 0.013 0.124 0.091
211 L 0.046 0.021 0.015 0.015 0.11 0.014 0.019 0.024 0.011 0.089 0.267 0.023 0.037 0.116 0.014 0.027 0.032 0.008 0.033 0.079
212 Y 0.042 0.026 0.02 0.018 0.01 0.02 0.026 0.024 0.04 0.057 0.076 0.029 0.02 0.133 0.015 0.03 0.029 0.024 0.286 0.073
213 E 0.051 0.113 0.089 0.062 0.008 0.082 0.149 0.041 0.025 0.023 0.039 0.117 0.014 0.016 0.023 0.054 0.039 0.005 0.017 0.031
214 L 0.045 0.153 0.033 0.028 0.01 0.036 0.044 0.031 0.076 0.053 0.159 0.104 0.026 0.031 0.019 0.038 0.033 0.006 0.025 0.05
215 R 0.054 0.151 0.033 0.03 0.011 0.034 0.044 0.037 0.018 0.07 0.065 0.105 0.019 0.029 0.019 0.071 0.041 0.089 0.026 0.056
216 L 0.05 0.149 0.027 0.025 0.012 0.032 0.039 0.029 0.016 0.076 0.174 0.101 0.029 0.032 0.018 0.036 0.037 0.006 0.019 0.094
217 L 0.061 0.1 0.106 0.039 0.012 0.042 0.04 0.04 0.02 0.06 0.18 0.056 0.028 0.032 0.018 0.046 0.039 0.006 0.019 0.057
218 G 0.053 0.029 0.032 0.027 0.009 0.023 0.031 0.191 0.088 0.032 0.049 0.034 0.015 0.075 0.017 0.039 0.028 0.017 0.176 0.035
219 G 0.065 0.105 0.039 0.035 0.009 0.035 0.045 0.278 0.017 0.022 0.036 0.132 0.012 0.016 0.022 0.05 0.034 0.005 0.014 0.028
220 G 0.061 0.188 0.039 0.032 0.009 0.033 0.039 0.274 0.018 0.021 0.037 0.076 0.012 0.017 0.019 0.047 0.032 0.006 0.014 0.027
221 T 0.065 0.087 0.071 0.039 0.014 0.029 0.039 0.07 0.017 0.078 0.068 0.055 0.019 0.024 0.023 0.092 0.121 0.005 0.017 0.068
222 L 0.041 0.023 0.016 0.017 0.013 0.017 0.022 0.024 0.017 0.109 0.181 0.025 0.056 0.118 0.013 0.026 0.031 0.094 0.075 0.084
223 R 0.049 0.189 0.034 0.032 0.01 0.043 0.052 0.034 0.019 0.054 0.098 0.169 0.021 0.023 0.021 0.043 0.036 0.006 0.018 0.049
224 K 0.054 0.079 0.037 0.036 0.01 0.041 0.056 0.039 0.018 0.037 0.057 0.208 0.017 0.081 0.024 0.054 0.074 0.007 0.029 0.042
225 L 0.05 0.026 0.022 0.02 0.014 0.019 0.026 0.027 0.022 0.083 0.165 0.03 0.029 0.07 0.017 0.038 0.072 0.041 0.127 0.102
226 I 0.05 0.019 0.016 0.018 0.015 0.014 0.019 0.05 0.01 0.198 0.152 0.023 0.032 0.1 0.014 0.028 0.038 0.007 0.031 0.165
227 L 0.054 0.079 0.026 0.023 0.013 0.022 0.027 0.19 0.013 0.066 0.212 0.043 0.03 0.035 0.016 0.036 0.032 0.006 0.017 0.06
228 Y 0.046 0.026 0.022 0.02 0.011 0.02 0.025 0.08 0.03 0.059 0.094 0.029 0.046 0.142 0.015 0.033 0.03 0.019 0.188 0.065
229 F 0.088 0.023 0.021 0.021 0.014 0.016 0.024 0.062 0.015 0.066 0.156 0.027 0.027 0.218 0.016 0.048 0.034 0.011 0.053 0.062
230 F 0.044 0.02 0.02 0.021 0.011 0.013 0.022 0.081 0.014 0.089 0.098 0.025 0.022 0.234 0.094 0.031 0.029 0.011 0.055 0.066
231 F 0.038 0.021 0.016 0.017 0.012 0.014 0.02 0.023 0.019 0.105 0.159 0.022 0.029 0.238 0.012 0.025 0.029 0.015 0.106 0.079
232 L 0.049 0.022 0.015 0.016 0.016 0.015 0.02 0.022 0.01 0.15 0.279 0.024 0.041 0.067 0.014 0.026 0.037 0.007 0.025 0.148
233 L 0.138 0.026 0.024 0.025 0.017 0.02 0.029 0.071 0.012 0.1 0.152 0.034 0.028 0.053 0.021 0.056 0.077 0.006 0.022 0.088
234 F 0.037 0.019 0.016 0.016 0.012 0.012 0.019 0.023 0.014 0.108 0.167 0.02 0.031 0.284 0.012 0.025 0.028 0.013 0.065 0.08
235 L 0.046 0.026 0.017 0.018 0.015 0.02 0.023 0.025 0.014 0.126 0.207 0.029 0.109 0.107 0.014 0.03 0.036 0.009 0.033 0.098
236 L 0.047 0.02 0.014 0.016 0.016 0.014 0.019 0.021 0.009 0.206 0.248 0.024 0.04 0.046 0.014 0.025 0.037 0.006 0.021 0.155
237 F 0.037 0.02 0.016 0.016 0.012 0.012 0.019 0.023 0.014 0.098 0.179 0.02 0.031 0.285 0.012 0.024 0.028 0.013 0.065 0.076
238 N 0.053 0.043 0.287 0.076 0.01 0.033 0.049 0.064 0.029 0.023 0.032 0.053 0.012 0.018 0.021 0.096 0.053 0.005 0.016 0.029
239 A 0.198 0.033 0.033 0.034 0.019 0.028 0.041 0.064 0.016 0.047 0.075 0.045 0.044 0.025 0.027 0.127 0.058 0.006 0.018 0.062
240 L 0.047 0.024 0.016 0.017 0.016 0.019 0.021 0.023 0.011 0.166 0.249 0.028 0.088 0.048 0.015 0.028 0.037 0.007 0.022 0.119
241 L 0.049 0.02 0.014 0.016 0.016 0.014 0.019 0.021 0.009 0.209 0.233 0.024 0.039 0.045 0.014 0.025 0.038 0.006 0.021 0.165
242 S 0.081 0.033 0.091 0.046 0.014 0.027 0.041 0.133 0.018 0.069 0.057 0.044 0.017 0.023 0.023 0.143 0.059 0.005 0.016 0.058
243 G 0.076 0.022 0.038 0.033 0.011 0.018 0.025 0.522 0.013 0.018 0.028 0.033 0.009 0.016 0.018 0.05 0.029 0.005 0.011 0.024
244 A 0.274 0.032 0.03 0.032 0.02 0.026 0.041 0.074 0.015 0.04 0.055 0.045 0.017 0.021 0.029 0.109 0.054 0.005 0.017 0.063
245 K 0.056 0.104 0.04 0.04 0.008 0.052 0.069 0.042 0.02 0.027 0.042 0.296 0.015 0.015 0.027 0.052 0.039 0.005 0.017 0.032
246 A 0.195 0.031 0.033 0.033 0.018 0.025 0.04 0.064 0.016 0.041 0.061 0.042 0.018 0.084 0.026 0.125 0.055 0.007 0.029 0.056
247 D 0.131 0.033 0.049 0.23 0.012 0.033 0.11 0.054 0.018 0.029 0.039 0.049 0.012 0.017 0.025 0.062 0.039 0.004 0.014 0.039
248 L 0.048 0.022 0.014 0.016 0.016 0.015 0.02 0.021 0.009 0.15 0.309 0.025 0.043 0.049 0.014 0.025 0.036 0.006 0.021 0.139
249 L 0.048 0.023 0.014 0.015 0.016 0.016 0.02 0.021 0.01 0.121 0.347 0.025 0.045 0.05 0.014 0.025 0.035 0.007 0.021 0.126
250 F 0.04 0.032 0.025 0.033 0.01 0.056 0.081 0.029 0.02 0.049 0.088 0.039 0.022 0.273 0.015 0.035 0.029 0.013 0.064 0.047
251 Y 0.045 0.025 0.023 0.02 0.01 0.019 0.025 0.107 0.035 0.042 0.068 0.029 0.018 0.155 0.015 0.033 0.027 0.022 0.239 0.043
252 I 0.053 0.019 0.015 0.017 0.017 0.014 0.019 0.021 0.008 0.246 0.152 0.024 0.034 0.04 0.015 0.027 0.042 0.006 0.02 0.211
253 F 0.039 0.023 0.017 0.017 0.012 0.016 0.022 0.024 0.02 0.073 0.164 0.024 0.054 0.239 0.013 0.027 0.029 0.015 0.107 0.065
254 A 0.195 0.031 0.033 0.033 0.018 0.025 0.04 0.064 0.016 0.041 0.061 0.042 0.018 0.084 0.026 0.125 0.055 0.007 0.029 0.056
255 A 0.196 0.033 0.034 0.033 0.018 0.027 0.041 0.064 0.021 0.038 0.054 0.044 0.017 0.039 0.027 0.126 0.056 0.009 0.07 0.055
256 L 0.048 0.022 0.016 0.016 0.015 0.016 0.021 0.022 0.015 0.158 0.23 0.025 0.037 0.06 0.015 0.026 0.036 0.01 0.073 0.14
257 L 0.05 0.021 0.015 0.016 0.016 0.015 0.02 0.022 0.01 0.149 0.218 0.024 0.037 0.104 0.014 0.027 0.038 0.008 0.032 0.165
258 S 0.125 0.031 0.039 0.037 0.016 0.026 0.039 0.135 0.015 0.073 0.062 0.043 0.018 0.024 0.025 0.146 0.059 0.005 0.016 0.064
259 I 0.053 0.02 0.015 0.017 0.017 0.014 0.019 0.022 0.009 0.217 0.189 0.024 0.036 0.042 0.015 0.027 0.041 0.006 0.02 0.197
260 K 0.102 0.07 0.043 0.041 0.013 0.041 0.057 0.08 0.019 0.029 0.043 0.172 0.015 0.018 0.027 0.118 0.053 0.005 0.017 0.038
261 V 0.101 0.021 0.017 0.019 0.018 0.017 0.024 0.031 0.009 0.184 0.128 0.028 0.03 0.035 0.018 0.038 0.045 0.005 0.02 0.212
262 Y 0.039 0.029 0.022 0.021 0.009 0.041 0.033 0.026 0.034 0.047 0.079 0.033 0.021 0.206 0.014 0.031 0.028 0.021 0.217 0.047
263 G 0.064 0.031 0.1 0.17 0.01 0.027 0.055 0.211 0.019 0.022 0.03 0.043 0.01 0.016 0.022 0.085 0.043 0.005 0.013 0.027
264 P 0.051 0.029 0.077 0.035 0.01 0.022 0.033 0.117 0.027 0.029 0.044 0.038 0.013 0.052 0.18 0.044 0.034 0.012 0.12 0.034
265 K 0.054 0.116 0.089 0.053 0.01 0.046 0.098 0.043 0.022 0.029 0.043 0.147 0.015 0.017 0.024 0.06 0.077 0.005 0.017 0.037
266 F 0.035 0.019 0.016 0.016 0.011 0.011 0.019 0.024 0.015 0.07 0.158 0.02 0.029 0.344 0.011 0.025 0.026 0.015 0.076 0.06
267 K 0.062 0.136 0.042 0.04 0.01 0.048 0.063 0.044 0.02 0.027 0.042 0.225 0.015 0.016 0.026 0.082 0.045 0.005 0.017 0.033
268 L 0.048 0.022 0.014 0.016 0.016 0.015 0.02 0.021 0.009 0.15 0.309 0.025 0.043 0.049 0.014 0.025 0.036 0.006 0.021 0.139
269 P 0.085 0.034 0.058 0.043 0.014 0.028 0.044 0.08 0.017 0.027 0.038 0.048 0.013 0.017 0.187 0.154 0.061 0.004 0.015 0.036
270 I 0.046 0.033 0.019 0.021 0.014 0.02 0.026 0.024 0.012 0.191 0.176 0.068 0.033 0.08 0.016 0.029 0.036 0.007 0.027 0.123
271 K 0.099 0.064 0.031 0.032 0.013 0.035 0.048 0.069 0.016 0.058 0.081 0.164 0.02 0.043 0.023 0.051 0.04 0.006 0.021 0.084
272 K 0.047 0.067 0.082 0.04 0.009 0.037 0.05 0.04 0.026 0.035 0.056 0.165 0.017 0.099 0.021 0.047 0.036 0.011 0.081 0.037
273 L 0.048 0.022 0.016 0.017 0.015 0.016 0.02 0.023 0.011 0.168 0.191 0.025 0.059 0.104 0.014 0.027 0.037 0.008 0.032 0.145
274 V 0.064 0.024 0.023 0.022 0.017 0.018 0.025 0.082 0.01 0.113 0.149 0.029 0.029 0.054 0.017 0.042 0.078 0.006 0.023 0.176
275 L 0.073 0.022 0.017 0.018 0.015 0.017 0.022 0.028 0.012 0.162 0.186 0.027 0.058 0.103 0.015 0.033 0.037 0.008 0.032 0.114
276 L 0.049 0.02 0.014 0.017 0.016 0.014 0.019 0.021 0.009 0.218 0.221 0.024 0.039 0.045 0.014 0.025 0.039 0.006 0.021 0.17
277 F 0.045 0.019 0.019 0.019 0.012 0.013 0.019 0.106 0.013 0.13 0.115 0.022 0.026 0.218 0.013 0.029 0.03 0.011 0.052 0.088
278 S 0.079 0.03 0.038 0.035 0.015 0.024 0.036 0.127 0.016 0.047 0.109 0.039 0.021 0.089 0.022 0.136 0.054 0.007 0.028 0.049
279 L 0.048 0.022 0.014 0.016 0.016 0.015 0.02 0.021 0.009 0.15 0.309 0.025 0.043 0.049 0.014 0.025 0.036 0.006 0.021 0.139
280 S 0.134 0.035 0.042 0.04 0.018 0.028 0.044 0.06 0.016 0.053 0.058 0.047 0.018 0.023 0.027 0.178 0.069 0.005 0.018 0.086
281 L 0.048 0.023 0.014 0.015 0.016 0.016 0.02 0.021 0.01 0.121 0.347 0.025 0.045 0.05 0.014 0.025 0.035 0.007 0.021 0.126
282 I 0.064 0.024 0.026 0.025 0.096 0.018 0.027 0.034 0.011 0.145 0.105 0.031 0.025 0.052 0.019 0.074 0.083 0.006 0.021 0.114
283 F 0.033 0.019 0.016 0.016 0.01 0.01 0.019 0.025 0.016 0.062 0.111 0.019 0.025 0.402 0.01 0.025 0.025 0.016 0.087 0.054
284 A 0.228 0.027 0.022 0.025 0.02 0.022 0.034 0.059 0.012 0.082 0.081 0.037 0.022 0.026 0.025 0.066 0.049 0.005 0.018 0.14
285 L 0.043 0.022 0.016 0.017 0.014 0.016 0.02 0.023 0.013 0.115 0.225 0.024 0.06 0.166 0.013 0.027 0.033 0.01 0.043 0.099
286 V 0.05 0.021 0.015 0.016 0.015 0.015 0.02 0.023 0.01 0.173 0.171 0.024 0.033 0.045 0.014 0.026 0.038 0.089 0.028 0.174
287 V 0.113 0.026 0.024 0.024 0.019 0.02 0.03 0.039 0.011 0.126 0.103 0.033 0.026 0.031 0.02 0.075 0.053 0.005 0.019 0.203
288 L 0.043 0.024 0.014 0.015 0.016 0.016 0.02 0.021 0.01 0.113 0.391 0.025 0.048 0.053 0.014 0.024 0.033 0.007 0.022 0.094
289 F 0.09 0.024 0.024 0.023 0.013 0.018 0.027 0.065 0.021 0.049 0.083 0.029 0.02 0.229 0.017 0.061 0.036 0.015 0.104 0.051
290 F 0.038 0.05 0.022 0.021 0.01 0.021 0.029 0.027 0.027 0.049 0.085 0.059 0.021 0.246 0.014 0.031 0.028 0.018 0.158 0.047
291 N 0.042 0.044 0.334 0.081 0.009 0.033 0.048 0.064 0.031 0.022 0.031 0.053 0.011 0.018 0.02 0.068 0.048 0.004 0.015 0.026
292 F 0.035 0.019 0.016 0.016 0.011 0.011 0.019 0.024 0.015 0.07 0.158 0.02 0.029 0.344 0.011 0.025 0.026 0.015 0.076 0.06
293 K 0.071 0.117 0.044 0.047 0.011 0.056 0.089 0.047 0.021 0.026 0.042 0.149 0.015 0.017 0.026 0.113 0.051 0.005 0.017 0.035
294 A 0.106 0.044 0.032 0.032 0.015 0.04 0.042 0.099 0.016 0.084 0.088 0.084 0.046 0.027 0.022 0.081 0.046 0.006 0.018 0.072
295 S 0.125 0.036 0.04 0.046 0.016 0.034 0.088 0.055 0.017 0.052 0.057 0.05 0.018 0.022 0.026 0.148 0.062 0.005 0.017 0.085
296 G 0.056 0.02 0.022 0.022 0.014 0.015 0.02 0.188 0.01 0.169 0.156 0.027 0.029 0.036 0.016 0.033 0.035 0.006 0.017 0.11
297 V 0.07 0.022 0.016 0.018 0.019 0.016 0.023 0.025 0.008 0.164 0.13 0.026 0.031 0.036 0.016 0.033 0.049 0.005 0.02 0.273
298 D 0.04 0.032 0.112 0.357 0.008 0.03 0.082 0.048 0.02 0.022 0.028 0.045 0.009 0.015 0.021 0.054 0.037 0.004 0.012 0.024
299 L 0.065 0.03 0.039 0.113 0.012 0.026 0.045 0.118 0.074 0.052 0.121 0.037 0.046 0.03 0.019 0.046 0.046 0.006 0.023 0.051
300 D 0.068 0.037 0.104 0.237 0.01 0.043 0.086 0.052 0.021 0.024 0.033 0.051 0.012 0.016 0.023 0.087 0.046 0.004 0.014 0.03
301 L 0.124 0.026 0.024 0.025 0.017 0.02 0.029 0.043 0.013 0.099 0.14 0.033 0.027 0.094 0.021 0.064 0.078 0.008 0.03 0.086
302 P 0.08 0.035 0.041 0.047 0.013 0.032 0.086 0.128 0.017 0.026 0.038 0.05 0.013 0.017 0.132 0.125 0.064 0.005 0.015 0.036
303 N 0.049 0.031 0.147 0.046 0.011 0.024 0.033 0.138 0.026 0.078 0.064 0.039 0.017 0.045 0.018 0.048 0.039 0.009 0.078 0.059
304 V 0.07 0.022 0.016 0.018 0.019 0.016 0.023 0.025 0.008 0.164 0.13 0.026 0.031 0.036 0.016 0.033 0.049 0.005 0.02 0.273
305 Y 0.04 0.028 0.022 0.019 0.009 0.022 0.028 0.025 0.046 0.043 0.068 0.031 0.019 0.13 0.016 0.031 0.028 0.028 0.321 0.046
306 G 0.056 0.025 0.026 0.025 0.014 0.019 0.025 0.127 0.014 0.103 0.112 0.031 0.053 0.106 0.017 0.045 0.079 0.008 0.032 0.082
307 E 0.052 0.053 0.089 0.072 0.008 0.103 0.195 0.041 0.026 0.023 0.038 0.073 0.014 0.016 0.05 0.056 0.039 0.005 0.017 0.031
308 V 0.07 0.022 0.016 0.018 0.019 0.016 0.023 0.025 0.008 0.165 0.13 0.026 0.032 0.036 0.016 0.033 0.049 0.006 0.021 0.269
309 I 0.047 0.022 0.035 0.025 0.015 0.018 0.036 0.051 0.011 0.215 0.18 0.028 0.034 0.04 0.015 0.03 0.038 0.006 0.019 0.135
310 F 0.05 0.021 0.02 0.02 0.015 0.015 0.022 0.026 0.012 0.152 0.124 0.025 0.029 0.158 0.015 0.037 0.073 0.009 0.042 0.135
311 E 0.05 0.041 0.09 0.131 0.008 0.045 0.186 0.041 0.023 0.022 0.034 0.06 0.011 0.016 0.104 0.054 0.038 0.004 0.015 0.029
312 L 0.102 0.03 0.027 0.036 0.016 0.028 0.077 0.04 0.015 0.113 0.142 0.041 0.035 0.033 0.021 0.076 0.046 0.006 0.019 0.098
313 L 0.054 0.026 0.02 0.02 0.016 0.018 0.025 0.028 0.011 0.108 0.32 0.029 0.042 0.047 0.016 0.06 0.041 0.007 0.021 0.089
314 F 0.046 0.023 0.023 0.022 0.011 0.016 0.025 0.031 0.022 0.053 0.092 0.026 0.022 0.293 0.014 0.061 0.034 0.016 0.116 0.05
315 R 0.047 0.21 0.035 0.039 0.009 0.045 0.093 0.032 0.021 0.038 0.101 0.124 0.02 0.023 0.02 0.043 0.035 0.006 0.018 0.041
316 R 0.044 0.361 0.038 0.03 0.008 0.047 0.051 0.032 0.023 0.023 0.045 0.117 0.015 0.017 0.019 0.044 0.034 0.006 0.017 0.03
317 L 0.042 0.023 0.014 0.015 0.015 0.015 0.02 0.021 0.011 0.104 0.344 0.024 0.044 0.111 0.013 0.024 0.031 0.009 0.033 0.087
318 T 0.1 0.034 0.037 0.034 0.018 0.027 0.038 0.046 0.015 0.061 0.084 0.043 0.046 0.027 0.025 0.102 0.16 0.006 0.018 0.08
319 D 0.041 0.028 0.058 0.346 0.009 0.027 0.078 0.041 0.017 0.037 0.088 0.041 0.016 0.021 0.021 0.046 0.034 0.004 0.013 0.035
320 R 0.044 0.361 0.038 0.03 0.008 0.047 0.051 0.032 0.023 0.023 0.045 0.117 0.015 0.017 0.019 0.044 0.034 0.006 0.017 0.03
