#Seq2Logo.py -f /work3/idamei/wzy_ssn/run/1e-50/run/150/MSAs/0010_136.afa -o /work3/idamei/wzy_ssn/run/1e-50/run/150/logos/0010_136.logo
#Position Specific Frequency Matrix
A R N D C Q E G H I L K M F P S T W Y V
0 L 0.051 0.031 0.02 0.02 0.016 0.028 0.028 0.028 0.016 0.098 0.193 0.035 0.177 0.047 0.016 0.035 0.039 0.008 0.024 0.091
1 E 0.053 0.044 0.101 0.067 0.01 0.045 0.152 0.043 0.093 0.028 0.041 0.058 0.014 0.021 0.023 0.062 0.082 0.006 0.024 0.036
2 T 0.065 0.095 0.036 0.032 0.047 0.028 0.037 0.038 0.015 0.089 0.077 0.054 0.021 0.025 0.022 0.084 0.132 0.006 0.018 0.078
3 I 0.056 0.038 0.09 0.041 0.013 0.064 0.046 0.04 0.019 0.132 0.092 0.047 0.024 0.028 0.02 0.067 0.068 0.005 0.019 0.093
4 K 0.064 0.063 0.038 0.047 0.011 0.043 0.104 0.041 0.019 0.078 0.065 0.147 0.019 0.022 0.025 0.084 0.047 0.005 0.018 0.062
5 P 0.057 0.026 0.023 0.031 0.01 0.021 0.036 0.036 0.013 0.026 0.036 0.041 0.01 0.013 0.492 0.044 0.036 0.003 0.013 0.031
6 L 0.062 0.051 0.028 0.027 0.016 0.022 0.03 0.034 0.013 0.144 0.167 0.04 0.031 0.036 0.019 0.08 0.071 0.006 0.019 0.104
7 T 0.067 0.048 0.043 0.04 0.015 0.091 0.06 0.042 0.019 0.044 0.059 0.06 0.02 0.021 0.026 0.08 0.181 0.006 0.019 0.059
8 Y 0.04 0.027 0.024 0.022 0.009 0.021 0.03 0.028 0.074 0.043 0.071 0.031 0.019 0.169 0.075 0.032 0.028 0.019 0.194 0.043
9 N 0.047 0.067 0.22 0.067 0.009 0.041 0.057 0.056 0.027 0.024 0.035 0.141 0.013 0.017 0.023 0.063 0.045 0.005 0.016 0.029
10 G 0.076 0.039 0.083 0.09 0.012 0.038 0.114 0.131 0.021 0.024 0.035 0.054 0.013 0.018 0.025 0.122 0.053 0.005 0.015 0.032
11 D 0.057 0.031 0.111 0.168 0.082 0.026 0.054 0.101 0.019 0.029 0.039 0.042 0.012 0.018 0.021 0.071 0.066 0.004 0.013 0.036
12 L 0.043 0.13 0.024 0.023 0.012 0.027 0.033 0.027 0.016 0.102 0.151 0.078 0.028 0.106 0.016 0.033 0.033 0.008 0.033 0.077
13 W 0.036 0.037 0.021 0.021 0.009 0.021 0.03 0.03 0.017 0.042 0.074 0.075 0.019 0.186 0.013 0.029 0.027 0.209 0.065 0.04
14 L 0.043 0.023 0.016 0.016 0.015 0.016 0.021 0.021 0.017 0.133 0.279 0.026 0.04 0.066 0.014 0.025 0.033 0.011 0.083 0.1
15 F 0.053 0.02 0.02 0.02 0.014 0.014 0.021 0.122 0.012 0.123 0.136 0.024 0.028 0.144 0.014 0.031 0.034 0.009 0.038 0.122
16 L 0.041 0.021 0.015 0.016 0.014 0.014 0.019 0.022 0.012 0.132 0.26 0.023 0.039 0.155 0.013 0.024 0.032 0.01 0.041 0.098
17 C 0.114 0.026 0.025 0.025 0.16 0.02 0.03 0.045 0.016 0.054 0.123 0.033 0.023 0.038 0.021 0.084 0.046 0.007 0.048 0.062
18 F 0.039 0.018 0.016 0.016 0.107 0.011 0.018 0.026 0.015 0.058 0.102 0.019 0.023 0.323 0.012 0.028 0.027 0.014 0.072 0.054
19 V 0.055 0.02 0.015 0.017 0.017 0.015 0.02 0.022 0.009 0.201 0.194 0.024 0.037 0.042 0.015 0.027 0.042 0.006 0.021 0.201
20 F 0.05 0.025 0.026 0.024 0.014 0.017 0.026 0.031 0.015 0.086 0.101 0.029 0.024 0.211 0.017 0.05 0.113 0.011 0.053 0.075
21 L 0.058 0.027 0.028 0.027 0.017 0.021 0.028 0.032 0.011 0.134 0.159 0.034 0.03 0.035 0.021 0.058 0.149 0.006 0.019 0.106
22 L 0.1 0.025 0.023 0.023 0.016 0.018 0.027 0.037 0.013 0.111 0.157 0.031 0.029 0.108 0.019 0.049 0.081 0.008 0.033 0.092
23 L 0.061 0.026 0.022 0.022 0.017 0.019 0.027 0.03 0.011 0.106 0.266 0.031 0.038 0.043 0.017 0.068 0.045 0.006 0.021 0.121
24 A 0.113 0.028 0.026 0.026 0.017 0.022 0.032 0.044 0.015 0.079 0.106 0.035 0.053 0.105 0.02 0.082 0.048 0.008 0.033 0.107
25 L 0.049 0.023 0.016 0.017 0.015 0.017 0.021 0.024 0.012 0.144 0.197 0.026 0.064 0.116 0.014 0.028 0.037 0.009 0.035 0.139
26 L 0.054 0.023 0.02 0.02 0.112 0.017 0.022 0.027 0.01 0.122 0.214 0.027 0.034 0.039 0.017 0.041 0.08 0.006 0.019 0.097
27 L 0.045 0.024 0.021 0.02 0.014 0.016 0.023 0.027 0.013 0.081 0.213 0.026 0.033 0.186 0.015 0.038 0.075 0.011 0.047 0.073
28 L 0.049 0.027 0.021 0.021 0.015 0.019 0.025 0.027 0.013 0.088 0.229 0.03 0.064 0.115 0.016 0.04 0.078 0.009 0.034 0.081
29 P 0.056 0.025 0.023 0.03 0.01 0.02 0.035 0.035 0.013 0.025 0.035 0.04 0.01 0.013 0.503 0.043 0.035 0.003 0.013 0.03
30 L 0.045 0.021 0.014 0.016 0.016 0.015 0.019 0.021 0.009 0.182 0.298 0.024 0.044 0.05 0.014 0.024 0.035 0.006 0.021 0.126
31 W 0.03 0.022 0.015 0.015 0.007 0.015 0.022 0.03 0.015 0.03 0.052 0.022 0.015 0.059 0.007 0.022 0.022 0.502 0.067 0.03
32 L 0.052 0.022 0.015 0.016 0.017 0.015 0.02 0.022 0.009 0.164 0.256 0.025 0.04 0.045 0.015 0.027 0.039 0.006 0.021 0.173
33 S 0.087 0.037 0.101 0.049 0.016 0.029 0.045 0.057 0.019 0.054 0.056 0.048 0.018 0.023 0.025 0.161 0.068 0.005 0.017 0.087
34 L 0.044 0.023 0.014 0.015 0.016 0.016 0.02 0.021 0.01 0.13 0.365 0.025 0.047 0.053 0.014 0.024 0.033 0.007 0.022 0.102
35 L 0.049 0.022 0.014 0.016 0.016 0.015 0.02 0.021 0.009 0.157 0.291 0.025 0.043 0.048 0.014 0.026 0.037 0.006 0.021 0.148
36 L 0.042 0.021 0.015 0.016 0.015 0.014 0.019 0.022 0.011 0.137 0.288 0.023 0.041 0.121 0.013 0.024 0.032 0.009 0.035 0.102
37 L 0.044 0.023 0.015 0.015 0.015 0.015 0.02 0.022 0.011 0.108 0.307 0.024 0.042 0.121 0.013 0.025 0.033 0.009 0.035 0.105
38 S 0.14 0.037 0.045 0.042 0.018 0.03 0.046 0.063 0.017 0.036 0.049 0.049 0.017 0.021 0.029 0.176 0.11 0.005 0.017 0.052
39 I 0.057 0.022 0.021 0.022 0.017 0.017 0.023 0.026 0.01 0.206 0.134 0.029 0.031 0.037 0.018 0.042 0.093 0.006 0.02 0.171
40 L 0.102 0.025 0.022 0.023 0.017 0.019 0.027 0.036 0.011 0.156 0.168 0.032 0.031 0.037 0.02 0.049 0.084 0.006 0.019 0.116
41 L 0.054 0.022 0.015 0.016 0.017 0.015 0.021 0.022 0.009 0.167 0.239 0.025 0.039 0.044 0.015 0.027 0.04 0.006 0.021 0.186
42 F 0.034 0.02 0.018 0.017 0.01 0.013 0.02 0.025 0.022 0.058 0.103 0.021 0.024 0.345 0.011 0.026 0.025 0.019 0.136 0.052
43 F 0.035 0.019 0.016 0.016 0.011 0.012 0.019 0.025 0.015 0.1 0.11 0.02 0.025 0.26 0.011 0.024 0.027 0.112 0.07 0.073
44 V 0.08 0.028 0.031 0.03 0.018 0.022 0.033 0.04 0.012 0.133 0.1 0.036 0.026 0.031 0.021 0.112 0.059 0.005 0.019 0.164
45 P 0.064 0.097 0.045 0.111 0.012 0.031 0.053 0.044 0.017 0.03 0.043 0.06 0.014 0.018 0.12 0.093 0.089 0.005 0.015 0.039
46 G 0.09 0.032 0.095 0.044 0.013 0.026 0.039 0.147 0.017 0.031 0.042 0.044 0.013 0.018 0.12 0.082 0.088 0.005 0.015 0.041
47 P 0.061 0.036 0.152 0.054 0.011 0.028 0.044 0.053 0.021 0.025 0.035 0.048 0.012 0.016 0.215 0.092 0.05 0.004 0.015 0.031
48 L 0.047 0.029 0.026 0.023 0.013 0.022 0.029 0.028 0.089 0.11 0.186 0.032 0.031 0.06 0.016 0.043 0.035 0.011 0.09 0.082
49 R 0.049 0.257 0.039 0.035 0.008 0.049 0.059 0.036 0.022 0.025 0.044 0.188 0.015 0.016 0.022 0.047 0.036 0.005 0.017 0.031
50 L 0.043 0.02 0.015 0.016 0.015 0.014 0.019 0.021 0.011 0.172 0.243 0.023 0.039 0.119 0.013 0.024 0.034 0.008 0.034 0.118
51 L 0.048 0.022 0.017 0.019 0.109 0.015 0.022 0.027 0.011 0.072 0.197 0.026 0.03 0.108 0.112 0.031 0.032 0.007 0.031 0.066
52 F 0.034 0.019 0.017 0.017 0.011 0.011 0.019 0.025 0.017 0.063 0.114 0.019 0.025 0.389 0.011 0.025 0.025 0.017 0.088 0.055
53 L 0.044 0.024 0.014 0.015 0.016 0.016 0.02 0.021 0.01 0.115 0.378 0.025 0.049 0.054 0.014 0.024 0.033 0.007 0.022 0.096
54 L 0.099 0.024 0.017 0.019 0.016 0.017 0.024 0.034 0.012 0.098 0.215 0.027 0.034 0.112 0.017 0.038 0.038 0.008 0.034 0.119
55 L 0.078 0.028 0.03 0.029 0.113 0.022 0.032 0.041 0.013 0.075 0.132 0.035 0.025 0.03 0.021 0.113 0.056 0.005 0.018 0.103
56 A 0.166 0.028 0.027 0.028 0.019 0.022 0.034 0.053 0.013 0.112 0.09 0.038 0.023 0.028 0.024 0.092 0.053 0.005 0.018 0.126
57 F 0.045 0.02 0.016 0.017 0.014 0.013 0.019 0.023 0.012 0.137 0.181 0.022 0.033 0.186 0.013 0.026 0.034 0.01 0.047 0.132
58 L 0.056 0.027 0.022 0.022 0.016 0.019 0.026 0.03 0.012 0.096 0.318 0.03 0.042 0.047 0.017 0.066 0.042 0.007 0.021 0.084
59 I 0.149 0.023 0.019 0.022 0.018 0.018 0.026 0.043 0.011 0.188 0.122 0.031 0.029 0.034 0.02 0.048 0.043 0.006 0.019 0.131
60 L 0.045 0.021 0.014 0.016 0.016 0.015 0.019 0.021 0.009 0.182 0.298 0.024 0.044 0.05 0.014 0.024 0.035 0.006 0.021 0.126
61 L 0.098 0.024 0.016 0.018 0.017 0.017 0.024 0.032 0.011 0.121 0.274 0.028 0.039 0.044 0.017 0.037 0.038 0.006 0.021 0.116
62 S 0.108 0.039 0.053 0.048 0.017 0.033 0.051 0.065 0.019 0.029 0.041 0.053 0.015 0.02 0.029 0.235 0.08 0.005 0.017 0.041
63 A 0.265 0.032 0.031 0.033 0.02 0.027 0.042 0.074 0.015 0.04 0.055 0.046 0.017 0.021 0.029 0.114 0.055 0.005 0.017 0.062
64 L 0.04 0.02 0.015 0.016 0.014 0.013 0.019 0.022 0.012 0.127 0.233 0.022 0.037 0.19 0.013 0.024 0.031 0.011 0.048 0.094
65 F 0.036 0.02 0.016 0.017 0.011 0.012 0.019 0.025 0.016 0.071 0.154 0.021 0.038 0.329 0.011 0.025 0.027 0.015 0.074 0.062
66 N 0.044 0.033 0.204 0.056 0.012 0.025 0.036 0.046 0.022 0.127 0.084 0.041 0.021 0.028 0.018 0.051 0.045 0.005 0.017 0.085
67 S 0.147 0.038 0.047 0.044 0.018 0.031 0.049 0.067 0.018 0.032 0.045 0.051 0.016 0.021 0.029 0.205 0.074 0.005 0.017 0.046
68 G 0.082 0.034 0.103 0.049 0.013 0.027 0.04 0.247 0.019 0.023 0.034 0.045 0.012 0.018 0.023 0.128 0.053 0.005 0.014 0.031
69 V 0.06 0.02 0.015 0.017 0.018 0.015 0.021 0.023 0.008 0.211 0.142 0.025 0.033 0.038 0.015 0.029 0.045 0.006 0.02 0.239
70 D 0.041 0.032 0.12 0.344 0.008 0.03 0.081 0.049 0.021 0.022 0.028 0.046 0.009 0.015 0.022 0.055 0.037 0.004 0.012 0.024
71 I 0.046 0.017 0.014 0.017 0.016 0.013 0.017 0.02 0.009 0.285 0.165 0.023 0.036 0.043 0.014 0.025 0.039 0.006 0.02 0.173
72 S 0.133 0.036 0.043 0.04 0.018 0.029 0.044 0.058 0.016 0.041 0.054 0.048 0.017 0.022 0.028 0.147 0.146 0.005 0.017 0.058
73 G 0.069 0.023 0.035 0.03 0.01 0.019 0.026 0.421 0.02 0.023 0.036 0.033 0.011 0.038 0.018 0.046 0.029 0.01 0.075 0.028
74 D 0.04 0.029 0.068 0.409 0.007 0.029 0.09 0.046 0.018 0.022 0.027 0.044 0.009 0.015 0.022 0.051 0.035 0.004 0.011 0.024
75 L 0.049 0.022 0.014 0.016 0.016 0.015 0.02 0.021 0.009 0.157 0.291 0.025 0.043 0.048 0.014 0.026 0.037 0.006 0.021 0.148
76 S 0.073 0.049 0.037 0.045 0.014 0.037 0.098 0.042 0.017 0.079 0.07 0.097 0.02 0.024 0.024 0.101 0.053 0.005 0.018 0.099
77 N 0.054 0.04 0.215 0.064 0.012 0.031 0.045 0.055 0.024 0.034 0.044 0.05 0.014 0.02 0.023 0.077 0.134 0.005 0.016 0.044
78 Y 0.04 0.027 0.021 0.018 0.009 0.021 0.027 0.024 0.046 0.043 0.067 0.031 0.018 0.128 0.015 0.031 0.027 0.027 0.331 0.046
79 K 0.067 0.065 0.044 0.04 0.012 0.04 0.056 0.046 0.088 0.035 0.076 0.144 0.019 0.024 0.025 0.102 0.048 0.006 0.025 0.039
80 D 0.11 0.032 0.042 0.14 0.014 0.03 0.087 0.049 0.017 0.08 0.065 0.046 0.018 0.023 0.024 0.089 0.048 0.005 0.016 0.067
81 I 0.052 0.02 0.015 0.017 0.017 0.015 0.019 0.022 0.009 0.214 0.198 0.024 0.037 0.043 0.015 0.027 0.041 0.006 0.021 0.19
82 F 0.036 0.022 0.018 0.017 0.01 0.015 0.022 0.025 0.028 0.054 0.094 0.023 0.022 0.291 0.012 0.027 0.026 0.021 0.185 0.051
83 L 0.089 0.033 0.03 0.039 0.016 0.03 0.087 0.039 0.015 0.077 0.133 0.043 0.026 0.03 0.022 0.072 0.089 0.006 0.019 0.106
84 N 0.042 0.041 0.278 0.147 0.009 0.032 0.057 0.06 0.028 0.022 0.03 0.051 0.011 0.017 0.02 0.065 0.046 0.004 0.015 0.026
85 I 0.05 0.019 0.015 0.017 0.016 0.014 0.019 0.021 0.009 0.226 0.202 0.024 0.038 0.044 0.015 0.026 0.04 0.006 0.021 0.179
86 N 0.042 0.036 0.215 0.134 0.01 0.028 0.05 0.052 0.024 0.075 0.057 0.045 0.016 0.022 0.019 0.056 0.044 0.005 0.015 0.055
87 K 0.061 0.064 0.04 0.036 0.011 0.038 0.052 0.042 0.087 0.044 0.11 0.141 0.022 0.027 0.023 0.081 0.043 0.006 0.026 0.044
88 S 0.078 0.032 0.047 0.113 0.015 0.027 0.051 0.05 0.016 0.081 0.065 0.044 0.019 0.024 0.025 0.142 0.081 0.005 0.017 0.067
89 G 0.071 0.037 0.038 0.036 0.014 0.064 0.047 0.138 0.017 0.082 0.069 0.049 0.02 0.023 0.022 0.091 0.09 0.006 0.017 0.068
90 Y 0.038 0.026 0.02 0.018 0.009 0.019 0.026 0.025 0.04 0.047 0.076 0.028 0.02 0.182 0.014 0.029 0.027 0.025 0.282 0.047
91 T 0.07 0.029 0.032 0.029 0.018 0.023 0.032 0.035 0.011 0.096 0.089 0.037 0.024 0.028 0.023 0.067 0.176 0.006 0.019 0.155
92 D 0.059 0.046 0.055 0.196 0.01 0.094 0.107 0.047 0.022 0.025 0.037 0.062 0.014 0.016 0.024 0.089 0.046 0.005 0.016 0.031
93 E 0.054 0.049 0.04 0.088 0.007 0.063 0.31 0.034 0.025 0.022 0.036 0.074 0.013 0.016 0.025 0.054 0.036 0.005 0.016 0.031
94 F 0.033 0.019 0.017 0.017 0.01 0.01 0.019 0.025 0.017 0.062 0.112 0.019 0.025 0.399 0.01 0.025 0.025 0.017 0.087 0.054
95 K 0.133 0.06 0.032 0.033 0.015 0.035 0.049 0.051 0.016 0.049 0.116 0.14 0.022 0.025 0.025 0.074 0.045 0.006 0.018 0.056
96 F 0.111 0.03 0.032 0.03 0.015 0.023 0.035 0.047 0.022 0.046 0.068 0.038 0.019 0.118 0.022 0.093 0.089 0.012 0.094 0.056
97 E 0.054 0.049 0.04 0.088 0.007 0.063 0.31 0.034 0.025 0.022 0.036 0.074 0.013 0.016 0.025 0.054 0.036 0.005 0.016 0.031
98 P 0.056 0.025 0.023 0.03 0.01 0.02 0.035 0.035 0.013 0.025 0.035 0.04 0.01 0.013 0.503 0.043 0.035 0.003 0.013 0.03
99 L 0.039 0.022 0.015 0.016 0.014 0.014 0.019 0.022 0.013 0.093 0.277 0.022 0.039 0.192 0.013 0.024 0.03 0.011 0.048 0.078
100 L 0.044 0.024 0.014 0.015 0.016 0.016 0.02 0.021 0.01 0.113 0.388 0.025 0.049 0.054 0.014 0.024 0.033 0.007 0.022 0.094
101 L 0.046 0.024 0.015 0.016 0.016 0.018 0.021 0.022 0.011 0.145 0.304 0.027 0.072 0.05 0.014 0.026 0.035 0.007 0.022 0.109
102 F 0.039 0.021 0.017 0.017 0.012 0.014 0.02 0.023 0.019 0.113 0.169 0.023 0.031 0.205 0.013 0.026 0.03 0.015 0.109 0.084
103 F 0.037 0.021 0.017 0.017 0.011 0.014 0.021 0.024 0.021 0.068 0.158 0.022 0.028 0.276 0.012 0.026 0.027 0.017 0.123 0.06
104 Y 0.04 0.027 0.021 0.018 0.009 0.021 0.027 0.024 0.046 0.043 0.067 0.031 0.018 0.128 0.015 0.031 0.027 0.027 0.331 0.046
105 G 0.078 0.049 0.077 0.083 0.012 0.033 0.053 0.149 0.019 0.025 0.036 0.096 0.013 0.018 0.025 0.127 0.054 0.005 0.015 0.033
106 V 0.058 0.022 0.019 0.02 0.016 0.016 0.023 0.027 0.011 0.148 0.149 0.026 0.031 0.11 0.016 0.049 0.043 0.008 0.033 0.172
107 L 0.053 0.022 0.016 0.016 0.207 0.017 0.02 0.027 0.01 0.082 0.219 0.025 0.061 0.039 0.015 0.033 0.035 0.006 0.018 0.078
108 G 0.065 0.048 0.103 0.049 0.011 0.053 0.052 0.145 0.091 0.024 0.036 0.075 0.014 0.02 0.022 0.09 0.045 0.006 0.024 0.029
109 Q 0.048 0.052 0.032 0.034 0.01 0.143 0.068 0.033 0.023 0.051 0.128 0.062 0.027 0.099 0.019 0.043 0.036 0.008 0.034 0.05
110 L 0.039 0.022 0.015 0.016 0.014 0.014 0.019 0.022 0.013 0.093 0.277 0.022 0.039 0.192 0.013 0.024 0.03 0.011 0.048 0.078
111 G 0.055 0.03 0.108 0.193 0.009 0.026 0.056 0.239 0.019 0.021 0.028 0.041 0.01 0.016 0.02 0.054 0.035 0.004 0.012 0.024
112 L 0.153 0.026 0.019 0.021 0.019 0.02 0.028 0.044 0.011 0.094 0.204 0.032 0.033 0.037 0.02 0.049 0.042 0.006 0.02 0.121
113 D 0.054 0.031 0.065 0.337 0.009 0.03 0.082 0.05 0.018 0.023 0.03 0.046 0.01 0.016 0.023 0.088 0.044 0.004 0.012 0.027
114 F 0.033 0.019 0.017 0.017 0.01 0.01 0.019 0.025 0.017 0.062 0.112 0.019 0.025 0.399 0.01 0.025 0.025 0.017 0.087 0.054
115 R 0.048 0.191 0.045 0.11 0.008 0.046 0.066 0.039 0.021 0.024 0.041 0.173 0.014 0.016 0.023 0.049 0.036 0.005 0.016 0.03
116 S 0.072 0.033 0.094 0.042 0.014 0.025 0.039 0.049 0.019 0.061 0.071 0.041 0.02 0.099 0.021 0.119 0.057 0.007 0.031 0.089
117 V 0.116 0.026 0.023 0.024 0.019 0.02 0.029 0.038 0.01 0.116 0.101 0.033 0.026 0.03 0.021 0.054 0.091 0.005 0.019 0.197
118 L 0.044 0.024 0.014 0.015 0.016 0.016 0.02 0.021 0.01 0.113 0.388 0.025 0.049 0.054 0.014 0.024 0.033 0.007 0.022 0.094
119 F 0.033 0.019 0.017 0.017 0.01 0.01 0.019 0.025 0.017 0.062 0.112 0.019 0.025 0.399 0.01 0.025 0.025 0.017 0.087 0.054
120 L 0.056 0.027 0.026 0.025 0.016 0.021 0.027 0.03 0.012 0.139 0.172 0.033 0.046 0.038 0.02 0.052 0.127 0.006 0.02 0.108
121 Q 0.055 0.072 0.043 0.046 0.009 0.23 0.101 0.04 0.029 0.026 0.046 0.089 0.02 0.014 0.023 0.055 0.04 0.006 0.02 0.035
122 S 0.147 0.038 0.047 0.044 0.018 0.031 0.049 0.067 0.018 0.032 0.045 0.051 0.016 0.021 0.029 0.205 0.074 0.005 0.017 0.046
123 L 0.043 0.023 0.014 0.015 0.015 0.015 0.02 0.021 0.011 0.108 0.36 0.024 0.046 0.088 0.014 0.024 0.032 0.008 0.028 0.09
124 F 0.044 0.019 0.015 0.016 0.109 0.012 0.018 0.025 0.012 0.113 0.168 0.021 0.03 0.183 0.013 0.028 0.031 0.01 0.046 0.086
125 L 0.049 0.027 0.017 0.018 0.016 0.022 0.024 0.025 0.013 0.139 0.226 0.031 0.123 0.048 0.015 0.031 0.038 0.007 0.023 0.108
126 N 0.042 0.044 0.33 0.081 0.009 0.033 0.048 0.064 0.031 0.022 0.031 0.053 0.011 0.018 0.02 0.068 0.048 0.004 0.015 0.026
127 I 0.06 0.023 0.023 0.023 0.016 0.017 0.026 0.031 0.012 0.165 0.122 0.029 0.029 0.108 0.017 0.068 0.046 0.008 0.033 0.145
128 C 0.067 0.022 0.021 0.021 0.209 0.017 0.023 0.031 0.009 0.093 0.089 0.027 0.023 0.027 0.018 0.047 0.086 0.005 0.016 0.15
129 L 0.044 0.024 0.014 0.015 0.016 0.016 0.02 0.021 0.01 0.113 0.388 0.025 0.049 0.054 0.014 0.024 0.033 0.007 0.022 0.094
130 L 0.097 0.027 0.017 0.019 0.017 0.02 0.025 0.033 0.012 0.096 0.283 0.031 0.068 0.046 0.017 0.038 0.037 0.007 0.021 0.088
131 Y 0.04 0.024 0.019 0.018 0.011 0.018 0.024 0.024 0.033 0.095 0.096 0.027 0.023 0.165 0.014 0.028 0.029 0.021 0.22 0.073
132 A 0.205 0.026 0.021 0.024 0.02 0.021 0.032 0.055 0.012 0.115 0.093 0.036 0.024 0.028 0.024 0.061 0.047 0.005 0.018 0.132
133 L 0.048 0.024 0.016 0.017 0.015 0.017 0.022 0.024 0.012 0.11 0.242 0.026 0.066 0.118 0.014 0.028 0.036 0.009 0.035 0.123
134 C 0.052 0.022 0.023 0.021 0.205 0.017 0.024 0.028 0.08 0.136 0.099 0.026 0.024 0.031 0.016 0.034 0.035 0.005 0.024 0.096
135 K 0.059 0.125 0.036 0.033 0.012 0.039 0.05 0.037 0.017 0.058 0.064 0.154 0.019 0.021 0.023 0.054 0.084 0.005 0.018 0.09
136 Y 0.053 0.034 0.036 0.03 0.012 0.027 0.037 0.034 0.097 0.042 0.06 0.039 0.018 0.067 0.021 0.057 0.121 0.015 0.151 0.051
137 F 0.035 0.02 0.016 0.016 0.011 0.011 0.019 0.024 0.015 0.072 0.167 0.02 0.03 0.33 0.011 0.025 0.026 0.015 0.074 0.062
138 G 0.077 0.022 0.038 0.033 0.011 0.019 0.025 0.52 0.013 0.019 0.028 0.033 0.009 0.016 0.019 0.05 0.029 0.005 0.011 0.024
139 L 0.054 0.026 0.025 0.024 0.014 0.019 0.028 0.033 0.013 0.102 0.137 0.031 0.027 0.077 0.017 0.065 0.083 0.106 0.036 0.081
140 K 0.051 0.143 0.098 0.047 0.008 0.048 0.062 0.045 0.023 0.025 0.041 0.209 0.014 0.016 0.024 0.054 0.04 0.005 0.017 0.031
141 G 0.122 0.024 0.036 0.032 0.013 0.02 0.028 0.431 0.013 0.023 0.034 0.035 0.011 0.017 0.021 0.057 0.033 0.005 0.012 0.033
142 L 0.045 0.02 0.014 0.016 0.016 0.014 0.018 0.02 0.009 0.216 0.254 0.024 0.041 0.047 0.014 0.024 0.037 0.006 0.021 0.142
143 K 0.062 0.092 0.062 0.044 0.01 0.049 0.066 0.047 0.021 0.027 0.041 0.244 0.015 0.016 0.027 0.078 0.045 0.005 0.017 0.033
144 Y 0.04 0.024 0.019 0.018 0.011 0.018 0.024 0.024 0.033 0.095 0.096 0.027 0.023 0.165 0.014 0.028 0.029 0.021 0.22 0.073
145 F 0.037 0.024 0.019 0.018 0.01 0.017 0.024 0.025 0.034 0.051 0.085 0.026 0.021 0.237 0.013 0.028 0.026 0.023 0.234 0.049
146 P 0.07 0.028 0.032 0.034 0.012 0.022 0.037 0.138 0.014 0.025 0.035 0.042 0.011 0.015 0.312 0.083 0.043 0.004 0.013 0.031
147 L 0.148 0.025 0.018 0.021 0.018 0.019 0.027 0.043 0.011 0.119 0.211 0.032 0.034 0.039 0.02 0.048 0.04 0.006 0.02 0.099
148 I 0.05 0.019 0.015 0.017 0.016 0.014 0.019 0.021 0.009 0.226 0.202 0.024 0.038 0.044 0.015 0.026 0.04 0.006 0.021 0.179
149 L 0.045 0.02 0.014 0.016 0.016 0.014 0.018 0.02 0.009 0.216 0.254 0.024 0.041 0.047 0.014 0.024 0.037 0.006 0.021 0.142
150 L 0.045 0.021 0.014 0.016 0.016 0.015 0.019 0.021 0.009 0.182 0.298 0.024 0.044 0.05 0.014 0.024 0.035 0.006 0.021 0.126
151 Y 0.038 0.026 0.02 0.018 0.009 0.019 0.026 0.025 0.04 0.047 0.076 0.028 0.02 0.182 0.014 0.029 0.027 0.025 0.282 0.047
152 P 0.056 0.025 0.023 0.03 0.01 0.02 0.035 0.035 0.013 0.025 0.035 0.04 0.01 0.013 0.503 0.043 0.035 0.003 0.013 0.03
153 Q 0.053 0.061 0.037 0.04 0.01 0.187 0.084 0.036 0.025 0.078 0.07 0.076 0.023 0.02 0.021 0.049 0.04 0.006 0.02 0.062
154 F 0.037 0.024 0.019 0.018 0.01 0.017 0.024 0.025 0.034 0.051 0.085 0.026 0.021 0.237 0.013 0.028 0.026 0.023 0.234 0.049
155 I 0.051 0.018 0.015 0.017 0.016 0.014 0.018 0.021 0.009 0.261 0.157 0.024 0.035 0.042 0.015 0.026 0.041 0.006 0.02 0.195
156 Q 0.055 0.072 0.043 0.046 0.009 0.23 0.101 0.04 0.029 0.026 0.046 0.089 0.02 0.014 0.023 0.055 0.04 0.006 0.02 0.035
157 L 0.05 0.053 0.032 0.034 0.012 0.144 0.068 0.033 0.021 0.061 0.183 0.064 0.032 0.03 0.019 0.042 0.037 0.006 0.021 0.058
158 G 0.089 0.029 0.044 0.039 0.013 0.024 0.036 0.338 0.015 0.023 0.033 0.041 0.012 0.018 0.023 0.124 0.05 0.005 0.013 0.031
159 L 0.044 0.024 0.014 0.015 0.016 0.016 0.02 0.021 0.01 0.113 0.388 0.025 0.049 0.054 0.014 0.024 0.033 0.007 0.022 0.094
160 F 0.034 0.02 0.018 0.017 0.01 0.013 0.02 0.025 0.022 0.058 0.103 0.021 0.024 0.345 0.011 0.026 0.025 0.019 0.136 0.052
161 L 0.044 0.024 0.014 0.015 0.016 0.016 0.02 0.021 0.01 0.113 0.388 0.025 0.049 0.054 0.014 0.024 0.033 0.007 0.022 0.094
162 S 0.108 0.039 0.053 0.048 0.017 0.033 0.051 0.065 0.019 0.029 0.041 0.053 0.015 0.02 0.029 0.235 0.08 0.005 0.017 0.041
163 R 0.044 0.358 0.038 0.03 0.008 0.047 0.051 0.032 0.023 0.023 0.046 0.118 0.015 0.017 0.019 0.044 0.034 0.006 0.017 0.03
164 Q 0.055 0.072 0.043 0.046 0.009 0.23 0.101 0.04 0.029 0.026 0.046 0.089 0.02 0.014 0.023 0.055 0.04 0.006 0.02 0.035
165 S 0.101 0.038 0.051 0.046 0.017 0.031 0.049 0.061 0.018 0.034 0.046 0.051 0.016 0.021 0.029 0.206 0.117 0.005 0.017 0.047
166 L 0.041 0.022 0.014 0.015 0.014 0.015 0.02 0.023 0.011 0.131 0.276 0.024 0.039 0.053 0.013 0.024 0.032 0.106 0.031 0.097
167 S 0.147 0.038 0.047 0.044 0.018 0.031 0.049 0.067 0.018 0.032 0.045 0.051 0.016 0.021 0.029 0.205 0.074 0.005 0.017 0.046
168 L 0.06 0.026 0.026 0.025 0.017 0.02 0.027 0.03 0.011 0.133 0.162 0.033 0.031 0.036 0.02 0.052 0.129 0.006 0.019 0.138
169 L 0.054 0.023 0.015 0.016 0.017 0.016 0.021 0.022 0.009 0.132 0.284 0.025 0.042 0.046 0.015 0.027 0.039 0.006 0.021 0.17
170 F 0.035 0.02 0.016 0.016 0.011 0.011 0.019 0.024 0.015 0.072 0.167 0.02 0.03 0.33 0.011 0.025 0.026 0.015 0.074 0.062
171 F 0.042 0.02 0.016 0.016 0.013 0.013 0.02 0.024 0.014 0.092 0.17 0.021 0.031 0.257 0.012 0.026 0.031 0.012 0.061 0.108
172 L 0.051 0.022 0.016 0.017 0.016 0.017 0.021 0.023 0.01 0.189 0.208 0.026 0.066 0.045 0.015 0.028 0.04 0.006 0.021 0.163
173 L 0.125 0.026 0.02 0.022 0.018 0.019 0.027 0.04 0.011 0.12 0.212 0.032 0.034 0.039 0.02 0.049 0.062 0.006 0.02 0.1
174 L 0.049 0.023 0.014 0.015 0.016 0.016 0.02 0.022 0.01 0.123 0.336 0.025 0.045 0.05 0.014 0.026 0.036 0.007 0.022 0.132
175 V 0.059 0.021 0.015 0.017 0.018 0.015 0.021 0.023 0.009 0.177 0.187 0.025 0.036 0.04 0.015 0.029 0.043 0.006 0.021 0.223
176 T 0.125 0.032 0.036 0.034 0.018 0.026 0.038 0.05 0.014 0.067 0.071 0.042 0.02 0.025 0.026 0.107 0.14 0.005 0.018 0.106
177 Q 0.05 0.053 0.033 0.034 0.01 0.146 0.07 0.033 0.028 0.047 0.119 0.065 0.026 0.045 0.02 0.044 0.036 0.01 0.083 0.049
178 G 0.07 0.025 0.029 0.029 0.11 0.02 0.029 0.135 0.012 0.057 0.096 0.034 0.019 0.024 0.116 0.078 0.043 0.005 0.015 0.054
179 L 0.088 0.112 0.036 0.033 0.014 0.035 0.046 0.044 0.017 0.048 0.116 0.106 0.023 0.026 0.023 0.088 0.068 0.006 0.018 0.053
180 L 0.065 0.071 0.096 0.054 0.012 0.037 0.096 0.047 0.021 0.042 0.108 0.058 0.021 0.025 0.022 0.104 0.051 0.005 0.018 0.046
181 N 0.045 0.041 0.153 0.061 0.01 0.037 0.096 0.044 0.093 0.04 0.105 0.05 0.02 0.027 0.02 0.051 0.038 0.006 0.025 0.04
182 K 0.056 0.071 0.055 0.037 0.012 0.039 0.052 0.04 0.018 0.049 0.115 0.173 0.022 0.025 0.024 0.055 0.083 0.006 0.018 0.052
183 K 0.05 0.117 0.031 0.029 0.011 0.036 0.044 0.034 0.018 0.05 0.089 0.126 0.05 0.1 0.02 0.046 0.058 0.008 0.032 0.052
184 P 0.081 0.036 0.087 0.042 0.013 0.029 0.042 0.047 0.087 0.035 0.047 0.045 0.015 0.021 0.12 0.067 0.112 0.005 0.024 0.045
185 L 0.043 0.093 0.025 0.022 0.011 0.025 0.031 0.026 0.059 0.099 0.143 0.047 0.027 0.064 0.016 0.032 0.032 0.013 0.117 0.076
186 F 0.043 0.019 0.016 0.017 0.013 0.012 0.019 0.024 0.013 0.127 0.126 0.021 0.028 0.255 0.012 0.026 0.032 0.012 0.06 0.124
187 K 0.053 0.156 0.04 0.039 0.008 0.051 0.066 0.04 0.021 0.026 0.043 0.257 0.015 0.016 0.025 0.051 0.038 0.005 0.017 0.032
188 S 0.069 0.049 0.099 0.047 0.012 0.032 0.048 0.052 0.021 0.034 0.053 0.094 0.016 0.095 0.023 0.123 0.055 0.007 0.031 0.039
189 L 0.05 0.025 0.02 0.02 0.016 0.018 0.023 0.025 0.01 0.135 0.278 0.028 0.04 0.045 0.017 0.037 0.08 0.006 0.021 0.105
190 F 0.051 0.022 0.021 0.021 0.015 0.015 0.023 0.027 0.013 0.125 0.116 0.026 0.027 0.18 0.016 0.039 0.08 0.01 0.046 0.127
191 F 0.041 0.022 0.017 0.017 0.011 0.015 0.022 0.026 0.02 0.072 0.094 0.023 0.023 0.204 0.012 0.027 0.03 0.114 0.118 0.093
192 G 0.118 0.033 0.046 0.042 0.016 0.028 0.042 0.203 0.017 0.027 0.039 0.046 0.014 0.019 0.026 0.165 0.062 0.005 0.015 0.039
193 L 0.108 0.026 0.027 0.026 0.016 0.02 0.028 0.136 0.012 0.102 0.14 0.034 0.026 0.031 0.021 0.055 0.082 0.006 0.017 0.086
194 L 0.044 0.023 0.014 0.015 0.016 0.015 0.019 0.021 0.01 0.148 0.343 0.024 0.046 0.052 0.014 0.024 0.034 0.007 0.022 0.11
195 A 0.226 0.034 0.036 0.037 0.02 0.028 0.044 0.072 0.016 0.037 0.051 0.047 0.016 0.021 0.029 0.144 0.062 0.005 0.017 0.057
196 L 0.054 0.022 0.015 0.016 0.017 0.015 0.021 0.022 0.009 0.167 0.239 0.025 0.039 0.044 0.015 0.027 0.04 0.006 0.021 0.186
197 L 0.069 0.03 0.03 0.028 0.016 0.023 0.032 0.039 0.013 0.08 0.249 0.036 0.035 0.04 0.02 0.108 0.052 0.006 0.02 0.073
198 A 0.252 0.033 0.033 0.034 0.02 0.027 0.043 0.074 0.016 0.039 0.054 0.046 0.017 0.021 0.029 0.124 0.057 0.005 0.017 0.06
199 H 0.041 0.045 0.052 0.037 0.007 0.037 0.052 0.037 0.368 0.022 0.037 0.045 0.015 0.03 0.019 0.041 0.026 0.007 0.056 0.022
200 A 0.173 0.033 0.034 0.034 0.019 0.026 0.04 0.061 0.015 0.051 0.117 0.044 0.023 0.027 0.026 0.132 0.058 0.006 0.018 0.062
201 I 0.11 0.024 0.024 0.026 0.017 0.019 0.029 0.04 0.012 0.185 0.119 0.033 0.028 0.034 0.02 0.078 0.049 0.006 0.019 0.126
202 A 0.186 0.036 0.042 0.04 0.019 0.03 0.047 0.07 0.017 0.034 0.048 0.049 0.016 0.021 0.029 0.174 0.068 0.005 0.017 0.052
203 I 0.052 0.02 0.015 0.017 0.017 0.014 0.019 0.021 0.009 0.218 0.199 0.024 0.037 0.043 0.015 0.026 0.04 0.006 0.021 0.187
204 L 0.043 0.024 0.016 0.016 0.015 0.017 0.021 0.023 0.012 0.1 0.294 0.026 0.07 0.121 0.014 0.026 0.033 0.009 0.035 0.085
205 Y 0.041 0.034 0.145 0.044 0.009 0.026 0.036 0.04 0.04 0.034 0.053 0.039 0.015 0.084 0.017 0.046 0.036 0.018 0.205 0.038
206 I 0.046 0.019 0.014 0.017 0.016 0.014 0.018 0.02 0.009 0.251 0.209 0.023 0.039 0.045 0.014 0.024 0.038 0.006 0.021 0.157
207 G 0.059 0.024 0.03 0.027 0.012 0.017 0.025 0.226 0.014 0.046 0.087 0.03 0.019 0.148 0.017 0.048 0.074 0.009 0.038 0.048
208 L 0.05 0.021 0.015 0.016 0.016 0.015 0.019 0.021 0.009 0.192 0.246 0.024 0.04 0.046 0.015 0.026 0.038 0.006 0.021 0.164
209 F 0.041 0.031 0.022 0.023 0.011 0.057 0.037 0.027 0.023 0.096 0.1 0.036 0.025 0.197 0.015 0.032 0.031 0.014 0.109 0.072
210 L 0.048 0.024 0.016 0.016 0.015 0.017 0.022 0.022 0.017 0.109 0.272 0.026 0.039 0.065 0.015 0.027 0.035 0.011 0.083 0.122
211 L 0.078 0.022 0.016 0.018 0.017 0.016 0.022 0.027 0.01 0.155 0.232 0.027 0.038 0.043 0.016 0.032 0.04 0.006 0.021 0.164
212 S 0.147 0.038 0.047 0.044 0.018 0.031 0.049 0.067 0.018 0.032 0.045 0.051 0.016 0.021 0.029 0.205 0.074 0.005 0.017 0.046
213 R 0.058 0.115 0.097 0.044 0.01 0.037 0.05 0.046 0.028 0.029 0.045 0.109 0.015 0.04 0.022 0.086 0.046 0.01 0.08 0.035
214 K 0.051 0.122 0.03 0.029 0.011 0.036 0.046 0.033 0.018 0.06 0.074 0.149 0.02 0.096 0.02 0.041 0.037 0.008 0.032 0.086
215 L 0.049 0.021 0.016 0.017 0.015 0.016 0.021 0.022 0.016 0.178 0.182 0.025 0.034 0.061 0.015 0.027 0.037 0.01 0.083 0.154
216 K 0.053 0.093 0.099 0.049 0.009 0.049 0.065 0.047 0.022 0.026 0.04 0.244 0.014 0.016 0.026 0.056 0.041 0.005 0.017 0.031
217 R 0.052 0.177 0.097 0.043 0.009 0.04 0.049 0.138 0.022 0.023 0.038 0.123 0.013 0.017 0.021 0.052 0.037 0.005 0.015 0.029
218 F 0.039 0.089 0.021 0.019 0.011 0.021 0.027 0.025 0.022 0.061 0.145 0.042 0.026 0.199 0.014 0.03 0.029 0.015 0.109 0.056
219 L 0.055 0.024 0.016 0.017 0.017 0.018 0.023 0.024 0.01 0.129 0.245 0.027 0.067 0.045 0.015 0.03 0.04 0.007 0.022 0.169
220 K 0.061 0.125 0.04 0.036 0.011 0.04 0.051 0.136 0.018 0.03 0.044 0.156 0.015 0.017 0.024 0.058 0.08 0.005 0.016 0.038
221 W 0.037 0.022 0.015 0.015 0.01 0.015 0.022 0.029 0.014 0.056 0.067 0.023 0.018 0.055 0.009 0.024 0.027 0.403 0.058 0.08
222 K 0.047 0.125 0.032 0.03 0.009 0.039 0.049 0.033 0.031 0.032 0.053 0.153 0.016 0.061 0.021 0.042 0.033 0.014 0.143 0.037
223 W 0.043 0.026 0.022 0.021 0.012 0.019 0.026 0.031 0.015 0.054 0.095 0.029 0.05 0.118 0.014 0.039 0.074 0.207 0.052 0.055
224 L 0.052 0.021 0.015 0.017 0.016 0.014 0.02 0.023 0.01 0.157 0.184 0.024 0.034 0.113 0.014 0.028 0.039 0.008 0.034 0.178
225 L 0.039 0.022 0.015 0.016 0.014 0.014 0.019 0.022 0.013 0.093 0.277 0.022 0.039 0.192 0.013 0.024 0.03 0.011 0.048 0.078
226 P 0.06 0.029 0.029 0.03 0.014 0.022 0.034 0.035 0.012 0.054 0.117 0.039 0.021 0.025 0.215 0.058 0.125 0.005 0.016 0.059
227 L 0.048 0.02 0.015 0.017 0.015 0.014 0.019 0.022 0.01 0.181 0.191 0.023 0.035 0.115 0.014 0.026 0.037 0.008 0.034 0.156
228 W 0.047 0.023 0.017 0.017 0.012 0.017 0.024 0.026 0.018 0.085 0.085 0.025 0.022 0.063 0.013 0.028 0.034 0.209 0.101 0.134
229 L 0.042 0.021 0.015 0.016 0.015 0.014 0.019 0.022 0.011 0.137 0.288 0.023 0.041 0.121 0.013 0.024 0.032 0.009 0.035 0.102
230 V 0.158 0.026 0.019 0.022 0.019 0.02 0.029 0.045 0.011 0.104 0.152 0.033 0.029 0.033 0.021 0.051 0.045 0.006 0.019 0.159
231 A 0.211 0.027 0.026 0.028 0.019 0.022 0.033 0.155 0.013 0.061 0.066 0.038 0.018 0.023 0.024 0.067 0.045 0.005 0.016 0.102
232 L 0.047 0.02 0.014 0.016 0.016 0.014 0.019 0.021 0.009 0.204 0.25 0.024 0.041 0.047 0.014 0.025 0.037 0.006 0.021 0.153
233 L 0.039 0.022 0.015 0.016 0.014 0.014 0.019 0.022 0.013 0.093 0.277 0.022 0.039 0.192 0.013 0.024 0.03 0.011 0.048 0.078
234 L 0.041 0.023 0.016 0.017 0.014 0.016 0.021 0.024 0.014 0.09 0.238 0.024 0.065 0.19 0.013 0.027 0.031 0.011 0.048 0.077
235 P 0.056 0.025 0.023 0.03 0.01 0.02 0.035 0.035 0.013 0.025 0.035 0.04 0.01 0.013 0.503 0.043 0.035 0.003 0.013 0.03
236 L 0.094 0.023 0.017 0.019 0.016 0.016 0.023 0.033 0.012 0.123 0.222 0.027 0.035 0.114 0.016 0.036 0.036 0.008 0.034 0.097
237 N 0.054 0.04 0.215 0.064 0.012 0.031 0.045 0.055 0.024 0.034 0.044 0.05 0.014 0.02 0.023 0.077 0.134 0.005 0.016 0.044
238 D 0.11 0.033 0.04 0.118 0.014 0.033 0.102 0.048 0.017 0.08 0.065 0.048 0.018 0.023 0.024 0.09 0.048 0.005 0.016 0.067
239 E 0.112 0.039 0.045 0.133 0.012 0.043 0.16 0.051 0.02 0.027 0.04 0.058 0.013 0.018 0.026 0.096 0.047 0.005 0.016 0.039
240 L 0.04 0.019 0.015 0.017 0.014 0.013 0.018 0.022 0.012 0.162 0.188 0.022 0.034 0.188 0.013 0.025 0.032 0.01 0.047 0.11
241 I 0.053 0.024 0.017 0.018 0.016 0.019 0.023 0.024 0.011 0.186 0.169 0.029 0.091 0.043 0.015 0.03 0.041 0.007 0.022 0.162
242 N 0.056 0.046 0.158 0.057 0.012 0.07 0.055 0.051 0.024 0.035 0.047 0.057 0.016 0.019 0.023 0.075 0.132 0.005 0.017 0.045
243 Q 0.049 0.061 0.102 0.051 0.008 0.152 0.081 0.045 0.097 0.024 0.041 0.073 0.017 0.018 0.022 0.055 0.039 0.006 0.026 0.031
244 H 0.049 0.032 0.035 0.029 0.013 0.026 0.036 0.032 0.153 0.134 0.094 0.036 0.024 0.034 0.019 0.044 0.078 0.006 0.034 0.092
245 L 0.047 0.022 0.015 0.016 0.015 0.015 0.02 0.022 0.011 0.113 0.281 0.024 0.04 0.119 0.014 0.026 0.034 0.009 0.035 0.124
246 A 0.163 0.04 0.088 0.041 0.016 0.066 0.051 0.058 0.02 0.055 0.062 0.052 0.019 0.021 0.024 0.066 0.047 0.005 0.018 0.089
247 G 0.115 0.032 0.092 0.041 0.015 0.025 0.037 0.149 0.017 0.045 0.109 0.041 0.02 0.026 0.022 0.092 0.048 0.005 0.016 0.051
248 L 0.101 0.025 0.017 0.018 0.018 0.018 0.024 0.033 0.01 0.109 0.27 0.029 0.039 0.043 0.017 0.037 0.039 0.006 0.021 0.127
249 F 0.1 0.041 0.028 0.028 0.014 0.025 0.037 0.042 0.016 0.049 0.078 0.084 0.02 0.171 0.021 0.055 0.08 0.01 0.045 0.055
250 N 0.055 0.043 0.275 0.075 0.01 0.033 0.049 0.064 0.028 0.023 0.033 0.053 0.012 0.018 0.022 0.102 0.055 0.005 0.016 0.029
251 I 0.044 0.031 0.022 0.023 0.012 0.058 0.036 0.026 0.022 0.14 0.111 0.037 0.027 0.126 0.016 0.032 0.034 0.012 0.096 0.096
252 S 0.127 0.032 0.038 0.036 0.018 0.026 0.04 0.054 0.015 0.088 0.074 0.043 0.021 0.026 0.026 0.134 0.102 0.005 0.018 0.078
253 G 0.061 0.025 0.038 0.107 0.01 0.021 0.042 0.231 0.014 0.022 0.031 0.038 0.01 0.014 0.213 0.048 0.033 0.004 0.011 0.026
254 G 0.076 0.028 0.035 0.032 0.015 0.023 0.033 0.138 0.014 0.095 0.132 0.037 0.025 0.031 0.021 0.114 0.052 0.006 0.017 0.075
255 L 0.045 0.021 0.014 0.016 0.016 0.015 0.019 0.021 0.009 0.182 0.298 0.024 0.044 0.05 0.014 0.024 0.035 0.006 0.021 0.126
256 D 0.04 0.029 0.068 0.409 0.007 0.029 0.09 0.046 0.018 0.022 0.027 0.044 0.009 0.015 0.022 0.051 0.035 0.004 0.011 0.024
257 R 0.044 0.358 0.038 0.03 0.008 0.047 0.051 0.032 0.023 0.023 0.046 0.118 0.015 0.017 0.019 0.044 0.034 0.006 0.017 0.03
258 K 0.056 0.105 0.041 0.041 0.008 0.052 0.069 0.042 0.02 0.027 0.042 0.292 0.015 0.015 0.027 0.052 0.039 0.005 0.017 0.032
259 I 0.046 0.017 0.014 0.017 0.016 0.013 0.017 0.02 0.009 0.285 0.165 0.023 0.036 0.043 0.014 0.025 0.039 0.006 0.02 0.173
260 G 0.077 0.022 0.038 0.033 0.011 0.019 0.025 0.52 0.013 0.019 0.028 0.033 0.009 0.016 0.019 0.05 0.029 0.005 0.011 0.024
261 F 0.033 0.019 0.017 0.017 0.01 0.01 0.019 0.025 0.017 0.062 0.112 0.019 0.025 0.399 0.01 0.025 0.025 0.017 0.087 0.054
262 Y 0.04 0.027 0.021 0.018 0.009 0.021 0.027 0.024 0.046 0.043 0.067 0.031 0.018 0.128 0.015 0.031 0.027 0.027 0.331 0.046
263 L 0.048 0.028 0.017 0.018 0.016 0.023 0.024 0.025 0.013 0.104 0.271 0.031 0.126 0.05 0.015 0.031 0.037 0.007 0.023 0.092
264 N 0.043 0.048 0.311 0.079 0.009 0.034 0.05 0.062 0.03 0.022 0.032 0.069 0.011 0.017 0.02 0.067 0.048 0.004 0.015 0.027
265 N 0.064 0.04 0.166 0.136 0.011 0.034 0.075 0.059 0.024 0.024 0.034 0.053 0.012 0.018 0.024 0.12 0.056 0.005 0.015 0.031
266 G 0.071 0.029 0.09 0.038 0.014 0.022 0.032 0.17 0.015 0.078 0.07 0.037 0.019 0.024 0.019 0.071 0.048 0.005 0.016 0.13
267 S 0.091 0.032 0.053 0.037 0.015 0.025 0.039 0.048 0.016 0.054 0.116 0.042 0.022 0.026 0.119 0.12 0.056 0.005 0.017 0.067
268 V 0.07 0.022 0.016 0.018 0.019 0.016 0.023 0.025 0.008 0.165 0.13 0.026 0.032 0.036 0.016 0.033 0.049 0.006 0.021 0.269
269 D 0.063 0.037 0.072 0.176 0.011 0.037 0.113 0.048 0.02 0.029 0.039 0.052 0.013 0.018 0.025 0.098 0.09 0.005 0.015 0.038
270 N 0.053 0.044 0.158 0.093 0.009 0.039 0.118 0.145 0.024 0.022 0.032 0.07 0.011 0.017 0.022 0.059 0.04 0.005 0.014 0.027
271 I 0.102 0.024 0.022 0.024 0.017 0.018 0.026 0.036 0.011 0.185 0.125 0.032 0.029 0.035 0.02 0.05 0.084 0.006 0.019 0.133
272 S 0.109 0.04 0.054 0.049 0.017 0.033 0.052 0.066 0.019 0.03 0.042 0.054 0.016 0.021 0.03 0.225 0.081 0.005 0.017 0.042
273 A 0.172 0.04 0.039 0.048 0.016 0.049 0.102 0.062 0.019 0.033 0.047 0.056 0.016 0.02 0.028 0.126 0.056 0.005 0.017 0.049
274 S 0.137 0.035 0.043 0.04 0.018 0.029 0.045 0.06 0.016 0.045 0.055 0.048 0.018 0.022 0.028 0.162 0.108 0.005 0.017 0.068
275 L 0.045 0.024 0.015 0.016 0.016 0.017 0.021 0.022 0.011 0.123 0.347 0.026 0.065 0.052 0.014 0.025 0.034 0.007 0.022 0.099
276 G 0.083 0.032 0.044 0.039 0.015 0.026 0.038 0.208 0.015 0.035 0.046 0.043 0.015 0.02 0.025 0.116 0.136 0.005 0.015 0.047
277 L 0.053 0.023 0.017 0.018 0.017 0.016 0.022 0.024 0.01 0.152 0.268 0.027 0.04 0.046 0.015 0.04 0.04 0.006 0.021 0.144
278 Y 0.042 0.029 0.021 0.02 0.012 0.034 0.03 0.026 0.028 0.066 0.143 0.032 0.056 0.149 0.015 0.031 0.031 0.017 0.159 0.062
279 S 0.121 0.039 0.051 0.047 0.017 0.032 0.051 0.066 0.019 0.03 0.042 0.052 0.016 0.021 0.029 0.225 0.078 0.005 0.017 0.043
280 L 0.044 0.023 0.018 0.042 0.015 0.016 0.024 0.022 0.01 0.141 0.319 0.026 0.043 0.049 0.015 0.026 0.034 0.007 0.021 0.105
281 L 0.07 0.029 0.03 0.029 0.016 0.022 0.032 0.038 0.013 0.114 0.204 0.036 0.033 0.038 0.02 0.109 0.053 0.006 0.02 0.089
282 L 0.05 0.025 0.017 0.018 0.016 0.02 0.023 0.024 0.012 0.148 0.231 0.029 0.095 0.047 0.015 0.03 0.039 0.007 0.022 0.134
283 L 0.045 0.021 0.014 0.016 0.016 0.015 0.019 0.021 0.009 0.182 0.298 0.024 0.044 0.05 0.014 0.024 0.035 0.006 0.021 0.126
284 P 0.056 0.031 0.024 0.031 0.01 0.022 0.038 0.036 0.013 0.025 0.036 0.057 0.01 0.013 0.472 0.044 0.036 0.003 0.013 0.031
285 L 0.044 0.023 0.014 0.015 0.016 0.016 0.02 0.021 0.01 0.125 0.373 0.025 0.048 0.053 0.014 0.024 0.033 0.007 0.022 0.1
286 H 0.046 0.045 0.052 0.038 0.008 0.037 0.052 0.039 0.344 0.023 0.038 0.045 0.015 0.029 0.019 0.054 0.03 0.007 0.054 0.024
287 L 0.157 0.027 0.02 0.023 0.018 0.022 0.03 0.046 0.013 0.116 0.157 0.035 0.06 0.036 0.021 0.052 0.043 0.006 0.02 0.099
288 L 0.07 0.031 0.035 0.032 0.017 0.024 0.034 0.04 0.013 0.094 0.143 0.039 0.027 0.032 0.023 0.098 0.141 0.006 0.019 0.084
289 F 0.038 0.018 0.017 0.017 0.079 0.011 0.018 0.026 0.015 0.06 0.105 0.019 0.024 0.344 0.011 0.027 0.027 0.015 0.077 0.054
290 L 0.042 0.02 0.015 0.016 0.015 0.014 0.019 0.022 0.011 0.163 0.249 0.023 0.039 0.124 0.013 0.024 0.033 0.009 0.035 0.114
291 L 0.047 0.025 0.016 0.017 0.016 0.019 0.022 0.023 0.012 0.145 0.27 0.028 0.091 0.049 0.015 0.028 0.037 0.007 0.022 0.11
292 L 0.046 0.033 0.062 0.028 0.014 0.021 0.028 0.029 0.014 0.146 0.228 0.057 0.036 0.041 0.016 0.034 0.038 0.006 0.02 0.104
293 S 0.11 0.04 0.054 0.049 0.017 0.033 0.052 0.066 0.019 0.03 0.042 0.054 0.016 0.021 0.03 0.222 0.082 0.005 0.017 0.042
294 L 0.054 0.025 0.021 0.02 0.016 0.018 0.024 0.027 0.011 0.103 0.223 0.028 0.035 0.092 0.017 0.04 0.084 0.008 0.03 0.124
295 L 0.054 0.024 0.017 0.017 0.016 0.017 0.023 0.023 0.017 0.119 0.207 0.026 0.035 0.062 0.015 0.029 0.038 0.011 0.087 0.164
296 L 0.073 0.042 0.035 0.033 0.015 0.028 0.041 0.043 0.015 0.065 0.189 0.075 0.03 0.034 0.022 0.118 0.054 0.006 0.019 0.063
297 I 0.047 0.02 0.016 0.018 0.016 0.016 0.02 0.022 0.01 0.244 0.171 0.026 0.066 0.044 0.015 0.027 0.039 0.006 0.021 0.156
298 K 0.053 0.078 0.034 0.033 0.01 0.043 0.055 0.037 0.023 0.045 0.078 0.199 0.05 0.038 0.023 0.046 0.037 0.009 0.063 0.047
299 S 0.087 0.054 0.05 0.045 0.014 0.038 0.056 0.056 0.069 0.028 0.041 0.103 0.015 0.021 0.027 0.167 0.064 0.005 0.023 0.037
300 R 0.048 0.23 0.041 0.065 0.008 0.049 0.078 0.037 0.022 0.024 0.043 0.165 0.015 0.016 0.022 0.048 0.036 0.005 0.017 0.031
301 K 0.05 0.08 0.158 0.058 0.009 0.045 0.061 0.051 0.025 0.025 0.038 0.192 0.014 0.016 0.024 0.059 0.043 0.005 0.016 0.03
302 Y 0.052 0.03 0.059 0.112 0.012 0.025 0.045 0.038 0.026 0.064 0.064 0.039 0.018 0.057 0.021 0.065 0.085 0.012 0.117 0.058
303 K 0.051 0.08 0.099 0.046 0.01 0.043 0.058 0.044 0.021 0.051 0.073 0.202 0.018 0.021 0.024 0.052 0.041 0.005 0.017 0.046
304 R 0.094 0.105 0.099 0.045 0.013 0.032 0.045 0.052 0.02 0.033 0.047 0.063 0.015 0.019 0.075 0.085 0.093 0.005 0.016 0.045
305 P 0.056 0.052 0.044 0.117 0.011 0.06 0.065 0.041 0.018 0.031 0.043 0.103 0.014 0.016 0.127 0.059 0.085 0.004 0.015 0.038
306 L 0.102 0.034 0.02 0.023 0.016 0.022 0.03 0.036 0.012 0.159 0.172 0.066 0.032 0.037 0.019 0.041 0.04 0.006 0.019 0.114
307 D 0.047 0.033 0.1 0.282 0.01 0.029 0.073 0.048 0.019 0.029 0.036 0.045 0.012 0.017 0.023 0.062 0.085 0.004 0.013 0.034
308 S 0.129 0.032 0.035 0.036 0.016 0.026 0.041 0.055 0.015 0.043 0.093 0.044 0.019 0.024 0.128 0.131 0.057 0.005 0.017 0.052
309 F 0.042 0.02 0.017 0.017 0.013 0.013 0.02 0.024 0.017 0.122 0.121 0.022 0.028 0.241 0.013 0.027 0.032 0.014 0.089 0.111
310 S 0.091 0.035 0.045 0.041 0.017 0.029 0.044 0.054 0.016 0.07 0.064 0.047 0.019 0.024 0.027 0.173 0.113 0.005 0.018 0.066
311 L 0.046 0.02 0.015 0.017 0.015 0.014 0.019 0.022 0.011 0.182 0.196 0.023 0.036 0.12 0.014 0.026 0.036 0.008 0.035 0.146
312 I 0.046 0.019 0.016 0.017 0.015 0.013 0.019 0.023 0.011 0.178 0.138 0.022 0.031 0.168 0.013 0.026 0.036 0.01 0.044 0.154
313 F 0.035 0.021 0.018 0.017 0.01 0.013 0.021 0.025 0.023 0.058 0.103 0.021 0.024 0.34 0.011 0.026 0.026 0.019 0.139 0.052
314 I 0.046 0.019 0.014 0.017 0.016 0.014 0.018 0.02 0.009 0.247 0.212 0.024 0.039 0.046 0.014 0.024 0.038 0.006 0.021 0.157
315 I 0.058 0.023 0.053 0.027 0.118 0.018 0.025 0.032 0.011 0.145 0.107 0.029 0.026 0.031 0.018 0.044 0.073 0.005 0.018 0.141
316 L 0.047 0.044 0.017 0.017 0.015 0.017 0.022 0.023 0.012 0.13 0.228 0.03 0.036 0.115 0.014 0.027 0.035 0.008 0.034 0.13
317 Y 0.04 0.027 0.021 0.018 0.01 0.021 0.027 0.024 0.043 0.059 0.074 0.03 0.02 0.123 0.015 0.03 0.028 0.026 0.31 0.054
318 F 0.05 0.025 0.023 0.021 0.109 0.019 0.025 0.03 0.02 0.055 0.091 0.029 0.04 0.124 0.016 0.043 0.077 0.045 0.097 0.059
319 L 0.153 0.026 0.019 0.021 0.019 0.02 0.028 0.044 0.011 0.094 0.204 0.032 0.033 0.037 0.02 0.049 0.042 0.006 0.02 0.121
320 I 0.054 0.022 0.02 0.044 0.016 0.018 0.026 0.025 0.011 0.189 0.149 0.028 0.061 0.039 0.016 0.031 0.042 0.006 0.02 0.183
