#Seq2Logo.py -f /work3/idamei/wzy_ssn/run/1e-50/run/150/MSAs/0010_90.afa -o /work3/idamei/wzy_ssn/run/1e-50/run/150/logos/0010_90.logo
#Position Specific Frequency Matrix
A R N D C Q E G H I L K M F P S T W Y V
0 L 0.051 0.031 0.02 0.02 0.016 0.027 0.027 0.027 0.016 0.098 0.191 0.035 0.184 0.047 0.016 0.035 0.039 0.008 0.023 0.09
1 L 0.054 0.025 0.021 0.02 0.096 0.02 0.024 0.028 0.011 0.126 0.176 0.03 0.073 0.039 0.017 0.041 0.075 0.006 0.019 0.099
2 V 0.07 0.022 0.016 0.018 0.019 0.016 0.023 0.025 0.008 0.165 0.13 0.026 0.032 0.036 0.016 0.033 0.049 0.006 0.021 0.269
3 F 0.034 0.019 0.017 0.017 0.011 0.011 0.019 0.025 0.017 0.063 0.114 0.019 0.025 0.387 0.011 0.025 0.025 0.017 0.089 0.055
4 I 0.047 0.018 0.015 0.018 0.016 0.013 0.018 0.021 0.009 0.271 0.168 0.024 0.037 0.044 0.015 0.025 0.04 0.006 0.021 0.177
5 T 0.073 0.036 0.043 0.038 0.018 0.028 0.039 0.043 0.014 0.053 0.065 0.045 0.02 0.024 0.028 0.093 0.246 0.006 0.018 0.071
6 T 0.073 0.036 0.043 0.038 0.018 0.028 0.039 0.043 0.014 0.053 0.065 0.045 0.02 0.024 0.028 0.093 0.246 0.006 0.018 0.071
7 Y 0.04 0.028 0.022 0.019 0.009 0.022 0.028 0.025 0.047 0.044 0.068 0.031 0.019 0.131 0.016 0.031 0.028 0.028 0.318 0.047
8 I 0.047 0.018 0.015 0.018 0.016 0.013 0.018 0.021 0.009 0.271 0.168 0.024 0.037 0.044 0.015 0.025 0.04 0.006 0.021 0.177
9 N 0.043 0.045 0.317 0.083 0.009 0.034 0.049 0.065 0.032 0.022 0.032 0.054 0.011 0.018 0.02 0.07 0.049 0.004 0.016 0.027
10 V 0.07 0.022 0.016 0.018 0.019 0.016 0.023 0.025 0.008 0.165 0.13 0.026 0.032 0.036 0.016 0.033 0.049 0.006 0.021 0.269
11 Q 0.056 0.074 0.044 0.047 0.009 0.215 0.103 0.041 0.029 0.026 0.047 0.091 0.021 0.015 0.024 0.056 0.041 0.006 0.021 0.035
12 K 0.057 0.107 0.042 0.042 0.009 0.054 0.071 0.043 0.021 0.028 0.043 0.278 0.016 0.016 0.028 0.054 0.04 0.005 0.017 0.033
13 L 0.052 0.032 0.02 0.02 0.016 0.028 0.028 0.028 0.016 0.1 0.197 0.036 0.161 0.048 0.016 0.036 0.04 0.008 0.024 0.092
14 K 0.057 0.107 0.042 0.042 0.009 0.054 0.071 0.043 0.021 0.028 0.043 0.278 0.016 0.016 0.028 0.054 0.04 0.005 0.017 0.033
15 I 0.047 0.018 0.015 0.018 0.016 0.013 0.018 0.021 0.009 0.271 0.168 0.024 0.037 0.044 0.015 0.025 0.04 0.006 0.021 0.177
16 T 0.069 0.045 0.045 0.101 0.013 0.032 0.054 0.046 0.016 0.033 0.044 0.088 0.014 0.018 0.107 0.103 0.11 0.005 0.015 0.043
17 S 0.11 0.04 0.054 0.049 0.018 0.033 0.052 0.066 0.019 0.03 0.042 0.054 0.016 0.021 0.03 0.22 0.082 0.005 0.018 0.042
18 E 0.068 0.047 0.126 0.07 0.011 0.044 0.139 0.053 0.024 0.024 0.036 0.073 0.013 0.018 0.025 0.12 0.054 0.005 0.016 0.033
19 G 0.066 0.03 0.134 0.05 0.01 0.024 0.033 0.365 0.019 0.02 0.029 0.04 0.01 0.017 0.019 0.057 0.036 0.005 0.012 0.025
20 T 0.055 0.032 0.082 0.037 0.014 0.023 0.034 0.039 0.016 0.059 0.121 0.038 0.024 0.091 0.021 0.064 0.151 0.007 0.029 0.063
21 K 0.062 0.083 0.092 0.048 0.01 0.046 0.062 0.049 0.022 0.026 0.04 0.216 0.014 0.016 0.026 0.086 0.047 0.005 0.017 0.032
22 L 0.057 0.026 0.026 0.025 0.017 0.019 0.027 0.029 0.011 0.15 0.167 0.032 0.031 0.037 0.019 0.051 0.128 0.006 0.019 0.123
23 P 0.065 0.029 0.031 0.032 0.013 0.022 0.036 0.041 0.015 0.039 0.057 0.039 0.016 0.094 0.215 0.088 0.088 0.006 0.029 0.045
24 L 0.058 0.038 0.038 0.107 0.013 0.065 0.056 0.038 0.017 0.06 0.179 0.047 0.028 0.031 0.02 0.078 0.044 0.006 0.018 0.057
25 F 0.047 0.019 0.016 0.017 0.014 0.013 0.02 0.024 0.012 0.133 0.125 0.022 0.029 0.221 0.013 0.027 0.035 0.011 0.053 0.152
26 L 0.068 0.084 0.031 0.029 0.015 0.026 0.035 0.037 0.014 0.105 0.15 0.049 0.028 0.032 0.02 0.101 0.051 0.006 0.019 0.1
27 L 0.044 0.024 0.017 0.017 0.013 0.017 0.022 0.023 0.022 0.088 0.193 0.026 0.031 0.133 0.014 0.027 0.032 0.015 0.137 0.103
28 F 0.04 0.023 0.017 0.017 0.013 0.017 0.022 0.026 0.015 0.107 0.137 0.025 0.078 0.167 0.012 0.028 0.031 0.093 0.051 0.081
29 L 0.045 0.023 0.015 0.016 0.016 0.017 0.02 0.021 0.01 0.153 0.31 0.026 0.065 0.05 0.014 0.025 0.035 0.007 0.022 0.111
30 S 0.122 0.036 0.087 0.047 0.015 0.029 0.045 0.132 0.019 0.028 0.04 0.048 0.014 0.019 0.026 0.167 0.063 0.005 0.016 0.04
31 F 0.058 0.025 0.027 0.025 0.014 0.018 0.028 0.034 0.015 0.071 0.094 0.03 0.023 0.214 0.017 0.073 0.078 0.011 0.052 0.093
32 L 0.11 0.028 0.029 0.029 0.017 0.022 0.033 0.044 0.013 0.132 0.143 0.037 0.028 0.034 0.022 0.106 0.053 0.006 0.019 0.098
33 L 0.042 0.022 0.014 0.016 0.015 0.014 0.019 0.021 0.011 0.133 0.306 0.023 0.042 0.11 0.013 0.024 0.032 0.008 0.032 0.1
34 L 0.051 0.023 0.018 0.019 0.016 0.017 0.022 0.024 0.01 0.162 0.242 0.027 0.038 0.043 0.016 0.034 0.07 0.006 0.02 0.14
35 F 0.04 0.02 0.02 0.019 0.011 0.012 0.022 0.028 0.017 0.058 0.104 0.022 0.024 0.368 0.012 0.045 0.03 0.015 0.08 0.052
36 I 0.045 0.019 0.015 0.017 0.015 0.013 0.019 0.022 0.011 0.182 0.176 0.022 0.034 0.147 0.013 0.025 0.035 0.009 0.039 0.144
37 I 0.052 0.024 0.02 0.02 0.015 0.02 0.023 0.095 0.012 0.17 0.156 0.03 0.096 0.041 0.015 0.033 0.037 0.007 0.02 0.115
38 S 0.086 0.033 0.042 0.039 0.015 0.026 0.042 0.053 0.018 0.038 0.061 0.043 0.018 0.13 0.024 0.18 0.064 0.008 0.037 0.044
39 C 0.056 0.02 0.016 0.016 0.292 0.015 0.019 0.028 0.01 0.071 0.176 0.023 0.049 0.033 0.015 0.034 0.035 0.005 0.016 0.071
40 E 0.054 0.048 0.039 0.088 0.007 0.063 0.317 0.034 0.025 0.021 0.036 0.073 0.013 0.016 0.025 0.054 0.036 0.005 0.016 0.03
41 N 0.079 0.041 0.174 0.062 0.013 0.032 0.05 0.064 0.024 0.026 0.036 0.052 0.013 0.019 0.025 0.168 0.066 0.005 0.016 0.034
42 F 0.039 0.025 0.022 0.02 0.011 0.018 0.026 0.025 0.074 0.091 0.136 0.027 0.026 0.17 0.014 0.028 0.029 0.015 0.135 0.069
43 G 0.059 0.035 0.139 0.077 0.009 0.032 0.091 0.254 0.021 0.02 0.03 0.047 0.01 0.016 0.02 0.057 0.037 0.005 0.013 0.026
44 E 0.087 0.039 0.038 0.116 0.01 0.046 0.202 0.04 0.02 0.037 0.089 0.058 0.018 0.022 0.024 0.053 0.037 0.005 0.016 0.044
45 L 0.06 0.028 0.029 0.026 0.015 0.022 0.03 0.033 0.017 0.099 0.169 0.035 0.029 0.049 0.02 0.075 0.107 0.009 0.065 0.083
46 R 0.043 0.364 0.038 0.03 0.008 0.047 0.051 0.032 0.023 0.023 0.045 0.117 0.015 0.017 0.019 0.043 0.034 0.006 0.017 0.03
47 Y 0.039 0.025 0.019 0.017 0.01 0.019 0.025 0.024 0.036 0.055 0.12 0.028 0.023 0.156 0.014 0.029 0.028 0.023 0.257 0.053
48 Y 0.045 0.028 0.041 0.061 0.012 0.022 0.033 0.03 0.027 0.061 0.154 0.033 0.026 0.075 0.017 0.041 0.065 0.015 0.155 0.059
49 P 0.053 0.022 0.018 0.022 0.014 0.017 0.026 0.027 0.01 0.133 0.136 0.031 0.026 0.03 0.226 0.033 0.038 0.004 0.017 0.117
50 L 0.099 0.026 0.022 0.023 0.017 0.021 0.029 0.037 0.012 0.127 0.157 0.033 0.052 0.036 0.019 0.067 0.048 0.006 0.02 0.149
51 L 0.121 0.023 0.018 0.02 0.016 0.016 0.025 0.038 0.013 0.11 0.146 0.028 0.028 0.14 0.017 0.042 0.038 0.009 0.038 0.114
52 P 0.048 0.021 0.017 0.02 0.013 0.015 0.024 0.026 0.012 0.105 0.139 0.027 0.026 0.138 0.154 0.031 0.034 0.008 0.037 0.103
53 L 0.044 0.022 0.014 0.016 0.016 0.015 0.019 0.021 0.009 0.171 0.315 0.024 0.044 0.05 0.014 0.024 0.035 0.007 0.021 0.12
54 L 0.042 0.022 0.014 0.015 0.015 0.014 0.019 0.021 0.011 0.139 0.309 0.023 0.042 0.101 0.013 0.024 0.033 0.008 0.031 0.103
55 F 0.043 0.021 0.02 0.019 0.012 0.014 0.02 0.096 0.015 0.093 0.118 0.023 0.047 0.246 0.013 0.03 0.029 0.012 0.057 0.071
56 L 0.045 0.02 0.014 0.016 0.016 0.014 0.018 0.02 0.009 0.224 0.251 0.024 0.04 0.047 0.014 0.024 0.036 0.006 0.021 0.142
57 V 0.067 0.026 0.03 0.028 0.016 0.021 0.029 0.103 0.011 0.112 0.09 0.034 0.023 0.028 0.021 0.058 0.138 0.006 0.017 0.14
58 A 0.131 0.027 0.027 0.027 0.016 0.021 0.032 0.047 0.013 0.111 0.085 0.036 0.022 0.033 0.021 0.081 0.078 0.077 0.025 0.088
59 V 0.086 0.03 0.035 0.033 0.018 0.024 0.037 0.045 0.014 0.115 0.092 0.039 0.024 0.03 0.023 0.127 0.064 0.005 0.019 0.141
60 L 0.051 0.023 0.021 0.021 0.014 0.016 0.024 0.029 0.013 0.111 0.201 0.027 0.033 0.162 0.015 0.06 0.039 0.01 0.042 0.085
61 Y 0.092 0.045 0.034 0.03 0.012 0.031 0.042 0.041 0.085 0.038 0.056 0.081 0.017 0.057 0.022 0.055 0.072 0.013 0.129 0.047
62 Y 0.044 0.021 0.018 0.017 0.081 0.016 0.021 0.024 0.025 0.117 0.1 0.025 0.024 0.127 0.014 0.029 0.031 0.016 0.164 0.084
63 L 0.045 0.019 0.015 0.017 0.015 0.013 0.019 0.022 0.011 0.184 0.189 0.023 0.035 0.13 0.013 0.025 0.035 0.008 0.036 0.145
64 F 0.051 0.039 0.031 0.048 0.011 0.025 0.039 0.035 0.026 0.043 0.071 0.075 0.019 0.176 0.018 0.068 0.038 0.015 0.128 0.044
65 F 0.043 0.035 0.045 0.082 0.01 0.022 0.04 0.035 0.018 0.047 0.08 0.067 0.02 0.238 0.016 0.048 0.043 0.011 0.056 0.045
66 N 0.046 0.038 0.176 0.071 0.011 0.055 0.047 0.069 0.023 0.099 0.07 0.048 0.019 0.024 0.019 0.052 0.043 0.005 0.017 0.069
67 R 0.058 0.129 0.079 0.046 0.011 0.037 0.08 0.11 0.02 0.035 0.088 0.067 0.018 0.022 0.02 0.075 0.042 0.005 0.016 0.039
68 K 0.053 0.07 0.075 0.039 0.08 0.038 0.051 0.04 0.018 0.066 0.061 0.184 0.018 0.02 0.022 0.048 0.039 0.005 0.016 0.054
69 I 0.049 0.019 0.014 0.017 0.016 0.014 0.018 0.021 0.009 0.248 0.191 0.023 0.037 0.043 0.014 0.025 0.039 0.006 0.02 0.177
70 S 0.073 0.043 0.044 0.092 0.012 0.031 0.053 0.049 0.022 0.029 0.042 0.082 0.014 0.033 0.094 0.129 0.053 0.008 0.061 0.036
71 V 0.062 0.063 0.027 0.026 0.015 0.029 0.039 0.032 0.013 0.097 0.13 0.11 0.027 0.03 0.02 0.05 0.054 0.005 0.019 0.153
72 R 0.071 0.133 0.056 0.04 0.012 0.054 0.052 0.047 0.025 0.028 0.046 0.071 0.016 0.034 0.023 0.129 0.054 0.008 0.063 0.037
73 L 0.089 0.028 0.067 0.031 0.015 0.021 0.03 0.041 0.015 0.096 0.17 0.034 0.029 0.088 0.018 0.07 0.043 0.007 0.028 0.078
74 L 0.046 0.023 0.018 0.019 0.015 0.016 0.021 0.024 0.011 0.148 0.24 0.026 0.037 0.096 0.015 0.033 0.067 0.008 0.03 0.107
75 K 0.048 0.071 0.032 0.031 0.009 0.039 0.051 0.034 0.031 0.033 0.052 0.184 0.016 0.063 0.022 0.043 0.034 0.015 0.154 0.038
76 S 0.111 0.042 0.036 0.035 0.016 0.029 0.042 0.05 0.016 0.08 0.111 0.078 0.023 0.028 0.024 0.13 0.057 0.005 0.018 0.069
77 F 0.042 0.021 0.019 0.019 0.013 0.014 0.021 0.026 0.014 0.1 0.152 0.024 0.029 0.248 0.014 0.034 0.063 0.012 0.058 0.078
78 G 0.062 0.022 0.027 0.026 0.082 0.016 0.024 0.173 0.013 0.075 0.078 0.028 0.019 0.132 0.017 0.065 0.037 0.008 0.035 0.06
79 L 0.082 0.025 0.017 0.018 0.016 0.018 0.024 0.03 0.013 0.118 0.252 0.029 0.058 0.05 0.016 0.034 0.036 0.031 0.038 0.095
80 V 0.108 0.027 0.027 0.028 0.018 0.021 0.032 0.042 0.012 0.137 0.101 0.035 0.026 0.031 0.021 0.098 0.055 0.005 0.019 0.159
81 L 0.055 0.023 0.02 0.021 0.016 0.017 0.024 0.028 0.011 0.151 0.199 0.027 0.034 0.093 0.016 0.056 0.042 0.007 0.03 0.131
82 L 0.062 0.026 0.026 0.025 0.015 0.019 0.029 0.035 0.014 0.081 0.174 0.031 0.03 0.142 0.017 0.088 0.046 0.009 0.039 0.095
83 L 0.081 0.022 0.016 0.018 0.016 0.015 0.022 0.029 0.011 0.146 0.239 0.026 0.037 0.096 0.016 0.032 0.035 0.008 0.03 0.106
84 I 0.053 0.019 0.015 0.017 0.017 0.014 0.019 0.021 0.009 0.222 0.184 0.024 0.036 0.042 0.015 0.027 0.041 0.006 0.02 0.2
85 L 0.08 0.024 0.021 0.022 0.017 0.018 0.025 0.032 0.011 0.173 0.2 0.03 0.034 0.04 0.018 0.061 0.044 0.006 0.02 0.126
86 L 0.048 0.02 0.014 0.017 0.016 0.014 0.019 0.021 0.009 0.222 0.224 0.024 0.039 0.045 0.014 0.025 0.038 0.006 0.02 0.166
87 L 0.044 0.021 0.014 0.016 0.016 0.015 0.019 0.02 0.009 0.189 0.295 0.024 0.043 0.049 0.014 0.024 0.035 0.006 0.021 0.127
88 G 0.114 0.026 0.038 0.034 0.013 0.021 0.031 0.395 0.014 0.023 0.034 0.037 0.011 0.017 0.021 0.082 0.039 0.005 0.012 0.032
89 L 0.117 0.023 0.018 0.02 0.016 0.016 0.025 0.038 0.013 0.103 0.184 0.028 0.031 0.143 0.017 0.041 0.036 0.009 0.039 0.086
90 L 0.051 0.023 0.017 0.02 0.015 0.017 0.024 0.025 0.01 0.12 0.22 0.029 0.033 0.037 0.155 0.03 0.036 0.005 0.019 0.115
91 S 0.093 0.035 0.046 0.041 0.015 0.029 0.044 0.124 0.022 0.029 0.042 0.047 0.015 0.035 0.025 0.185 0.065 0.008 0.062 0.039
92 S 0.073 0.04 0.041 0.037 0.013 0.058 0.05 0.045 0.073 0.046 0.07 0.049 0.019 0.039 0.023 0.126 0.054 0.009 0.069 0.064
93 L 0.045 0.022 0.016 0.016 0.014 0.015 0.021 0.022 0.016 0.125 0.222 0.024 0.035 0.127 0.014 0.026 0.033 0.011 0.079 0.118
94 P 0.055 0.046 0.032 0.056 0.009 0.043 0.161 0.036 0.019 0.024 0.036 0.091 0.012 0.014 0.232 0.049 0.036 0.004 0.015 0.03
95 V 0.053 0.02 0.015 0.017 0.016 0.014 0.02 0.022 0.01 0.177 0.173 0.024 0.034 0.093 0.014 0.028 0.04 0.007 0.03 0.194
96 L 0.041 0.023 0.015 0.015 0.014 0.015 0.02 0.022 0.014 0.096 0.309 0.024 0.041 0.127 0.013 0.024 0.03 0.011 0.064 0.081
97 P 0.087 0.034 0.042 0.041 0.015 0.028 0.045 0.053 0.016 0.031 0.042 0.048 0.014 0.018 0.166 0.164 0.094 0.004 0.016 0.042
98 Y 0.039 0.031 0.029 0.023 0.009 0.024 0.033 0.028 0.135 0.039 0.064 0.033 0.018 0.139 0.015 0.032 0.026 0.02 0.221 0.04
99 K 0.079 0.093 0.038 0.038 0.01 0.048 0.064 0.044 0.019 0.032 0.051 0.262 0.023 0.017 0.026 0.054 0.04 0.005 0.017 0.038
100 H 0.055 0.047 0.085 0.044 0.01 0.09 0.06 0.043 0.123 0.063 0.057 0.056 0.019 0.024 0.021 0.075 0.043 0.006 0.029 0.05
101 N 0.041 0.044 0.337 0.081 0.009 0.033 0.048 0.063 0.031 0.022 0.031 0.052 0.011 0.017 0.02 0.068 0.048 0.004 0.015 0.026
102 L 0.044 0.021 0.014 0.016 0.016 0.015 0.019 0.02 0.009 0.189 0.295 0.024 0.043 0.049 0.014 0.024 0.035 0.006 0.021 0.127
103 V 0.109 0.028 0.081 0.033 0.017 0.022 0.032 0.043 0.014 0.105 0.098 0.035 0.034 0.029 0.019 0.05 0.048 0.005 0.019 0.177
104 D 0.057 0.057 0.134 0.158 0.01 0.032 0.059 0.121 0.021 0.023 0.032 0.074 0.011 0.017 0.022 0.083 0.044 0.004 0.014 0.028
105 Y 0.039 0.027 0.021 0.018 0.009 0.021 0.027 0.024 0.045 0.042 0.067 0.03 0.018 0.127 0.015 0.03 0.027 0.027 0.338 0.045
106 G 0.083 0.03 0.043 0.038 0.014 0.025 0.036 0.255 0.015 0.031 0.041 0.042 0.014 0.019 0.024 0.116 0.112 0.005 0.014 0.041
107 L 0.042 0.024 0.017 0.016 0.013 0.017 0.022 0.022 0.023 0.109 0.223 0.026 0.034 0.097 0.014 0.026 0.031 0.015 0.145 0.084
108 F 0.061 0.042 0.034 0.039 0.011 0.032 0.079 0.04 0.023 0.039 0.064 0.078 0.018 0.144 0.021 0.096 0.044 0.011 0.082 0.042
109 D 0.063 0.041 0.055 0.21 0.01 0.065 0.112 0.048 0.021 0.024 0.035 0.057 0.013 0.016 0.024 0.106 0.048 0.005 0.015 0.031
110 F 0.035 0.021 0.018 0.017 0.01 0.013 0.021 0.025 0.025 0.056 0.098 0.022 0.023 0.325 0.012 0.026 0.025 0.019 0.158 0.051
111 L 0.058 0.023 0.016 0.017 0.015 0.017 0.022 0.024 0.015 0.129 0.273 0.026 0.039 0.059 0.015 0.028 0.035 0.009 0.066 0.115
112 I 0.053 0.024 0.024 0.023 0.015 0.018 0.026 0.028 0.016 0.136 0.108 0.03 0.026 0.1 0.018 0.045 0.102 0.01 0.074 0.124
113 S 0.094 0.033 0.045 0.041 0.016 0.027 0.042 0.124 0.016 0.065 0.056 0.045 0.017 0.023 0.025 0.184 0.067 0.005 0.016 0.057
114 I 0.046 0.026 0.063 0.027 0.014 0.021 0.026 0.029 0.019 0.162 0.138 0.032 0.072 0.052 0.016 0.034 0.038 0.009 0.066 0.109
115 L 0.047 0.022 0.015 0.017 0.015 0.016 0.02 0.023 0.011 0.15 0.228 0.025 0.053 0.105 0.014 0.027 0.036 0.008 0.032 0.136
116 L 0.045 0.021 0.015 0.016 0.014 0.014 0.019 0.023 0.012 0.133 0.216 0.022 0.036 0.165 0.013 0.026 0.034 0.01 0.043 0.126
117 K 0.056 0.104 0.04 0.04 0.008 0.052 0.069 0.042 0.02 0.027 0.042 0.296 0.015 0.015 0.027 0.052 0.039 0.005 0.017 0.032
118 L 0.06 0.024 0.021 0.022 0.017 0.018 0.025 0.029 0.011 0.158 0.211 0.029 0.036 0.041 0.017 0.062 0.046 0.006 0.02 0.15
119 L 0.084 0.022 0.017 0.018 0.015 0.015 0.022 0.031 0.013 0.113 0.204 0.025 0.033 0.162 0.015 0.034 0.034 0.01 0.042 0.089
120 L 0.064 0.029 0.026 0.025 0.017 0.022 0.03 0.033 0.013 0.094 0.201 0.035 0.057 0.039 0.019 0.074 0.083 0.006 0.02 0.112
121 A 0.193 0.027 0.027 0.028 0.179 0.022 0.034 0.06 0.013 0.04 0.057 0.037 0.016 0.021 0.025 0.095 0.05 0.005 0.015 0.059
122 F 0.041 0.022 0.018 0.017 0.011 0.015 0.022 0.025 0.025 0.072 0.099 0.024 0.024 0.249 0.013 0.028 0.03 0.018 0.158 0.09
123 L 0.061 0.024 0.022 0.022 0.016 0.017 0.025 0.03 0.012 0.136 0.16 0.028 0.031 0.098 0.017 0.063 0.045 0.007 0.031 0.156
124 I 0.05 0.02 0.017 0.018 0.016 0.014 0.02 0.023 0.01 0.18 0.179 0.024 0.034 0.102 0.015 0.03 0.05 0.008 0.031 0.159
125 L 0.04 0.021 0.015 0.016 0.014 0.014 0.019 0.022 0.012 0.125 0.26 0.022 0.038 0.168 0.013 0.024 0.031 0.01 0.043 0.094
126 A 0.113 0.027 0.025 0.025 0.015 0.021 0.031 0.043 0.019 0.092 0.081 0.034 0.021 0.05 0.019 0.075 0.044 0.092 0.079 0.095
127 L 0.1 0.029 0.076 0.034 0.015 0.022 0.033 0.046 0.016 0.071 0.126 0.036 0.025 0.092 0.02 0.078 0.047 0.007 0.03 0.095
128 I 0.054 0.019 0.018 0.019 0.095 0.014 0.019 0.106 0.009 0.173 0.162 0.024 0.03 0.036 0.015 0.031 0.036 0.006 0.017 0.115
129 K 0.05 0.057 0.039 0.105 0.008 0.04 0.101 0.037 0.024 0.027 0.042 0.13 0.013 0.034 0.104 0.047 0.035 0.008 0.068 0.032
130 F 0.044 0.029 0.127 0.041 0.01 0.021 0.031 0.121 0.026 0.038 0.063 0.034 0.016 0.164 0.016 0.044 0.034 0.012 0.091 0.038
131 D 0.043 0.047 0.152 0.24 0.008 0.034 0.072 0.051 0.023 0.023 0.031 0.089 0.011 0.016 0.022 0.057 0.04 0.004 0.013 0.026
132 R 0.05 0.148 0.027 0.025 0.012 0.032 0.038 0.029 0.015 0.106 0.136 0.101 0.027 0.03 0.018 0.037 0.038 0.006 0.019 0.108
133 N 0.05 0.045 0.143 0.124 0.01 0.07 0.106 0.048 0.025 0.028 0.039 0.059 0.014 0.017 0.023 0.064 0.079 0.005 0.016 0.035
134 I 0.098 0.04 0.023 0.025 0.014 0.025 0.034 0.037 0.02 0.136 0.1 0.082 0.025 0.05 0.02 0.043 0.039 0.01 0.081 0.099
135 L 0.088 0.031 0.021 0.023 0.015 0.052 0.036 0.034 0.015 0.107 0.193 0.037 0.032 0.098 0.017 0.039 0.036 0.008 0.031 0.086
136 L 0.089 0.085 0.025 0.033 0.013 0.031 0.078 0.035 0.021 0.088 0.127 0.052 0.025 0.046 0.019 0.043 0.036 0.009 0.071 0.073
137 K 0.051 0.075 0.138 0.062 0.008 0.048 0.103 0.048 0.025 0.024 0.037 0.178 0.013 0.016 0.024 0.058 0.041 0.005 0.016 0.03
138 V 0.052 0.021 0.016 0.018 0.016 0.016 0.021 0.023 0.011 0.176 0.148 0.025 0.057 0.101 0.014 0.029 0.04 0.008 0.032 0.177
139 L 0.045 0.019 0.014 0.016 0.016 0.014 0.018 0.02 0.009 0.23 0.239 0.024 0.04 0.047 0.014 0.024 0.037 0.006 0.021 0.146
140 K 0.059 0.091 0.04 0.039 0.009 0.047 0.062 0.122 0.019 0.026 0.04 0.252 0.014 0.015 0.026 0.052 0.037 0.005 0.016 0.031
141 F 0.088 0.024 0.023 0.022 0.012 0.018 0.026 0.116 0.025 0.045 0.074 0.029 0.019 0.183 0.016 0.041 0.03 0.016 0.145 0.048
142 V 0.104 0.022 0.017 0.019 0.019 0.017 0.025 0.032 0.009 0.162 0.122 0.028 0.029 0.034 0.018 0.039 0.047 0.005 0.02 0.231
143 L 0.049 0.02 0.014 0.016 0.016 0.014 0.019 0.021 0.009 0.209 0.233 0.024 0.039 0.045 0.014 0.025 0.038 0.006 0.021 0.165
144 L 0.092 0.022 0.016 0.018 0.017 0.016 0.023 0.03 0.01 0.168 0.216 0.027 0.036 0.041 0.017 0.035 0.04 0.006 0.02 0.148
145 I 0.091 0.022 0.018 0.019 0.015 0.017 0.024 0.031 0.017 0.15 0.131 0.028 0.028 0.093 0.017 0.036 0.038 0.01 0.079 0.135
146 H 0.041 0.044 0.146 0.052 0.008 0.036 0.051 0.046 0.257 0.022 0.035 0.047 0.014 0.026 0.019 0.05 0.033 0.006 0.042 0.024
147 L 0.048 0.021 0.014 0.016 0.016 0.015 0.019 0.021 0.009 0.179 0.271 0.024 0.041 0.047 0.014 0.025 0.037 0.006 0.021 0.152
148 S 0.122 0.033 0.04 0.038 0.017 0.027 0.042 0.056 0.017 0.04 0.059 0.044 0.018 0.085 0.026 0.152 0.096 0.007 0.029 0.052
149 F 0.093 0.024 0.018 0.019 0.016 0.018 0.025 0.034 0.013 0.097 0.121 0.028 0.052 0.157 0.016 0.039 0.039 0.009 0.042 0.14
150 F 0.033 0.019 0.016 0.016 0.01 0.01 0.019 0.025 0.016 0.062 0.111 0.019 0.025 0.402 0.01 0.025 0.025 0.016 0.087 0.054
151 F 0.042 0.021 0.018 0.017 0.092 0.015 0.021 0.025 0.023 0.09 0.097 0.023 0.023 0.187 0.014 0.029 0.03 0.016 0.146 0.071
152 L 0.05 0.025 0.016 0.017 0.016 0.019 0.022 0.023 0.011 0.145 0.243 0.028 0.088 0.046 0.015 0.029 0.038 0.007 0.022 0.138
153 Q 0.055 0.072 0.043 0.046 0.009 0.234 0.1 0.04 0.029 0.026 0.046 0.089 0.02 0.014 0.023 0.055 0.04 0.006 0.02 0.034
154 F 0.082 0.023 0.018 0.019 0.013 0.016 0.024 0.033 0.02 0.064 0.142 0.026 0.026 0.235 0.015 0.035 0.03 0.015 0.106 0.061
155 I 0.106 0.029 0.028 0.028 0.017 0.023 0.032 0.042 0.013 0.126 0.112 0.037 0.05 0.033 0.022 0.083 0.086 0.006 0.019 0.108
156 V 0.063 0.023 0.021 0.022 0.017 0.018 0.025 0.029 0.01 0.173 0.169 0.029 0.033 0.038 0.017 0.063 0.048 0.006 0.02 0.175
157 V 0.068 0.021 0.016 0.017 0.019 0.016 0.023 0.024 0.008 0.161 0.127 0.025 0.031 0.035 0.016 0.032 0.048 0.005 0.02 0.287
158 Y 0.038 0.026 0.02 0.018 0.009 0.019 0.026 0.024 0.041 0.046 0.074 0.028 0.019 0.173 0.014 0.029 0.027 0.026 0.293 0.047
159 L 0.105 0.029 0.028 0.029 0.016 0.023 0.034 0.043 0.013 0.062 0.163 0.038 0.026 0.031 0.103 0.084 0.082 0.005 0.018 0.066
160 T 0.067 0.032 0.038 0.033 0.017 0.025 0.035 0.039 0.013 0.091 0.08 0.041 0.022 0.026 0.025 0.079 0.227 0.006 0.018 0.086
161 G 0.082 0.025 0.041 0.035 0.012 0.021 0.029 0.446 0.014 0.02 0.03 0.036 0.01 0.017 0.02 0.082 0.037 0.005 0.012 0.027
162 Y 0.04 0.027 0.021 0.018 0.009 0.021 0.027 0.024 0.046 0.043 0.067 0.03 0.018 0.128 0.015 0.03 0.027 0.027 0.334 0.046
163 Y 0.04 0.027 0.021 0.018 0.009 0.021 0.027 0.024 0.046 0.043 0.067 0.03 0.018 0.128 0.015 0.03 0.027 0.027 0.334 0.046
164 I 0.05 0.018 0.015 0.017 0.016 0.013 0.018 0.021 0.008 0.267 0.158 0.023 0.035 0.042 0.015 0.026 0.04 0.006 0.02 0.191
165 D 0.04 0.029 0.067 0.412 0.007 0.029 0.089 0.045 0.018 0.022 0.027 0.044 0.009 0.015 0.022 0.051 0.035 0.004 0.011 0.024
166 P 0.049 0.024 0.018 0.023 0.013 0.018 0.028 0.028 0.011 0.069 0.213 0.032 0.029 0.033 0.26 0.033 0.034 0.005 0.017 0.062
167 L 0.043 0.024 0.014 0.015 0.016 0.016 0.02 0.021 0.01 0.113 0.391 0.025 0.048 0.053 0.014 0.024 0.033 0.007 0.022 0.094
168 R 0.044 0.141 0.029 0.033 0.009 0.036 0.082 0.028 0.029 0.044 0.109 0.066 0.021 0.06 0.018 0.038 0.032 0.013 0.123 0.046
169 P 0.092 0.025 0.021 0.025 0.013 0.019 0.031 0.038 0.013 0.049 0.111 0.035 0.02 0.086 0.262 0.043 0.035 0.006 0.027 0.051
170 I 0.047 0.019 0.015 0.017 0.015 0.014 0.019 0.022 0.01 0.2 0.187 0.023 0.035 0.103 0.014 0.026 0.037 0.008 0.031 0.159
171 T 0.071 0.035 0.042 0.037 0.017 0.027 0.038 0.042 0.013 0.052 0.064 0.044 0.019 0.023 0.027 0.09 0.265 0.006 0.017 0.069
172 G 0.07 0.023 0.043 0.096 0.01 0.02 0.036 0.443 0.014 0.019 0.028 0.035 0.009 0.016 0.019 0.05 0.03 0.005 0.011 0.024
173 E 0.052 0.049 0.045 0.135 0.007 0.086 0.241 0.037 0.025 0.022 0.036 0.071 0.013 0.016 0.024 0.053 0.036 0.005 0.016 0.03
174 A 0.145 0.043 0.032 0.032 0.015 0.029 0.043 0.053 0.035 0.046 0.104 0.084 0.021 0.025 0.079 0.087 0.047 0.005 0.019 0.055
175 Q 0.072 0.061 0.046 0.047 0.011 0.167 0.084 0.048 0.025 0.027 0.044 0.077 0.019 0.016 0.025 0.116 0.053 0.006 0.019 0.037
176 R 0.044 0.361 0.038 0.03 0.008 0.047 0.051 0.032 0.023 0.023 0.045 0.117 0.015 0.017 0.019 0.044 0.034 0.006 0.017 0.03
177 Y 0.04 0.027 0.021 0.018 0.009 0.021 0.027 0.024 0.046 0.043 0.067 0.03 0.018 0.128 0.015 0.03 0.027 0.027 0.334 0.046
178 E 0.055 0.033 0.032 0.046 0.011 0.033 0.121 0.113 0.017 0.048 0.111 0.045 0.021 0.088 0.02 0.049 0.071 0.008 0.028 0.05
179 A 0.156 0.031 0.035 0.034 0.016 0.025 0.038 0.139 0.016 0.032 0.046 0.041 0.015 0.026 0.024 0.119 0.051 0.088 0.024 0.045
180 G 0.056 0.035 0.08 0.037 0.012 0.056 0.04 0.198 0.018 0.052 0.152 0.043 0.024 0.028 0.018 0.045 0.035 0.006 0.017 0.049
181 F 0.042 0.02 0.017 0.017 0.013 0.013 0.02 0.025 0.015 0.095 0.126 0.022 0.044 0.281 0.012 0.027 0.031 0.013 0.065 0.103
182 S 0.082 0.032 0.039 0.036 0.016 0.025 0.039 0.048 0.016 0.06 0.071 0.041 0.02 0.087 0.023 0.144 0.096 0.007 0.029 0.089
183 L 0.048 0.021 0.014 0.016 0.016 0.015 0.019 0.021 0.009 0.179 0.271 0.024 0.041 0.047 0.014 0.025 0.037 0.006 0.021 0.152
184 P 0.055 0.025 0.023 0.03 0.01 0.02 0.035 0.035 0.013 0.025 0.035 0.04 0.01 0.013 0.506 0.043 0.035 0.003 0.013 0.03
185 I 0.047 0.02 0.015 0.016 0.015 0.014 0.019 0.022 0.01 0.195 0.177 0.024 0.034 0.046 0.013 0.025 0.037 0.089 0.028 0.155
186 I 0.046 0.018 0.014 0.017 0.016 0.013 0.018 0.02 0.009 0.259 0.202 0.023 0.038 0.045 0.014 0.024 0.038 0.006 0.02 0.159
187 G 0.076 0.022 0.038 0.033 0.011 0.018 0.025 0.522 0.013 0.018 0.028 0.033 0.009 0.016 0.018 0.05 0.029 0.005 0.011 0.024
188 A 0.179 0.052 0.082 0.042 0.015 0.066 0.056 0.063 0.02 0.034 0.049 0.095 0.016 0.018 0.026 0.071 0.046 0.005 0.017 0.049
189 V 0.061 0.022 0.02 0.021 0.018 0.017 0.024 0.026 0.009 0.185 0.129 0.028 0.031 0.036 0.017 0.039 0.081 0.006 0.02 0.212
190 Y 0.04 0.027 0.021 0.018 0.009 0.021 0.027 0.024 0.046 0.043 0.067 0.03 0.018 0.128 0.015 0.03 0.027 0.027 0.334 0.046
191 R 0.044 0.361 0.038 0.03 0.008 0.047 0.051 0.032 0.023 0.023 0.045 0.117 0.015 0.017 0.019 0.044 0.034 0.006 0.017 0.03
192 P 0.057 0.024 0.022 0.028 0.091 0.019 0.032 0.035 0.012 0.028 0.04 0.037 0.011 0.014 0.424 0.042 0.035 0.003 0.012 0.034
193 T 0.071 0.035 0.042 0.037 0.017 0.027 0.038 0.042 0.013 0.052 0.064 0.044 0.019 0.023 0.027 0.09 0.265 0.006 0.017 0.069
194 G 0.076 0.022 0.038 0.033 0.011 0.018 0.025 0.522 0.013 0.018 0.028 0.033 0.009 0.016 0.018 0.05 0.029 0.005 0.011 0.024
195 F 0.036 0.02 0.016 0.016 0.012 0.012 0.019 0.023 0.014 0.079 0.205 0.021 0.033 0.286 0.012 0.024 0.027 0.013 0.065 0.067
196 F 0.036 0.023 0.019 0.017 0.01 0.016 0.023 0.025 0.031 0.052 0.089 0.024 0.022 0.265 0.013 0.028 0.026 0.022 0.211 0.05
197 V 0.055 0.035 0.076 0.051 0.013 0.034 0.123 0.033 0.018 0.083 0.125 0.046 0.024 0.029 0.019 0.044 0.041 0.005 0.018 0.126
198 E 0.054 0.048 0.04 0.088 0.007 0.063 0.314 0.034 0.025 0.022 0.036 0.074 0.013 0.016 0.025 0.054 0.036 0.005 0.016 0.031
199 P 0.055 0.025 0.023 0.03 0.01 0.02 0.035 0.035 0.013 0.025 0.035 0.04 0.01 0.013 0.506 0.043 0.035 0.003 0.013 0.03
200 S 0.107 0.039 0.053 0.048 0.017 0.032 0.051 0.065 0.019 0.029 0.041 0.053 0.015 0.02 0.029 0.239 0.08 0.005 0.017 0.041
201 T 0.071 0.035 0.042 0.037 0.017 0.027 0.038 0.042 0.013 0.052 0.064 0.044 0.019 0.023 0.027 0.09 0.265 0.006 0.017 0.069
202 Y 0.037 0.024 0.02 0.018 0.009 0.018 0.024 0.024 0.036 0.049 0.082 0.026 0.02 0.219 0.014 0.029 0.026 0.024 0.252 0.048
203 A 0.23 0.034 0.036 0.036 0.02 0.028 0.044 0.072 0.016 0.037 0.051 0.047 0.016 0.021 0.029 0.144 0.061 0.005 0.017 0.057
204 A 0.157 0.032 0.038 0.035 0.017 0.026 0.039 0.137 0.015 0.039 0.052 0.044 0.016 0.021 0.027 0.106 0.123 0.005 0.016 0.056
205 F 0.035 0.021 0.018 0.017 0.01 0.014 0.021 0.025 0.026 0.055 0.097 0.023 0.023 0.31 0.012 0.027 0.026 0.02 0.169 0.051
206 I 0.054 0.019 0.015 0.017 0.017 0.015 0.02 0.022 0.009 0.235 0.153 0.025 0.042 0.041 0.015 0.028 0.042 0.006 0.02 0.206
207 L 0.053 0.023 0.019 0.02 0.017 0.017 0.023 0.025 0.01 0.169 0.217 0.028 0.036 0.042 0.017 0.036 0.076 0.006 0.02 0.148
208 C 0.05 0.019 0.015 0.016 0.174 0.014 0.019 0.028 0.01 0.099 0.087 0.022 0.021 0.039 0.013 0.03 0.034 0.171 0.033 0.105
209 L 0.043 0.024 0.014 0.015 0.016 0.016 0.02 0.021 0.01 0.113 0.391 0.025 0.048 0.053 0.014 0.024 0.033 0.007 0.022 0.094
210 L 0.049 0.023 0.019 0.019 0.016 0.017 0.022 0.024 0.01 0.161 0.261 0.027 0.039 0.045 0.016 0.035 0.073 0.006 0.02 0.116
211 A 0.23 0.031 0.028 0.03 0.02 0.025 0.038 0.065 0.014 0.052 0.111 0.042 0.022 0.026 0.026 0.099 0.051 0.006 0.018 0.067
212 L 0.069 0.025 0.027 0.027 0.096 0.02 0.029 0.037 0.012 0.132 0.144 0.033 0.028 0.033 0.019 0.098 0.051 0.005 0.018 0.096
213 K 0.052 0.19 0.04 0.037 0.008 0.051 0.063 0.039 0.021 0.026 0.043 0.236 0.015 0.016 0.024 0.049 0.037 0.005 0.017 0.031
214 L 0.045 0.026 0.068 0.027 0.015 0.02 0.025 0.029 0.014 0.154 0.222 0.031 0.06 0.043 0.015 0.033 0.038 0.006 0.02 0.108
215 L 0.042 0.025 0.069 0.028 0.013 0.018 0.025 0.029 0.02 0.136 0.155 0.029 0.029 0.114 0.015 0.033 0.035 0.011 0.083 0.094
216 L 0.046 0.019 0.015 0.016 0.095 0.013 0.018 0.023 0.01 0.151 0.214 0.022 0.035 0.102 0.014 0.027 0.034 0.008 0.03 0.107
217 N 0.049 0.041 0.139 0.112 0.011 0.062 0.057 0.046 0.022 0.043 0.098 0.051 0.02 0.023 0.021 0.059 0.078 0.005 0.017 0.046
218 K 0.049 0.114 0.135 0.051 0.009 0.04 0.053 0.046 0.023 0.024 0.038 0.142 0.013 0.016 0.103 0.054 0.041 0.005 0.016 0.03
219 K 0.06 0.073 0.14 0.055 0.01 0.042 0.059 0.053 0.023 0.026 0.038 0.174 0.014 0.017 0.025 0.089 0.049 0.005 0.016 0.032
220 V 0.059 0.02 0.016 0.017 0.017 0.015 0.021 0.024 0.01 0.165 0.131 0.024 0.031 0.097 0.015 0.03 0.043 0.007 0.031 0.229
221 D 0.055 0.029 0.056 0.285 0.09 0.027 0.071 0.046 0.017 0.027 0.036 0.041 0.011 0.016 0.022 0.08 0.042 0.004 0.012 0.032
222 K 0.06 0.136 0.038 0.036 0.011 0.041 0.053 0.04 0.019 0.07 0.063 0.17 0.019 0.021 0.023 0.077 0.045 0.005 0.017 0.056
223 L 0.047 0.02 0.015 0.016 0.015 0.014 0.02 0.023 0.011 0.138 0.187 0.023 0.034 0.163 0.013 0.027 0.035 0.009 0.043 0.147
224 D 0.057 0.028 0.048 0.22 0.012 0.025 0.06 0.041 0.015 0.091 0.069 0.039 0.018 0.024 0.021 0.075 0.045 0.005 0.015 0.095
225 L 0.047 0.05 0.024 0.024 0.012 0.028 0.037 0.028 0.019 0.112 0.17 0.116 0.03 0.051 0.019 0.034 0.035 0.009 0.072 0.083
226 F 0.06 0.021 0.016 0.017 0.014 0.014 0.021 0.027 0.013 0.097 0.159 0.023 0.03 0.221 0.014 0.03 0.034 0.011 0.053 0.126
227 A 0.181 0.028 0.026 0.028 0.019 0.023 0.035 0.054 0.013 0.086 0.082 0.038 0.022 0.026 0.024 0.089 0.054 0.005 0.018 0.148
228 I 0.096 0.02 0.017 0.019 0.097 0.015 0.022 0.032 0.009 0.185 0.123 0.026 0.029 0.034 0.017 0.038 0.042 0.005 0.018 0.154
229 L 0.12 0.023 0.018 0.02 0.017 0.017 0.025 0.037 0.012 0.132 0.157 0.029 0.03 0.097 0.018 0.042 0.04 0.008 0.031 0.129
230 S 0.091 0.036 0.045 0.04 0.017 0.029 0.044 0.054 0.016 0.047 0.103 0.047 0.021 0.026 0.026 0.178 0.103 0.005 0.018 0.054
231 L 0.102 0.024 0.023 0.024 0.097 0.019 0.027 0.039 0.011 0.134 0.147 0.031 0.028 0.033 0.019 0.072 0.046 0.005 0.018 0.1
232 F 0.04 0.02 0.016 0.017 0.013 0.014 0.02 0.024 0.014 0.144 0.142 0.023 0.055 0.223 0.013 0.026 0.032 0.011 0.054 0.099
233 L 0.134 0.029 0.02 0.021 0.018 0.023 0.029 0.042 0.014 0.083 0.203 0.035 0.09 0.04 0.02 0.048 0.041 0.007 0.021 0.084
234 S 0.095 0.038 0.049 0.044 0.017 0.031 0.047 0.057 0.017 0.037 0.048 0.05 0.017 0.021 0.028 0.189 0.142 0.005 0.017 0.05
235 L 0.04 0.022 0.015 0.015 0.014 0.014 0.019 0.022 0.012 0.096 0.298 0.023 0.041 0.17 0.013 0.024 0.03 0.01 0.043 0.08
236 S 0.107 0.039 0.053 0.048 0.017 0.032 0.051 0.065 0.019 0.029 0.041 0.053 0.015 0.02 0.029 0.239 0.08 0.005 0.017 0.041
237 L 0.05 0.022 0.015 0.016 0.016 0.015 0.021 0.023 0.01 0.12 0.256 0.024 0.039 0.105 0.014 0.027 0.036 0.008 0.032 0.151
238 A 0.307 0.03 0.025 0.029 0.021 0.025 0.04 0.076 0.014 0.042 0.058 0.043 0.017 0.021 0.029 0.083 0.049 0.005 0.017 0.067
239 A 0.274 0.032 0.03 0.032 0.02 0.026 0.041 0.074 0.015 0.04 0.055 0.045 0.017 0.021 0.029 0.109 0.054 0.005 0.017 0.063
240 I 0.047 0.02 0.015 0.018 0.016 0.015 0.019 0.021 0.01 0.257 0.169 0.025 0.06 0.044 0.015 0.026 0.039 0.006 0.021 0.159
241 A 0.164 0.024 0.02 0.022 0.018 0.018 0.028 0.047 0.012 0.12 0.102 0.032 0.025 0.092 0.02 0.052 0.042 0.007 0.03 0.125
242 Y 0.04 0.027 0.021 0.018 0.009 0.021 0.027 0.024 0.046 0.043 0.067 0.03 0.018 0.128 0.015 0.03 0.027 0.027 0.334 0.046
243 G 0.12 0.026 0.038 0.035 0.013 0.022 0.032 0.372 0.014 0.024 0.035 0.038 0.012 0.017 0.022 0.087 0.041 0.005 0.013 0.034
244 A 0.184 0.029 0.026 0.028 0.018 0.022 0.035 0.057 0.015 0.055 0.119 0.038 0.023 0.09 0.023 0.089 0.047 0.007 0.029 0.065
245 L 0.046 0.024 0.015 0.016 0.016 0.017 0.021 0.022 0.011 0.132 0.318 0.026 0.068 0.05 0.014 0.026 0.035 0.007 0.022 0.113
246 F 0.044 0.022 0.02 0.02 0.013 0.015 0.022 0.026 0.014 0.099 0.157 0.025 0.029 0.22 0.014 0.036 0.069 0.011 0.053 0.089
247 L 0.055 0.024 0.021 0.021 0.016 0.018 0.024 0.028 0.011 0.157 0.257 0.029 0.039 0.044 0.017 0.06 0.043 0.006 0.02 0.111
248 L 0.05 0.021 0.018 0.019 0.015 0.015 0.02 0.104 0.01 0.156 0.255 0.025 0.038 0.044 0.015 0.028 0.034 0.006 0.019 0.108
249 V 0.056 0.024 0.021 0.02 0.016 0.018 0.025 0.026 0.016 0.136 0.157 0.029 0.031 0.053 0.017 0.039 0.077 0.009 0.072 0.159
250 I 0.047 0.018 0.015 0.018 0.016 0.013 0.018 0.021 0.009 0.271 0.168 0.024 0.037 0.044 0.015 0.025 0.04 0.006 0.021 0.177
251 L 0.084 0.022 0.017 0.018 0.015 0.015 0.022 0.031 0.013 0.113 0.204 0.025 0.033 0.162 0.015 0.034 0.034 0.01 0.042 0.089
252 L 0.04 0.027 0.07 0.027 0.011 0.019 0.027 0.03 0.027 0.063 0.161 0.03 0.027 0.15 0.015 0.034 0.032 0.015 0.139 0.058
253 L 0.039 0.023 0.016 0.016 0.013 0.015 0.021 0.023 0.018 0.084 0.244 0.024 0.035 0.182 0.013 0.025 0.029 0.014 0.095 0.072
254 R 0.095 0.139 0.033 0.04 0.091 0.041 0.091 0.042 0.019 0.03 0.048 0.121 0.015 0.018 0.023 0.053 0.038 0.005 0.016 0.041
255 G 0.088 0.044 0.047 0.044 0.014 0.077 0.058 0.172 0.02 0.026 0.039 0.058 0.015 0.018 0.025 0.141 0.058 0.005 0.016 0.035
256 S 0.083 0.048 0.095 0.05 0.013 0.033 0.049 0.137 0.02 0.026 0.037 0.09 0.014 0.018 0.025 0.148 0.059 0.005 0.016 0.034
257 K 0.102 0.114 0.088 0.045 0.012 0.04 0.055 0.054 0.021 0.028 0.043 0.143 0.015 0.018 0.025 0.09 0.048 0.005 0.017 0.038
258 G 0.112 0.041 0.08 0.039 0.013 0.027 0.039 0.156 0.017 0.071 0.06 0.081 0.017 0.022 0.049 0.056 0.04 0.005 0.016 0.06
259 L 0.045 0.024 0.014 0.015 0.016 0.016 0.02 0.021 0.01 0.115 0.375 0.025 0.05 0.055 0.014 0.024 0.033 0.007 0.022 0.096
260 K 0.075 0.059 0.041 0.039 0.014 0.037 0.051 0.047 0.018 0.044 0.07 0.129 0.044 0.024 0.026 0.118 0.09 0.006 0.018 0.051
261 Y 0.039 0.025 0.019 0.017 0.01 0.019 0.025 0.024 0.035 0.057 0.128 0.027 0.024 0.161 0.014 0.028 0.028 0.022 0.241 0.055
262 L 0.044 0.039 0.072 0.031 0.012 0.023 0.032 0.032 0.016 0.104 0.188 0.073 0.031 0.097 0.017 0.036 0.036 0.008 0.03 0.079
263 K 0.056 0.091 0.038 0.039 0.009 0.047 0.063 0.041 0.019 0.027 0.041 0.253 0.014 0.015 0.107 0.051 0.038 0.005 0.016 0.032
264 L 0.048 0.035 0.02 0.021 0.013 0.021 0.029 0.026 0.018 0.116 0.15 0.07 0.029 0.113 0.016 0.031 0.035 0.011 0.083 0.114
265 I 0.046 0.018 0.014 0.017 0.016 0.013 0.018 0.02 0.009 0.259 0.202 0.023 0.038 0.045 0.014 0.024 0.038 0.006 0.02 0.159
266 L 0.064 0.035 0.028 0.029 0.015 0.062 0.042 0.034 0.015 0.123 0.153 0.043 0.03 0.033 0.019 0.074 0.048 0.006 0.02 0.125
267 F 0.051 0.024 0.023 0.024 0.012 0.017 0.027 0.033 0.015 0.059 0.134 0.029 0.025 0.215 0.097 0.063 0.037 0.011 0.052 0.054
268 I 0.049 0.028 0.02 0.022 0.014 0.05 0.033 0.025 0.013 0.166 0.155 0.034 0.032 0.098 0.015 0.031 0.038 0.008 0.031 0.14
269 L 0.048 0.026 0.019 0.018 0.016 0.018 0.023 0.024 0.01 0.102 0.336 0.028 0.044 0.048 0.016 0.035 0.071 0.007 0.021 0.09
270 L 0.063 0.027 0.027 0.026 0.015 0.02 0.03 0.036 0.014 0.106 0.19 0.033 0.031 0.099 0.018 0.096 0.048 0.008 0.031 0.083
271 P 0.049 0.022 0.018 0.022 0.014 0.016 0.025 0.026 0.01 0.148 0.158 0.03 0.028 0.033 0.211 0.032 0.036 0.005 0.017 0.1
272 L 0.051 0.023 0.024 0.022 0.014 0.016 0.023 0.109 0.013 0.073 0.168 0.027 0.028 0.157 0.016 0.04 0.069 0.01 0.041 0.075
273 L 0.05 0.021 0.016 0.019 0.015 0.015 0.022 0.024 0.01 0.162 0.196 0.027 0.034 0.059 0.096 0.029 0.037 0.006 0.023 0.139
274 L 0.116 0.025 0.023 0.025 0.018 0.02 0.029 0.041 0.012 0.147 0.154 0.033 0.03 0.035 0.02 0.074 0.048 0.006 0.019 0.127
275 P 0.095 0.026 0.022 0.027 0.013 0.02 0.033 0.04 0.012 0.043 0.098 0.038 0.018 0.021 0.344 0.046 0.037 0.004 0.015 0.047
276 F 0.132 0.024 0.019 0.021 0.016 0.017 0.026 0.041 0.013 0.08 0.143 0.029 0.027 0.156 0.018 0.045 0.038 0.009 0.042 0.104
277 V 0.07 0.022 0.016 0.018 0.019 0.016 0.023 0.025 0.008 0.164 0.13 0.026 0.031 0.036 0.016 0.033 0.049 0.005 0.021 0.272
278 L 0.047 0.021 0.015 0.016 0.015 0.014 0.02 0.023 0.011 0.119 0.212 0.023 0.035 0.164 0.013 0.026 0.035 0.01 0.043 0.138
279 Y 0.064 0.028 0.029 0.028 0.014 0.022 0.032 0.036 0.024 0.12 0.091 0.035 0.023 0.064 0.02 0.098 0.049 0.013 0.124 0.086
280 Y 0.063 0.028 0.025 0.032 0.011 0.026 0.074 0.058 0.026 0.081 0.081 0.037 0.021 0.123 0.018 0.048 0.034 0.015 0.134 0.065
281 I 0.05 0.021 0.015 0.017 0.016 0.016 0.02 0.022 0.01 0.206 0.2 0.026 0.061 0.044 0.015 0.027 0.039 0.006 0.021 0.165
282 F 0.084 0.023 0.018 0.019 0.014 0.016 0.023 0.032 0.019 0.102 0.15 0.026 0.028 0.175 0.016 0.035 0.033 0.013 0.094 0.081
283 S 0.07 0.054 0.04 0.047 0.012 0.072 0.101 0.044 0.02 0.041 0.099 0.098 0.021 0.023 0.024 0.11 0.051 0.006 0.018 0.045
284 A 0.18 0.032 0.027 0.051 0.016 0.037 0.056 0.053 0.02 0.059 0.067 0.042 0.019 0.04 0.024 0.061 0.043 0.009 0.07 0.094
285 R 0.044 0.361 0.038 0.03 0.008 0.047 0.051 0.032 0.023 0.023 0.045 0.117 0.015 0.017 0.019 0.044 0.034 0.006 0.017 0.03
286 L 0.044 0.023 0.014 0.015 0.016 0.015 0.019 0.021 0.01 0.148 0.343 0.024 0.046 0.052 0.014 0.024 0.034 0.007 0.022 0.11
287 D 0.064 0.036 0.052 0.172 0.012 0.035 0.103 0.046 0.018 0.033 0.043 0.05 0.014 0.019 0.025 0.096 0.119 0.005 0.015 0.043
288 S 0.174 0.036 0.044 0.041 0.018 0.03 0.047 0.069 0.017 0.033 0.047 0.05 0.016 0.021 0.029 0.187 0.07 0.005 0.017 0.05
289 L 0.055 0.031 0.026 0.025 0.014 0.042 0.033 0.11 0.013 0.077 0.237 0.036 0.034 0.038 0.018 0.043 0.072 0.006 0.019 0.071
290 G 0.059 0.031 0.141 0.112 0.009 0.025 0.043 0.29 0.02 0.02 0.029 0.041 0.01 0.016 0.019 0.056 0.036 0.005 0.012 0.025
291 G 0.07 0.023 0.035 0.03 0.01 0.019 0.025 0.439 0.019 0.022 0.034 0.032 0.011 0.034 0.018 0.047 0.029 0.009 0.065 0.027
292 S 0.079 0.037 0.085 0.131 0.014 0.031 0.057 0.057 0.019 0.03 0.041 0.049 0.014 0.019 0.026 0.153 0.097 0.005 0.016 0.04
293 A 0.23 0.028 0.029 0.03 0.018 0.023 0.035 0.225 0.014 0.034 0.048 0.04 0.014 0.019 0.025 0.072 0.042 0.005 0.015 0.053
294 E 0.06 0.04 0.034 0.051 0.012 0.07 0.136 0.036 0.019 0.113 0.081 0.056 0.022 0.026 0.022 0.075 0.045 0.006 0.018 0.08
295 G 0.118 0.032 0.046 0.101 0.015 0.027 0.049 0.136 0.016 0.032 0.043 0.045 0.014 0.019 0.026 0.125 0.09 0.005 0.015 0.044
296 L 0.045 0.02 0.014 0.016 0.016 0.014 0.018 0.02 0.009 0.201 0.277 0.024 0.042 0.048 0.014 0.024 0.036 0.006 0.021 0.133
297 R 0.044 0.361 0.038 0.03 0.008 0.047 0.051 0.032 0.023 0.023 0.045 0.117 0.015 0.017 0.019 0.044 0.034 0.006 0.017 0.03
298 A 0.138 0.036 0.034 0.09 0.014 0.037 0.134 0.049 0.018 0.044 0.102 0.051 0.02 0.024 0.024 0.068 0.042 0.005 0.017 0.053
299 N 0.053 0.037 0.235 0.065 0.009 0.028 0.04 0.216 0.025 0.021 0.03 0.046 0.01 0.017 0.019 0.062 0.042 0.005 0.014 0.025
300 L 0.043 0.024 0.014 0.015 0.016 0.016 0.02 0.021 0.01 0.113 0.391 0.025 0.048 0.053 0.014 0.024 0.033 0.007 0.022 0.094
301 N 0.043 0.089 0.178 0.051 0.011 0.029 0.039 0.044 0.022 0.082 0.115 0.054 0.022 0.028 0.018 0.049 0.042 0.005 0.017 0.063
302 K 0.082 0.07 0.043 0.109 0.01 0.046 0.108 0.045 0.02 0.028 0.042 0.175 0.014 0.016 0.026 0.058 0.051 0.005 0.016 0.036
303 L 0.048 0.026 0.018 0.017 0.014 0.02 0.024 0.024 0.022 0.095 0.206 0.028 0.058 0.074 0.015 0.029 0.035 0.014 0.126 0.109
304 V 0.061 0.02 0.016 0.017 0.018 0.015 0.021 0.023 0.008 0.203 0.139 0.025 0.033 0.038 0.016 0.03 0.045 0.005 0.02 0.249
305 F 0.034 0.02 0.017 0.017 0.01 0.012 0.02 0.025 0.021 0.059 0.104 0.021 0.024 0.356 0.011 0.026 0.025 0.018 0.128 0.052
306 N 0.108 0.038 0.144 0.116 0.013 0.031 0.055 0.063 0.022 0.028 0.038 0.05 0.013 0.019 0.025 0.125 0.057 0.005 0.015 0.038
307 Q 0.055 0.072 0.043 0.046 0.009 0.234 0.1 0.04 0.029 0.026 0.046 0.089 0.02 0.014 0.023 0.055 0.04 0.006 0.02 0.034
308 D 0.065 0.042 0.103 0.174 0.011 0.065 0.072 0.054 0.022 0.025 0.036 0.056 0.013 0.017 0.024 0.117 0.053 0.005 0.015 0.032
309 L 0.048 0.022 0.016 0.019 0.014 0.015 0.022 0.024 0.011 0.127 0.203 0.026 0.033 0.1 0.096 0.029 0.035 0.007 0.03 0.122
310 P 0.052 0.025 0.022 0.024 0.014 0.019 0.028 0.029 0.011 0.103 0.18 0.033 0.029 0.033 0.18 0.041 0.073 0.005 0.018 0.082
311 E 0.062 0.036 0.043 0.115 0.012 0.038 0.137 0.04 0.018 0.072 0.061 0.052 0.017 0.022 0.024 0.085 0.082 0.005 0.016 0.061
312 L 0.044 0.022 0.014 0.016 0.016 0.015 0.019 0.021 0.009 0.171 0.315 0.024 0.044 0.05 0.014 0.024 0.035 0.007 0.021 0.12
313 L 0.048 0.022 0.014 0.016 0.016 0.015 0.02 0.021 0.009 0.15 0.309 0.025 0.043 0.049 0.014 0.025 0.036 0.006 0.021 0.139
314 F 0.033 0.019 0.016 0.016 0.01 0.01 0.019 0.025 0.016 0.062 0.111 0.019 0.025 0.402 0.01 0.025 0.025 0.016 0.087 0.054
315 G 0.076 0.022 0.038 0.033 0.011 0.018 0.025 0.522 0.013 0.018 0.028 0.033 0.009 0.016 0.018 0.05 0.029 0.005 0.011 0.024
316 N 0.042 0.044 0.334 0.081 0.009 0.033 0.048 0.064 0.031 0.022 0.031 0.053 0.011 0.018 0.02 0.068 0.048 0.004 0.015 0.026
317 G 0.076 0.022 0.038 0.033 0.011 0.018 0.025 0.522 0.013 0.018 0.028 0.033 0.009 0.016 0.018 0.05 0.029 0.005 0.011 0.024
318 L 0.095 0.026 0.019 0.021 0.016 0.02 0.027 0.034 0.012 0.092 0.199 0.032 0.056 0.037 0.099 0.04 0.039 0.006 0.019 0.11
319 L 0.047 0.024 0.015 0.016 0.015 0.017 0.021 0.022 0.015 0.109 0.293 0.026 0.04 0.063 0.014 0.026 0.034 0.01 0.074 0.118
320 G 0.076 0.022 0.038 0.033 0.011 0.018 0.025 0.522 0.013 0.018 0.028 0.033 0.009 0.016 0.018 0.05 0.029 0.005 0.011 0.024
