#Seq2Logo.py -f /work3/idamei/wzy_ssn/run/1e-50/run/150/MSAs/0010_165.afa -o /work3/idamei/wzy_ssn/run/1e-50/run/150/logos/0010_165.logo
#Position Specific Frequency Matrix
A R N D C Q E G H I L K M F P S T W Y V
0 L 0.051 0.031 0.02 0.02 0.016 0.027 0.027 0.027 0.016 0.098 0.191 0.035 0.184 0.047 0.016 0.035 0.039 0.008 0.023 0.09
1 K 0.056 0.055 0.081 0.038 0.013 0.033 0.044 0.039 0.017 0.067 0.116 0.124 0.023 0.026 0.022 0.053 0.079 0.005 0.018 0.09
2 I 0.048 0.037 0.024 0.024 0.012 0.023 0.031 0.029 0.02 0.133 0.106 0.076 0.025 0.119 0.017 0.044 0.037 0.012 0.09 0.092
3 T 0.073 0.036 0.044 0.038 0.018 0.028 0.04 0.044 0.014 0.053 0.065 0.046 0.02 0.024 0.028 0.093 0.244 0.006 0.018 0.071
4 E 0.055 0.05 0.041 0.091 0.007 0.065 0.294 0.035 0.026 0.022 0.037 0.076 0.013 0.017 0.026 0.055 0.037 0.006 0.017 0.031
5 L 0.045 0.024 0.014 0.015 0.016 0.016 0.02 0.021 0.01 0.116 0.373 0.025 0.05 0.055 0.014 0.024 0.034 0.007 0.022 0.097
6 V 0.07 0.022 0.017 0.018 0.019 0.017 0.023 0.025 0.008 0.165 0.131 0.026 0.032 0.036 0.017 0.033 0.05 0.006 0.021 0.266
7 K 0.051 0.123 0.1 0.116 0.009 0.042 0.065 0.047 0.022 0.025 0.038 0.153 0.013 0.016 0.023 0.065 0.042 0.005 0.016 0.03
8 I 0.053 0.035 0.02 0.022 0.015 0.022 0.029 0.026 0.011 0.201 0.137 0.075 0.04 0.037 0.017 0.032 0.041 0.006 0.02 0.162
9 L 0.042 0.026 0.018 0.017 0.013 0.019 0.024 0.023 0.028 0.079 0.222 0.028 0.034 0.093 0.015 0.028 0.031 0.018 0.171 0.071
10 K 0.057 0.107 0.041 0.041 0.009 0.053 0.071 0.043 0.021 0.028 0.043 0.279 0.015 0.015 0.028 0.053 0.04 0.005 0.017 0.033
11 T 0.057 0.052 0.098 0.046 0.012 0.035 0.049 0.046 0.084 0.036 0.049 0.092 0.016 0.022 0.024 0.07 0.135 0.006 0.024 0.046
12 K 0.051 0.125 0.044 0.109 0.008 0.049 0.11 0.04 0.021 0.024 0.039 0.188 0.014 0.015 0.024 0.051 0.037 0.005 0.016 0.03
13 L 0.053 0.039 0.025 0.024 0.014 0.025 0.033 0.029 0.018 0.084 0.181 0.075 0.03 0.051 0.019 0.042 0.074 0.01 0.072 0.104
14 I 0.051 0.023 0.019 0.029 0.015 0.022 0.068 0.023 0.011 0.224 0.136 0.032 0.031 0.037 0.016 0.03 0.04 0.006 0.019 0.168
15 N 0.046 0.049 0.19 0.069 0.008 0.072 0.102 0.05 0.086 0.023 0.035 0.061 0.013 0.019 0.021 0.059 0.041 0.005 0.023 0.028
16 G 0.065 0.04 0.03 0.028 0.013 0.026 0.036 0.117 0.019 0.065 0.116 0.077 0.023 0.044 0.02 0.072 0.042 0.009 0.07 0.087
17 L 0.045 0.02 0.015 0.016 0.095 0.014 0.018 0.023 0.01 0.122 0.253 0.022 0.037 0.104 0.014 0.027 0.033 0.008 0.031 0.094
18 L 0.044 0.021 0.015 0.017 0.015 0.015 0.02 0.022 0.011 0.191 0.197 0.025 0.061 0.105 0.014 0.026 0.035 0.008 0.032 0.125
19 L 0.05 0.034 0.023 0.023 0.013 0.02 0.028 0.109 0.013 0.134 0.15 0.07 0.028 0.096 0.016 0.033 0.034 0.008 0.029 0.091
20 L 0.04 0.021 0.015 0.016 0.014 0.013 0.019 0.022 0.012 0.125 0.261 0.022 0.038 0.168 0.013 0.024 0.031 0.01 0.043 0.093
21 L 0.051 0.052 0.033 0.042 0.011 0.134 0.109 0.033 0.022 0.054 0.16 0.065 0.028 0.028 0.02 0.044 0.037 0.006 0.02 0.053
22 L 0.044 0.024 0.016 0.017 0.015 0.018 0.022 0.023 0.013 0.129 0.24 0.027 0.087 0.108 0.014 0.028 0.034 0.009 0.033 0.099
23 I 0.098 0.023 0.021 0.022 0.017 0.018 0.025 0.034 0.01 0.188 0.123 0.03 0.029 0.035 0.019 0.046 0.08 0.006 0.019 0.157
24 W 0.041 0.022 0.016 0.016 0.092 0.016 0.021 0.026 0.017 0.062 0.17 0.024 0.027 0.062 0.012 0.027 0.029 0.176 0.087 0.058
25 C 0.104 0.023 0.023 0.024 0.177 0.017 0.026 0.041 0.012 0.085 0.083 0.029 0.021 0.088 0.019 0.075 0.044 0.007 0.027 0.074
26 L 0.045 0.025 0.015 0.016 0.016 0.018 0.021 0.022 0.011 0.11 0.359 0.026 0.071 0.052 0.014 0.026 0.034 0.007 0.022 0.093
27 F 0.036 0.021 0.017 0.016 0.011 0.013 0.02 0.024 0.02 0.067 0.151 0.021 0.028 0.299 0.012 0.025 0.026 0.017 0.117 0.059
28 E 0.069 0.046 0.041 0.056 0.011 0.075 0.143 0.044 0.027 0.028 0.044 0.062 0.016 0.036 0.024 0.112 0.05 0.009 0.07 0.037
29 E 0.061 0.04 0.039 0.069 0.008 0.048 0.219 0.197 0.021 0.02 0.033 0.06 0.011 0.016 0.023 0.052 0.033 0.005 0.014 0.028
30 L 0.046 0.025 0.018 0.028 0.014 0.022 0.068 0.023 0.012 0.187 0.219 0.032 0.036 0.042 0.016 0.029 0.036 0.006 0.02 0.122
31 L 0.097 0.024 0.021 0.022 0.017 0.018 0.026 0.034 0.01 0.158 0.161 0.031 0.031 0.036 0.019 0.046 0.079 0.006 0.019 0.144
32 Y 0.089 0.027 0.021 0.02 0.013 0.021 0.028 0.033 0.034 0.062 0.075 0.032 0.02 0.094 0.018 0.039 0.034 0.02 0.231 0.09
33 S 0.096 0.037 0.055 0.109 0.015 0.032 0.057 0.061 0.019 0.028 0.038 0.051 0.014 0.019 0.028 0.21 0.072 0.005 0.016 0.038
34 Y 0.04 0.022 0.018 0.018 0.011 0.017 0.022 0.023 0.028 0.129 0.106 0.026 0.025 0.145 0.014 0.027 0.031 0.018 0.189 0.089
35 Y 0.046 0.03 0.077 0.031 0.011 0.024 0.032 0.032 0.085 0.097 0.082 0.034 0.021 0.063 0.016 0.038 0.036 0.013 0.131 0.1
36 P 0.069 0.029 0.031 0.035 0.012 0.024 0.04 0.043 0.014 0.026 0.037 0.044 0.012 0.015 0.382 0.09 0.047 0.003 0.014 0.033
37 S 0.085 0.094 0.097 0.05 0.014 0.035 0.05 0.059 0.021 0.027 0.04 0.063 0.015 0.019 0.026 0.179 0.067 0.005 0.017 0.037
38 L 0.058 0.025 0.021 0.021 0.016 0.018 0.025 0.028 0.011 0.136 0.251 0.029 0.038 0.043 0.017 0.061 0.044 0.006 0.02 0.13
39 G 0.114 0.09 0.09 0.045 0.014 0.031 0.044 0.137 0.02 0.027 0.04 0.058 0.014 0.019 0.024 0.121 0.053 0.005 0.016 0.038
40 V 0.057 0.02 0.015 0.017 0.017 0.015 0.02 0.022 0.008 0.196 0.183 0.024 0.035 0.041 0.015 0.028 0.042 0.006 0.02 0.217
41 L 0.047 0.02 0.015 0.016 0.015 0.014 0.019 0.022 0.01 0.171 0.225 0.023 0.037 0.105 0.014 0.025 0.036 0.008 0.032 0.146
42 F 0.046 0.038 0.025 0.024 0.012 0.023 0.032 0.03 0.02 0.059 0.131 0.072 0.025 0.171 0.017 0.041 0.069 0.013 0.094 0.058
43 F 0.043 0.025 0.024 0.021 0.011 0.018 0.026 0.028 0.028 0.052 0.084 0.028 0.021 0.216 0.016 0.04 0.074 0.019 0.172 0.054
44 I 0.054 0.02 0.018 0.019 0.015 0.015 0.02 0.105 0.009 0.194 0.173 0.025 0.033 0.039 0.015 0.03 0.038 0.006 0.019 0.154
45 P 0.055 0.025 0.023 0.03 0.01 0.02 0.035 0.035 0.013 0.025 0.035 0.04 0.01 0.013 0.507 0.043 0.035 0.003 0.013 0.03
46 D 0.045 0.035 0.049 0.239 0.009 0.038 0.153 0.037 0.019 0.037 0.091 0.05 0.017 0.021 0.022 0.047 0.035 0.005 0.014 0.038
47 L 0.048 0.022 0.016 0.017 0.015 0.016 0.021 0.022 0.015 0.168 0.218 0.025 0.036 0.059 0.015 0.026 0.036 0.01 0.073 0.144
48 L 0.048 0.021 0.014 0.016 0.016 0.015 0.019 0.021 0.009 0.18 0.272 0.024 0.041 0.047 0.014 0.025 0.037 0.006 0.021 0.152
49 G 0.056 0.025 0.076 0.032 0.012 0.019 0.026 0.197 0.015 0.065 0.119 0.031 0.022 0.09 0.016 0.041 0.035 0.007 0.027 0.085
50 L 0.091 0.025 0.021 0.021 0.016 0.018 0.025 0.034 0.012 0.112 0.197 0.03 0.032 0.1 0.018 0.045 0.074 0.008 0.031 0.091
51 G 0.078 0.023 0.039 0.034 0.011 0.019 0.026 0.51 0.014 0.019 0.028 0.034 0.009 0.016 0.019 0.051 0.03 0.005 0.011 0.024
52 L 0.089 0.023 0.016 0.018 0.017 0.016 0.022 0.03 0.01 0.16 0.26 0.027 0.039 0.044 0.016 0.034 0.037 0.006 0.02 0.115
53 L 0.086 0.026 0.02 0.019 0.013 0.02 0.027 0.033 0.025 0.066 0.148 0.03 0.052 0.13 0.016 0.038 0.033 0.015 0.137 0.066
54 I 0.089 0.02 0.016 0.019 0.017 0.015 0.021 0.029 0.01 0.22 0.184 0.027 0.035 0.041 0.017 0.034 0.039 0.006 0.02 0.141
55 L 0.091 0.021 0.017 0.019 0.016 0.015 0.022 0.031 0.011 0.16 0.169 0.026 0.032 0.1 0.016 0.035 0.039 0.008 0.031 0.141
56 L 0.043 0.023 0.016 0.016 0.014 0.017 0.021 0.022 0.019 0.138 0.251 0.026 0.038 0.07 0.014 0.026 0.033 0.012 0.099 0.102
57 L 0.116 0.026 0.019 0.02 0.016 0.019 0.027 0.037 0.018 0.086 0.202 0.031 0.032 0.057 0.018 0.042 0.038 0.01 0.083 0.103
58 L 0.043 0.024 0.016 0.016 0.014 0.017 0.021 0.024 0.013 0.097 0.27 0.026 0.075 0.139 0.013 0.027 0.032 0.01 0.039 0.083
59 A 0.187 0.026 0.021 0.023 0.02 0.021 0.031 0.05 0.011 0.102 0.093 0.035 0.024 0.028 0.023 0.058 0.049 0.005 0.019 0.176
60 K 0.057 0.107 0.042 0.042 0.009 0.054 0.071 0.043 0.021 0.028 0.043 0.278 0.016 0.016 0.028 0.054 0.04 0.005 0.017 0.033
61 D 0.048 0.045 0.049 0.184 0.106 0.032 0.063 0.04 0.087 0.027 0.039 0.09 0.013 0.019 0.021 0.047 0.034 0.005 0.021 0.031
62 I 0.047 0.018 0.015 0.018 0.016 0.013 0.018 0.021 0.009 0.271 0.168 0.024 0.037 0.044 0.015 0.025 0.04 0.006 0.021 0.177
63 G 0.078 0.023 0.039 0.034 0.011 0.019 0.026 0.51 0.014 0.019 0.028 0.034 0.009 0.016 0.019 0.051 0.03 0.005 0.011 0.024
64 I 0.047 0.018 0.015 0.018 0.016 0.013 0.018 0.021 0.009 0.271 0.168 0.024 0.037 0.044 0.015 0.025 0.04 0.006 0.021 0.177
65 G 0.071 0.04 0.036 0.034 0.013 0.026 0.039 0.123 0.016 0.076 0.071 0.08 0.019 0.086 0.021 0.106 0.048 0.007 0.028 0.06
66 F 0.034 0.02 0.017 0.017 0.01 0.012 0.02 0.025 0.021 0.058 0.104 0.02 0.024 0.358 0.011 0.026 0.025 0.018 0.128 0.052
67 F 0.045 0.063 0.029 0.029 0.01 0.032 0.045 0.034 0.019 0.045 0.078 0.15 0.02 0.203 0.019 0.039 0.032 0.011 0.053 0.044
68 R 0.057 0.16 0.091 0.053 0.009 0.046 0.098 0.045 0.023 0.024 0.04 0.118 0.014 0.017 0.023 0.084 0.045 0.005 0.017 0.032
69 R 0.094 0.207 0.032 0.029 0.012 0.039 0.047 0.04 0.018 0.049 0.06 0.12 0.018 0.02 0.021 0.049 0.039 0.005 0.017 0.08
70 G 0.07 0.028 0.088 0.041 0.011 0.022 0.031 0.367 0.016 0.025 0.034 0.038 0.011 0.017 0.02 0.06 0.072 0.005 0.012 0.032
71 K 0.094 0.078 0.034 0.034 0.011 0.041 0.056 0.045 0.019 0.035 0.056 0.209 0.017 0.081 0.024 0.053 0.038 0.007 0.028 0.041
72 I 0.046 0.077 0.02 0.019 0.013 0.02 0.026 0.024 0.018 0.145 0.113 0.039 0.027 0.111 0.015 0.03 0.035 0.011 0.083 0.127
73 G 0.106 0.097 0.035 0.032 0.013 0.032 0.042 0.126 0.016 0.042 0.101 0.095 0.02 0.024 0.023 0.082 0.044 0.006 0.017 0.048
74 L 0.058 0.036 0.024 0.024 0.096 0.023 0.03 0.03 0.011 0.114 0.142 0.072 0.027 0.031 0.019 0.044 0.077 0.005 0.018 0.118
75 F 0.034 0.019 0.017 0.017 0.011 0.011 0.019 0.025 0.017 0.063 0.114 0.019 0.025 0.387 0.011 0.025 0.025 0.017 0.089 0.055
76 K 0.05 0.119 0.031 0.031 0.011 0.039 0.049 0.033 0.017 0.084 0.121 0.176 0.024 0.026 0.021 0.041 0.037 0.006 0.018 0.065
77 R 0.045 0.146 0.133 0.054 0.009 0.039 0.088 0.041 0.023 0.067 0.058 0.072 0.017 0.021 0.019 0.05 0.04 0.005 0.017 0.053
78 G 0.05 0.094 0.037 0.094 0.009 0.029 0.048 0.117 0.017 0.029 0.048 0.092 0.014 0.08 0.101 0.044 0.033 0.006 0.026 0.032
79 G 0.047 0.088 0.092 0.102 0.008 0.031 0.049 0.121 0.084 0.025 0.039 0.053 0.013 0.037 0.019 0.047 0.033 0.009 0.074 0.029
80 L 0.058 0.082 0.026 0.024 0.014 0.024 0.031 0.031 0.019 0.11 0.139 0.045 0.027 0.049 0.018 0.066 0.043 0.009 0.072 0.112
81 S 0.084 0.035 0.043 0.049 0.013 0.033 0.088 0.131 0.018 0.025 0.037 0.051 0.013 0.018 0.106 0.145 0.057 0.005 0.015 0.034
82 L 0.054 0.024 0.03 0.098 0.014 0.019 0.035 0.127 0.012 0.085 0.192 0.03 0.029 0.034 0.017 0.036 0.035 0.006 0.017 0.104
83 L 0.05 0.04 0.021 0.022 0.014 0.024 0.032 0.028 0.014 0.092 0.173 0.08 0.06 0.11 0.017 0.034 0.037 0.008 0.034 0.111
84 L 0.044 0.022 0.014 0.015 0.016 0.015 0.019 0.021 0.01 0.148 0.345 0.024 0.046 0.051 0.014 0.024 0.034 0.007 0.021 0.11
85 L 0.047 0.021 0.02 0.021 0.012 0.015 0.023 0.109 0.013 0.09 0.13 0.027 0.024 0.098 0.095 0.031 0.03 0.091 0.036 0.067
86 A 0.147 0.026 0.029 0.029 0.016 0.021 0.032 0.131 0.014 0.081 0.076 0.036 0.02 0.087 0.022 0.084 0.045 0.007 0.028 0.071
87 L 0.057 0.022 0.016 0.017 0.097 0.017 0.021 0.025 0.01 0.144 0.177 0.026 0.058 0.039 0.015 0.031 0.04 0.006 0.02 0.165
88 F 0.036 0.021 0.017 0.016 0.011 0.013 0.02 0.024 0.02 0.067 0.151 0.021 0.028 0.299 0.012 0.025 0.026 0.017 0.117 0.059
89 V 0.1 0.022 0.017 0.019 0.018 0.017 0.024 0.031 0.009 0.154 0.166 0.028 0.032 0.037 0.018 0.038 0.044 0.006 0.02 0.2
90 L 0.094 0.022 0.02 0.021 0.016 0.017 0.023 0.114 0.011 0.145 0.2 0.029 0.032 0.038 0.017 0.038 0.037 0.006 0.018 0.104
91 Y 0.036 0.023 0.019 0.017 0.009 0.016 0.023 0.025 0.031 0.047 0.079 0.025 0.02 0.208 0.012 0.027 0.026 0.103 0.208 0.045
92 A 0.147 0.027 0.024 0.026 0.018 0.021 0.032 0.047 0.012 0.113 0.14 0.035 0.027 0.032 0.022 0.081 0.049 0.006 0.019 0.121
93 L 0.049 0.02 0.015 0.016 0.096 0.014 0.019 0.024 0.01 0.13 0.208 0.023 0.034 0.101 0.014 0.028 0.035 0.008 0.03 0.126
94 L 0.088 0.023 0.017 0.019 0.016 0.017 0.023 0.031 0.012 0.149 0.18 0.028 0.058 0.102 0.016 0.036 0.037 0.008 0.031 0.108
95 S 0.141 0.038 0.048 0.044 0.018 0.031 0.049 0.066 0.018 0.031 0.044 0.051 0.016 0.02 0.029 0.215 0.075 0.005 0.017 0.045
96 I 0.051 0.019 0.015 0.017 0.016 0.014 0.019 0.022 0.01 0.209 0.142 0.023 0.032 0.1 0.014 0.027 0.039 0.007 0.031 0.191
97 F 0.093 0.024 0.022 0.022 0.016 0.017 0.026 0.035 0.013 0.082 0.144 0.029 0.027 0.157 0.018 0.046 0.074 0.009 0.041 0.104
98 W 0.029 0.022 0.015 0.015 0.007 0.015 0.022 0.029 0.015 0.029 0.052 0.022 0.015 0.059 0.007 0.022 0.022 0.506 0.066 0.029
99 G 0.092 0.031 0.045 0.04 0.014 0.025 0.038 0.294 0.016 0.024 0.034 0.043 0.012 0.018 0.024 0.146 0.054 0.005 0.014 0.032
100 D 0.068 0.036 0.103 0.173 0.012 0.03 0.061 0.054 0.02 0.029 0.038 0.048 0.013 0.018 0.025 0.124 0.091 0.005 0.015 0.037
101 F 0.037 0.022 0.016 0.016 0.012 0.015 0.021 0.025 0.015 0.071 0.161 0.023 0.053 0.228 0.011 0.026 0.028 0.095 0.062 0.062
102 N 0.086 0.039 0.239 0.128 0.011 0.031 0.053 0.063 0.026 0.025 0.035 0.049 0.012 0.018 0.022 0.067 0.046 0.004 0.015 0.033
103 I 0.052 0.022 0.017 0.02 0.015 0.017 0.023 0.024 0.01 0.193 0.141 0.028 0.055 0.037 0.097 0.03 0.04 0.005 0.019 0.154
104 Y 0.085 0.026 0.021 0.02 0.012 0.02 0.028 0.032 0.034 0.084 0.081 0.031 0.021 0.095 0.017 0.038 0.033 0.02 0.231 0.07
105 G 0.061 0.041 0.088 0.052 0.01 0.065 0.093 0.125 0.022 0.03 0.049 0.053 0.015 0.081 0.021 0.082 0.043 0.007 0.028 0.035
106 I 0.048 0.02 0.019 0.02 0.015 0.015 0.021 0.025 0.011 0.213 0.138 0.026 0.031 0.1 0.016 0.035 0.074 0.008 0.031 0.135
107 V 0.065 0.023 0.022 0.022 0.017 0.017 0.026 0.03 0.011 0.144 0.116 0.028 0.028 0.095 0.017 0.064 0.048 0.007 0.031 0.189
108 A 0.108 0.05 0.033 0.033 0.015 0.065 0.052 0.046 0.018 0.064 0.084 0.091 0.047 0.025 0.023 0.083 0.049 0.006 0.019 0.092
109 R 0.056 0.257 0.04 0.043 0.009 0.047 0.095 0.038 0.022 0.024 0.043 0.099 0.015 0.017 0.022 0.078 0.042 0.005 0.017 0.032
110 L 0.045 0.022 0.019 0.018 0.013 0.014 0.02 0.106 0.013 0.08 0.238 0.024 0.034 0.164 0.013 0.028 0.029 0.01 0.041 0.069
111 R 0.043 0.306 0.034 0.028 0.009 0.042 0.046 0.03 0.021 0.038 0.103 0.102 0.021 0.023 0.018 0.04 0.034 0.006 0.018 0.041
112 Y 0.04 0.08 0.022 0.02 0.01 0.022 0.028 0.025 0.031 0.084 0.087 0.042 0.022 0.141 0.015 0.031 0.03 0.018 0.189 0.065
113 I 0.044 0.021 0.017 0.018 0.014 0.016 0.021 0.021 0.021 0.208 0.131 0.025 0.03 0.071 0.015 0.026 0.035 0.013 0.126 0.13
114 L 0.045 0.019 0.015 0.017 0.014 0.013 0.019 0.022 0.011 0.163 0.178 0.022 0.033 0.164 0.013 0.026 0.035 0.009 0.042 0.139
115 G 0.055 0.029 0.028 0.035 0.013 0.026 0.074 0.112 0.015 0.09 0.099 0.038 0.048 0.091 0.018 0.046 0.072 0.008 0.029 0.073
116 G 0.164 0.03 0.039 0.036 0.016 0.025 0.038 0.221 0.015 0.03 0.042 0.043 0.014 0.019 0.025 0.125 0.052 0.005 0.015 0.044
117 F 0.089 0.022 0.018 0.019 0.095 0.016 0.023 0.034 0.013 0.1 0.116 0.026 0.05 0.156 0.016 0.039 0.035 0.009 0.041 0.082
118 L 0.092 0.021 0.02 0.021 0.015 0.016 0.023 0.114 0.012 0.136 0.153 0.028 0.028 0.097 0.017 0.038 0.035 0.008 0.029 0.097
119 V 0.106 0.029 0.027 0.026 0.018 0.023 0.031 0.039 0.012 0.094 0.105 0.036 0.05 0.031 0.022 0.06 0.12 0.006 0.019 0.145
120 Y 0.04 0.026 0.02 0.018 0.01 0.02 0.026 0.025 0.036 0.055 0.095 0.029 0.047 0.16 0.014 0.03 0.029 0.022 0.243 0.054
121 F 0.037 0.022 0.017 0.017 0.01 0.015 0.022 0.025 0.025 0.088 0.095 0.024 0.023 0.194 0.012 0.026 0.027 0.1 0.155 0.067
122 L 0.091 0.025 0.018 0.019 0.017 0.02 0.025 0.031 0.011 0.137 0.178 0.03 0.077 0.04 0.017 0.038 0.042 0.006 0.021 0.156
123 A 0.14 0.031 0.032 0.03 0.017 0.025 0.036 0.05 0.018 0.06 0.068 0.04 0.019 0.038 0.024 0.093 0.113 0.008 0.064 0.093
124 N 0.046 0.085 0.166 0.052 0.011 0.032 0.043 0.046 0.073 0.065 0.057 0.055 0.017 0.023 0.02 0.057 0.073 0.005 0.022 0.053
125 S 0.076 0.04 0.084 0.059 0.013 0.039 0.123 0.05 0.021 0.044 0.05 0.054 0.016 0.021 0.025 0.134 0.058 0.005 0.017 0.072
126 Y 0.039 0.029 0.067 0.027 0.009 0.023 0.03 0.03 0.043 0.039 0.061 0.033 0.017 0.111 0.016 0.036 0.03 0.024 0.293 0.042
127 L 0.044 0.022 0.014 0.015 0.016 0.015 0.019 0.02 0.009 0.164 0.329 0.024 0.044 0.05 0.014 0.024 0.034 0.007 0.021 0.115
128 D 0.053 0.079 0.052 0.198 0.012 0.031 0.061 0.042 0.017 0.035 0.045 0.054 0.014 0.018 0.023 0.066 0.136 0.005 0.014 0.044
129 D 0.049 0.041 0.055 0.261 0.008 0.035 0.109 0.112 0.019 0.022 0.03 0.083 0.01 0.015 0.022 0.051 0.034 0.004 0.012 0.026
130 R 0.05 0.2 0.039 0.049 0.008 0.053 0.132 0.035 0.023 0.023 0.041 0.157 0.014 0.016 0.023 0.049 0.036 0.005 0.017 0.031
131 G 0.057 0.027 0.035 0.082 0.013 0.021 0.037 0.104 0.018 0.058 0.069 0.034 0.018 0.092 0.019 0.052 0.101 0.01 0.072 0.082
132 F 0.042 0.022 0.02 0.019 0.011 0.015 0.022 0.095 0.023 0.057 0.127 0.025 0.024 0.22 0.013 0.03 0.027 0.016 0.138 0.052
133 S 0.063 0.091 0.086 0.097 0.012 0.034 0.053 0.047 0.02 0.064 0.055 0.092 0.017 0.021 0.023 0.104 0.05 0.005 0.016 0.052
134 K 0.067 0.11 0.04 0.037 0.012 0.04 0.054 0.044 0.018 0.065 0.059 0.164 0.018 0.021 0.024 0.102 0.049 0.005 0.017 0.054
135 L 0.052 0.02 0.018 0.019 0.015 0.015 0.02 0.093 0.009 0.183 0.205 0.025 0.035 0.041 0.015 0.029 0.037 0.006 0.019 0.145
136 I 0.049 0.02 0.015 0.017 0.016 0.015 0.019 0.022 0.009 0.247 0.161 0.025 0.057 0.042 0.015 0.027 0.04 0.006 0.02 0.177
137 N 0.044 0.046 0.211 0.114 0.009 0.032 0.052 0.051 0.024 0.061 0.05 0.082 0.015 0.02 0.02 0.057 0.043 0.005 0.015 0.047
138 L 0.047 0.022 0.018 0.019 0.015 0.015 0.021 0.024 0.011 0.174 0.207 0.026 0.035 0.095 0.015 0.033 0.068 0.008 0.029 0.117
139 L 0.122 0.028 0.02 0.021 0.016 0.022 0.028 0.04 0.015 0.078 0.17 0.033 0.096 0.092 0.018 0.045 0.039 0.008 0.03 0.078
140 Y 0.052 0.025 0.022 0.02 0.083 0.019 0.025 0.027 0.025 0.07 0.121 0.029 0.024 0.073 0.017 0.039 0.067 0.015 0.156 0.092
141 F 0.087 0.022 0.021 0.021 0.016 0.016 0.024 0.033 0.012 0.138 0.113 0.028 0.027 0.14 0.017 0.043 0.07 0.009 0.038 0.125
142 A 0.211 0.03 0.027 0.028 0.019 0.025 0.037 0.06 0.014 0.065 0.084 0.041 0.043 0.026 0.025 0.092 0.051 0.006 0.018 0.098
143 Q 0.051 0.058 0.034 0.037 0.011 0.176 0.077 0.034 0.023 0.05 0.146 0.07 0.028 0.025 0.02 0.045 0.038 0.006 0.02 0.051
144 G 0.057 0.02 0.025 0.024 0.013 0.015 0.021 0.237 0.012 0.134 0.108 0.026 0.023 0.084 0.015 0.035 0.032 0.007 0.025 0.087
145 I 0.047 0.019 0.015 0.017 0.015 0.013 0.018 0.021 0.01 0.216 0.183 0.023 0.035 0.095 0.014 0.025 0.037 0.007 0.03 0.16
146 N 0.041 0.039 0.261 0.177 0.008 0.032 0.059 0.058 0.027 0.022 0.03 0.05 0.01 0.017 0.02 0.063 0.044 0.004 0.014 0.025
147 L 0.045 0.022 0.014 0.015 0.015 0.015 0.02 0.022 0.01 0.111 0.316 0.024 0.042 0.101 0.014 0.025 0.033 0.008 0.031 0.116
148 L 0.044 0.022 0.015 0.016 0.015 0.014 0.02 0.022 0.011 0.104 0.276 0.023 0.039 0.151 0.013 0.025 0.032 0.009 0.04 0.11
149 L 0.082 0.024 0.015 0.017 0.016 0.017 0.022 0.028 0.01 0.102 0.347 0.027 0.044 0.048 0.016 0.032 0.035 0.007 0.021 0.089
150 V 0.069 0.027 0.027 0.025 0.018 0.021 0.029 0.032 0.01 0.113 0.099 0.033 0.026 0.03 0.021 0.057 0.143 0.005 0.019 0.197
151 L 0.05 0.022 0.018 0.018 0.015 0.015 0.021 0.094 0.011 0.098 0.264 0.025 0.037 0.096 0.014 0.029 0.033 0.008 0.029 0.106
152 Y 0.041 0.035 0.028 0.024 0.009 0.053 0.04 0.028 0.086 0.04 0.065 0.039 0.019 0.137 0.016 0.034 0.028 0.02 0.217 0.041
153 Q 0.054 0.071 0.043 0.046 0.009 0.24 0.1 0.04 0.028 0.026 0.046 0.088 0.02 0.014 0.023 0.054 0.04 0.006 0.02 0.034
154 N 0.04 0.038 0.206 0.056 0.009 0.028 0.041 0.048 0.08 0.03 0.048 0.043 0.014 0.09 0.017 0.052 0.038 0.01 0.077 0.032
155 L 0.039 0.019 0.015 0.016 0.013 0.013 0.018 0.022 0.012 0.142 0.207 0.021 0.034 0.202 0.012 0.024 0.031 0.011 0.049 0.098
156 V 0.058 0.019 0.015 0.017 0.017 0.015 0.02 0.022 0.008 0.217 0.142 0.024 0.033 0.038 0.015 0.029 0.044 0.005 0.02 0.24
157 L 0.043 0.025 0.016 0.016 0.014 0.019 0.022 0.024 0.012 0.096 0.288 0.027 0.083 0.052 0.013 0.027 0.033 0.079 0.028 0.083
158 G 0.057 0.063 0.043 0.037 0.009 0.038 0.051 0.179 0.12 0.023 0.036 0.151 0.013 0.019 0.022 0.048 0.032 0.006 0.026 0.027
159 L 0.043 0.023 0.014 0.015 0.016 0.015 0.019 0.021 0.01 0.138 0.362 0.024 0.046 0.051 0.014 0.024 0.033 0.007 0.021 0.104
160 H 0.041 0.042 0.088 0.04 0.008 0.034 0.048 0.039 0.279 0.025 0.04 0.043 0.015 0.042 0.018 0.043 0.029 0.01 0.09 0.026
161 P 0.057 0.028 0.024 0.036 0.011 0.026 0.074 0.033 0.014 0.044 0.048 0.043 0.013 0.016 0.37 0.043 0.037 0.003 0.014 0.068
162 D 0.04 0.029 0.067 0.417 0.007 0.029 0.088 0.045 0.018 0.022 0.027 0.043 0.009 0.014 0.022 0.051 0.034 0.004 0.011 0.024
163 F 0.033 0.018 0.016 0.016 0.01 0.01 0.018 0.025 0.016 0.061 0.111 0.018 0.025 0.407 0.01 0.025 0.025 0.016 0.086 0.053
164 C 0.101 0.023 0.025 0.023 0.294 0.018 0.026 0.041 0.01 0.045 0.062 0.03 0.017 0.021 0.021 0.06 0.105 0.005 0.014 0.061
165 N 0.041 0.043 0.339 0.08 0.009 0.033 0.048 0.063 0.03 0.022 0.03 0.052 0.011 0.017 0.02 0.067 0.048 0.004 0.015 0.026
166 G 0.076 0.022 0.038 0.033 0.01 0.018 0.025 0.526 0.013 0.018 0.027 0.033 0.009 0.016 0.018 0.05 0.029 0.005 0.01 0.024
167 I 0.046 0.017 0.014 0.017 0.016 0.013 0.017 0.02 0.009 0.295 0.162 0.023 0.036 0.043 0.014 0.024 0.039 0.006 0.02 0.171
168 F 0.033 0.018 0.016 0.016 0.01 0.01 0.018 0.025 0.016 0.061 0.111 0.018 0.025 0.407 0.01 0.025 0.025 0.016 0.086 0.053
169 G 0.076 0.022 0.038 0.033 0.01 0.018 0.025 0.526 0.013 0.018 0.027 0.033 0.009 0.016 0.018 0.05 0.029 0.005 0.01 0.024
170 F 0.039 0.022 0.021 0.019 0.011 0.014 0.022 0.027 0.02 0.057 0.097 0.024 0.023 0.312 0.013 0.035 0.06 0.016 0.112 0.054
171 T 0.06 0.039 0.031 0.029 0.015 0.026 0.036 0.034 0.017 0.097 0.084 0.073 0.022 0.041 0.022 0.058 0.138 0.009 0.064 0.107
172 G 0.059 0.035 0.111 0.078 0.009 0.035 0.117 0.252 0.021 0.02 0.03 0.049 0.01 0.016 0.021 0.055 0.036 0.005 0.013 0.026
173 Y 0.039 0.027 0.021 0.018 0.009 0.021 0.027 0.024 0.045 0.042 0.066 0.03 0.018 0.127 0.015 0.03 0.027 0.027 0.34 0.045
174 A 0.162 0.033 0.122 0.1 0.014 0.027 0.047 0.132 0.019 0.03 0.041 0.044 0.013 0.018 0.024 0.069 0.043 0.005 0.015 0.043
175 N 0.051 0.043 0.298 0.076 0.01 0.033 0.048 0.063 0.029 0.023 0.032 0.052 0.011 0.018 0.021 0.093 0.052 0.004 0.015 0.028
176 G 0.211 0.027 0.03 0.03 0.016 0.022 0.033 0.269 0.014 0.032 0.045 0.039 0.014 0.019 0.024 0.068 0.04 0.005 0.014 0.048
177 A 0.164 0.025 0.02 0.022 0.018 0.02 0.029 0.045 0.012 0.139 0.116 0.034 0.049 0.033 0.021 0.052 0.044 0.006 0.019 0.132
178 Q 0.056 0.064 0.039 0.042 0.01 0.208 0.089 0.038 0.026 0.045 0.057 0.079 0.021 0.017 0.022 0.051 0.041 0.006 0.02 0.071
179 G 0.076 0.022 0.038 0.033 0.01 0.018 0.025 0.526 0.013 0.018 0.027 0.033 0.009 0.016 0.018 0.05 0.029 0.005 0.01 0.024
180 F 0.054 0.024 0.022 0.022 0.084 0.019 0.025 0.031 0.014 0.098 0.124 0.029 0.07 0.141 0.016 0.061 0.04 0.009 0.038 0.079
181 F 0.035 0.021 0.018 0.017 0.01 0.013 0.021 0.024 0.025 0.056 0.098 0.022 0.023 0.327 0.012 0.026 0.025 0.019 0.158 0.051
182 C 0.063 0.016 0.016 0.016 0.5 0.012 0.016 0.031 0.008 0.043 0.063 0.02 0.016 0.02 0.016 0.039 0.035 0.004 0.012 0.055
183 L 0.06 0.024 0.02 0.02 0.017 0.018 0.025 0.028 0.01 0.14 0.235 0.028 0.037 0.042 0.017 0.058 0.044 0.006 0.02 0.154
184 A 0.207 0.026 0.027 0.028 0.017 0.021 0.032 0.196 0.013 0.071 0.064 0.037 0.017 0.023 0.024 0.065 0.041 0.005 0.016 0.069
185 L 0.044 0.022 0.014 0.015 0.016 0.015 0.019 0.02 0.009 0.164 0.329 0.024 0.044 0.05 0.014 0.024 0.034 0.007 0.021 0.115
186 S 0.106 0.039 0.052 0.047 0.017 0.032 0.051 0.064 0.019 0.029 0.041 0.052 0.015 0.02 0.029 0.245 0.079 0.005 0.017 0.041
187 I 0.09 0.021 0.016 0.018 0.017 0.016 0.022 0.029 0.009 0.194 0.17 0.027 0.033 0.039 0.017 0.035 0.042 0.006 0.02 0.18
188 L 0.044 0.021 0.014 0.016 0.016 0.014 0.019 0.02 0.009 0.19 0.296 0.024 0.043 0.049 0.014 0.024 0.035 0.006 0.021 0.126
189 A 0.191 0.033 0.038 0.037 0.018 0.027 0.042 0.135 0.016 0.033 0.046 0.046 0.015 0.02 0.027 0.147 0.059 0.005 0.016 0.049
190 L 0.048 0.023 0.019 0.02 0.015 0.017 0.022 0.025 0.012 0.172 0.178 0.027 0.055 0.094 0.016 0.035 0.069 0.008 0.03 0.117
191 V 0.064 0.02 0.016 0.017 0.087 0.015 0.021 0.024 0.008 0.162 0.122 0.024 0.029 0.034 0.016 0.032 0.045 0.005 0.019 0.241
192 Y 0.043 0.028 0.066 0.027 0.079 0.021 0.028 0.031 0.038 0.039 0.061 0.032 0.017 0.096 0.016 0.037 0.031 0.021 0.247 0.044
193 Y 0.037 0.025 0.02 0.018 0.009 0.018 0.025 0.024 0.037 0.048 0.079 0.027 0.02 0.207 0.014 0.029 0.026 0.024 0.267 0.047
194 L 0.044 0.022 0.022 0.073 0.014 0.016 0.028 0.024 0.01 0.177 0.243 0.026 0.037 0.043 0.015 0.028 0.035 0.006 0.019 0.117
195 D 0.09 0.033 0.042 0.148 0.011 0.031 0.091 0.045 0.026 0.031 0.046 0.045 0.014 0.048 0.022 0.077 0.041 0.011 0.107 0.039
196 G 0.07 0.045 0.039 0.035 0.01 0.028 0.037 0.388 0.015 0.021 0.032 0.109 0.011 0.015 0.021 0.05 0.032 0.005 0.012 0.026
197 K 0.058 0.071 0.037 0.036 0.012 0.039 0.052 0.039 0.016 0.072 0.065 0.188 0.019 0.021 0.025 0.059 0.105 0.005 0.017 0.062
198 W 0.029 0.022 0.015 0.015 0.007 0.015 0.022 0.029 0.015 0.029 0.051 0.022 0.015 0.059 0.007 0.022 0.022 0.509 0.066 0.029
199 G 0.077 0.042 0.044 0.039 0.012 0.03 0.042 0.255 0.067 0.023 0.035 0.078 0.012 0.019 0.023 0.104 0.044 0.005 0.02 0.029
200 P 0.129 0.039 0.027 0.03 0.015 0.026 0.039 0.047 0.014 0.046 0.098 0.077 0.019 0.023 0.163 0.059 0.073 0.005 0.016 0.055
201 L 0.082 0.026 0.019 0.019 0.015 0.02 0.025 0.032 0.015 0.081 0.178 0.03 0.097 0.147 0.016 0.037 0.035 0.01 0.04 0.076
202 K 0.05 0.166 0.036 0.034 0.009 0.045 0.056 0.036 0.019 0.064 0.06 0.209 0.018 0.019 0.023 0.045 0.037 0.005 0.017 0.051
203 S 0.098 0.038 0.048 0.043 0.017 0.031 0.047 0.059 0.018 0.039 0.062 0.05 0.04 0.024 0.027 0.215 0.074 0.005 0.018 0.048
204 L 0.039 0.02 0.015 0.016 0.013 0.013 0.019 0.022 0.012 0.116 0.24 0.022 0.036 0.203 0.012 0.024 0.03 0.011 0.049 0.087
205 L 0.089 0.024 0.021 0.021 0.016 0.019 0.026 0.032 0.015 0.142 0.148 0.03 0.029 0.049 0.018 0.044 0.072 0.009 0.065 0.13
206 L 0.087 0.024 0.017 0.018 0.017 0.018 0.024 0.03 0.011 0.133 0.246 0.029 0.059 0.043 0.017 0.035 0.039 0.006 0.021 0.128
207 L 0.045 0.02 0.014 0.016 0.016 0.014 0.018 0.02 0.009 0.216 0.262 0.024 0.041 0.047 0.014 0.024 0.036 0.006 0.021 0.138
208 G 0.138 0.024 0.028 0.027 0.015 0.019 0.028 0.253 0.012 0.058 0.103 0.033 0.02 0.025 0.02 0.053 0.038 0.005 0.015 0.084
209 L 0.051 0.023 0.019 0.02 0.016 0.017 0.023 0.025 0.011 0.153 0.173 0.028 0.054 0.093 0.016 0.036 0.07 0.008 0.03 0.134
210 S 0.101 0.038 0.051 0.046 0.017 0.031 0.049 0.061 0.018 0.032 0.044 0.051 0.016 0.021 0.028 0.223 0.107 0.005 0.017 0.045
211 C 0.069 0.019 0.021 0.02 0.431 0.015 0.021 0.036 0.009 0.041 0.06 0.024 0.016 0.02 0.018 0.069 0.042 0.004 0.013 0.053
212 V 0.096 0.021 0.017 0.019 0.018 0.016 0.023 0.03 0.009 0.181 0.127 0.027 0.03 0.035 0.017 0.037 0.045 0.005 0.02 0.226
213 I 0.049 0.018 0.014 0.017 0.016 0.013 0.018 0.021 0.008 0.275 0.157 0.023 0.035 0.042 0.014 0.025 0.04 0.006 0.02 0.188
214 C 0.063 0.016 0.016 0.016 0.5 0.012 0.016 0.031 0.008 0.043 0.063 0.02 0.016 0.02 0.016 0.039 0.035 0.004 0.012 0.055
215 A 0.313 0.03 0.025 0.029 0.021 0.025 0.039 0.076 0.014 0.042 0.057 0.043 0.017 0.021 0.029 0.082 0.048 0.005 0.017 0.067
216 L 0.047 0.021 0.015 0.016 0.015 0.014 0.02 0.023 0.011 0.111 0.237 0.023 0.036 0.149 0.013 0.026 0.035 0.009 0.039 0.139
217 A 0.224 0.034 0.037 0.037 0.019 0.028 0.044 0.071 0.016 0.036 0.05 0.047 0.016 0.021 0.029 0.152 0.062 0.005 0.017 0.055
218 E 0.053 0.048 0.039 0.087 0.007 0.062 0.319 0.034 0.025 0.021 0.036 0.073 0.012 0.016 0.025 0.053 0.036 0.005 0.016 0.03
219 I 0.049 0.018 0.014 0.017 0.016 0.013 0.018 0.021 0.008 0.275 0.157 0.023 0.035 0.042 0.014 0.025 0.04 0.006 0.02 0.188
220 K 0.055 0.104 0.04 0.04 0.008 0.052 0.069 0.042 0.02 0.027 0.042 0.301 0.015 0.015 0.027 0.052 0.038 0.005 0.017 0.032
221 I 0.124 0.023 0.018 0.021 0.017 0.018 0.026 0.037 0.015 0.167 0.114 0.03 0.027 0.047 0.019 0.043 0.041 0.009 0.065 0.141
222 F 0.036 0.023 0.019 0.017 0.01 0.016 0.023 0.024 0.033 0.05 0.085 0.025 0.021 0.247 0.013 0.028 0.026 0.022 0.231 0.049
223 F 0.035 0.022 0.018 0.017 0.01 0.015 0.022 0.024 0.029 0.053 0.092 0.023 0.022 0.287 0.012 0.027 0.026 0.021 0.195 0.05
224 V 0.061 0.02 0.015 0.017 0.018 0.015 0.021 0.023 0.008 0.198 0.136 0.025 0.032 0.037 0.015 0.03 0.045 0.005 0.02 0.258
225 L 0.047 0.021 0.014 0.016 0.016 0.015 0.019 0.021 0.009 0.171 0.291 0.024 0.042 0.047 0.014 0.025 0.036 0.006 0.021 0.144
226 F 0.038 0.02 0.015 0.016 0.013 0.012 0.019 0.023 0.013 0.109 0.199 0.021 0.033 0.254 0.012 0.024 0.029 0.012 0.058 0.081
227 I 0.087 0.02 0.016 0.018 0.017 0.015 0.021 0.029 0.009 0.213 0.176 0.026 0.034 0.04 0.016 0.033 0.04 0.006 0.02 0.162
228 L 0.053 0.022 0.022 0.022 0.014 0.016 0.023 0.097 0.012 0.108 0.142 0.027 0.027 0.14 0.016 0.038 0.067 0.009 0.037 0.108
229 L 0.072 0.026 0.029 0.027 0.085 0.02 0.029 0.107 0.012 0.072 0.156 0.033 0.026 0.031 0.019 0.094 0.048 0.005 0.017 0.091
230 I 0.085 0.021 0.016 0.018 0.016 0.015 0.022 0.029 0.011 0.18 0.168 0.026 0.032 0.092 0.016 0.034 0.038 0.007 0.029 0.145
231 L 0.048 0.02 0.015 0.017 0.015 0.013 0.019 0.022 0.011 0.163 0.171 0.022 0.033 0.146 0.014 0.026 0.036 0.009 0.039 0.161
232 L 0.087 0.023 0.019 0.02 0.016 0.017 0.023 0.101 0.011 0.114 0.261 0.028 0.036 0.042 0.017 0.036 0.035 0.006 0.019 0.09
233 I 0.085 0.02 0.016 0.019 0.016 0.015 0.021 0.029 0.01 0.206 0.135 0.025 0.031 0.09 0.016 0.034 0.039 0.007 0.029 0.157
234 F 0.043 0.019 0.015 0.016 0.014 0.013 0.019 0.023 0.012 0.149 0.168 0.022 0.032 0.199 0.013 0.025 0.033 0.01 0.048 0.127
235 L 0.087 0.023 0.017 0.018 0.017 0.018 0.023 0.03 0.011 0.159 0.213 0.028 0.057 0.042 0.017 0.035 0.04 0.006 0.02 0.14
236 L 0.039 0.02 0.015 0.016 0.013 0.013 0.019 0.022 0.012 0.116 0.24 0.022 0.036 0.203 0.012 0.024 0.03 0.011 0.049 0.087
237 R 0.049 0.159 0.044 0.093 0.008 0.101 0.075 0.039 0.023 0.024 0.042 0.151 0.016 0.015 0.023 0.05 0.037 0.005 0.017 0.031
238 K 0.054 0.105 0.033 0.031 0.079 0.035 0.045 0.106 0.017 0.032 0.053 0.156 0.016 0.072 0.02 0.045 0.034 0.007 0.025 0.037
239 N 0.065 0.039 0.128 0.05 0.013 0.031 0.045 0.052 0.072 0.039 0.062 0.047 0.039 0.025 0.022 0.113 0.084 0.006 0.023 0.045
240 S 0.075 0.055 0.088 0.056 0.012 0.069 0.098 0.053 0.023 0.026 0.039 0.096 0.015 0.018 0.026 0.137 0.057 0.005 0.017 0.035
241 A 0.098 0.076 0.03 0.029 0.014 0.025 0.036 0.042 0.015 0.056 0.068 0.048 0.019 0.076 0.091 0.08 0.077 0.007 0.027 0.083
242 K 0.103 0.06 0.033 0.033 0.014 0.035 0.049 0.045 0.016 0.067 0.068 0.15 0.02 0.022 0.024 0.078 0.048 0.005 0.018 0.112
243 L 0.047 0.091 0.029 0.042 0.01 0.039 0.118 0.03 0.022 0.051 0.145 0.092 0.024 0.042 0.02 0.04 0.034 0.009 0.064 0.051
244 R 0.047 0.204 0.036 0.032 0.008 0.044 0.054 0.035 0.021 0.03 0.053 0.182 0.016 0.072 0.021 0.044 0.034 0.007 0.027 0.034
245 K 0.084 0.094 0.027 0.027 0.012 0.03 0.04 0.037 0.016 0.11 0.089 0.118 0.023 0.08 0.02 0.043 0.037 0.007 0.028 0.079
246 R 0.047 0.291 0.038 0.033 0.008 0.048 0.056 0.035 0.022 0.024 0.044 0.169 0.015 0.016 0.021 0.046 0.035 0.005 0.017 0.03
247 I 0.045 0.022 0.061 0.026 0.015 0.016 0.022 0.026 0.012 0.229 0.177 0.027 0.034 0.041 0.015 0.03 0.039 0.006 0.019 0.139
248 I 0.092 0.022 0.021 0.023 0.017 0.017 0.025 0.034 0.011 0.22 0.13 0.03 0.03 0.036 0.018 0.064 0.046 0.006 0.019 0.137
249 A 0.149 0.043 0.037 0.036 0.017 0.03 0.046 0.058 0.016 0.044 0.096 0.081 0.02 0.024 0.026 0.139 0.058 0.005 0.018 0.054
250 I 0.055 0.023 0.026 0.025 0.015 0.017 0.024 0.099 0.012 0.152 0.107 0.03 0.026 0.085 0.018 0.047 0.101 0.007 0.027 0.104
251 I 0.135 0.025 0.026 0.027 0.017 0.02 0.029 0.114 0.012 0.145 0.096 0.034 0.024 0.029 0.021 0.076 0.046 0.005 0.017 0.101
252 A 0.169 0.025 0.019 0.022 0.019 0.02 0.029 0.046 0.011 0.102 0.135 0.033 0.027 0.031 0.021 0.052 0.046 0.006 0.019 0.167
253 G 0.066 0.022 0.026 0.024 0.014 0.018 0.023 0.239 0.011 0.109 0.098 0.029 0.045 0.029 0.017 0.039 0.037 0.006 0.016 0.131
254 L 0.052 0.02 0.018 0.019 0.015 0.015 0.02 0.093 0.009 0.183 0.205 0.025 0.035 0.041 0.015 0.029 0.037 0.006 0.019 0.145
255 S 0.116 0.03 0.033 0.031 0.018 0.024 0.037 0.048 0.014 0.08 0.118 0.039 0.025 0.029 0.023 0.129 0.059 0.005 0.018 0.124
256 L 0.051 0.023 0.018 0.019 0.016 0.016 0.022 0.024 0.01 0.162 0.243 0.027 0.038 0.043 0.016 0.034 0.07 0.006 0.02 0.14
257 L 0.047 0.023 0.014 0.015 0.016 0.016 0.02 0.021 0.009 0.127 0.346 0.025 0.045 0.05 0.014 0.025 0.035 0.007 0.021 0.125
258 F 0.037 0.021 0.015 0.016 0.013 0.013 0.019 0.023 0.014 0.083 0.233 0.021 0.035 0.255 0.012 0.024 0.028 0.012 0.058 0.07
259 Y 0.046 0.024 0.018 0.017 0.012 0.018 0.024 0.024 0.025 0.084 0.128 0.027 0.025 0.08 0.014 0.029 0.033 0.087 0.164 0.12
260 I 0.043 0.018 0.014 0.017 0.015 0.013 0.018 0.021 0.01 0.235 0.188 0.022 0.036 0.096 0.014 0.024 0.036 0.007 0.03 0.143
261 A 0.242 0.028 0.026 0.029 0.018 0.023 0.037 0.134 0.014 0.036 0.05 0.041 0.015 0.019 0.096 0.072 0.044 0.005 0.015 0.055
262 Y 0.039 0.024 0.019 0.018 0.01 0.018 0.024 0.024 0.036 0.081 0.086 0.027 0.022 0.155 0.014 0.029 0.028 0.023 0.258 0.064
263 K 0.049 0.108 0.075 0.038 0.01 0.037 0.048 0.037 0.019 0.102 0.075 0.16 0.02 0.024 0.021 0.045 0.039 0.005 0.017 0.07
264 L 0.045 0.02 0.014 0.016 0.016 0.014 0.018 0.02 0.009 0.216 0.262 0.024 0.041 0.047 0.014 0.024 0.036 0.006 0.021 0.138
265 L 0.044 0.022 0.014 0.015 0.016 0.015 0.019 0.02 0.009 0.164 0.329 0.024 0.044 0.05 0.014 0.024 0.034 0.007 0.021 0.115
266 E 0.096 0.046 0.033 0.046 0.013 0.039 0.121 0.042 0.018 0.05 0.114 0.086 0.044 0.027 0.023 0.078 0.044 0.006 0.018 0.055
267 I 0.048 0.078 0.023 0.023 0.013 0.053 0.037 0.027 0.015 0.132 0.112 0.047 0.048 0.037 0.016 0.033 0.037 0.078 0.027 0.117
268 V 0.053 0.019 0.015 0.017 0.016 0.014 0.02 0.022 0.009 0.203 0.139 0.023 0.032 0.091 0.014 0.028 0.041 0.007 0.029 0.206
269 L 0.041 0.02 0.015 0.016 0.083 0.013 0.019 0.024 0.012 0.08 0.226 0.021 0.033 0.2 0.013 0.026 0.029 0.011 0.048 0.071
270 P 0.053 0.025 0.021 0.028 0.011 0.019 0.033 0.033 0.012 0.037 0.087 0.038 0.015 0.018 0.439 0.04 0.035 0.003 0.014 0.039
271 E 0.047 0.041 0.08 0.108 0.009 0.066 0.131 0.037 0.026 0.064 0.058 0.055 0.017 0.035 0.02 0.048 0.037 0.008 0.063 0.052
272 N 0.042 0.04 0.293 0.071 0.01 0.03 0.043 0.057 0.027 0.061 0.049 0.048 0.014 0.021 0.019 0.061 0.046 0.005 0.016 0.047
273 L 0.052 0.022 0.015 0.015 0.077 0.015 0.02 0.023 0.009 0.115 0.287 0.024 0.04 0.044 0.015 0.028 0.037 0.006 0.02 0.138
274 Y 0.077 0.038 0.063 0.03 0.011 0.026 0.035 0.037 0.032 0.069 0.07 0.068 0.019 0.075 0.019 0.043 0.035 0.016 0.179 0.059
275 T 0.097 0.031 0.034 0.031 0.017 0.024 0.035 0.044 0.014 0.056 0.107 0.039 0.023 0.074 0.024 0.092 0.159 0.007 0.026 0.066
276 F 0.036 0.021 0.016 0.017 0.012 0.013 0.02 0.024 0.015 0.072 0.156 0.021 0.048 0.318 0.011 0.026 0.027 0.014 0.07 0.063
277 F 0.034 0.019 0.016 0.016 0.011 0.011 0.019 0.024 0.016 0.068 0.146 0.019 0.027 0.363 0.011 0.024 0.026 0.015 0.078 0.058
278 N 0.067 0.038 0.158 0.102 0.012 0.031 0.051 0.057 0.023 0.034 0.054 0.049 0.034 0.022 0.023 0.128 0.057 0.005 0.016 0.039
279 L 0.05 0.021 0.014 0.016 0.016 0.015 0.02 0.021 0.009 0.169 0.27 0.024 0.04 0.046 0.014 0.026 0.038 0.006 0.021 0.163
280 T 0.095 0.049 0.044 0.092 0.013 0.062 0.093 0.048 0.019 0.034 0.047 0.086 0.016 0.018 0.026 0.09 0.102 0.005 0.016 0.045
281 G 0.087 0.09 0.042 0.082 0.01 0.035 0.052 0.166 0.062 0.025 0.038 0.115 0.013 0.018 0.022 0.052 0.035 0.005 0.019 0.032
282 Y 0.117 0.028 0.022 0.021 0.012 0.022 0.031 0.039 0.036 0.042 0.064 0.034 0.018 0.097 0.019 0.045 0.033 0.021 0.246 0.051
283 L 0.045 0.024 0.015 0.016 0.016 0.017 0.02 0.022 0.01 0.136 0.332 0.026 0.066 0.051 0.014 0.025 0.034 0.007 0.022 0.104
284 R 0.092 0.117 0.042 0.082 0.013 0.033 0.05 0.046 0.063 0.037 0.086 0.061 0.019 0.024 0.022 0.097 0.046 0.006 0.022 0.043
285 Y 0.039 0.027 0.021 0.018 0.009 0.021 0.027 0.024 0.045 0.042 0.066 0.03 0.018 0.126 0.015 0.03 0.027 0.027 0.341 0.045
286 E 0.05 0.04 0.044 0.163 0.008 0.049 0.227 0.037 0.022 0.022 0.033 0.061 0.011 0.015 0.085 0.051 0.035 0.005 0.014 0.029
287 G 0.061 0.043 0.151 0.052 0.011 0.031 0.042 0.172 0.021 0.032 0.052 0.076 0.034 0.021 0.021 0.079 0.045 0.005 0.015 0.036
288 R 0.044 0.249 0.034 0.028 0.008 0.041 0.047 0.031 0.028 0.028 0.05 0.118 0.016 0.044 0.019 0.041 0.033 0.011 0.098 0.034
289 G 0.081 0.032 0.043 0.038 0.015 0.026 0.038 0.169 0.015 0.037 0.048 0.043 0.016 0.02 0.025 0.119 0.163 0.005 0.015 0.05
290 D 0.09 0.036 0.05 0.192 0.011 0.037 0.129 0.048 0.019 0.029 0.039 0.052 0.013 0.017 0.025 0.084 0.072 0.005 0.014 0.038
291 H 0.042 0.046 0.053 0.038 0.008 0.038 0.053 0.038 0.355 0.023 0.038 0.046 0.015 0.03 0.019 0.042 0.027 0.008 0.057 0.023
292 G 0.078 0.023 0.039 0.034 0.011 0.019 0.026 0.51 0.014 0.019 0.028 0.034 0.009 0.016 0.019 0.051 0.03 0.005 0.011 0.024
293 F 0.045 0.029 0.024 0.023 0.01 0.045 0.032 0.088 0.027 0.074 0.082 0.034 0.021 0.158 0.015 0.033 0.03 0.016 0.156 0.059
294 V 0.07 0.022 0.017 0.018 0.019 0.017 0.023 0.025 0.008 0.165 0.131 0.026 0.032 0.036 0.017 0.033 0.05 0.006 0.021 0.266
295 G 0.079 0.023 0.039 0.034 0.011 0.019 0.026 0.508 0.014 0.019 0.028 0.034 0.009 0.016 0.019 0.051 0.03 0.005 0.011 0.024
296 G 0.079 0.023 0.039 0.034 0.011 0.019 0.026 0.508 0.014 0.019 0.028 0.034 0.009 0.016 0.019 0.051 0.03 0.005 0.011 0.024
297 G 0.079 0.023 0.039 0.034 0.011 0.019 0.026 0.508 0.014 0.019 0.028 0.034 0.009 0.016 0.019 0.051 0.03 0.005 0.011 0.024
298 A 0.251 0.031 0.026 0.028 0.02 0.025 0.038 0.065 0.014 0.05 0.075 0.042 0.039 0.024 0.027 0.077 0.075 0.006 0.018 0.07
299 G 0.072 0.022 0.035 0.03 0.011 0.018 0.024 0.463 0.013 0.03 0.074 0.032 0.014 0.02 0.018 0.046 0.029 0.005 0.012 0.032
300 R 0.043 0.367 0.037 0.03 0.008 0.047 0.051 0.032 0.023 0.023 0.045 0.116 0.015 0.017 0.019 0.043 0.034 0.006 0.017 0.03
301 L 0.056 0.03 0.034 0.076 0.015 0.023 0.037 0.034 0.013 0.07 0.184 0.037 0.029 0.033 0.021 0.06 0.152 0.006 0.018 0.072
302 N 0.043 0.044 0.302 0.081 0.009 0.036 0.082 0.059 0.03 0.022 0.031 0.055 0.011 0.017 0.02 0.066 0.046 0.004 0.015 0.027
303 T 0.103 0.031 0.035 0.034 0.017 0.025 0.037 0.046 0.013 0.058 0.064 0.042 0.019 0.022 0.086 0.095 0.162 0.005 0.017 0.088
304 I 0.044 0.017 0.014 0.017 0.015 0.013 0.017 0.02 0.009 0.266 0.156 0.022 0.034 0.088 0.014 0.024 0.037 0.007 0.028 0.156
305 P 0.073 0.036 0.035 0.036 0.013 0.052 0.047 0.045 0.016 0.037 0.084 0.049 0.018 0.021 0.207 0.118 0.052 0.004 0.016 0.042
306 F 0.035 0.022 0.018 0.017 0.01 0.014 0.022 0.024 0.027 0.054 0.094 0.023 0.022 0.302 0.012 0.027 0.025 0.02 0.181 0.05
307 L 0.052 0.021 0.016 0.018 0.016 0.015 0.021 0.023 0.009 0.182 0.196 0.026 0.034 0.039 0.077 0.028 0.039 0.005 0.019 0.164
308 F 0.036 0.025 0.057 0.024 0.01 0.018 0.025 0.03 0.024 0.05 0.11 0.027 0.022 0.157 0.012 0.031 0.028 0.14 0.128 0.047
309 D 0.055 0.036 0.08 0.147 0.01 0.036 0.121 0.042 0.024 0.042 0.049 0.049 0.015 0.032 0.022 0.073 0.043 0.007 0.056 0.064
310 N 0.049 0.038 0.195 0.106 0.01 0.03 0.049 0.113 0.068 0.025 0.034 0.047 0.012 0.019 0.02 0.062 0.069 0.005 0.019 0.03
311 L 0.049 0.022 0.014 0.016 0.016 0.015 0.02 0.021 0.009 0.146 0.3 0.024 0.042 0.047 0.014 0.026 0.037 0.006 0.021 0.153
312 F 0.037 0.02 0.02 0.019 0.011 0.012 0.021 0.027 0.016 0.06 0.104 0.022 0.024 0.36 0.012 0.033 0.055 0.015 0.077 0.055
313 Y 0.048 0.084 0.036 0.078 0.009 0.056 0.052 0.095 0.03 0.03 0.048 0.084 0.015 0.057 0.019 0.042 0.032 0.013 0.137 0.035
314 N 0.054 0.06 0.129 0.051 0.009 0.039 0.054 0.049 0.108 0.025 0.039 0.12 0.014 0.025 0.023 0.08 0.044 0.006 0.041 0.03
315 D 0.079 0.035 0.177 0.217 0.01 0.03 0.064 0.057 0.023 0.025 0.033 0.047 0.011 0.017 0.022 0.063 0.042 0.004 0.014 0.031
316 P 0.046 0.024 0.02 0.023 0.011 0.018 0.028 0.028 0.022 0.073 0.073 0.032 0.018 0.106 0.226 0.034 0.032 0.012 0.117 0.058
317 L 0.048 0.02 0.015 0.017 0.015 0.013 0.019 0.023 0.011 0.163 0.171 0.023 0.033 0.145 0.014 0.026 0.036 0.009 0.039 0.161
318 R 0.065 0.189 0.043 0.045 0.01 0.046 0.091 0.043 0.021 0.025 0.042 0.118 0.015 0.017 0.024 0.103 0.048 0.005 0.017 0.033
319 A 0.18 0.031 0.034 0.034 0.019 0.026 0.039 0.06 0.015 0.075 0.069 0.043 0.019 0.024 0.026 0.121 0.087 0.005 0.017 0.075
320 L 0.044 0.022 0.014 0.015 0.016 0.015 0.019 0.02 0.009 0.164 0.328 0.024 0.045 0.05 0.014 0.024 0.034 0.007 0.021 0.116
