#Seq2Logo.py -f /work3/idamei/wzy_ssn/run/1e-50/run/150/MSAs/0011_4.afa -o /work3/idamei/wzy_ssn/run/1e-50/run/150/logos/0011_4.logo
#Position Specific Frequency Matrix
A R N D C Q E G H I L K M F P S T W Y V
0 L 0.052 0.032 0.02 0.02 0.016 0.028 0.028 0.028 0.016 0.101 0.197 0.036 0.158 0.048 0.016 0.036 0.04 0.008 0.024 0.093
1 T 0.073 0.036 0.044 0.038 0.018 0.028 0.039 0.044 0.014 0.053 0.065 0.046 0.02 0.024 0.028 0.093 0.245 0.006 0.018 0.071
2 K 0.057 0.107 0.042 0.042 0.009 0.054 0.071 0.043 0.021 0.028 0.043 0.276 0.016 0.016 0.028 0.054 0.04 0.005 0.017 0.033
3 L 0.051 0.032 0.02 0.02 0.016 0.028 0.028 0.028 0.016 0.099 0.194 0.036 0.173 0.047 0.016 0.036 0.04 0.008 0.024 0.091
4 Q 0.069 0.057 0.043 0.045 0.011 0.148 0.08 0.046 0.024 0.027 0.044 0.074 0.018 0.016 0.093 0.097 0.05 0.005 0.018 0.036
5 I 0.05 0.018 0.015 0.017 0.016 0.014 0.018 0.021 0.009 0.265 0.16 0.024 0.036 0.042 0.015 0.026 0.041 0.006 0.02 0.189
6 K 0.052 0.195 0.04 0.037 0.008 0.051 0.063 0.039 0.021 0.026 0.044 0.228 0.015 0.016 0.024 0.05 0.037 0.005 0.017 0.032
7 T 0.071 0.034 0.042 0.036 0.017 0.027 0.038 0.042 0.013 0.061 0.068 0.044 0.02 0.024 0.027 0.089 0.25 0.006 0.018 0.074
8 R 0.076 0.155 0.077 0.045 0.013 0.039 0.052 0.053 0.022 0.026 0.042 0.085 0.015 0.019 0.025 0.141 0.059 0.005 0.017 0.036
9 N 0.042 0.041 0.262 0.163 0.008 0.032 0.059 0.06 0.028 0.022 0.03 0.051 0.011 0.017 0.02 0.064 0.045 0.004 0.014 0.026
10 L 0.04 0.022 0.015 0.016 0.014 0.014 0.019 0.023 0.013 0.094 0.278 0.022 0.04 0.188 0.013 0.024 0.03 0.011 0.048 0.079
11 L 0.044 0.022 0.014 0.016 0.016 0.015 0.019 0.021 0.01 0.154 0.32 0.024 0.045 0.064 0.014 0.024 0.034 0.007 0.024 0.113
12 Y 0.038 0.024 0.02 0.018 0.01 0.018 0.024 0.025 0.036 0.05 0.084 0.026 0.021 0.224 0.014 0.029 0.027 0.024 0.242 0.049
13 F 0.037 0.018 0.016 0.017 0.012 0.011 0.018 0.024 0.015 0.117 0.126 0.02 0.028 0.308 0.011 0.025 0.029 0.014 0.071 0.084
14 I 0.046 0.017 0.014 0.017 0.016 0.013 0.017 0.02 0.009 0.282 0.165 0.023 0.036 0.044 0.014 0.025 0.039 0.006 0.02 0.174
15 L 0.083 0.031 0.02 0.021 0.017 0.027 0.029 0.034 0.016 0.092 0.177 0.037 0.154 0.044 0.018 0.042 0.041 0.008 0.023 0.088
16 V 0.069 0.022 0.016 0.018 0.019 0.016 0.023 0.024 0.008 0.162 0.128 0.026 0.031 0.035 0.016 0.032 0.049 0.005 0.02 0.28
17 L 0.05 0.022 0.015 0.016 0.017 0.016 0.02 0.022 0.009 0.15 0.289 0.025 0.043 0.048 0.015 0.026 0.038 0.006 0.021 0.152
18 C 0.068 0.021 0.024 0.023 0.245 0.016 0.023 0.095 0.01 0.098 0.082 0.027 0.02 0.025 0.018 0.065 0.042 0.005 0.015 0.079
19 A 0.292 0.031 0.026 0.03 0.021 0.025 0.04 0.076 0.015 0.043 0.059 0.044 0.017 0.021 0.029 0.084 0.057 0.005 0.017 0.068
20 T 0.072 0.035 0.043 0.037 0.018 0.027 0.039 0.043 0.014 0.053 0.064 0.045 0.019 0.023 0.027 0.091 0.258 0.006 0.018 0.07
21 I 0.046 0.017 0.014 0.017 0.016 0.013 0.017 0.02 0.009 0.282 0.165 0.023 0.036 0.044 0.014 0.025 0.039 0.006 0.02 0.174
22 F 0.035 0.019 0.016 0.016 0.011 0.011 0.019 0.025 0.016 0.069 0.147 0.019 0.028 0.353 0.011 0.025 0.026 0.015 0.079 0.059
23 A 0.301 0.031 0.025 0.029 0.021 0.025 0.04 0.077 0.015 0.043 0.059 0.044 0.017 0.021 0.029 0.084 0.049 0.005 0.017 0.068
24 V 0.056 0.024 0.017 0.018 0.017 0.019 0.023 0.024 0.011 0.174 0.162 0.029 0.083 0.042 0.016 0.031 0.043 0.006 0.022 0.182
25 K 0.056 0.106 0.041 0.041 0.008 0.053 0.07 0.043 0.02 0.027 0.043 0.289 0.015 0.015 0.027 0.053 0.039 0.005 0.017 0.032
26 I 0.046 0.017 0.014 0.017 0.016 0.013 0.017 0.02 0.009 0.282 0.165 0.023 0.036 0.044 0.014 0.025 0.039 0.006 0.02 0.174
27 L 0.053 0.031 0.019 0.02 0.016 0.026 0.027 0.027 0.015 0.106 0.187 0.035 0.158 0.046 0.016 0.035 0.041 0.008 0.023 0.111
28 P 0.056 0.025 0.023 0.031 0.01 0.02 0.036 0.036 0.013 0.025 0.036 0.041 0.01 0.013 0.501 0.043 0.036 0.003 0.013 0.031
29 Y 0.04 0.028 0.021 0.018 0.009 0.021 0.028 0.025 0.046 0.043 0.067 0.031 0.018 0.129 0.015 0.031 0.028 0.028 0.328 0.046
30 S 0.108 0.04 0.053 0.048 0.017 0.033 0.052 0.065 0.019 0.029 0.041 0.053 0.015 0.021 0.029 0.231 0.081 0.005 0.017 0.041
31 N 0.042 0.044 0.327 0.082 0.009 0.033 0.049 0.064 0.031 0.022 0.031 0.053 0.011 0.018 0.02 0.069 0.049 0.004 0.015 0.027
32 D 0.04 0.029 0.068 0.406 0.007 0.029 0.09 0.046 0.018 0.022 0.028 0.044 0.009 0.015 0.022 0.051 0.035 0.004 0.011 0.024
33 H 0.041 0.039 0.041 0.031 0.008 0.032 0.044 0.033 0.251 0.03 0.048 0.04 0.016 0.065 0.018 0.038 0.027 0.015 0.153 0.031
34 Q 0.061 0.06 0.042 0.043 0.009 0.174 0.082 0.16 0.025 0.024 0.042 0.076 0.018 0.015 0.022 0.054 0.038 0.006 0.018 0.032
35 A 0.301 0.031 0.025 0.029 0.021 0.025 0.04 0.077 0.015 0.043 0.059 0.044 0.017 0.021 0.029 0.084 0.049 0.005 0.017 0.068
36 Y 0.04 0.028 0.021 0.018 0.009 0.021 0.028 0.025 0.046 0.043 0.067 0.031 0.018 0.129 0.015 0.031 0.028 0.028 0.328 0.046
37 L 0.051 0.026 0.021 0.021 0.016 0.018 0.024 0.026 0.011 0.122 0.273 0.03 0.04 0.045 0.017 0.041 0.09 0.007 0.021 0.1
38 D 0.04 0.029 0.068 0.406 0.007 0.029 0.09 0.046 0.018 0.022 0.028 0.044 0.009 0.015 0.022 0.051 0.035 0.004 0.011 0.024
39 L 0.044 0.024 0.014 0.015 0.016 0.016 0.02 0.021 0.01 0.114 0.385 0.025 0.049 0.054 0.014 0.024 0.033 0.007 0.022 0.095
40 F 0.037 0.024 0.02 0.018 0.01 0.017 0.024 0.025 0.034 0.051 0.085 0.026 0.021 0.234 0.013 0.028 0.027 0.023 0.233 0.049
41 K 0.056 0.106 0.041 0.041 0.008 0.053 0.07 0.043 0.02 0.027 0.043 0.289 0.015 0.015 0.027 0.053 0.039 0.005 0.017 0.032
42 F 0.036 0.022 0.019 0.017 0.01 0.015 0.022 0.025 0.028 0.055 0.095 0.023 0.022 0.291 0.012 0.027 0.026 0.021 0.182 0.051
43 T 0.072 0.035 0.043 0.037 0.018 0.027 0.039 0.043 0.014 0.053 0.064 0.045 0.019 0.023 0.027 0.091 0.258 0.006 0.018 0.07
44 I 0.043 0.018 0.015 0.017 0.015 0.012 0.018 0.021 0.011 0.227 0.152 0.022 0.033 0.132 0.013 0.025 0.036 0.009 0.037 0.144
45 Y 0.043 0.04 0.105 0.041 0.009 0.056 0.047 0.038 0.08 0.033 0.052 0.047 0.016 0.072 0.018 0.045 0.035 0.016 0.172 0.037
46 D 0.04 0.029 0.068 0.406 0.007 0.029 0.09 0.046 0.018 0.022 0.028 0.044 0.009 0.015 0.022 0.051 0.035 0.004 0.011 0.024
47 P 0.09 0.034 0.042 0.042 0.015 0.028 0.046 0.055 0.017 0.028 0.039 0.049 0.014 0.018 0.198 0.164 0.065 0.004 0.016 0.037
48 S 0.108 0.04 0.053 0.048 0.017 0.033 0.052 0.065 0.019 0.029 0.041 0.053 0.015 0.021 0.029 0.231 0.081 0.005 0.017 0.041
49 Y 0.038 0.025 0.02 0.018 0.009 0.019 0.025 0.025 0.039 0.048 0.079 0.028 0.02 0.196 0.014 0.029 0.027 0.025 0.268 0.048
50 E 0.051 0.043 0.035 0.069 0.008 0.052 0.227 0.032 0.03 0.028 0.045 0.062 0.014 0.045 0.023 0.05 0.042 0.011 0.094 0.036
51 R 0.044 0.355 0.038 0.031 0.008 0.048 0.052 0.032 0.023 0.023 0.046 0.118 0.015 0.017 0.019 0.044 0.034 0.006 0.017 0.031
52 L 0.051 0.032 0.02 0.02 0.016 0.028 0.028 0.028 0.016 0.099 0.194 0.036 0.173 0.047 0.016 0.036 0.04 0.008 0.024 0.091
53 E 0.054 0.049 0.04 0.089 0.007 0.064 0.307 0.034 0.025 0.022 0.036 0.074 0.013 0.016 0.025 0.054 0.036 0.005 0.016 0.031
54 V 0.06 0.02 0.016 0.017 0.018 0.015 0.021 0.023 0.008 0.209 0.143 0.025 0.033 0.038 0.016 0.029 0.045 0.006 0.02 0.238
55 G 0.077 0.023 0.039 0.033 0.011 0.019 0.025 0.517 0.013 0.019 0.028 0.033 0.009 0.016 0.019 0.051 0.029 0.005 0.011 0.024
56 F 0.033 0.019 0.017 0.017 0.01 0.01 0.019 0.025 0.017 0.062 0.113 0.019 0.025 0.396 0.01 0.025 0.025 0.017 0.087 0.054
57 K 0.053 0.168 0.04 0.038 0.008 0.051 0.065 0.04 0.021 0.026 0.043 0.246 0.015 0.016 0.025 0.051 0.038 0.005 0.017 0.032
58 S 0.083 0.036 0.075 0.045 0.016 0.029 0.044 0.055 0.019 0.038 0.055 0.047 0.017 0.068 0.025 0.153 0.115 0.007 0.026 0.048
59 F 0.054 0.024 0.025 0.024 0.013 0.017 0.027 0.034 0.016 0.067 0.126 0.028 0.026 0.253 0.016 0.076 0.04 0.012 0.061 0.06
60 V 0.055 0.024 0.017 0.018 0.016 0.019 0.023 0.025 0.012 0.144 0.155 0.028 0.082 0.086 0.015 0.032 0.041 0.008 0.03 0.169
61 V 0.07 0.025 0.027 0.038 0.017 0.02 0.03 0.083 0.01 0.114 0.098 0.032 0.025 0.029 0.019 0.05 0.098 0.005 0.018 0.191
62 F 0.037 0.021 0.016 0.016 0.012 0.012 0.019 0.024 0.014 0.081 0.21 0.021 0.034 0.274 0.012 0.025 0.028 0.013 0.064 0.069
63 F 0.041 0.021 0.021 0.02 0.011 0.013 0.022 0.029 0.017 0.059 0.105 0.022 0.024 0.356 0.012 0.047 0.031 0.015 0.08 0.053
64 K 0.056 0.106 0.041 0.041 0.008 0.053 0.07 0.043 0.02 0.027 0.043 0.289 0.015 0.015 0.027 0.053 0.039 0.005 0.017 0.032
65 S 0.082 0.033 0.038 0.035 0.016 0.026 0.039 0.048 0.016 0.057 0.147 0.041 0.026 0.07 0.023 0.15 0.061 0.007 0.026 0.058
66 L 0.045 0.02 0.014 0.016 0.016 0.014 0.018 0.021 0.009 0.216 0.252 0.024 0.041 0.048 0.014 0.024 0.037 0.006 0.021 0.143
67 D 0.042 0.033 0.132 0.312 0.008 0.03 0.077 0.067 0.021 0.022 0.028 0.046 0.01 0.015 0.021 0.056 0.038 0.004 0.012 0.025
68 F 0.037 0.022 0.029 0.114 0.01 0.016 0.037 0.03 0.016 0.06 0.13 0.026 0.024 0.252 0.014 0.031 0.029 0.012 0.059 0.052
69 S 0.099 0.04 0.092 0.053 0.016 0.033 0.051 0.065 0.021 0.028 0.04 0.053 0.015 0.02 0.028 0.208 0.076 0.005 0.017 0.039
70 F 0.036 0.02 0.016 0.016 0.012 0.012 0.019 0.024 0.015 0.075 0.181 0.02 0.031 0.31 0.011 0.025 0.027 0.014 0.071 0.064
71 E 0.066 0.044 0.047 0.124 0.01 0.051 0.212 0.044 0.023 0.024 0.036 0.065 0.013 0.017 0.026 0.098 0.047 0.005 0.016 0.032
72 F 0.046 0.018 0.016 0.017 0.132 0.012 0.019 0.027 0.013 0.072 0.103 0.02 0.024 0.25 0.013 0.03 0.031 0.012 0.059 0.087
73 L 0.043 0.025 0.016 0.016 0.014 0.017 0.022 0.022 0.019 0.096 0.305 0.026 0.041 0.073 0.014 0.026 0.032 0.012 0.098 0.083
74 W 0.03 0.022 0.015 0.015 0.007 0.015 0.022 0.03 0.015 0.03 0.052 0.022 0.015 0.06 0.007 0.022 0.022 0.5 0.067 0.03
75 L 0.038 0.021 0.015 0.016 0.013 0.013 0.019 0.023 0.013 0.087 0.244 0.022 0.037 0.231 0.012 0.025 0.029 0.012 0.056 0.074
76 L 0.049 0.022 0.015 0.015 0.135 0.015 0.019 0.024 0.009 0.096 0.305 0.024 0.041 0.045 0.015 0.028 0.034 0.006 0.019 0.085
77 I 0.045 0.018 0.015 0.017 0.015 0.013 0.018 0.022 0.011 0.208 0.156 0.022 0.033 0.131 0.014 0.026 0.036 0.009 0.037 0.153
78 A 0.243 0.028 0.023 0.026 0.021 0.023 0.036 0.064 0.013 0.072 0.076 0.039 0.021 0.025 0.026 0.071 0.049 0.005 0.018 0.121
79 F 0.042 0.019 0.017 0.017 0.013 0.012 0.02 0.025 0.015 0.087 0.116 0.02 0.027 0.306 0.012 0.027 0.031 0.014 0.071 0.111
80 I 0.059 0.026 0.028 0.027 0.017 0.02 0.028 0.031 0.011 0.171 0.117 0.034 0.028 0.034 0.021 0.057 0.145 0.006 0.019 0.124
81 S 0.108 0.04 0.053 0.048 0.017 0.033 0.052 0.065 0.019 0.029 0.041 0.053 0.015 0.021 0.029 0.231 0.081 0.005 0.017 0.041
82 L 0.053 0.023 0.015 0.016 0.017 0.016 0.021 0.022 0.009 0.131 0.293 0.025 0.043 0.047 0.015 0.027 0.039 0.006 0.021 0.161
83 L 0.115 0.027 0.021 0.022 0.017 0.02 0.028 0.04 0.012 0.087 0.266 0.033 0.037 0.042 0.019 0.061 0.042 0.006 0.02 0.082
84 L 0.044 0.024 0.014 0.015 0.016 0.016 0.02 0.021 0.01 0.114 0.385 0.025 0.049 0.054 0.014 0.024 0.033 0.007 0.022 0.095
85 K 0.056 0.106 0.041 0.041 0.008 0.053 0.07 0.043 0.02 0.027 0.043 0.289 0.015 0.015 0.027 0.053 0.039 0.005 0.017 0.032
86 F 0.038 0.018 0.017 0.017 0.079 0.011 0.018 0.026 0.015 0.06 0.106 0.019 0.024 0.342 0.011 0.027 0.027 0.015 0.077 0.054
87 Y 0.04 0.03 0.025 0.021 0.009 0.023 0.031 0.026 0.086 0.04 0.064 0.033 0.018 0.117 0.016 0.032 0.027 0.025 0.294 0.043
88 V 0.069 0.022 0.016 0.018 0.019 0.016 0.023 0.024 0.008 0.162 0.128 0.026 0.031 0.035 0.016 0.032 0.049 0.005 0.02 0.28
89 L 0.044 0.024 0.014 0.015 0.016 0.016 0.02 0.021 0.01 0.114 0.385 0.025 0.049 0.054 0.014 0.024 0.033 0.007 0.022 0.095
90 K 0.056 0.106 0.041 0.041 0.008 0.053 0.07 0.043 0.02 0.027 0.043 0.289 0.015 0.015 0.027 0.053 0.039 0.005 0.017 0.032
91 S 0.108 0.04 0.053 0.048 0.017 0.033 0.052 0.065 0.019 0.029 0.041 0.053 0.015 0.021 0.029 0.231 0.081 0.005 0.017 0.041
92 F 0.035 0.021 0.018 0.017 0.01 0.013 0.021 0.025 0.025 0.057 0.1 0.022 0.023 0.324 0.012 0.027 0.026 0.02 0.152 0.052
93 D 0.04 0.029 0.06 0.341 0.008 0.028 0.08 0.042 0.023 0.026 0.034 0.042 0.011 0.034 0.021 0.048 0.034 0.008 0.064 0.028
94 S 0.108 0.04 0.053 0.048 0.017 0.033 0.052 0.065 0.019 0.029 0.041 0.053 0.015 0.021 0.029 0.231 0.081 0.005 0.017 0.041
95 D 0.05 0.069 0.051 0.19 0.008 0.045 0.107 0.043 0.02 0.025 0.036 0.166 0.013 0.015 0.025 0.052 0.037 0.005 0.015 0.029
96 I 0.045 0.021 0.027 0.02 0.014 0.016 0.021 0.023 0.019 0.213 0.136 0.026 0.031 0.064 0.015 0.028 0.037 0.011 0.097 0.137
97 S 0.086 0.054 0.045 0.042 0.015 0.035 0.052 0.053 0.018 0.041 0.091 0.108 0.02 0.024 0.027 0.157 0.064 0.005 0.018 0.047
98 V 0.061 0.02 0.016 0.018 0.018 0.015 0.021 0.023 0.008 0.207 0.142 0.025 0.033 0.038 0.016 0.029 0.045 0.006 0.02 0.24
99 L 0.044 0.024 0.014 0.015 0.016 0.016 0.02 0.021 0.01 0.114 0.385 0.025 0.049 0.054 0.014 0.024 0.033 0.007 0.022 0.095
100 F 0.035 0.019 0.016 0.016 0.011 0.011 0.019 0.025 0.016 0.069 0.147 0.019 0.028 0.353 0.011 0.025 0.026 0.015 0.079 0.059
101 W 0.042 0.022 0.015 0.016 0.012 0.015 0.022 0.027 0.013 0.075 0.119 0.024 0.024 0.053 0.011 0.025 0.03 0.306 0.049 0.102
102 L 0.044 0.024 0.014 0.015 0.016 0.016 0.02 0.021 0.01 0.114 0.385 0.025 0.049 0.054 0.014 0.024 0.033 0.007 0.022 0.095
103 Y 0.04 0.028 0.021 0.018 0.009 0.021 0.028 0.025 0.046 0.043 0.067 0.031 0.018 0.129 0.015 0.031 0.028 0.028 0.328 0.046
104 F 0.037 0.018 0.016 0.017 0.012 0.011 0.018 0.024 0.015 0.117 0.126 0.02 0.028 0.308 0.011 0.025 0.029 0.014 0.071 0.084
105 L 0.043 0.025 0.016 0.016 0.014 0.017 0.022 0.022 0.019 0.096 0.305 0.026 0.041 0.073 0.014 0.026 0.032 0.012 0.098 0.083
106 Y 0.042 0.025 0.02 0.018 0.011 0.019 0.025 0.023 0.037 0.103 0.092 0.029 0.023 0.108 0.015 0.029 0.03 0.022 0.251 0.078
107 C 0.161 0.028 0.03 0.03 0.188 0.023 0.035 0.058 0.013 0.039 0.056 0.038 0.016 0.021 0.025 0.11 0.054 0.005 0.015 0.056
108 I 0.047 0.02 0.015 0.018 0.016 0.016 0.019 0.022 0.01 0.251 0.17 0.025 0.059 0.044 0.015 0.026 0.039 0.006 0.021 0.16
109 S 0.108 0.04 0.053 0.048 0.017 0.033 0.052 0.065 0.019 0.029 0.041 0.053 0.015 0.021 0.029 0.231 0.081 0.005 0.017 0.041
110 L 0.044 0.024 0.014 0.015 0.016 0.016 0.02 0.021 0.01 0.114 0.384 0.025 0.049 0.054 0.014 0.024 0.033 0.007 0.022 0.095
111 L 0.044 0.024 0.014 0.015 0.016 0.016 0.02 0.021 0.01 0.114 0.384 0.025 0.049 0.054 0.014 0.024 0.033 0.007 0.022 0.095
112 A 0.3 0.031 0.025 0.029 0.021 0.025 0.04 0.077 0.015 0.043 0.059 0.044 0.017 0.021 0.029 0.084 0.049 0.005 0.017 0.068
113 L 0.044 0.024 0.014 0.015 0.016 0.016 0.02 0.021 0.01 0.114 0.384 0.025 0.049 0.054 0.014 0.024 0.033 0.007 0.022 0.095
114 H 0.041 0.045 0.053 0.038 0.007 0.038 0.053 0.038 0.364 0.023 0.038 0.045 0.015 0.03 0.019 0.041 0.026 0.007 0.056 0.023
115 E 0.054 0.049 0.04 0.089 0.007 0.064 0.306 0.035 0.025 0.022 0.036 0.074 0.013 0.016 0.025 0.054 0.036 0.005 0.016 0.031
116 G 0.076 0.025 0.039 0.034 0.012 0.02 0.028 0.427 0.013 0.025 0.035 0.035 0.011 0.017 0.02 0.058 0.073 0.005 0.012 0.033
117 T 0.072 0.035 0.043 0.037 0.018 0.027 0.039 0.043 0.014 0.053 0.064 0.045 0.019 0.023 0.027 0.091 0.257 0.006 0.018 0.07
118 Q 0.055 0.072 0.043 0.046 0.009 0.226 0.101 0.041 0.029 0.026 0.046 0.09 0.02 0.014 0.023 0.055 0.041 0.006 0.02 0.035
119 I 0.046 0.017 0.014 0.017 0.016 0.013 0.017 0.02 0.009 0.281 0.166 0.023 0.036 0.044 0.014 0.025 0.039 0.006 0.02 0.174
120 R 0.044 0.354 0.038 0.031 0.008 0.048 0.052 0.032 0.023 0.023 0.046 0.119 0.015 0.017 0.019 0.044 0.034 0.006 0.017 0.031
121 A 0.3 0.031 0.025 0.029 0.021 0.025 0.04 0.077 0.015 0.043 0.059 0.044 0.017 0.021 0.029 0.084 0.049 0.005 0.017 0.068
122 A 0.3 0.031 0.025 0.029 0.021 0.025 0.04 0.077 0.015 0.043 0.059 0.044 0.017 0.021 0.029 0.084 0.049 0.005 0.017 0.068
123 I 0.049 0.022 0.016 0.018 0.016 0.018 0.021 0.023 0.011 0.215 0.173 0.027 0.081 0.044 0.015 0.029 0.04 0.006 0.021 0.152
124 A 0.268 0.032 0.03 0.032 0.021 0.026 0.042 0.075 0.015 0.04 0.056 0.045 0.017 0.021 0.029 0.108 0.054 0.005 0.017 0.063
125 I 0.046 0.017 0.014 0.017 0.016 0.013 0.017 0.02 0.009 0.281 0.166 0.023 0.036 0.044 0.014 0.025 0.039 0.006 0.02 0.174
126 A 0.3 0.031 0.025 0.029 0.021 0.025 0.04 0.077 0.015 0.043 0.059 0.044 0.017 0.021 0.029 0.084 0.049 0.005 0.017 0.068
127 L 0.045 0.021 0.014 0.016 0.016 0.015 0.019 0.021 0.009 0.194 0.28 0.024 0.043 0.049 0.014 0.024 0.036 0.006 0.021 0.133
128 G 0.077 0.023 0.039 0.033 0.011 0.019 0.025 0.517 0.013 0.019 0.028 0.033 0.009 0.016 0.019 0.051 0.029 0.005 0.011 0.024
129 L 0.045 0.026 0.018 0.019 0.014 0.021 0.024 0.026 0.015 0.104 0.164 0.029 0.11 0.163 0.014 0.031 0.035 0.011 0.045 0.087
130 C 0.111 0.021 0.018 0.019 0.177 0.017 0.024 0.037 0.009 0.1 0.094 0.027 0.023 0.027 0.019 0.045 0.045 0.005 0.017 0.165
131 G 0.077 0.023 0.039 0.033 0.011 0.019 0.025 0.517 0.013 0.019 0.028 0.033 0.009 0.016 0.019 0.051 0.029 0.005 0.011 0.024
132 F 0.033 0.019 0.017 0.017 0.01 0.01 0.019 0.025 0.017 0.063 0.113 0.019 0.025 0.396 0.01 0.025 0.025 0.017 0.088 0.054
133 R 0.044 0.354 0.038 0.031 0.008 0.048 0.052 0.032 0.023 0.023 0.046 0.119 0.015 0.017 0.019 0.044 0.034 0.006 0.017 0.031
134 C 0.081 0.025 0.03 0.028 0.311 0.02 0.03 0.045 0.012 0.038 0.055 0.033 0.016 0.02 0.021 0.113 0.053 0.004 0.014 0.05
135 R 0.054 0.165 0.039 0.044 0.01 0.048 0.097 0.037 0.021 0.032 0.053 0.149 0.023 0.019 0.024 0.055 0.068 0.006 0.017 0.04
136 N 0.064 0.043 0.235 0.071 0.012 0.033 0.05 0.065 0.027 0.025 0.034 0.053 0.013 0.019 0.023 0.123 0.059 0.005 0.016 0.032
137 K 0.053 0.076 0.032 0.033 0.011 0.04 0.052 0.035 0.016 0.112 0.084 0.2 0.022 0.025 0.023 0.043 0.039 0.005 0.018 0.08
138 R 0.038 0.18 0.026 0.023 0.008 0.03 0.036 0.03 0.019 0.043 0.063 0.068 0.018 0.087 0.014 0.033 0.029 0.172 0.044 0.041
139 L 0.044 0.02 0.015 0.016 0.015 0.014 0.019 0.022 0.011 0.161 0.216 0.023 0.037 0.138 0.013 0.025 0.034 0.009 0.038 0.128
140 G 0.088 0.028 0.043 0.038 0.013 0.023 0.034 0.366 0.015 0.022 0.032 0.04 0.011 0.018 0.022 0.111 0.046 0.005 0.013 0.03
141 L 0.049 0.02 0.015 0.017 0.016 0.015 0.019 0.021 0.009 0.208 0.233 0.024 0.04 0.046 0.015 0.026 0.038 0.006 0.021 0.163
142 C 0.057 0.019 0.015 0.016 0.333 0.013 0.017 0.028 0.009 0.067 0.171 0.022 0.027 0.031 0.015 0.035 0.035 0.005 0.015 0.069
143 L 0.051 0.021 0.015 0.015 0.174 0.015 0.019 0.025 0.009 0.091 0.278 0.023 0.038 0.043 0.015 0.029 0.034 0.006 0.019 0.082
144 L 0.041 0.021 0.015 0.016 0.014 0.014 0.019 0.022 0.012 0.129 0.252 0.023 0.039 0.166 0.013 0.024 0.032 0.01 0.044 0.096
145 L 0.045 0.022 0.014 0.016 0.016 0.015 0.019 0.021 0.01 0.17 0.311 0.024 0.045 0.05 0.014 0.024 0.035 0.007 0.021 0.121
146 F 0.054 0.021 0.021 0.021 0.094 0.015 0.023 0.03 0.013 0.13 0.125 0.026 0.027 0.146 0.016 0.057 0.04 0.009 0.039 0.095
147 S 0.172 0.037 0.044 0.042 0.019 0.03 0.048 0.069 0.017 0.034 0.047 0.05 0.016 0.021 0.029 0.182 0.07 0.005 0.017 0.05
148 V 0.095 0.021 0.017 0.019 0.018 0.016 0.024 0.031 0.009 0.185 0.131 0.028 0.031 0.036 0.018 0.037 0.046 0.006 0.02 0.214
149 L 0.132 0.027 0.02 0.022 0.018 0.022 0.029 0.042 0.013 0.113 0.18 0.034 0.074 0.039 0.02 0.048 0.041 0.007 0.021 0.098
150 F 0.035 0.021 0.018 0.017 0.01 0.013 0.021 0.025 0.024 0.058 0.101 0.022 0.023 0.329 0.012 0.026 0.026 0.019 0.148 0.052
151 H 0.041 0.045 0.053 0.038 0.007 0.038 0.053 0.038 0.365 0.023 0.038 0.045 0.015 0.03 0.019 0.041 0.026 0.007 0.056 0.023
152 Y 0.04 0.028 0.021 0.018 0.009 0.021 0.028 0.025 0.046 0.043 0.067 0.031 0.018 0.129 0.015 0.031 0.028 0.028 0.328 0.046
153 S 0.089 0.035 0.044 0.04 0.015 0.028 0.044 0.056 0.018 0.029 0.044 0.046 0.015 0.03 0.024 0.179 0.066 0.129 0.03 0.038
154 A 0.159 0.03 0.028 0.029 0.019 0.024 0.036 0.054 0.014 0.072 0.144 0.039 0.026 0.031 0.024 0.099 0.053 0.006 0.019 0.094
155 I 0.131 0.022 0.018 0.021 0.018 0.017 0.025 0.039 0.011 0.202 0.13 0.03 0.03 0.036 0.019 0.044 0.043 0.006 0.019 0.139
156 L 0.045 0.022 0.014 0.016 0.016 0.015 0.019 0.021 0.01 0.17 0.311 0.024 0.045 0.05 0.014 0.024 0.035 0.007 0.021 0.121
157 F 0.033 0.019 0.017 0.017 0.01 0.01 0.019 0.025 0.017 0.063 0.113 0.019 0.025 0.396 0.01 0.025 0.025 0.017 0.088 0.054
158 I 0.054 0.019 0.015 0.017 0.017 0.014 0.019 0.022 0.008 0.242 0.153 0.024 0.035 0.041 0.015 0.027 0.042 0.006 0.02 0.209
159 P 0.057 0.021 0.018 0.022 0.015 0.017 0.025 0.027 0.01 0.159 0.111 0.03 0.026 0.031 0.177 0.033 0.041 0.005 0.018 0.159
160 L 0.044 0.024 0.014 0.015 0.016 0.016 0.02 0.021 0.01 0.114 0.384 0.025 0.049 0.054 0.014 0.024 0.033 0.007 0.022 0.095
161 Y 0.04 0.028 0.021 0.018 0.009 0.021 0.028 0.025 0.046 0.043 0.068 0.031 0.018 0.129 0.015 0.031 0.028 0.028 0.327 0.046
162 F 0.048 0.025 0.021 0.021 0.014 0.019 0.024 0.028 0.014 0.114 0.14 0.029 0.072 0.159 0.015 0.038 0.066 0.01 0.043 0.099
163 L 0.052 0.023 0.015 0.016 0.017 0.016 0.021 0.022 0.009 0.13 0.299 0.025 0.043 0.048 0.015 0.027 0.038 0.006 0.021 0.156
164 G 0.06 0.037 0.205 0.062 0.01 0.028 0.041 0.215 0.024 0.022 0.031 0.047 0.011 0.017 0.02 0.078 0.045 0.005 0.014 0.027
165 I 0.046 0.027 0.119 0.039 0.013 0.02 0.029 0.037 0.018 0.133 0.104 0.033 0.025 0.101 0.016 0.041 0.041 0.007 0.032 0.12
166 V 0.053 0.021 0.017 0.018 0.015 0.016 0.022 0.023 0.018 0.179 0.128 0.026 0.03 0.062 0.015 0.029 0.04 0.011 0.097 0.18
167 A 0.147 0.027 0.026 0.027 0.019 0.021 0.032 0.047 0.012 0.122 0.097 0.036 0.025 0.029 0.023 0.064 0.099 0.006 0.019 0.125
168 K 0.053 0.168 0.04 0.038 0.008 0.051 0.065 0.04 0.021 0.026 0.043 0.246 0.015 0.016 0.025 0.051 0.038 0.005 0.017 0.032
169 P 0.063 0.027 0.026 0.029 0.014 0.021 0.033 0.035 0.012 0.066 0.066 0.038 0.018 0.021 0.261 0.053 0.094 0.004 0.016 0.103
170 Y 0.041 0.109 0.026 0.021 0.009 0.028 0.034 0.027 0.04 0.038 0.062 0.053 0.018 0.101 0.016 0.034 0.029 0.022 0.25 0.042
171 K 0.056 0.106 0.041 0.041 0.008 0.053 0.07 0.043 0.02 0.027 0.043 0.288 0.015 0.015 0.027 0.053 0.039 0.005 0.017 0.032
172 F 0.038 0.018 0.016 0.017 0.012 0.011 0.018 0.023 0.014 0.135 0.13 0.02 0.029 0.278 0.012 0.025 0.03 0.013 0.065 0.094
173 T 0.059 0.03 0.034 0.03 0.015 0.022 0.032 0.037 0.015 0.056 0.08 0.036 0.021 0.147 0.022 0.069 0.18 0.009 0.041 0.065
174 W 0.03 0.022 0.015 0.015 0.007 0.015 0.022 0.03 0.015 0.03 0.052 0.022 0.015 0.06 0.007 0.022 0.022 0.5 0.067 0.03
175 L 0.044 0.024 0.014 0.015 0.016 0.016 0.02 0.021 0.01 0.114 0.384 0.025 0.049 0.054 0.014 0.024 0.033 0.007 0.022 0.095
176 I 0.131 0.023 0.018 0.021 0.018 0.018 0.025 0.039 0.011 0.178 0.161 0.03 0.032 0.038 0.019 0.044 0.042 0.006 0.02 0.127
177 V 0.06 0.02 0.016 0.017 0.018 0.015 0.021 0.023 0.008 0.2 0.153 0.025 0.034 0.039 0.016 0.029 0.045 0.006 0.02 0.235
178 V 0.069 0.022 0.016 0.018 0.019 0.016 0.023 0.024 0.008 0.162 0.128 0.026 0.031 0.035 0.016 0.032 0.049 0.005 0.02 0.279
179 V 0.067 0.025 0.025 0.024 0.018 0.019 0.027 0.03 0.01 0.143 0.112 0.032 0.028 0.032 0.02 0.051 0.117 0.006 0.019 0.194
180 G 0.138 0.03 0.037 0.034 0.015 0.024 0.036 0.213 0.018 0.033 0.046 0.041 0.015 0.03 0.024 0.1 0.067 0.007 0.045 0.046
181 I 0.047 0.02 0.016 0.018 0.016 0.016 0.019 0.022 0.01 0.247 0.171 0.026 0.062 0.044 0.015 0.027 0.039 0.006 0.021 0.158
182 A 0.209 0.035 0.039 0.038 0.019 0.029 0.046 0.072 0.017 0.036 0.05 0.048 0.016 0.021 0.029 0.154 0.064 0.005 0.017 0.055
183 T 0.067 0.032 0.037 0.033 0.017 0.025 0.035 0.039 0.013 0.096 0.083 0.041 0.023 0.027 0.025 0.079 0.216 0.006 0.018 0.09
184 I 0.054 0.019 0.015 0.017 0.017 0.014 0.02 0.022 0.009 0.226 0.174 0.024 0.036 0.042 0.015 0.027 0.042 0.006 0.02 0.202
185 F 0.045 0.025 0.018 0.018 0.014 0.02 0.023 0.026 0.015 0.113 0.163 0.028 0.104 0.163 0.014 0.031 0.035 0.011 0.045 0.091
186 P 0.056 0.025 0.023 0.031 0.01 0.02 0.036 0.036 0.013 0.025 0.036 0.041 0.01 0.013 0.501 0.043 0.036 0.003 0.013 0.031
187 L 0.04 0.022 0.015 0.016 0.014 0.014 0.02 0.022 0.012 0.097 0.294 0.023 0.041 0.168 0.013 0.024 0.03 0.01 0.044 0.081
188 L 0.042 0.023 0.014 0.015 0.015 0.015 0.02 0.022 0.011 0.106 0.345 0.024 0.045 0.103 0.013 0.024 0.032 0.008 0.031 0.089
189 L 0.044 0.024 0.014 0.015 0.016 0.016 0.02 0.021 0.01 0.114 0.384 0.025 0.049 0.054 0.014 0.024 0.033 0.007 0.022 0.095
190 E 0.055 0.063 0.042 0.066 0.008 0.14 0.198 0.038 0.027 0.024 0.041 0.092 0.016 0.015 0.024 0.055 0.038 0.006 0.018 0.033
191 K 0.056 0.089 0.042 0.044 0.009 0.14 0.086 0.042 0.025 0.027 0.044 0.189 0.018 0.015 0.025 0.054 0.04 0.005 0.019 0.034
192 Y 0.038 0.028 0.024 0.02 0.009 0.021 0.028 0.026 0.078 0.045 0.075 0.03 0.02 0.183 0.015 0.031 0.027 0.022 0.234 0.045
193 S 0.156 0.037 0.046 0.043 0.018 0.031 0.049 0.068 0.018 0.033 0.046 0.051 0.016 0.021 0.029 0.195 0.073 0.005 0.017 0.048
194 N 0.11 0.046 0.144 0.106 0.012 0.079 0.066 0.059 0.025 0.028 0.041 0.059 0.015 0.017 0.023 0.067 0.045 0.005 0.016 0.039
195 L 0.05 0.022 0.015 0.018 0.016 0.016 0.021 0.023 0.01 0.165 0.241 0.026 0.038 0.044 0.061 0.027 0.038 0.006 0.02 0.144
196 L 0.044 0.024 0.014 0.015 0.016 0.016 0.02 0.021 0.01 0.114 0.381 0.025 0.049 0.054 0.014 0.024 0.033 0.007 0.022 0.095
197 V 0.059 0.031 0.025 0.044 0.014 0.033 0.126 0.027 0.015 0.137 0.103 0.043 0.026 0.03 0.019 0.039 0.042 0.006 0.019 0.162
198 S 0.105 0.04 0.069 0.05 0.017 0.033 0.052 0.066 0.02 0.029 0.041 0.054 0.015 0.021 0.029 0.218 0.079 0.005 0.017 0.041
199 I 0.056 0.019 0.015 0.018 0.017 0.014 0.02 0.022 0.008 0.232 0.151 0.024 0.034 0.04 0.015 0.028 0.043 0.006 0.02 0.215
200 N 0.042 0.044 0.323 0.082 0.009 0.033 0.049 0.065 0.031 0.022 0.031 0.053 0.011 0.018 0.02 0.069 0.049 0.004 0.016 0.027
201 P 0.056 0.026 0.023 0.031 0.01 0.021 0.036 0.036 0.013 0.026 0.036 0.041 0.01 0.013 0.498 0.043 0.036 0.003 0.013 0.031
202 L 0.044 0.024 0.014 0.015 0.016 0.016 0.02 0.021 0.01 0.114 0.381 0.025 0.049 0.054 0.014 0.024 0.033 0.007 0.022 0.095
203 F 0.033 0.019 0.017 0.017 0.011 0.011 0.019 0.025 0.017 0.063 0.113 0.019 0.025 0.393 0.011 0.025 0.025 0.017 0.088 0.054
204 N 0.069 0.04 0.157 0.058 0.014 0.031 0.046 0.057 0.022 0.035 0.046 0.05 0.015 0.021 0.025 0.114 0.132 0.005 0.017 0.046
205 L 0.044 0.024 0.014 0.015 0.016 0.016 0.02 0.021 0.01 0.114 0.381 0.025 0.049 0.054 0.014 0.024 0.033 0.007 0.022 0.095
206 Y 0.04 0.028 0.022 0.019 0.009 0.022 0.028 0.025 0.046 0.043 0.068 0.031 0.019 0.13 0.015 0.031 0.028 0.028 0.324 0.046
207 L 0.044 0.024 0.014 0.015 0.016 0.016 0.02 0.021 0.01 0.114 0.381 0.025 0.049 0.054 0.014 0.024 0.033 0.007 0.022 0.095
208 E 0.055 0.058 0.041 0.074 0.008 0.123 0.228 0.037 0.027 0.024 0.04 0.081 0.016 0.016 0.025 0.055 0.038 0.006 0.018 0.032
209 N 0.042 0.044 0.323 0.082 0.009 0.033 0.049 0.065 0.031 0.022 0.031 0.053 0.011 0.018 0.02 0.069 0.049 0.004 0.016 0.027
210 S 0.109 0.04 0.054 0.048 0.017 0.033 0.052 0.066 0.019 0.029 0.042 0.054 0.016 0.021 0.029 0.227 0.081 0.005 0.017 0.042
211 D 0.041 0.03 0.068 0.403 0.007 0.03 0.091 0.046 0.019 0.022 0.028 0.044 0.009 0.015 0.022 0.052 0.035 0.004 0.011 0.024
212 N 0.046 0.037 0.158 0.112 0.011 0.031 0.048 0.047 0.023 0.053 0.096 0.045 0.074 0.029 0.019 0.053 0.043 0.006 0.018 0.052
213 T 0.111 0.034 0.04 0.036 0.018 0.027 0.039 0.049 0.014 0.051 0.064 0.045 0.019 0.023 0.028 0.091 0.218 0.006 0.018 0.07
214 E 0.055 0.063 0.041 0.074 0.008 0.089 0.229 0.037 0.025 0.024 0.039 0.113 0.015 0.016 0.025 0.055 0.038 0.005 0.017 0.032
215 V 0.061 0.02 0.016 0.018 0.018 0.015 0.021 0.023 0.008 0.206 0.143 0.025 0.033 0.038 0.016 0.03 0.045 0.006 0.02 0.238
216 N 0.042 0.044 0.323 0.082 0.009 0.033 0.049 0.065 0.031 0.022 0.031 0.053 0.011 0.018 0.02 0.069 0.049 0.004 0.016 0.027
217 K 0.056 0.106 0.041 0.041 0.009 0.053 0.07 0.043 0.021 0.027 0.043 0.285 0.015 0.015 0.027 0.053 0.039 0.005 0.017 0.032
218 F 0.036 0.022 0.019 0.017 0.01 0.015 0.022 0.025 0.029 0.055 0.095 0.024 0.023 0.287 0.012 0.027 0.026 0.021 0.182 0.051
219 S 0.109 0.04 0.054 0.048 0.017 0.033 0.052 0.066 0.019 0.029 0.042 0.054 0.016 0.021 0.029 0.227 0.081 0.005 0.017 0.042
220 F 0.048 0.02 0.017 0.017 0.014 0.013 0.021 0.025 0.013 0.103 0.12 0.022 0.028 0.25 0.013 0.028 0.035 0.012 0.061 0.143
221 T 0.072 0.035 0.043 0.037 0.018 0.027 0.039 0.043 0.014 0.053 0.065 0.045 0.02 0.023 0.027 0.092 0.253 0.006 0.018 0.07
222 L 0.055 0.027 0.021 0.021 0.016 0.019 0.025 0.029 0.012 0.1 0.323 0.03 0.043 0.048 0.017 0.059 0.041 0.007 0.021 0.086
223 I 0.047 0.018 0.015 0.018 0.016 0.013 0.018 0.02 0.009 0.278 0.166 0.023 0.036 0.044 0.015 0.025 0.039 0.006 0.02 0.175
224 F 0.041 0.019 0.015 0.017 0.014 0.013 0.019 0.023 0.012 0.158 0.18 0.022 0.034 0.195 0.013 0.025 0.032 0.011 0.05 0.11
225 A 0.297 0.031 0.025 0.029 0.021 0.025 0.04 0.078 0.015 0.043 0.059 0.044 0.017 0.021 0.029 0.084 0.049 0.005 0.017 0.068
226 F 0.047 0.022 0.022 0.022 0.014 0.015 0.023 0.027 0.013 0.14 0.122 0.026 0.028 0.179 0.016 0.04 0.083 0.01 0.047 0.103
227 V 0.099 0.021 0.017 0.02 0.018 0.017 0.024 0.032 0.01 0.192 0.133 0.028 0.031 0.037 0.018 0.038 0.045 0.006 0.02 0.197
228 F 0.033 0.019 0.017 0.017 0.011 0.011 0.019 0.025 0.017 0.063 0.113 0.019 0.025 0.393 0.011 0.025 0.025 0.017 0.088 0.054
229 F 0.033 0.019 0.017 0.017 0.011 0.011 0.019 0.025 0.017 0.063 0.113 0.019 0.025 0.393 0.011 0.025 0.025 0.017 0.088 0.054
230 L 0.051 0.021 0.015 0.017 0.017 0.015 0.02 0.022 0.009 0.186 0.244 0.025 0.04 0.046 0.015 0.026 0.039 0.006 0.021 0.166
231 V 0.063 0.021 0.016 0.018 0.018 0.015 0.022 0.023 0.008 0.196 0.14 0.025 0.033 0.038 0.016 0.03 0.046 0.006 0.02 0.247
232 N 0.042 0.044 0.323 0.082 0.009 0.033 0.049 0.065 0.031 0.022 0.031 0.053 0.011 0.018 0.02 0.069 0.049 0.004 0.016 0.027
233 F 0.034 0.019 0.017 0.017 0.011 0.011 0.019 0.025 0.017 0.063 0.114 0.019 0.025 0.39 0.011 0.025 0.025 0.017 0.088 0.055
234 F 0.034 0.019 0.017 0.017 0.011 0.011 0.019 0.025 0.017 0.063 0.114 0.019 0.025 0.39 0.011 0.025 0.025 0.017 0.088 0.055
235 V 0.058 0.021 0.015 0.017 0.018 0.015 0.021 0.023 0.009 0.185 0.194 0.025 0.037 0.042 0.015 0.029 0.043 0.006 0.021 0.207
236 G 0.078 0.023 0.039 0.034 0.011 0.019 0.025 0.512 0.013 0.019 0.028 0.034 0.009 0.016 0.019 0.051 0.03 0.005 0.011 0.024
237 R 0.046 0.183 0.027 0.024 0.012 0.031 0.035 0.027 0.016 0.149 0.107 0.072 0.026 0.031 0.017 0.035 0.037 0.006 0.019 0.103
238 K 0.054 0.158 0.041 0.039 0.008 0.052 0.067 0.041 0.021 0.027 0.044 0.247 0.015 0.016 0.026 0.051 0.039 0.005 0.017 0.032
239 L 0.044 0.022 0.014 0.016 0.016 0.015 0.019 0.021 0.01 0.145 0.314 0.024 0.045 0.076 0.014 0.024 0.034 0.008 0.027 0.11
240 N 0.076 0.042 0.187 0.066 0.013 0.033 0.051 0.065 0.025 0.026 0.037 0.054 0.013 0.019 0.025 0.146 0.065 0.005 0.017 0.034
241 R 0.048 0.185 0.029 0.024 0.111 0.033 0.037 0.03 0.027 0.034 0.057 0.073 0.017 0.05 0.018 0.04 0.033 0.012 0.103 0.041
242 Y 0.04 0.028 0.022 0.019 0.009 0.022 0.028 0.025 0.047 0.043 0.068 0.031 0.019 0.13 0.016 0.031 0.028 0.028 0.321 0.047
243 N 0.057 0.044 0.263 0.075 0.011 0.033 0.05 0.065 0.029 0.024 0.034 0.054 0.012 0.019 0.022 0.102 0.056 0.005 0.016 0.03
244 T 0.07 0.036 0.068 0.042 0.017 0.028 0.04 0.045 0.015 0.05 0.062 0.046 0.019 0.023 0.027 0.091 0.229 0.006 0.018 0.067
245 N 0.043 0.045 0.314 0.083 0.009 0.034 0.05 0.065 0.032 0.023 0.032 0.054 0.011 0.018 0.02 0.07 0.05 0.005 0.016 0.027
246 N 0.043 0.045 0.314 0.083 0.009 0.034 0.05 0.065 0.032 0.023 0.032 0.054 0.011 0.018 0.02 0.07 0.05 0.005 0.016 0.027
247 N 0.043 0.045 0.314 0.083 0.009 0.034 0.05 0.065 0.032 0.023 0.032 0.054 0.011 0.018 0.02 0.07 0.05 0.005 0.016 0.027
248 N 0.043 0.045 0.314 0.083 0.009 0.034 0.05 0.065 0.032 0.023 0.032 0.054 0.011 0.018 0.02 0.07 0.05 0.005 0.016 0.027
249 N 0.043 0.045 0.314 0.083 0.009 0.034 0.05 0.065 0.032 0.023 0.032 0.054 0.011 0.018 0.02 0.07 0.05 0.005 0.016 0.027
250 N 0.043 0.045 0.314 0.083 0.009 0.034 0.05 0.065 0.032 0.023 0.032 0.054 0.011 0.018 0.02 0.07 0.05 0.005 0.016 0.027
251 N 0.043 0.045 0.314 0.083 0.009 0.034 0.05 0.065 0.032 0.023 0.032 0.054 0.011 0.018 0.02 0.07 0.05 0.005 0.016 0.027
252 N 0.049 0.047 0.18 0.086 0.008 0.049 0.174 0.05 0.029 0.022 0.034 0.064 0.012 0.017 0.023 0.062 0.043 0.005 0.016 0.029
253 N 0.045 0.031 0.167 0.05 0.013 0.023 0.033 0.043 0.02 0.148 0.099 0.039 0.024 0.031 0.017 0.047 0.044 0.005 0.018 0.101
254 N 0.042 0.042 0.266 0.151 0.009 0.033 0.058 0.061 0.029 0.022 0.031 0.052 0.011 0.017 0.021 0.066 0.046 0.004 0.015 0.026
255 F 0.039 0.032 0.168 0.05 0.01 0.022 0.034 0.045 0.024 0.046 0.091 0.037 0.02 0.18 0.016 0.047 0.038 0.01 0.047 0.044
256 I 0.06 0.026 0.029 0.027 0.017 0.02 0.028 0.032 0.011 0.164 0.116 0.034 0.028 0.034 0.021 0.059 0.145 0.006 0.019 0.123
257 F 0.034 0.019 0.017 0.017 0.011 0.011 0.019 0.025 0.017 0.063 0.114 0.019 0.025 0.39 0.011 0.025 0.025 0.017 0.088 0.055
258 K 0.057 0.107 0.041 0.041 0.009 0.053 0.07 0.043 0.021 0.027 0.043 0.281 0.015 0.015 0.027 0.053 0.04 0.005 0.017 0.033
259 K 0.056 0.09 0.043 0.044 0.009 0.136 0.086 0.042 0.025 0.027 0.045 0.186 0.018 0.015 0.025 0.054 0.04 0.006 0.019 0.034
260 Y 0.04 0.028 0.022 0.019 0.009 0.022 0.028 0.025 0.047 0.043 0.068 0.031 0.019 0.13 0.016 0.031 0.028 0.028 0.321 0.047
261 N 0.043 0.045 0.32 0.083 0.009 0.034 0.049 0.065 0.031 0.022 0.031 0.054 0.011 0.018 0.02 0.069 0.049 0.004 0.016 0.027
262 L 0.044 0.024 0.014 0.015 0.016 0.016 0.02 0.021 0.01 0.115 0.378 0.025 0.049 0.054 0.014 0.024 0.033 0.007 0.022 0.096
263 F 0.034 0.019 0.017 0.017 0.011 0.011 0.019 0.025 0.017 0.063 0.114 0.019 0.025 0.39 0.011 0.025 0.025 0.017 0.088 0.055
264 S 0.109 0.04 0.054 0.049 0.017 0.033 0.052 0.066 0.019 0.03 0.042 0.054 0.016 0.021 0.03 0.223 0.082 0.005 0.017 0.042
265 F 0.034 0.019 0.017 0.017 0.011 0.011 0.019 0.025 0.017 0.063 0.114 0.019 0.025 0.39 0.011 0.025 0.025 0.017 0.088 0.055
266 L 0.044 0.024 0.014 0.015 0.016 0.016 0.02 0.021 0.01 0.115 0.378 0.025 0.049 0.054 0.014 0.024 0.033 0.007 0.022 0.096
267 F 0.037 0.023 0.019 0.018 0.01 0.016 0.023 0.025 0.032 0.053 0.091 0.025 0.022 0.26 0.013 0.028 0.027 0.022 0.205 0.051
268 L 0.046 0.021 0.014 0.016 0.016 0.015 0.019 0.021 0.009 0.195 0.273 0.024 0.043 0.049 0.014 0.025 0.036 0.006 0.021 0.136
269 S 0.109 0.04 0.054 0.049 0.017 0.033 0.052 0.066 0.019 0.03 0.042 0.054 0.016 0.021 0.03 0.223 0.082 0.005 0.017 0.042
270 S 0.109 0.04 0.054 0.049 0.017 0.033 0.052 0.066 0.019 0.03 0.042 0.054 0.016 0.021 0.03 0.223 0.082 0.005 0.017 0.042
271 V 0.07 0.022 0.016 0.018 0.019 0.016 0.023 0.025 0.008 0.164 0.13 0.026 0.031 0.036 0.016 0.033 0.049 0.005 0.021 0.272
272 I 0.053 0.019 0.015 0.018 0.017 0.014 0.019 0.022 0.009 0.243 0.156 0.024 0.035 0.042 0.015 0.027 0.042 0.006 0.021 0.203
273 L 0.044 0.024 0.014 0.015 0.016 0.016 0.02 0.021 0.01 0.115 0.378 0.025 0.049 0.054 0.014 0.024 0.033 0.007 0.022 0.096
274 L 0.044 0.024 0.014 0.015 0.016 0.016 0.02 0.021 0.01 0.115 0.378 0.025 0.049 0.054 0.014 0.024 0.033 0.007 0.022 0.096
275 S 0.109 0.04 0.054 0.049 0.017 0.033 0.052 0.066 0.019 0.03 0.042 0.054 0.016 0.021 0.03 0.223 0.082 0.005 0.017 0.042
276 A 0.277 0.03 0.025 0.029 0.021 0.025 0.039 0.074 0.014 0.052 0.064 0.043 0.018 0.023 0.029 0.081 0.05 0.005 0.018 0.083
277 L 0.044 0.024 0.014 0.015 0.016 0.016 0.02 0.021 0.01 0.115 0.378 0.025 0.049 0.054 0.014 0.024 0.033 0.007 0.022 0.096
278 S 0.109 0.04 0.054 0.049 0.017 0.033 0.052 0.066 0.019 0.03 0.042 0.054 0.016 0.021 0.03 0.223 0.082 0.005 0.017 0.042
279 F 0.034 0.019 0.017 0.017 0.011 0.011 0.019 0.025 0.017 0.063 0.114 0.019 0.025 0.39 0.011 0.025 0.025 0.017 0.088 0.055
280 S 0.109 0.04 0.054 0.049 0.017 0.033 0.052 0.066 0.019 0.03 0.042 0.054 0.016 0.021 0.03 0.223 0.082 0.005 0.017 0.042
281 P 0.057 0.026 0.023 0.031 0.01 0.021 0.036 0.036 0.013 0.026 0.036 0.041 0.01 0.013 0.496 0.044 0.036 0.003 0.013 0.031
282 V 0.07 0.022 0.016 0.018 0.019 0.016 0.023 0.025 0.008 0.164 0.13 0.026 0.031 0.036 0.016 0.033 0.049 0.005 0.021 0.272
283 L 0.046 0.021 0.014 0.016 0.016 0.015 0.019 0.021 0.009 0.195 0.273 0.024 0.043 0.049 0.014 0.025 0.036 0.006 0.021 0.136
284 S 0.109 0.04 0.054 0.049 0.017 0.033 0.052 0.066 0.019 0.03 0.042 0.054 0.016 0.021 0.03 0.223 0.082 0.005 0.017 0.042
285 I 0.047 0.018 0.015 0.018 0.016 0.013 0.018 0.021 0.009 0.274 0.167 0.023 0.037 0.044 0.015 0.025 0.04 0.006 0.021 0.176
286 R 0.044 0.348 0.039 0.031 0.008 0.048 0.052 0.033 0.023 0.023 0.046 0.12 0.015 0.017 0.019 0.044 0.035 0.006 0.017 0.031
287 L 0.044 0.024 0.014 0.015 0.016 0.016 0.02 0.021 0.01 0.115 0.378 0.025 0.049 0.054 0.014 0.024 0.033 0.007 0.022 0.096
288 Y 0.04 0.028 0.022 0.019 0.009 0.022 0.028 0.025 0.047 0.043 0.068 0.031 0.019 0.13 0.016 0.031 0.028 0.028 0.321 0.047
289 E 0.055 0.049 0.04 0.09 0.007 0.064 0.3 0.035 0.026 0.022 0.037 0.075 0.013 0.017 0.026 0.055 0.037 0.005 0.017 0.031
290 L 0.044 0.024 0.014 0.015 0.016 0.016 0.02 0.021 0.01 0.115 0.378 0.025 0.049 0.054 0.014 0.024 0.033 0.007 0.022 0.096
291 L 0.039 0.022 0.015 0.016 0.013 0.013 0.02 0.023 0.013 0.089 0.246 0.022 0.037 0.222 0.012 0.025 0.029 0.012 0.055 0.075
292 S 0.109 0.04 0.054 0.049 0.017 0.033 0.052 0.066 0.019 0.03 0.042 0.054 0.016 0.021 0.03 0.223 0.082 0.005 0.017 0.042
293 L 0.044 0.024 0.014 0.015 0.016 0.016 0.02 0.021 0.01 0.115 0.378 0.025 0.049 0.054 0.014 0.024 0.033 0.007 0.022 0.096
294 S 0.109 0.04 0.054 0.049 0.017 0.033 0.052 0.066 0.019 0.03 0.042 0.054 0.016 0.021 0.03 0.223 0.082 0.005 0.017 0.042
295 P 0.057 0.026 0.023 0.031 0.01 0.021 0.036 0.036 0.013 0.026 0.036 0.041 0.01 0.013 0.496 0.044 0.036 0.003 0.013 0.031
296 F 0.034 0.019 0.017 0.017 0.011 0.011 0.019 0.025 0.017 0.063 0.114 0.019 0.025 0.39 0.011 0.025 0.025 0.017 0.088 0.055
297 A 0.178 0.026 0.021 0.024 0.02 0.021 0.031 0.051 0.012 0.119 0.1 0.035 0.025 0.03 0.023 0.058 0.048 0.005 0.019 0.157
298 V 0.058 0.02 0.016 0.018 0.018 0.015 0.02 0.023 0.008 0.219 0.148 0.025 0.034 0.04 0.016 0.029 0.044 0.006 0.021 0.224
299 I 0.047 0.018 0.015 0.018 0.016 0.013 0.018 0.021 0.009 0.274 0.167 0.023 0.037 0.044 0.015 0.025 0.04 0.006 0.021 0.176
300 A 0.293 0.031 0.025 0.03 0.022 0.025 0.04 0.078 0.015 0.043 0.059 0.044 0.017 0.022 0.03 0.085 0.05 0.005 0.017 0.069
301 C 0.061 0.017 0.016 0.017 0.385 0.012 0.017 0.03 0.008 0.094 0.087 0.021 0.021 0.025 0.016 0.037 0.037 0.004 0.014 0.082
302 L 0.044 0.024 0.014 0.015 0.016 0.016 0.02 0.021 0.01 0.115 0.378 0.025 0.049 0.054 0.014 0.024 0.033 0.007 0.022 0.096
303 Y 0.04 0.028 0.022 0.019 0.009 0.022 0.028 0.025 0.047 0.043 0.068 0.031 0.019 0.13 0.016 0.031 0.028 0.028 0.321 0.047
304 S 0.149 0.038 0.048 0.045 0.018 0.031 0.05 0.069 0.018 0.032 0.045 0.052 0.016 0.021 0.03 0.194 0.075 0.005 0.017 0.047
305 R 0.051 0.227 0.04 0.036 0.008 0.051 0.061 0.038 0.022 0.025 0.045 0.2 0.015 0.016 0.023 0.049 0.037 0.005 0.017 0.032
306 E 0.074 0.065 0.043 0.066 0.045 0.048 0.173 0.046 0.022 0.026 0.041 0.067 0.014 0.018 0.026 0.113 0.053 0.005 0.017 0.037
307 V 0.058 0.023 0.017 0.018 0.017 0.018 0.023 0.025 0.012 0.129 0.14 0.027 0.059 0.114 0.015 0.032 0.042 0.008 0.036 0.187
308 N 0.05 0.076 0.181 0.062 0.009 0.043 0.06 0.054 0.026 0.025 0.037 0.167 0.013 0.017 0.024 0.061 0.044 0.005 0.016 0.03
309 N 0.043 0.045 0.314 0.083 0.009 0.034 0.05 0.065 0.032 0.023 0.032 0.054 0.011 0.018 0.02 0.07 0.05 0.005 0.016 0.027
310 L 0.052 0.032 0.02 0.02 0.016 0.028 0.028 0.028 0.016 0.101 0.198 0.036 0.157 0.048 0.016 0.036 0.04 0.008 0.024 0.093
311 I 0.045 0.021 0.02 0.045 0.014 0.016 0.025 0.023 0.018 0.207 0.136 0.027 0.031 0.06 0.015 0.028 0.037 0.01 0.084 0.137
312 L 0.049 0.022 0.015 0.016 0.017 0.015 0.02 0.021 0.009 0.167 0.282 0.025 0.043 0.049 0.015 0.026 0.037 0.007 0.021 0.144
313 L 0.039 0.022 0.015 0.016 0.013 0.013 0.02 0.023 0.013 0.089 0.246 0.022 0.037 0.222 0.012 0.025 0.029 0.012 0.055 0.075
314 Y 0.041 0.033 0.031 0.024 0.009 0.026 0.035 0.029 0.135 0.038 0.06 0.035 0.018 0.102 0.017 0.034 0.028 0.022 0.245 0.04
315 R 0.074 0.192 0.044 0.037 0.046 0.039 0.05 0.047 0.02 0.027 0.046 0.084 0.016 0.019 0.023 0.121 0.055 0.005 0.017 0.037
316 D 0.041 0.034 0.14 0.309 0.008 0.031 0.079 0.052 0.022 0.022 0.029 0.047 0.01 0.016 0.022 0.057 0.039 0.004 0.012 0.025
317 R 0.045 0.185 0.026 0.024 0.012 0.032 0.036 0.027 0.016 0.103 0.167 0.072 0.03 0.034 0.017 0.034 0.035 0.006 0.019 0.081
318 K 0.05 0.141 0.12 0.051 0.009 0.047 0.06 0.047 0.024 0.025 0.04 0.182 0.014 0.017 0.024 0.056 0.041 0.005 0.017 0.031
319 L 0.044 0.024 0.014 0.015 0.016 0.016 0.02 0.021 0.01 0.115 0.378 0.025 0.049 0.054 0.014 0.024 0.033 0.007 0.022 0.096
320 A 0.221 0.075 0.026 0.028 0.018 0.027 0.039 0.064 0.016 0.047 0.084 0.052 0.02 0.05 0.026 0.07 0.045 0.006 0.023 0.064
