#Seq2Logo.py -f /work3/idamei/wzy_ssn/run/1e-50/run/150/MSAs/0011_156.afa -o /work3/idamei/wzy_ssn/run/1e-50/run/150/logos/0011_156.logo
#Position Specific Frequency Matrix
A R N D C Q E G H I L K M F P S T W Y V
0 L 0.052 0.032 0.02 0.02 0.016 0.028 0.028 0.028 0.016 0.1 0.197 0.036 0.161 0.048 0.016 0.036 0.04 0.008 0.024 0.092
1 P 0.057 0.026 0.023 0.031 0.01 0.021 0.036 0.036 0.013 0.026 0.036 0.041 0.01 0.013 0.494 0.044 0.036 0.003 0.013 0.031
2 I 0.047 0.018 0.015 0.018 0.016 0.013 0.018 0.021 0.009 0.271 0.168 0.024 0.037 0.044 0.015 0.025 0.04 0.006 0.021 0.177
3 E 0.055 0.05 0.04 0.09 0.007 0.064 0.296 0.035 0.026 0.022 0.037 0.076 0.013 0.017 0.026 0.055 0.037 0.006 0.017 0.031
4 I 0.047 0.018 0.015 0.018 0.016 0.013 0.018 0.021 0.009 0.271 0.168 0.024 0.037 0.044 0.015 0.025 0.04 0.006 0.021 0.177
5 A 0.29 0.031 0.026 0.03 0.022 0.026 0.04 0.078 0.015 0.043 0.059 0.045 0.018 0.022 0.03 0.085 0.05 0.005 0.018 0.069
6 I 0.047 0.018 0.015 0.018 0.016 0.013 0.018 0.021 0.009 0.271 0.168 0.024 0.037 0.044 0.015 0.025 0.04 0.006 0.021 0.177
7 L 0.051 0.032 0.02 0.02 0.016 0.028 0.028 0.028 0.016 0.099 0.194 0.036 0.172 0.048 0.016 0.036 0.04 0.008 0.024 0.091
8 V 0.063 0.024 0.023 0.023 0.018 0.018 0.026 0.028 0.01 0.165 0.121 0.03 0.029 0.034 0.019 0.047 0.106 0.006 0.02 0.189
9 I 0.047 0.018 0.015 0.018 0.016 0.013 0.018 0.021 0.009 0.268 0.169 0.024 0.037 0.044 0.015 0.025 0.04 0.006 0.021 0.177
10 L 0.046 0.026 0.016 0.016 0.016 0.019 0.022 0.023 0.012 0.11 0.33 0.028 0.084 0.052 0.015 0.027 0.035 0.007 0.022 0.094
11 F 0.049 0.021 0.022 0.021 0.012 0.014 0.021 0.164 0.014 0.065 0.166 0.025 0.027 0.189 0.014 0.032 0.029 0.011 0.047 0.057
12 A 0.153 0.027 0.021 0.023 0.017 0.021 0.03 0.048 0.015 0.074 0.109 0.033 0.052 0.135 0.02 0.053 0.04 0.009 0.039 0.082
13 Y 0.04 0.028 0.021 0.018 0.009 0.021 0.028 0.025 0.046 0.043 0.068 0.031 0.018 0.129 0.015 0.031 0.028 0.028 0.327 0.046
14 C 0.059 0.016 0.016 0.016 0.355 0.012 0.016 0.029 0.008 0.112 0.093 0.021 0.022 0.027 0.016 0.036 0.037 0.005 0.014 0.09
15 F 0.049 0.02 0.016 0.017 0.014 0.013 0.021 0.025 0.013 0.105 0.119 0.022 0.028 0.241 0.013 0.028 0.035 0.012 0.059 0.151
16 L 0.044 0.024 0.014 0.015 0.016 0.016 0.02 0.021 0.01 0.114 0.384 0.025 0.049 0.054 0.014 0.024 0.033 0.007 0.022 0.095
17 C 0.059 0.016 0.016 0.016 0.355 0.012 0.016 0.029 0.008 0.112 0.093 0.021 0.022 0.027 0.016 0.036 0.037 0.005 0.014 0.09
18 I 0.046 0.019 0.014 0.017 0.016 0.014 0.018 0.021 0.009 0.233 0.228 0.024 0.04 0.047 0.014 0.024 0.037 0.006 0.021 0.152
19 I 0.119 0.022 0.018 0.021 0.017 0.017 0.024 0.037 0.011 0.206 0.136 0.03 0.036 0.037 0.019 0.042 0.042 0.006 0.02 0.14
20 T 0.137 0.034 0.038 0.035 0.019 0.027 0.039 0.053 0.014 0.05 0.063 0.045 0.019 0.023 0.028 0.089 0.198 0.006 0.017 0.069
21 L 0.044 0.021 0.015 0.016 0.015 0.014 0.019 0.021 0.01 0.179 0.257 0.023 0.041 0.091 0.014 0.024 0.035 0.008 0.029 0.124
22 L 0.053 0.02 0.018 0.019 0.073 0.015 0.019 0.103 0.01 0.161 0.193 0.025 0.033 0.039 0.015 0.031 0.035 0.006 0.018 0.113
23 L 0.041 0.022 0.015 0.015 0.014 0.014 0.02 0.022 0.012 0.099 0.307 0.023 0.042 0.152 0.013 0.024 0.031 0.01 0.041 0.083
24 T 0.081 0.036 0.045 0.039 0.017 0.028 0.042 0.048 0.015 0.055 0.062 0.046 0.019 0.023 0.027 0.129 0.198 0.006 0.018 0.066
25 F 0.038 0.018 0.016 0.017 0.012 0.011 0.018 0.023 0.014 0.134 0.13 0.02 0.029 0.281 0.012 0.025 0.03 0.013 0.066 0.093
26 F 0.042 0.019 0.016 0.017 0.013 0.012 0.019 0.025 0.014 0.101 0.12 0.021 0.027 0.293 0.012 0.027 0.031 0.013 0.068 0.11
27 D 0.064 0.045 0.057 0.201 0.011 0.086 0.082 0.05 0.022 0.025 0.037 0.06 0.014 0.016 0.024 0.104 0.05 0.005 0.015 0.032
28 K 0.057 0.107 0.042 0.042 0.009 0.054 0.071 0.043 0.021 0.028 0.043 0.278 0.016 0.016 0.028 0.054 0.04 0.005 0.017 0.033
29 S 0.11 0.04 0.054 0.049 0.018 0.033 0.052 0.066 0.019 0.03 0.042 0.054 0.016 0.021 0.03 0.22 0.082 0.005 0.018 0.042
30 E 0.055 0.05 0.04 0.09 0.007 0.064 0.296 0.035 0.026 0.022 0.037 0.076 0.013 0.017 0.026 0.055 0.037 0.006 0.017 0.031
31 N 0.043 0.045 0.317 0.083 0.009 0.034 0.049 0.065 0.032 0.022 0.032 0.054 0.011 0.018 0.02 0.07 0.049 0.004 0.016 0.027
32 K 0.079 0.077 0.046 0.044 0.012 0.044 0.062 0.052 0.02 0.028 0.042 0.188 0.015 0.018 0.028 0.129 0.057 0.005 0.017 0.036
33 K 0.051 0.212 0.04 0.036 0.008 0.051 0.062 0.038 0.022 0.025 0.044 0.216 0.015 0.016 0.024 0.049 0.037 0.005 0.017 0.032
34 Q 0.066 0.055 0.048 0.044 0.011 0.116 0.072 0.046 0.109 0.027 0.044 0.066 0.018 0.025 0.024 0.101 0.048 0.007 0.041 0.034
35 F 0.034 0.019 0.017 0.017 0.011 0.011 0.019 0.025 0.017 0.063 0.114 0.019 0.025 0.387 0.011 0.025 0.025 0.017 0.089 0.055
36 K 0.048 0.152 0.033 0.031 0.009 0.04 0.05 0.034 0.019 0.042 0.075 0.163 0.019 0.096 0.02 0.043 0.035 0.008 0.032 0.049
37 L 0.047 0.038 0.022 0.024 0.014 0.076 0.043 0.027 0.015 0.089 0.288 0.044 0.041 0.043 0.017 0.033 0.035 0.007 0.022 0.078
38 C 0.05 0.026 0.104 0.035 0.15 0.019 0.026 0.036 0.015 0.116 0.129 0.031 0.025 0.031 0.016 0.042 0.04 0.005 0.017 0.087
39 Y 0.04 0.028 0.021 0.018 0.009 0.021 0.028 0.025 0.046 0.043 0.068 0.031 0.018 0.129 0.015 0.031 0.028 0.028 0.327 0.046
40 V 0.063 0.02 0.016 0.018 0.018 0.015 0.021 0.023 0.008 0.196 0.139 0.025 0.033 0.038 0.016 0.03 0.046 0.006 0.02 0.249
41 F 0.036 0.02 0.016 0.016 0.012 0.012 0.019 0.024 0.015 0.077 0.19 0.021 0.032 0.298 0.011 0.025 0.027 0.014 0.069 0.066
42 L 0.048 0.023 0.014 0.016 0.016 0.016 0.02 0.021 0.009 0.142 0.316 0.025 0.044 0.05 0.014 0.025 0.036 0.007 0.022 0.135
43 F 0.032 0.02 0.016 0.016 0.009 0.012 0.02 0.027 0.016 0.049 0.087 0.02 0.021 0.252 0.009 0.024 0.024 0.224 0.079 0.044
44 I 0.092 0.023 0.023 0.024 0.016 0.018 0.026 0.036 0.012 0.181 0.135 0.031 0.03 0.066 0.019 0.067 0.046 0.007 0.025 0.124
45 C 0.058 0.018 0.015 0.016 0.355 0.013 0.017 0.029 0.009 0.064 0.156 0.021 0.025 0.03 0.015 0.036 0.035 0.005 0.015 0.067
46 L 0.044 0.024 0.014 0.015 0.016 0.016 0.02 0.021 0.01 0.114 0.384 0.025 0.049 0.054 0.014 0.024 0.033 0.007 0.022 0.095
47 I 0.054 0.022 0.016 0.018 0.017 0.017 0.021 0.023 0.01 0.21 0.161 0.026 0.063 0.042 0.015 0.029 0.042 0.006 0.021 0.187
48 G 0.07 0.026 0.033 0.029 0.151 0.02 0.028 0.155 0.012 0.051 0.059 0.034 0.017 0.021 0.021 0.064 0.129 0.005 0.014 0.059
49 W 0.03 0.022 0.015 0.015 0.007 0.015 0.022 0.03 0.015 0.03 0.052 0.022 0.015 0.06 0.007 0.022 0.022 0.5 0.067 0.03
50 S 0.108 0.04 0.053 0.048 0.017 0.033 0.052 0.065 0.019 0.029 0.041 0.053 0.015 0.021 0.029 0.231 0.081 0.005 0.017 0.041
51 I 0.046 0.017 0.014 0.017 0.016 0.013 0.017 0.02 0.009 0.281 0.166 0.023 0.036 0.044 0.014 0.025 0.039 0.006 0.02 0.174
52 V 0.061 0.022 0.016 0.017 0.018 0.016 0.022 0.023 0.009 0.153 0.203 0.025 0.036 0.041 0.016 0.03 0.044 0.006 0.021 0.222
53 C 0.132 0.03 0.034 0.033 0.154 0.024 0.037 0.055 0.014 0.047 0.058 0.04 0.017 0.022 0.024 0.13 0.059 0.005 0.016 0.07
54 R 0.044 0.354 0.038 0.031 0.008 0.048 0.052 0.032 0.023 0.023 0.046 0.119 0.015 0.017 0.019 0.044 0.034 0.006 0.017 0.031
55 N 0.049 0.035 0.157 0.05 0.012 0.025 0.037 0.047 0.022 0.044 0.075 0.041 0.018 0.113 0.019 0.063 0.102 0.008 0.034 0.049
56 A 0.152 0.034 0.11 0.041 0.014 0.026 0.039 0.058 0.028 0.037 0.053 0.043 0.016 0.051 0.023 0.064 0.043 0.011 0.105 0.05
57 V 0.146 0.029 0.029 0.03 0.019 0.024 0.036 0.051 0.013 0.09 0.084 0.039 0.023 0.027 0.024 0.104 0.058 0.005 0.019 0.151
58 L 0.045 0.02 0.014 0.016 0.016 0.014 0.019 0.021 0.009 0.209 0.259 0.024 0.042 0.048 0.014 0.024 0.037 0.006 0.021 0.14
59 Q 0.055 0.072 0.043 0.046 0.009 0.226 0.101 0.041 0.029 0.026 0.046 0.09 0.02 0.014 0.023 0.055 0.041 0.006 0.02 0.035
60 Q 0.055 0.072 0.043 0.046 0.009 0.226 0.101 0.041 0.029 0.026 0.046 0.09 0.02 0.014 0.023 0.055 0.041 0.006 0.02 0.035
61 D 0.04 0.029 0.068 0.406 0.007 0.029 0.09 0.046 0.018 0.022 0.028 0.044 0.009 0.015 0.022 0.051 0.035 0.004 0.011 0.024
62 L 0.048 0.026 0.017 0.018 0.016 0.021 0.023 0.024 0.013 0.148 0.234 0.03 0.108 0.048 0.015 0.03 0.038 0.007 0.022 0.113
63 L 0.046 0.024 0.016 0.017 0.016 0.016 0.021 0.022 0.01 0.139 0.323 0.026 0.045 0.05 0.015 0.029 0.05 0.007 0.021 0.107
64 V 0.069 0.022 0.016 0.018 0.019 0.016 0.023 0.024 0.008 0.162 0.128 0.026 0.031 0.035 0.016 0.032 0.049 0.005 0.02 0.28
65 Y 0.04 0.028 0.021 0.018 0.009 0.021 0.028 0.025 0.046 0.043 0.067 0.031 0.018 0.129 0.015 0.031 0.028 0.028 0.328 0.046
66 S 0.094 0.038 0.045 0.041 0.017 0.031 0.046 0.056 0.018 0.047 0.079 0.049 0.055 0.027 0.026 0.182 0.07 0.006 0.019 0.054
67 E 0.054 0.049 0.04 0.089 0.007 0.064 0.307 0.034 0.025 0.022 0.036 0.074 0.013 0.016 0.025 0.054 0.036 0.005 0.016 0.031
68 A 0.201 0.027 0.022 0.025 0.02 0.022 0.033 0.055 0.012 0.09 0.086 0.037 0.023 0.027 0.024 0.064 0.056 0.005 0.018 0.151
69 L 0.051 0.032 0.02 0.02 0.016 0.028 0.028 0.028 0.016 0.099 0.194 0.036 0.173 0.047 0.016 0.036 0.04 0.008 0.024 0.091
70 T 0.071 0.053 0.043 0.039 0.015 0.034 0.047 0.044 0.016 0.045 0.057 0.106 0.018 0.021 0.027 0.092 0.19 0.006 0.017 0.058
71 Y 0.04 0.028 0.021 0.018 0.009 0.021 0.028 0.025 0.046 0.043 0.067 0.031 0.018 0.129 0.015 0.031 0.028 0.028 0.328 0.046
72 D 0.05 0.029 0.088 0.278 0.008 0.027 0.069 0.166 0.018 0.021 0.028 0.042 0.009 0.015 0.021 0.053 0.035 0.004 0.011 0.024
73 W 0.04 0.022 0.015 0.016 0.01 0.015 0.023 0.028 0.013 0.063 0.071 0.023 0.019 0.054 0.01 0.025 0.029 0.376 0.055 0.092
74 D 0.041 0.03 0.069 0.397 0.008 0.03 0.091 0.047 0.019 0.022 0.028 0.045 0.009 0.015 0.022 0.052 0.035 0.004 0.011 0.024
75 S 0.094 0.04 0.051 0.078 0.015 0.036 0.09 0.058 0.019 0.032 0.043 0.055 0.015 0.02 0.028 0.186 0.07 0.005 0.017 0.047
76 F 0.033 0.019 0.017 0.017 0.01 0.01 0.019 0.025 0.017 0.062 0.113 0.019 0.025 0.396 0.01 0.025 0.025 0.017 0.087 0.054
77 F 0.037 0.024 0.02 0.018 0.01 0.017 0.024 0.025 0.034 0.051 0.085 0.026 0.021 0.234 0.013 0.028 0.027 0.023 0.233 0.049
78 K 0.069 0.089 0.044 0.043 0.011 0.048 0.065 0.048 0.02 0.028 0.042 0.23 0.015 0.017 0.028 0.097 0.05 0.005 0.017 0.035
79 T 0.09 0.037 0.048 0.043 0.017 0.03 0.045 0.054 0.016 0.041 0.053 0.049 0.017 0.022 0.028 0.161 0.169 0.005 0.017 0.056
80 F 0.034 0.019 0.016 0.017 0.011 0.011 0.019 0.025 0.016 0.066 0.132 0.019 0.027 0.372 0.011 0.025 0.026 0.016 0.083 0.057
81 Y 0.04 0.028 0.021 0.018 0.009 0.021 0.028 0.025 0.046 0.043 0.067 0.031 0.018 0.129 0.015 0.031 0.028 0.028 0.328 0.046
82 T 0.062 0.028 0.03 0.027 0.016 0.02 0.03 0.034 0.013 0.082 0.092 0.033 0.024 0.119 0.02 0.06 0.147 0.008 0.036 0.118
83 L 0.044 0.024 0.014 0.015 0.016 0.016 0.02 0.021 0.01 0.114 0.385 0.025 0.049 0.054 0.014 0.024 0.033 0.007 0.022 0.095
84 R 0.044 0.355 0.038 0.031 0.008 0.048 0.052 0.032 0.023 0.023 0.046 0.118 0.015 0.017 0.019 0.044 0.034 0.006 0.017 0.031
85 E 0.054 0.049 0.04 0.089 0.007 0.064 0.307 0.034 0.025 0.022 0.036 0.074 0.013 0.016 0.025 0.054 0.036 0.005 0.016 0.031
86 P 0.056 0.025 0.023 0.031 0.01 0.02 0.036 0.036 0.013 0.025 0.036 0.041 0.01 0.013 0.501 0.043 0.036 0.003 0.013 0.031
87 V 0.067 0.021 0.016 0.018 0.019 0.016 0.022 0.024 0.008 0.175 0.132 0.025 0.032 0.036 0.016 0.032 0.048 0.005 0.02 0.268
88 Y 0.04 0.028 0.021 0.018 0.009 0.021 0.028 0.025 0.046 0.043 0.067 0.031 0.018 0.129 0.015 0.031 0.028 0.028 0.328 0.046
89 W 0.03 0.022 0.015 0.015 0.007 0.015 0.022 0.03 0.015 0.03 0.052 0.022 0.015 0.06 0.007 0.022 0.022 0.5 0.067 0.03
90 L 0.051 0.022 0.015 0.016 0.017 0.015 0.02 0.022 0.009 0.168 0.266 0.025 0.041 0.047 0.015 0.026 0.038 0.006 0.021 0.161
91 S 0.099 0.038 0.051 0.045 0.017 0.031 0.048 0.06 0.018 0.035 0.047 0.051 0.016 0.021 0.029 0.196 0.125 0.005 0.017 0.048
92 S 0.108 0.04 0.053 0.048 0.017 0.033 0.052 0.065 0.019 0.029 0.041 0.053 0.015 0.021 0.029 0.231 0.081 0.005 0.017 0.041
93 K 0.061 0.085 0.04 0.039 0.009 0.044 0.059 0.161 0.019 0.025 0.039 0.225 0.014 0.015 0.025 0.052 0.037 0.005 0.015 0.03
94 Y 0.048 0.024 0.019 0.018 0.013 0.018 0.024 0.024 0.028 0.117 0.103 0.027 0.025 0.109 0.015 0.03 0.035 0.017 0.179 0.128
95 L 0.044 0.024 0.014 0.015 0.016 0.016 0.02 0.021 0.01 0.114 0.385 0.025 0.049 0.054 0.014 0.024 0.033 0.007 0.022 0.095
96 F 0.037 0.023 0.019 0.018 0.01 0.016 0.023 0.025 0.031 0.053 0.09 0.025 0.022 0.262 0.013 0.028 0.026 0.022 0.208 0.05
97 E 0.064 0.042 0.06 0.146 0.01 0.047 0.187 0.046 0.022 0.024 0.035 0.062 0.013 0.017 0.025 0.099 0.048 0.005 0.015 0.032
98 L 0.039 0.021 0.015 0.016 0.013 0.013 0.019 0.023 0.013 0.088 0.249 0.022 0.037 0.225 0.012 0.024 0.029 0.012 0.055 0.074
99 L 0.042 0.021 0.015 0.016 0.015 0.014 0.019 0.022 0.011 0.143 0.262 0.023 0.04 0.137 0.013 0.024 0.033 0.009 0.038 0.104
100 H 0.049 0.073 0.047 0.039 0.008 0.044 0.06 0.04 0.192 0.026 0.041 0.158 0.015 0.023 0.023 0.048 0.041 0.006 0.037 0.029
101 S 0.076 0.04 0.122 0.112 0.013 0.036 0.084 0.059 0.023 0.026 0.036 0.054 0.013 0.019 0.025 0.146 0.061 0.005 0.016 0.034
102 N 0.048 0.041 0.19 0.073 0.009 0.038 0.11 0.051 0.026 0.023 0.033 0.056 0.011 0.016 0.124 0.06 0.043 0.004 0.015 0.029
103 V 0.058 0.02 0.015 0.017 0.017 0.015 0.02 0.022 0.008 0.222 0.147 0.024 0.034 0.039 0.015 0.029 0.044 0.006 0.02 0.227
104 L 0.042 0.023 0.015 0.015 0.015 0.015 0.02 0.022 0.011 0.109 0.319 0.024 0.043 0.127 0.013 0.024 0.031 0.009 0.036 0.089
105 V 0.069 0.022 0.016 0.018 0.019 0.016 0.023 0.024 0.008 0.162 0.128 0.026 0.031 0.035 0.016 0.032 0.049 0.005 0.02 0.28
106 F 0.036 0.02 0.016 0.016 0.012 0.012 0.019 0.024 0.015 0.075 0.181 0.02 0.031 0.31 0.011 0.025 0.027 0.014 0.071 0.064
107 I 0.052 0.018 0.015 0.017 0.017 0.014 0.019 0.021 0.009 0.252 0.156 0.024 0.035 0.041 0.015 0.027 0.042 0.006 0.02 0.2
108 I 0.046 0.018 0.015 0.017 0.015 0.013 0.018 0.022 0.011 0.212 0.148 0.022 0.033 0.131 0.014 0.026 0.037 0.008 0.037 0.157
109 L 0.045 0.022 0.015 0.015 0.133 0.015 0.02 0.026 0.011 0.075 0.221 0.023 0.032 0.047 0.013 0.028 0.031 0.129 0.031 0.069
110 D 0.04 0.029 0.068 0.406 0.007 0.029 0.09 0.046 0.018 0.022 0.028 0.044 0.009 0.015 0.022 0.051 0.035 0.004 0.011 0.024
111 T 0.114 0.029 0.031 0.03 0.018 0.023 0.033 0.044 0.012 0.116 0.092 0.038 0.024 0.029 0.024 0.071 0.151 0.006 0.018 0.099
112 I 0.05 0.018 0.015 0.017 0.016 0.014 0.018 0.021 0.009 0.263 0.159 0.024 0.035 0.042 0.015 0.026 0.041 0.006 0.02 0.191
113 F 0.103 0.021 0.018 0.02 0.015 0.015 0.024 0.037 0.014 0.112 0.112 0.026 0.026 0.214 0.016 0.04 0.035 0.011 0.053 0.088
114 L 0.039 0.021 0.015 0.016 0.013 0.013 0.019 0.023 0.013 0.088 0.249 0.022 0.037 0.225 0.012 0.024 0.029 0.012 0.055 0.074
115 S 0.099 0.038 0.051 0.045 0.017 0.031 0.048 0.06 0.018 0.035 0.047 0.051 0.016 0.021 0.029 0.196 0.125 0.005 0.017 0.048
116 A 0.178 0.027 0.02 0.023 0.019 0.021 0.031 0.05 0.012 0.09 0.158 0.035 0.029 0.033 0.022 0.056 0.045 0.006 0.019 0.128
117 L 0.043 0.024 0.014 0.015 0.016 0.016 0.02 0.021 0.01 0.11 0.365 0.024 0.047 0.078 0.014 0.024 0.032 0.008 0.027 0.092
118 V 0.069 0.024 0.022 0.022 0.019 0.018 0.026 0.028 0.009 0.143 0.116 0.03 0.029 0.033 0.019 0.045 0.093 0.006 0.02 0.231
119 F 0.038 0.022 0.017 0.017 0.012 0.015 0.021 0.024 0.022 0.07 0.169 0.023 0.029 0.244 0.013 0.026 0.028 0.017 0.131 0.062
120 A 0.191 0.03 0.03 0.031 0.019 0.024 0.038 0.06 0.014 0.086 0.077 0.041 0.021 0.026 0.026 0.107 0.056 0.005 0.018 0.099
121 G 0.116 0.024 0.032 0.029 0.133 0.019 0.027 0.285 0.013 0.03 0.043 0.033 0.013 0.018 0.021 0.067 0.038 0.005 0.013 0.041
122 Y 0.04 0.028 0.021 0.018 0.009 0.021 0.028 0.025 0.046 0.043 0.067 0.031 0.018 0.129 0.015 0.031 0.028 0.028 0.328 0.046
123 K 0.052 0.09 0.044 0.04 0.008 0.049 0.065 0.041 0.106 0.026 0.041 0.228 0.015 0.019 0.025 0.05 0.036 0.006 0.027 0.03
124 Y 0.109 0.048 0.027 0.027 0.012 0.03 0.041 0.042 0.032 0.039 0.059 0.099 0.017 0.074 0.022 0.049 0.036 0.016 0.173 0.048
125 K 0.052 0.088 0.066 0.109 0.008 0.047 0.072 0.045 0.021 0.026 0.039 0.228 0.014 0.015 0.026 0.054 0.039 0.005 0.016 0.03
126 L 0.05 0.02 0.015 0.017 0.016 0.014 0.019 0.021 0.009 0.212 0.221 0.024 0.039 0.045 0.015 0.026 0.039 0.006 0.021 0.17
127 K 0.056 0.106 0.041 0.041 0.008 0.053 0.07 0.043 0.02 0.027 0.043 0.289 0.015 0.015 0.027 0.053 0.039 0.005 0.017 0.032
128 P 0.056 0.025 0.023 0.031 0.01 0.02 0.036 0.036 0.013 0.025 0.036 0.041 0.01 0.013 0.501 0.043 0.036 0.003 0.013 0.031
129 Y 0.04 0.028 0.021 0.018 0.009 0.021 0.028 0.025 0.046 0.043 0.067 0.031 0.018 0.129 0.015 0.031 0.028 0.028 0.328 0.046
130 F 0.033 0.019 0.017 0.017 0.01 0.01 0.019 0.025 0.017 0.062 0.113 0.019 0.025 0.396 0.01 0.025 0.025 0.017 0.087 0.054
131 I 0.052 0.018 0.015 0.017 0.017 0.014 0.019 0.021 0.009 0.252 0.156 0.024 0.035 0.041 0.015 0.027 0.042 0.006 0.02 0.2
132 L 0.044 0.024 0.014 0.015 0.016 0.016 0.02 0.021 0.01 0.114 0.385 0.025 0.049 0.054 0.014 0.024 0.033 0.007 0.022 0.095
133 L 0.05 0.023 0.015 0.016 0.017 0.016 0.021 0.022 0.009 0.126 0.321 0.025 0.044 0.049 0.015 0.026 0.037 0.007 0.022 0.141
134 F 0.033 0.019 0.017 0.017 0.01 0.01 0.019 0.025 0.017 0.062 0.113 0.019 0.025 0.396 0.01 0.025 0.025 0.017 0.087 0.054
135 I 0.043 0.018 0.015 0.017 0.015 0.012 0.018 0.021 0.011 0.227 0.152 0.022 0.033 0.132 0.013 0.025 0.036 0.009 0.037 0.144
136 L 0.044 0.024 0.014 0.015 0.016 0.016 0.02 0.021 0.01 0.114 0.385 0.025 0.049 0.054 0.014 0.024 0.033 0.007 0.022 0.095
137 F 0.033 0.019 0.017 0.017 0.01 0.01 0.019 0.025 0.017 0.062 0.113 0.019 0.025 0.396 0.01 0.025 0.025 0.017 0.087 0.054
138 F 0.033 0.019 0.017 0.017 0.01 0.01 0.019 0.025 0.017 0.062 0.113 0.019 0.025 0.396 0.01 0.025 0.025 0.017 0.087 0.054
139 P 0.056 0.025 0.023 0.031 0.01 0.02 0.036 0.036 0.013 0.025 0.036 0.041 0.01 0.013 0.501 0.043 0.036 0.003 0.013 0.031
140 N 0.059 0.043 0.259 0.073 0.011 0.033 0.049 0.065 0.028 0.024 0.034 0.053 0.012 0.018 0.022 0.109 0.057 0.005 0.016 0.03
141 L 0.056 0.023 0.015 0.016 0.017 0.016 0.021 0.023 0.009 0.142 0.258 0.025 0.04 0.045 0.015 0.028 0.04 0.006 0.021 0.183
142 L 0.051 0.032 0.02 0.02 0.016 0.028 0.028 0.028 0.016 0.099 0.194 0.036 0.173 0.047 0.016 0.036 0.04 0.008 0.024 0.091
143 G 0.077 0.023 0.039 0.033 0.011 0.019 0.025 0.517 0.013 0.019 0.028 0.033 0.009 0.016 0.019 0.051 0.029 0.005 0.011 0.024
144 F 0.037 0.018 0.016 0.017 0.012 0.011 0.018 0.024 0.015 0.117 0.126 0.02 0.028 0.308 0.011 0.025 0.029 0.014 0.071 0.084
145 L 0.044 0.024 0.014 0.015 0.016 0.016 0.02 0.021 0.01 0.114 0.385 0.025 0.049 0.054 0.014 0.024 0.033 0.007 0.022 0.095
146 N 0.042 0.044 0.327 0.082 0.009 0.033 0.049 0.064 0.031 0.022 0.031 0.053 0.011 0.018 0.02 0.069 0.049 0.004 0.015 0.027
147 V 0.061 0.02 0.016 0.018 0.018 0.015 0.021 0.023 0.008 0.207 0.142 0.025 0.033 0.038 0.016 0.029 0.045 0.006 0.02 0.24
148 Y 0.04 0.028 0.021 0.018 0.009 0.021 0.028 0.025 0.046 0.043 0.067 0.031 0.018 0.129 0.015 0.031 0.028 0.028 0.328 0.046
149 R 0.044 0.355 0.038 0.031 0.008 0.048 0.052 0.032 0.023 0.023 0.046 0.118 0.015 0.017 0.019 0.044 0.034 0.006 0.017 0.031
150 Q 0.055 0.072 0.043 0.046 0.009 0.226 0.101 0.041 0.029 0.026 0.046 0.09 0.02 0.014 0.023 0.055 0.041 0.006 0.02 0.035
151 F 0.035 0.021 0.018 0.017 0.01 0.013 0.021 0.025 0.024 0.058 0.101 0.022 0.023 0.329 0.012 0.026 0.026 0.019 0.148 0.052
152 L 0.044 0.022 0.014 0.016 0.016 0.015 0.019 0.021 0.01 0.156 0.33 0.025 0.046 0.051 0.014 0.024 0.034 0.007 0.022 0.115
153 A 0.253 0.033 0.032 0.034 0.02 0.027 0.043 0.074 0.016 0.039 0.054 0.046 0.017 0.021 0.029 0.121 0.057 0.005 0.017 0.061
154 T 0.072 0.035 0.043 0.037 0.018 0.027 0.039 0.043 0.014 0.053 0.064 0.045 0.019 0.023 0.027 0.091 0.258 0.006 0.018 0.07
155 I 0.05 0.018 0.015 0.017 0.016 0.014 0.018 0.021 0.009 0.26 0.159 0.024 0.035 0.042 0.015 0.026 0.041 0.006 0.02 0.193
156 F 0.167 0.025 0.021 0.023 0.016 0.018 0.029 0.051 0.015 0.054 0.095 0.032 0.022 0.196 0.02 0.054 0.037 0.011 0.05 0.062
157 L 0.044 0.024 0.014 0.015 0.016 0.016 0.02 0.021 0.01 0.114 0.385 0.025 0.049 0.054 0.014 0.024 0.033 0.007 0.022 0.095
158 F 0.033 0.019 0.017 0.017 0.01 0.01 0.019 0.025 0.017 0.062 0.113 0.019 0.025 0.396 0.01 0.025 0.025 0.017 0.087 0.054
159 L 0.053 0.019 0.015 0.016 0.135 0.014 0.018 0.024 0.009 0.165 0.19 0.023 0.034 0.039 0.015 0.029 0.038 0.006 0.019 0.138
160 C 0.079 0.024 0.029 0.027 0.332 0.019 0.028 0.043 0.012 0.039 0.057 0.031 0.016 0.02 0.021 0.103 0.051 0.004 0.014 0.051
161 F 0.033 0.019 0.017 0.017 0.01 0.01 0.019 0.025 0.017 0.062 0.113 0.019 0.025 0.396 0.01 0.025 0.025 0.017 0.087 0.054
162 F 0.036 0.02 0.016 0.016 0.012 0.012 0.019 0.024 0.015 0.075 0.181 0.02 0.031 0.31 0.011 0.025 0.027 0.014 0.071 0.064
163 L 0.048 0.028 0.017 0.017 0.016 0.022 0.024 0.024 0.013 0.106 0.289 0.03 0.111 0.051 0.015 0.03 0.036 0.007 0.023 0.093
164 L 0.05 0.023 0.015 0.016 0.017 0.016 0.021 0.022 0.009 0.126 0.321 0.025 0.044 0.049 0.015 0.026 0.037 0.007 0.022 0.141
165 Y 0.04 0.027 0.021 0.018 0.009 0.021 0.027 0.025 0.045 0.044 0.069 0.03 0.019 0.138 0.015 0.031 0.027 0.027 0.319 0.046
166 H 0.048 0.061 0.047 0.051 0.008 0.048 0.12 0.038 0.194 0.024 0.039 0.113 0.015 0.023 0.023 0.047 0.032 0.006 0.037 0.027
167 N 0.042 0.044 0.327 0.082 0.009 0.033 0.049 0.064 0.031 0.022 0.031 0.053 0.011 0.018 0.02 0.069 0.049 0.004 0.015 0.027
168 L 0.043 0.076 0.105 0.039 0.011 0.03 0.039 0.037 0.105 0.057 0.167 0.049 0.027 0.034 0.017 0.042 0.035 0.006 0.028 0.052
169 N 0.041 0.031 0.171 0.049 0.011 0.022 0.033 0.043 0.022 0.097 0.085 0.037 0.021 0.119 0.016 0.047 0.04 0.008 0.035 0.07
170 G 0.062 0.12 0.07 0.039 0.009 0.032 0.041 0.28 0.019 0.021 0.035 0.093 0.012 0.016 0.02 0.051 0.034 0.005 0.014 0.027
171 F 0.034 0.019 0.017 0.017 0.011 0.011 0.019 0.025 0.017 0.063 0.114 0.019 0.025 0.387 0.011 0.025 0.025 0.017 0.089 0.055
172 S 0.11 0.04 0.054 0.049 0.018 0.033 0.052 0.066 0.019 0.03 0.042 0.054 0.016 0.021 0.03 0.22 0.082 0.005 0.018 0.042
173 S 0.09 0.034 0.044 0.04 0.016 0.027 0.043 0.055 0.018 0.038 0.059 0.045 0.018 0.114 0.025 0.18 0.067 0.008 0.035 0.045
174 R 0.047 0.215 0.111 0.046 0.008 0.045 0.055 0.043 0.024 0.024 0.041 0.145 0.014 0.017 0.021 0.052 0.039 0.005 0.017 0.03
175 L 0.039 0.021 0.015 0.016 0.013 0.013 0.019 0.023 0.013 0.088 0.249 0.022 0.037 0.225 0.012 0.024 0.029 0.012 0.055 0.074
176 I 0.045 0.021 0.016 0.018 0.015 0.016 0.02 0.023 0.012 0.183 0.169 0.025 0.068 0.12 0.014 0.027 0.036 0.009 0.036 0.125
177 Y 0.038 0.025 0.02 0.018 0.009 0.019 0.025 0.025 0.039 0.048 0.079 0.028 0.02 0.196 0.014 0.029 0.027 0.025 0.268 0.048
178 L 0.044 0.022 0.014 0.016 0.016 0.015 0.019 0.021 0.01 0.156 0.33 0.025 0.046 0.051 0.014 0.024 0.034 0.007 0.022 0.115
179 L 0.101 0.024 0.018 0.02 0.018 0.018 0.025 0.033 0.01 0.144 0.184 0.029 0.033 0.038 0.018 0.04 0.051 0.006 0.02 0.171
180 S 0.156 0.037 0.046 0.043 0.018 0.031 0.049 0.068 0.018 0.033 0.046 0.051 0.016 0.021 0.029 0.195 0.073 0.005 0.017 0.048
181 L 0.046 0.021 0.015 0.016 0.133 0.014 0.019 0.025 0.011 0.083 0.237 0.022 0.035 0.131 0.014 0.028 0.032 0.009 0.036 0.075
182 F 0.034 0.019 0.016 0.016 0.011 0.011 0.019 0.025 0.016 0.068 0.142 0.019 0.028 0.359 0.011 0.025 0.026 0.016 0.08 0.059
183 I 0.067 0.027 0.031 0.03 0.017 0.021 0.031 0.036 0.012 0.162 0.11 0.036 0.027 0.033 0.021 0.088 0.111 0.006 0.019 0.116
184 H 0.041 0.045 0.053 0.038 0.007 0.038 0.053 0.038 0.365 0.023 0.038 0.045 0.015 0.03 0.019 0.041 0.026 0.007 0.056 0.023
185 N 0.042 0.044 0.327 0.082 0.009 0.033 0.049 0.064 0.031 0.022 0.031 0.053 0.011 0.018 0.02 0.069 0.049 0.004 0.015 0.027
186 V 0.065 0.024 0.017 0.018 0.018 0.019 0.024 0.025 0.01 0.146 0.145 0.028 0.067 0.038 0.016 0.033 0.046 0.006 0.021 0.233
187 G 0.157 0.033 0.042 0.04 0.017 0.028 0.043 0.166 0.016 0.031 0.043 0.046 0.015 0.02 0.027 0.15 0.061 0.005 0.016 0.045
188 G 0.118 0.022 0.023 0.024 0.016 0.018 0.025 0.159 0.011 0.156 0.104 0.031 0.025 0.031 0.019 0.046 0.039 0.006 0.017 0.11
189 V 0.063 0.021 0.016 0.018 0.018 0.015 0.022 0.023 0.008 0.192 0.138 0.025 0.032 0.037 0.016 0.03 0.046 0.006 0.02 0.253
190 F 0.033 0.019 0.017 0.017 0.01 0.01 0.019 0.025 0.017 0.062 0.113 0.019 0.025 0.396 0.01 0.025 0.025 0.017 0.087 0.054
191 L 0.044 0.024 0.014 0.015 0.016 0.016 0.02 0.021 0.01 0.114 0.385 0.025 0.049 0.054 0.014 0.024 0.033 0.007 0.022 0.095
192 P 0.056 0.025 0.023 0.031 0.01 0.02 0.036 0.036 0.013 0.025 0.036 0.041 0.01 0.013 0.501 0.043 0.036 0.003 0.013 0.031
193 L 0.045 0.02 0.014 0.016 0.016 0.014 0.019 0.021 0.009 0.204 0.267 0.024 0.042 0.048 0.014 0.024 0.036 0.006 0.021 0.137
194 L 0.044 0.022 0.014 0.016 0.016 0.015 0.019 0.021 0.01 0.156 0.33 0.025 0.046 0.051 0.014 0.024 0.034 0.007 0.022 0.115
195 F 0.033 0.019 0.017 0.017 0.01 0.01 0.019 0.025 0.017 0.062 0.113 0.019 0.025 0.396 0.01 0.025 0.025 0.017 0.087 0.054
196 I 0.047 0.019 0.014 0.017 0.016 0.014 0.018 0.021 0.009 0.235 0.219 0.024 0.039 0.046 0.014 0.025 0.038 0.006 0.021 0.158
197 K 0.051 0.146 0.034 0.032 0.01 0.042 0.052 0.034 0.018 0.09 0.074 0.18 0.021 0.023 0.022 0.043 0.038 0.005 0.018 0.067
198 K 0.056 0.106 0.041 0.041 0.008 0.053 0.07 0.043 0.02 0.027 0.043 0.289 0.015 0.015 0.027 0.053 0.039 0.005 0.017 0.032
199 K 0.064 0.07 0.042 0.039 0.013 0.04 0.054 0.043 0.017 0.04 0.053 0.167 0.017 0.019 0.027 0.072 0.148 0.005 0.017 0.051
200 F 0.036 0.103 0.022 0.02 0.01 0.02 0.027 0.027 0.018 0.053 0.096 0.044 0.023 0.301 0.013 0.03 0.027 0.014 0.07 0.048
201 F 0.037 0.019 0.016 0.017 0.012 0.011 0.018 0.024 0.014 0.119 0.135 0.02 0.029 0.296 0.012 0.025 0.029 0.014 0.068 0.086
202 Q 0.052 0.065 0.114 0.055 0.009 0.178 0.088 0.047 0.029 0.025 0.043 0.081 0.018 0.015 0.022 0.058 0.043 0.005 0.019 0.033
203 I 0.047 0.018 0.015 0.018 0.016 0.013 0.018 0.021 0.009 0.271 0.168 0.024 0.037 0.044 0.015 0.025 0.04 0.006 0.021 0.177
204 F 0.041 0.02 0.019 0.019 0.012 0.013 0.021 0.027 0.015 0.099 0.117 0.022 0.026 0.306 0.013 0.04 0.032 0.014 0.07 0.075
205 L 0.047 0.044 0.021 0.021 0.014 0.025 0.032 0.026 0.013 0.092 0.299 0.091 0.04 0.044 0.017 0.031 0.034 0.007 0.021 0.079
206 F 0.036 0.02 0.016 0.016 0.012 0.012 0.019 0.024 0.015 0.075 0.181 0.02 0.031 0.31 0.011 0.025 0.027 0.014 0.071 0.064
207 I 0.047 0.018 0.015 0.017 0.016 0.013 0.018 0.02 0.009 0.278 0.164 0.023 0.036 0.043 0.015 0.025 0.04 0.006 0.02 0.178
208 V 0.057 0.021 0.015 0.017 0.017 0.015 0.021 0.023 0.009 0.178 0.192 0.025 0.036 0.054 0.015 0.028 0.042 0.006 0.023 0.206
209 F 0.111 0.027 0.029 0.028 0.015 0.02 0.032 0.047 0.017 0.05 0.081 0.034 0.021 0.209 0.02 0.092 0.052 0.011 0.052 0.054
210 S 0.107 0.039 0.053 0.048 0.017 0.032 0.051 0.081 0.019 0.029 0.041 0.053 0.015 0.02 0.029 0.225 0.079 0.005 0.017 0.041
211 F 0.045 0.019 0.016 0.017 0.014 0.013 0.019 0.024 0.013 0.142 0.13 0.022 0.029 0.218 0.013 0.027 0.034 0.011 0.054 0.141
212 I 0.056 0.022 0.02 0.021 0.017 0.016 0.023 0.025 0.01 0.203 0.136 0.028 0.032 0.05 0.017 0.039 0.08 0.006 0.022 0.178
213 S 0.156 0.037 0.046 0.043 0.018 0.031 0.049 0.068 0.018 0.033 0.046 0.051 0.016 0.021 0.029 0.195 0.073 0.005 0.017 0.048
214 I 0.046 0.018 0.014 0.017 0.016 0.013 0.018 0.02 0.009 0.276 0.173 0.023 0.037 0.044 0.014 0.025 0.039 0.006 0.02 0.171
215 A 0.17 0.024 0.02 0.023 0.017 0.018 0.029 0.05 0.014 0.107 0.099 0.032 0.024 0.121 0.021 0.054 0.041 0.008 0.036 0.091
216 L 0.107 0.025 0.018 0.02 0.018 0.019 0.026 0.035 0.011 0.108 0.238 0.03 0.036 0.041 0.018 0.046 0.042 0.006 0.02 0.133
217 L 0.114 0.031 0.021 0.022 0.017 0.027 0.031 0.04 0.016 0.085 0.16 0.038 0.134 0.041 0.019 0.048 0.042 0.007 0.022 0.085
218 V 0.064 0.021 0.016 0.018 0.018 0.016 0.022 0.023 0.008 0.188 0.136 0.025 0.032 0.037 0.016 0.031 0.047 0.006 0.02 0.257
219 L 0.041 0.021 0.015 0.016 0.014 0.013 0.019 0.022 0.012 0.139 0.242 0.023 0.038 0.161 0.013 0.024 0.032 0.01 0.043 0.102
220 F 0.036 0.02 0.016 0.016 0.012 0.012 0.019 0.024 0.015 0.075 0.181 0.02 0.031 0.31 0.011 0.025 0.027 0.014 0.071 0.064
221 S 0.091 0.051 0.05 0.048 0.014 0.097 0.068 0.057 0.022 0.028 0.043 0.066 0.017 0.019 0.027 0.171 0.068 0.005 0.018 0.039
222 G 0.066 0.028 0.064 0.161 0.01 0.024 0.051 0.295 0.016 0.021 0.029 0.04 0.01 0.016 0.021 0.069 0.037 0.005 0.012 0.026
223 G 0.098 0.034 0.048 0.043 0.015 0.028 0.043 0.216 0.017 0.026 0.037 0.047 0.013 0.019 0.026 0.17 0.064 0.005 0.015 0.036
224 K 0.056 0.106 0.041 0.041 0.008 0.053 0.07 0.043 0.02 0.027 0.043 0.287 0.015 0.015 0.027 0.053 0.039 0.005 0.017 0.032
225 S 0.109 0.04 0.053 0.048 0.017 0.033 0.052 0.065 0.019 0.029 0.041 0.053 0.016 0.021 0.029 0.23 0.081 0.005 0.017 0.041
226 E 0.06 0.044 0.041 0.072 0.011 0.052 0.216 0.037 0.022 0.032 0.046 0.065 0.015 0.019 0.026 0.067 0.109 0.006 0.017 0.044
227 V 0.058 0.133 0.024 0.022 0.015 0.028 0.033 0.027 0.014 0.116 0.109 0.058 0.039 0.031 0.017 0.036 0.043 0.006 0.02 0.173
228 D 0.053 0.027 0.058 0.281 0.008 0.026 0.069 0.203 0.017 0.021 0.028 0.041 0.009 0.015 0.021 0.051 0.033 0.004 0.011 0.024
229 T 0.084 0.037 0.046 0.041 0.017 0.029 0.043 0.05 0.015 0.045 0.057 0.048 0.018 0.022 0.028 0.138 0.198 0.006 0.017 0.061
230 G 0.077 0.023 0.039 0.033 0.011 0.019 0.025 0.516 0.013 0.019 0.028 0.033 0.009 0.016 0.019 0.051 0.029 0.005 0.011 0.024
231 E 0.05 0.043 0.049 0.194 0.007 0.052 0.234 0.038 0.023 0.022 0.033 0.064 0.012 0.016 0.024 0.054 0.036 0.005 0.015 0.029
232 V 0.07 0.026 0.025 0.024 0.019 0.02 0.028 0.031 0.01 0.126 0.107 0.032 0.027 0.031 0.02 0.052 0.118 0.006 0.019 0.209
233 P 0.091 0.035 0.043 0.042 0.015 0.029 0.046 0.056 0.017 0.028 0.04 0.049 0.014 0.018 0.186 0.167 0.066 0.004 0.016 0.038
234 P 0.074 0.03 0.033 0.037 0.013 0.025 0.041 0.046 0.015 0.027 0.038 0.045 0.012 0.015 0.343 0.105 0.051 0.003 0.014 0.034
235 F 0.037 0.021 0.016 0.016 0.012 0.012 0.019 0.024 0.014 0.08 0.203 0.021 0.033 0.281 0.012 0.025 0.028 0.013 0.066 0.068
236 L 0.044 0.024 0.014 0.015 0.016 0.016 0.02 0.021 0.01 0.114 0.383 0.025 0.049 0.054 0.014 0.024 0.033 0.007 0.022 0.095
237 F 0.033 0.019 0.017 0.017 0.01 0.01 0.019 0.025 0.017 0.063 0.113 0.019 0.025 0.394 0.01 0.025 0.025 0.017 0.088 0.054
238 L 0.04 0.022 0.015 0.016 0.014 0.014 0.02 0.022 0.012 0.097 0.293 0.023 0.041 0.168 0.013 0.024 0.03 0.01 0.044 0.081
239 A 0.222 0.028 0.022 0.025 0.021 0.022 0.034 0.06 0.012 0.083 0.082 0.038 0.022 0.026 0.025 0.067 0.049 0.005 0.018 0.138
240 V 0.069 0.022 0.016 0.018 0.019 0.016 0.023 0.024 0.008 0.163 0.129 0.026 0.031 0.035 0.016 0.032 0.049 0.005 0.02 0.278
241 I 0.053 0.019 0.015 0.018 0.017 0.014 0.019 0.022 0.009 0.246 0.155 0.024 0.035 0.041 0.015 0.027 0.042 0.006 0.02 0.204
242 C 0.054 0.017 0.016 0.016 0.33 0.012 0.017 0.03 0.011 0.05 0.08 0.02 0.019 0.145 0.014 0.035 0.032 0.008 0.037 0.056
243 F 0.095 0.022 0.019 0.02 0.016 0.016 0.024 0.035 0.013 0.124 0.127 0.027 0.028 0.154 0.017 0.041 0.048 0.009 0.042 0.123
244 G 0.064 0.021 0.023 0.023 0.015 0.016 0.022 0.187 0.01 0.154 0.107 0.027 0.026 0.032 0.016 0.036 0.039 0.006 0.017 0.159
245 F 0.051 0.024 0.018 0.018 0.015 0.018 0.023 0.026 0.014 0.108 0.145 0.027 0.076 0.159 0.014 0.031 0.038 0.01 0.044 0.141
246 L 0.05 0.026 0.025 0.023 0.015 0.018 0.026 0.03 0.013 0.076 0.187 0.03 0.031 0.157 0.017 0.047 0.105 0.01 0.042 0.073
247 I 0.047 0.017 0.015 0.017 0.016 0.013 0.017 0.02 0.009 0.28 0.166 0.023 0.036 0.044 0.015 0.025 0.039 0.006 0.02 0.175
248 F 0.033 0.019 0.017 0.017 0.01 0.01 0.019 0.025 0.017 0.063 0.113 0.019 0.025 0.394 0.01 0.025 0.025 0.017 0.088 0.054
249 L 0.052 0.023 0.015 0.016 0.017 0.016 0.021 0.022 0.009 0.13 0.298 0.025 0.043 0.048 0.015 0.027 0.038 0.006 0.021 0.156
250 L 0.062 0.027 0.028 0.027 0.015 0.02 0.03 0.037 0.015 0.069 0.179 0.032 0.03 0.156 0.018 0.093 0.046 0.01 0.042 0.064
251 L 0.044 0.024 0.014 0.015 0.016 0.016 0.02 0.021 0.01 0.114 0.383 0.025 0.049 0.054 0.014 0.024 0.033 0.007 0.022 0.095
252 N 0.042 0.044 0.325 0.082 0.009 0.033 0.049 0.064 0.031 0.022 0.031 0.053 0.011 0.018 0.02 0.069 0.049 0.004 0.016 0.027
253 K 0.052 0.188 0.04 0.038 0.008 0.051 0.064 0.039 0.021 0.026 0.044 0.231 0.015 0.016 0.025 0.05 0.038 0.005 0.017 0.032
254 L 0.04 0.022 0.015 0.016 0.014 0.014 0.02 0.022 0.012 0.097 0.293 0.023 0.041 0.168 0.013 0.024 0.03 0.01 0.044 0.081
255 V 0.076 0.026 0.028 0.028 0.018 0.021 0.031 0.037 0.012 0.152 0.11 0.034 0.027 0.033 0.02 0.096 0.057 0.005 0.019 0.17
256 L 0.04 0.022 0.015 0.016 0.014 0.014 0.02 0.022 0.012 0.097 0.293 0.023 0.041 0.168 0.013 0.024 0.03 0.01 0.044 0.081
257 Y 0.045 0.054 0.028 0.026 0.009 0.032 0.042 0.031 0.038 0.038 0.059 0.116 0.017 0.091 0.019 0.038 0.032 0.02 0.223 0.042
258 K 0.052 0.163 0.04 0.054 0.008 0.055 0.143 0.037 0.023 0.024 0.042 0.164 0.014 0.016 0.024 0.051 0.037 0.005 0.017 0.031
259 K 0.056 0.087 0.041 0.057 0.008 0.056 0.148 0.04 0.022 0.025 0.041 0.216 0.014 0.016 0.027 0.053 0.038 0.005 0.017 0.032
260 N 0.065 0.046 0.221 0.069 0.012 0.034 0.051 0.064 0.027 0.025 0.035 0.064 0.013 0.019 0.023 0.122 0.059 0.005 0.016 0.032
261 L 0.045 0.02 0.015 0.017 0.016 0.014 0.019 0.021 0.011 0.213 0.234 0.024 0.04 0.051 0.014 0.025 0.037 0.007 0.035 0.142
262 D 0.042 0.153 0.057 0.262 0.008 0.036 0.076 0.041 0.02 0.022 0.035 0.073 0.012 0.016 0.021 0.049 0.035 0.004 0.013 0.027
263 L 0.04 0.022 0.015 0.016 0.014 0.014 0.019 0.023 0.013 0.094 0.28 0.023 0.04 0.184 0.013 0.024 0.03 0.011 0.047 0.08
264 I 0.047 0.018 0.015 0.018 0.016 0.013 0.018 0.021 0.009 0.271 0.168 0.024 0.037 0.044 0.015 0.025 0.04 0.006 0.021 0.177
265 Y 0.038 0.025 0.02 0.018 0.01 0.018 0.024 0.025 0.035 0.053 0.098 0.027 0.022 0.214 0.014 0.029 0.027 0.023 0.232 0.051
266 Y 0.04 0.028 0.022 0.018 0.009 0.022 0.028 0.025 0.046 0.043 0.068 0.031 0.018 0.129 0.015 0.031 0.028 0.028 0.326 0.046
267 I 0.05 0.022 0.016 0.019 0.016 0.015 0.021 0.022 0.009 0.251 0.155 0.036 0.035 0.041 0.015 0.027 0.041 0.006 0.02 0.183
268 N 0.042 0.044 0.311 0.079 0.009 0.033 0.048 0.062 0.032 0.023 0.033 0.052 0.011 0.023 0.02 0.067 0.048 0.006 0.03 0.028
269 L 0.056 0.024 0.017 0.018 0.015 0.017 0.023 0.027 0.014 0.092 0.221 0.026 0.068 0.164 0.014 0.03 0.033 0.01 0.044 0.088
270 Y 0.04 0.028 0.023 0.019 0.009 0.022 0.028 0.025 0.059 0.045 0.081 0.031 0.02 0.121 0.016 0.031 0.028 0.026 0.299 0.047
271 C 0.065 0.019 0.018 0.018 0.31 0.015 0.02 0.03 0.025 0.083 0.084 0.023 0.021 0.026 0.016 0.038 0.04 0.005 0.017 0.129
272 G 0.067 0.022 0.024 0.023 0.015 0.017 0.023 0.188 0.01 0.134 0.105 0.028 0.032 0.031 0.017 0.037 0.04 0.006 0.017 0.165
273 L 0.044 0.025 0.017 0.017 0.037 0.018 0.022 0.025 0.014 0.091 0.228 0.027 0.081 0.148 0.014 0.029 0.033 0.01 0.041 0.08
274 L 0.059 0.022 0.015 0.017 0.018 0.016 0.021 0.023 0.009 0.158 0.217 0.025 0.038 0.042 0.015 0.029 0.043 0.006 0.021 0.207
275 S 0.172 0.037 0.044 0.042 0.019 0.03 0.048 0.069 0.018 0.034 0.047 0.05 0.016 0.021 0.029 0.181 0.07 0.005 0.017 0.05
276 L 0.129 0.024 0.018 0.021 0.018 0.018 0.026 0.04 0.011 0.143 0.19 0.03 0.033 0.056 0.019 0.044 0.04 0.007 0.023 0.111
277 F 0.044 0.018 0.016 0.016 0.17 0.011 0.018 0.027 0.014 0.056 0.097 0.019 0.022 0.27 0.012 0.03 0.029 0.012 0.062 0.055
278 S 0.106 0.038 0.052 0.047 0.04 0.032 0.05 0.064 0.018 0.03 0.042 0.052 0.016 0.021 0.029 0.221 0.079 0.005 0.017 0.042
279 V 0.081 0.027 0.029 0.028 0.018 0.022 0.032 0.038 0.012 0.113 0.099 0.035 0.026 0.047 0.02 0.098 0.058 0.006 0.023 0.188
280 L 0.042 0.022 0.016 0.017 0.014 0.015 0.02 0.023 0.012 0.102 0.268 0.024 0.039 0.166 0.013 0.028 0.041 0.01 0.044 0.084
281 F 0.033 0.019 0.017 0.017 0.01 0.01 0.019 0.025 0.017 0.063 0.113 0.019 0.025 0.394 0.01 0.025 0.025 0.017 0.088 0.054
282 L 0.044 0.024 0.014 0.015 0.016 0.016 0.02 0.021 0.01 0.122 0.373 0.025 0.048 0.054 0.014 0.024 0.033 0.007 0.022 0.099
283 S 0.174 0.037 0.044 0.042 0.019 0.03 0.048 0.07 0.018 0.034 0.048 0.05 0.016 0.021 0.029 0.176 0.07 0.005 0.017 0.051
284 G 0.057 0.031 0.108 0.191 0.009 0.027 0.058 0.215 0.019 0.021 0.029 0.043 0.01 0.016 0.021 0.064 0.038 0.004 0.012 0.026
285 A 0.216 0.028 0.022 0.025 0.021 0.022 0.034 0.059 0.012 0.085 0.084 0.038 0.022 0.026 0.025 0.066 0.049 0.005 0.018 0.14
286 P 0.14 0.027 0.024 0.03 0.014 0.022 0.037 0.051 0.013 0.032 0.044 0.042 0.013 0.016 0.334 0.058 0.041 0.004 0.014 0.044
287 A 0.295 0.031 0.025 0.029 0.021 0.025 0.04 0.078 0.015 0.043 0.059 0.044 0.017 0.021 0.029 0.084 0.05 0.005 0.017 0.068
288 K 0.057 0.106 0.041 0.041 0.009 0.053 0.07 0.043 0.021 0.027 0.043 0.283 0.015 0.015 0.027 0.053 0.039 0.005 0.017 0.033
289 R 0.044 0.35 0.039 0.031 0.008 0.048 0.052 0.033 0.023 0.023 0.046 0.119 0.015 0.017 0.019 0.044 0.035 0.006 0.017 0.031
290 I 0.047 0.018 0.015 0.018 0.016 0.013 0.018 0.02 0.009 0.276 0.167 0.023 0.037 0.044 0.015 0.025 0.04 0.006 0.02 0.175
291 C 0.057 0.019 0.015 0.016 0.323 0.013 0.018 0.028 0.009 0.069 0.175 0.022 0.028 0.032 0.015 0.035 0.035 0.005 0.016 0.07
292 L 0.052 0.032 0.02 0.02 0.016 0.028 0.028 0.028 0.016 0.1 0.195 0.036 0.167 0.048 0.016 0.036 0.04 0.008 0.024 0.092
293 I 0.055 0.019 0.015 0.018 0.017 0.014 0.02 0.022 0.009 0.237 0.154 0.024 0.035 0.041 0.015 0.028 0.043 0.006 0.02 0.21
294 G 0.219 0.028 0.03 0.031 0.018 0.023 0.035 0.23 0.014 0.034 0.048 0.04 0.015 0.02 0.026 0.073 0.043 0.005 0.015 0.053
295 L 0.047 0.027 0.016 0.017 0.016 0.02 0.023 0.024 0.012 0.109 0.315 0.029 0.09 0.052 0.015 0.028 0.036 0.007 0.023 0.094
296 I 0.071 0.027 0.031 0.03 0.017 0.022 0.032 0.039 0.013 0.168 0.113 0.036 0.027 0.034 0.021 0.102 0.075 0.006 0.019 0.118
297 F 0.034 0.019 0.017 0.017 0.011 0.011 0.019 0.025 0.017 0.063 0.113 0.019 0.025 0.391 0.011 0.025 0.025 0.017 0.088 0.055
298 L 0.044 0.024 0.014 0.015 0.016 0.016 0.02 0.021 0.01 0.123 0.369 0.025 0.049 0.054 0.014 0.024 0.033 0.007 0.022 0.099
299 L 0.044 0.024 0.014 0.015 0.016 0.016 0.02 0.021 0.01 0.115 0.38 0.025 0.049 0.054 0.014 0.024 0.033 0.007 0.022 0.095
300 Y 0.038 0.025 0.02 0.018 0.01 0.018 0.025 0.025 0.036 0.05 0.084 0.027 0.021 0.221 0.014 0.029 0.027 0.024 0.241 0.049
301 S 0.109 0.04 0.054 0.049 0.017 0.033 0.052 0.066 0.019 0.029 0.042 0.054 0.016 0.021 0.029 0.226 0.081 0.005 0.017 0.042
302 I 0.047 0.018 0.015 0.018 0.016 0.013 0.018 0.02 0.009 0.276 0.167 0.023 0.037 0.044 0.015 0.025 0.04 0.006 0.02 0.175
303 Y 0.04 0.028 0.022 0.019 0.009 0.022 0.028 0.025 0.046 0.043 0.068 0.031 0.019 0.13 0.015 0.031 0.028 0.028 0.323 0.046
304 W 0.058 0.029 0.029 0.027 0.011 0.021 0.033 0.043 0.016 0.03 0.049 0.033 0.015 0.046 0.015 0.094 0.043 0.324 0.05 0.034
305 F 0.06 0.026 0.03 0.028 0.013 0.018 0.03 0.039 0.018 0.051 0.088 0.031 0.022 0.262 0.017 0.095 0.045 0.013 0.063 0.05
306 I 0.047 0.018 0.015 0.018 0.016 0.013 0.018 0.02 0.009 0.276 0.167 0.023 0.037 0.044 0.015 0.025 0.04 0.006 0.02 0.175
307 E 0.055 0.049 0.04 0.09 0.007 0.064 0.302 0.035 0.026 0.022 0.037 0.075 0.013 0.016 0.026 0.055 0.037 0.005 0.016 0.031
308 D 0.047 0.039 0.056 0.261 0.007 0.045 0.186 0.041 0.022 0.022 0.032 0.058 0.011 0.016 0.024 0.053 0.036 0.004 0.014 0.027
309 R 0.045 0.345 0.039 0.031 0.008 0.048 0.052 0.033 0.023 0.023 0.047 0.12 0.016 0.017 0.019 0.045 0.035 0.006 0.017 0.031
310 I 0.047 0.018 0.015 0.018 0.016 0.013 0.018 0.021 0.009 0.271 0.168 0.024 0.037 0.044 0.015 0.025 0.04 0.006 0.021 0.177
311 K 0.057 0.107 0.042 0.042 0.009 0.054 0.071 0.043 0.021 0.028 0.043 0.278 0.016 0.016 0.028 0.054 0.04 0.005 0.017 0.033
312 N 0.047 0.046 0.223 0.085 0.008 0.044 0.137 0.054 0.029 0.022 0.033 0.061 0.012 0.017 0.022 0.064 0.045 0.005 0.016 0.028
313 K 0.052 0.192 0.04 0.038 0.008 0.051 0.064 0.039 0.021 0.026 0.044 0.226 0.015 0.016 0.025 0.05 0.038 0.005 0.017 0.032
314 K 0.057 0.106 0.041 0.041 0.009 0.053 0.07 0.043 0.021 0.027 0.043 0.283 0.015 0.015 0.027 0.053 0.039 0.005 0.017 0.033
315 N 0.042 0.045 0.322 0.082 0.009 0.033 0.049 0.065 0.031 0.022 0.031 0.053 0.011 0.018 0.02 0.069 0.049 0.004 0.016 0.027
316 I 0.045 0.135 0.023 0.022 0.013 0.026 0.03 0.025 0.014 0.163 0.157 0.057 0.031 0.036 0.016 0.032 0.037 0.006 0.02 0.113
317 L 0.039 0.022 0.015 0.016 0.014 0.014 0.02 0.023 0.013 0.091 0.26 0.022 0.038 0.206 0.012 0.025 0.03 0.011 0.052 0.077
318 L 0.047 0.023 0.015 0.016 0.016 0.015 0.02 0.022 0.01 0.125 0.305 0.025 0.044 0.085 0.014 0.026 0.035 0.008 0.028 0.122
319 F 0.038 0.018 0.016 0.017 0.012 0.011 0.018 0.024 0.014 0.138 0.132 0.02 0.029 0.27 0.012 0.025 0.03 0.013 0.064 0.097
320 R 0.044 0.35 0.039 0.031 0.008 0.048 0.052 0.033 0.023 0.023 0.046 0.119 0.015 0.017 0.019 0.044 0.035 0.006 0.017 0.031
