#Seq2Logo.py -f /work3/idamei/wzy_ssn/run/1e-50/run/150/MSAs/0012_70.afa -o /work3/idamei/wzy_ssn/run/1e-50/run/150/logos/0012_70.logo
#Position Specific Frequency Matrix
A R N D C Q E G H I L K M F P S T W Y V
0 L 0.051 0.031 0.02 0.02 0.016 0.028 0.028 0.028 0.016 0.098 0.193 0.035 0.177 0.047 0.016 0.035 0.039 0.008 0.024 0.091
1 N 0.046 0.102 0.151 0.06 0.01 0.038 0.095 0.043 0.024 0.075 0.062 0.064 0.017 0.022 0.02 0.052 0.041 0.005 0.017 0.057
2 N 0.051 0.054 0.215 0.064 0.01 0.036 0.051 0.055 0.025 0.029 0.04 0.099 0.013 0.018 0.023 0.07 0.089 0.005 0.016 0.036
3 L 0.098 0.024 0.018 0.02 0.017 0.018 0.024 0.033 0.011 0.141 0.241 0.029 0.037 0.042 0.018 0.04 0.053 0.006 0.02 0.108
4 N 0.042 0.044 0.33 0.081 0.009 0.033 0.048 0.064 0.031 0.022 0.031 0.053 0.011 0.018 0.02 0.068 0.048 0.004 0.015 0.026
5 K 0.055 0.122 0.041 0.04 0.008 0.052 0.068 0.042 0.02 0.027 0.043 0.281 0.015 0.015 0.027 0.052 0.039 0.005 0.017 0.032
6 I 0.044 0.019 0.015 0.017 0.015 0.013 0.018 0.021 0.01 0.221 0.202 0.023 0.037 0.093 0.014 0.024 0.036 0.007 0.029 0.142
7 L 0.038 0.022 0.016 0.016 0.013 0.014 0.02 0.023 0.015 0.085 0.238 0.022 0.036 0.22 0.012 0.025 0.029 0.013 0.073 0.072
8 I 0.046 0.017 0.014 0.017 0.016 0.013 0.017 0.02 0.009 0.285 0.165 0.023 0.036 0.043 0.014 0.025 0.039 0.006 0.02 0.173
9 F 0.049 0.025 0.025 0.023 0.014 0.017 0.026 0.03 0.014 0.072 0.169 0.029 0.029 0.182 0.017 0.047 0.106 0.01 0.046 0.07
10 L 0.042 0.023 0.014 0.015 0.015 0.015 0.02 0.022 0.011 0.103 0.333 0.024 0.044 0.123 0.013 0.024 0.031 0.009 0.035 0.086
11 L 0.05 0.02 0.015 0.017 0.016 0.015 0.019 0.021 0.009 0.203 0.232 0.024 0.039 0.045 0.015 0.026 0.039 0.006 0.021 0.169
12 T 0.074 0.03 0.036 0.032 0.112 0.023 0.034 0.042 0.013 0.077 0.073 0.038 0.02 0.025 0.024 0.101 0.15 0.005 0.017 0.075
13 I 0.049 0.022 0.021 0.021 0.015 0.016 0.023 0.026 0.012 0.182 0.136 0.027 0.04 0.111 0.016 0.039 0.081 0.008 0.033 0.123
14 E 0.054 0.049 0.04 0.088 0.007 0.063 0.31 0.034 0.025 0.022 0.036 0.074 0.013 0.016 0.025 0.054 0.036 0.005 0.016 0.031
15 I 0.046 0.019 0.014 0.017 0.016 0.014 0.018 0.02 0.009 0.251 0.209 0.023 0.039 0.045 0.014 0.024 0.038 0.006 0.021 0.157
16 I 0.049 0.018 0.015 0.017 0.016 0.013 0.018 0.021 0.009 0.269 0.16 0.023 0.035 0.042 0.015 0.026 0.04 0.006 0.02 0.188
17 F 0.039 0.018 0.016 0.017 0.013 0.012 0.018 0.023 0.013 0.147 0.132 0.021 0.029 0.256 0.012 0.025 0.031 0.012 0.06 0.105
18 G 0.077 0.022 0.038 0.033 0.011 0.019 0.025 0.52 0.013 0.019 0.028 0.033 0.009 0.016 0.019 0.05 0.029 0.005 0.011 0.024
19 G 0.077 0.022 0.038 0.033 0.011 0.019 0.025 0.52 0.013 0.019 0.028 0.033 0.009 0.016 0.019 0.05 0.029 0.005 0.011 0.024
20 G 0.077 0.022 0.038 0.033 0.011 0.019 0.025 0.52 0.013 0.019 0.028 0.033 0.009 0.016 0.019 0.05 0.029 0.005 0.011 0.024
21 G 0.077 0.022 0.038 0.033 0.011 0.019 0.025 0.52 0.013 0.019 0.028 0.033 0.009 0.016 0.019 0.05 0.029 0.005 0.011 0.024
22 R 0.044 0.358 0.038 0.03 0.008 0.047 0.051 0.032 0.023 0.023 0.046 0.118 0.015 0.017 0.019 0.044 0.034 0.006 0.017 0.03
23 L 0.044 0.024 0.014 0.015 0.016 0.016 0.02 0.021 0.01 0.113 0.388 0.025 0.049 0.054 0.014 0.024 0.033 0.007 0.022 0.094
24 L 0.044 0.024 0.014 0.015 0.016 0.016 0.02 0.021 0.01 0.113 0.388 0.025 0.049 0.054 0.014 0.024 0.033 0.007 0.022 0.094
25 D 0.043 0.033 0.063 0.356 0.007 0.035 0.126 0.044 0.019 0.022 0.029 0.049 0.01 0.015 0.023 0.052 0.035 0.004 0.012 0.025
26 P 0.056 0.025 0.023 0.03 0.01 0.02 0.035 0.035 0.013 0.025 0.035 0.04 0.01 0.013 0.503 0.043 0.035 0.003 0.013 0.03
27 L 0.044 0.024 0.014 0.015 0.016 0.016 0.02 0.021 0.01 0.113 0.388 0.025 0.049 0.054 0.014 0.024 0.033 0.007 0.022 0.094
28 G 0.077 0.022 0.038 0.033 0.011 0.019 0.025 0.52 0.013 0.019 0.028 0.033 0.009 0.016 0.019 0.05 0.029 0.005 0.011 0.024
29 I 0.053 0.02 0.015 0.017 0.017 0.015 0.02 0.022 0.009 0.21 0.197 0.024 0.037 0.043 0.015 0.027 0.041 0.006 0.021 0.194
30 P 0.047 0.023 0.02 0.025 0.01 0.016 0.029 0.031 0.014 0.04 0.066 0.032 0.016 0.167 0.306 0.036 0.031 0.008 0.042 0.04
31 P 0.056 0.025 0.023 0.03 0.01 0.02 0.035 0.035 0.013 0.025 0.035 0.04 0.01 0.013 0.503 0.043 0.035 0.003 0.013 0.03
32 L 0.044 0.024 0.014 0.015 0.016 0.016 0.02 0.021 0.01 0.113 0.388 0.025 0.049 0.054 0.014 0.024 0.033 0.007 0.022 0.094
33 R 0.044 0.358 0.038 0.03 0.008 0.047 0.051 0.032 0.023 0.023 0.046 0.118 0.015 0.017 0.019 0.044 0.034 0.006 0.017 0.03
34 Y 0.04 0.027 0.021 0.018 0.009 0.021 0.027 0.024 0.046 0.043 0.067 0.031 0.018 0.128 0.015 0.031 0.027 0.027 0.331 0.046
35 L 0.05 0.021 0.015 0.016 0.016 0.015 0.019 0.021 0.009 0.192 0.246 0.024 0.04 0.046 0.015 0.026 0.038 0.006 0.021 0.164
36 L 0.041 0.022 0.015 0.015 0.014 0.014 0.019 0.022 0.012 0.1 0.314 0.023 0.042 0.146 0.013 0.024 0.031 0.01 0.039 0.084
37 F 0.033 0.019 0.017 0.017 0.01 0.01 0.019 0.025 0.017 0.062 0.112 0.019 0.025 0.399 0.01 0.025 0.025 0.017 0.087 0.054
38 F 0.118 0.023 0.02 0.021 0.016 0.016 0.026 0.072 0.014 0.08 0.096 0.028 0.023 0.176 0.017 0.044 0.038 0.01 0.045 0.117
39 L 0.065 0.021 0.016 0.017 0.032 0.015 0.021 0.026 0.011 0.142 0.212 0.025 0.035 0.102 0.015 0.03 0.037 0.008 0.031 0.138
40 S 0.173 0.036 0.044 0.042 0.018 0.03 0.047 0.069 0.017 0.034 0.047 0.05 0.016 0.021 0.029 0.185 0.07 0.005 0.017 0.05
41 F 0.041 0.019 0.015 0.017 0.014 0.012 0.018 0.022 0.012 0.173 0.173 0.022 0.033 0.187 0.013 0.025 0.033 0.01 0.047 0.115
42 I 0.087 0.02 0.016 0.019 0.017 0.015 0.022 0.029 0.009 0.22 0.141 0.027 0.032 0.038 0.017 0.034 0.043 0.006 0.02 0.188
43 L 0.047 0.022 0.015 0.016 0.015 0.015 0.02 0.022 0.011 0.113 0.281 0.024 0.04 0.119 0.014 0.026 0.034 0.009 0.035 0.124
44 L 0.039 0.022 0.015 0.016 0.014 0.014 0.019 0.022 0.013 0.093 0.277 0.022 0.039 0.192 0.013 0.024 0.03 0.011 0.048 0.078
45 I 0.044 0.019 0.016 0.017 0.015 0.014 0.019 0.022 0.011 0.198 0.195 0.023 0.036 0.116 0.014 0.027 0.042 0.008 0.034 0.13
46 L 0.042 0.022 0.014 0.016 0.015 0.014 0.019 0.021 0.011 0.139 0.297 0.023 0.042 0.109 0.013 0.024 0.033 0.008 0.032 0.103
47 N 0.042 0.044 0.33 0.081 0.009 0.033 0.048 0.064 0.031 0.022 0.031 0.053 0.011 0.018 0.02 0.068 0.048 0.004 0.015 0.026
48 L 0.066 0.022 0.016 0.017 0.016 0.015 0.022 0.026 0.011 0.123 0.226 0.025 0.036 0.115 0.015 0.03 0.037 0.008 0.034 0.14
49 L 0.056 0.021 0.015 0.017 0.017 0.015 0.021 0.022 0.009 0.182 0.207 0.025 0.037 0.042 0.015 0.028 0.042 0.006 0.021 0.204
50 T 0.064 0.032 0.037 0.033 0.016 0.024 0.035 0.039 0.014 0.054 0.073 0.039 0.02 0.098 0.024 0.078 0.214 0.008 0.031 0.066
51 L 0.052 0.04 0.025 0.025 0.012 0.024 0.032 0.126 0.015 0.067 0.175 0.08 0.047 0.095 0.017 0.037 0.033 0.008 0.03 0.061
52 G 0.053 0.041 0.134 0.049 0.01 0.067 0.049 0.141 0.029 0.028 0.043 0.051 0.014 0.039 0.02 0.056 0.053 0.01 0.079 0.034
53 G 0.079 0.031 0.094 0.042 0.013 0.024 0.036 0.144 0.018 0.038 0.056 0.04 0.016 0.095 0.021 0.084 0.087 0.007 0.03 0.045
54 K 0.071 0.085 0.043 0.04 0.013 0.039 0.054 0.047 0.018 0.035 0.051 0.149 0.017 0.044 0.026 0.106 0.093 0.006 0.022 0.043
55 I 0.06 0.027 0.028 0.027 0.017 0.02 0.028 0.032 0.011 0.152 0.146 0.034 0.03 0.035 0.02 0.065 0.13 0.006 0.019 0.112
56 T 0.076 0.049 0.063 0.043 0.014 0.033 0.047 0.113 0.017 0.035 0.047 0.095 0.016 0.02 0.026 0.11 0.129 0.005 0.016 0.046
57 K 0.052 0.095 0.033 0.032 0.011 0.072 0.053 0.034 0.025 0.081 0.073 0.106 0.021 0.044 0.02 0.054 0.039 0.01 0.081 0.064
58 K 0.069 0.077 0.064 0.046 0.011 0.081 0.069 0.049 0.022 0.027 0.042 0.172 0.016 0.017 0.026 0.103 0.051 0.005 0.018 0.035
59 T 0.065 0.028 0.027 0.025 0.113 0.022 0.029 0.034 0.012 0.082 0.102 0.034 0.053 0.03 0.02 0.058 0.129 0.006 0.018 0.114
60 F 0.084 0.022 0.017 0.018 0.016 0.015 0.023 0.031 0.012 0.103 0.129 0.025 0.028 0.18 0.015 0.036 0.038 0.01 0.047 0.15
61 L 0.064 0.024 0.027 0.026 0.015 0.019 0.026 0.129 0.012 0.135 0.172 0.032 0.03 0.036 0.018 0.072 0.044 0.006 0.018 0.096
62 L 0.048 0.024 0.02 0.02 0.015 0.016 0.023 0.026 0.012 0.125 0.223 0.027 0.036 0.115 0.016 0.038 0.078 0.008 0.034 0.097
63 F 0.047 0.022 0.017 0.018 0.014 0.016 0.022 0.025 0.014 0.121 0.144 0.025 0.068 0.185 0.014 0.029 0.035 0.011 0.048 0.125
64 L 0.044 0.02 0.014 0.016 0.016 0.014 0.018 0.021 0.01 0.202 0.25 0.024 0.04 0.071 0.014 0.024 0.036 0.007 0.025 0.134
65 L 0.061 0.026 0.017 0.017 0.015 0.02 0.024 0.029 0.013 0.087 0.234 0.029 0.083 0.05 0.014 0.031 0.034 0.106 0.031 0.078
66 L 0.044 0.022 0.014 0.016 0.016 0.015 0.019 0.021 0.01 0.159 0.328 0.024 0.045 0.051 0.014 0.024 0.034 0.007 0.021 0.115
67 L 0.053 0.023 0.021 0.02 0.014 0.017 0.022 0.123 0.013 0.099 0.172 0.027 0.058 0.111 0.015 0.033 0.034 0.008 0.033 0.102
68 L 0.084 0.028 0.032 0.03 0.016 0.022 0.031 0.104 0.013 0.101 0.139 0.036 0.026 0.032 0.021 0.087 0.09 0.006 0.018 0.083
69 L 0.039 0.022 0.015 0.016 0.014 0.014 0.019 0.022 0.013 0.093 0.277 0.022 0.039 0.192 0.013 0.024 0.03 0.011 0.048 0.078
70 P 0.056 0.025 0.023 0.03 0.01 0.02 0.035 0.035 0.013 0.025 0.035 0.04 0.01 0.013 0.503 0.043 0.035 0.003 0.013 0.03
71 F 0.044 0.022 0.016 0.017 0.014 0.015 0.02 0.024 0.013 0.141 0.171 0.024 0.061 0.175 0.013 0.027 0.034 0.01 0.046 0.112
72 Y 0.04 0.027 0.02 0.018 0.01 0.02 0.026 0.024 0.039 0.057 0.131 0.029 0.024 0.113 0.015 0.029 0.029 0.023 0.269 0.055
73 G 0.077 0.022 0.038 0.033 0.011 0.019 0.025 0.52 0.013 0.019 0.028 0.033 0.009 0.016 0.019 0.05 0.029 0.005 0.011 0.024
74 A 0.136 0.025 0.024 0.025 0.049 0.019 0.029 0.045 0.013 0.097 0.092 0.033 0.023 0.101 0.021 0.058 0.084 0.008 0.031 0.086
75 L 0.04 0.022 0.015 0.015 0.014 0.014 0.019 0.022 0.012 0.096 0.296 0.023 0.041 0.169 0.013 0.024 0.03 0.01 0.044 0.081
76 I 0.069 0.021 0.015 0.018 0.017 0.015 0.021 0.025 0.009 0.202 0.192 0.025 0.036 0.042 0.016 0.03 0.041 0.006 0.02 0.18
77 G 0.077 0.022 0.038 0.033 0.011 0.019 0.025 0.52 0.013 0.019 0.028 0.033 0.009 0.016 0.019 0.05 0.029 0.005 0.011 0.024
78 L 0.122 0.026 0.022 0.023 0.017 0.019 0.029 0.042 0.013 0.084 0.148 0.032 0.028 0.106 0.02 0.06 0.057 0.008 0.033 0.112
79 L 0.116 0.022 0.017 0.02 0.017 0.017 0.024 0.036 0.01 0.178 0.178 0.029 0.033 0.039 0.018 0.041 0.041 0.006 0.02 0.137
80 R 0.089 0.107 0.092 0.041 0.011 0.071 0.054 0.046 0.029 0.032 0.05 0.067 0.016 0.04 0.021 0.056 0.047 0.01 0.08 0.041
81 G 0.077 0.022 0.038 0.033 0.011 0.019 0.025 0.52 0.013 0.019 0.028 0.033 0.009 0.016 0.019 0.05 0.029 0.005 0.011 0.024
82 N 0.042 0.107 0.272 0.071 0.009 0.036 0.049 0.058 0.029 0.022 0.034 0.066 0.012 0.018 0.02 0.063 0.046 0.005 0.016 0.027
83 D 0.045 0.041 0.036 0.129 0.01 0.027 0.051 0.036 0.016 0.044 0.097 0.085 0.019 0.096 0.116 0.041 0.033 0.007 0.029 0.042
84 L 0.053 0.022 0.019 0.019 0.016 0.016 0.023 0.025 0.011 0.138 0.174 0.026 0.033 0.111 0.016 0.036 0.067 0.008 0.034 0.153
85 N 0.056 0.049 0.157 0.067 0.01 0.078 0.11 0.051 0.029 0.025 0.039 0.063 0.014 0.024 0.022 0.083 0.047 0.007 0.038 0.032
86 D 0.044 0.046 0.06 0.314 0.008 0.036 0.1 0.044 0.019 0.023 0.031 0.096 0.011 0.015 0.023 0.052 0.036 0.004 0.013 0.026
87 I 0.047 0.018 0.015 0.018 0.016 0.014 0.018 0.021 0.009 0.273 0.166 0.024 0.045 0.044 0.015 0.025 0.039 0.006 0.02 0.168
88 A 0.145 0.026 0.02 0.022 0.016 0.02 0.029 0.045 0.02 0.061 0.137 0.032 0.025 0.125 0.02 0.049 0.037 0.012 0.095 0.066
89 F 0.033 0.019 0.017 0.017 0.01 0.01 0.019 0.025 0.017 0.062 0.112 0.019 0.025 0.399 0.01 0.025 0.025 0.017 0.087 0.054
90 D 0.04 0.029 0.068 0.409 0.007 0.029 0.09 0.046 0.018 0.022 0.027 0.044 0.009 0.015 0.022 0.051 0.035 0.004 0.011 0.024
91 L 0.048 0.023 0.015 0.016 0.016 0.016 0.02 0.022 0.01 0.119 0.317 0.025 0.044 0.073 0.014 0.026 0.035 0.007 0.026 0.129
92 Q 0.055 0.072 0.043 0.046 0.009 0.23 0.101 0.04 0.029 0.026 0.046 0.089 0.02 0.014 0.023 0.055 0.04 0.006 0.02 0.035
93 P 0.056 0.025 0.023 0.03 0.01 0.02 0.035 0.035 0.013 0.025 0.035 0.04 0.01 0.013 0.503 0.043 0.035 0.003 0.013 0.03
94 Y 0.038 0.025 0.02 0.018 0.01 0.018 0.025 0.025 0.036 0.049 0.082 0.027 0.021 0.218 0.014 0.029 0.027 0.024 0.25 0.048
95 L 0.131 0.024 0.018 0.02 0.018 0.018 0.026 0.039 0.011 0.135 0.218 0.031 0.035 0.04 0.019 0.044 0.04 0.006 0.02 0.106
96 Y 0.038 0.026 0.02 0.018 0.009 0.019 0.026 0.025 0.04 0.047 0.076 0.028 0.02 0.182 0.014 0.029 0.027 0.025 0.282 0.047
97 L 0.062 0.033 0.026 0.025 0.016 0.029 0.032 0.035 0.016 0.085 0.163 0.039 0.145 0.042 0.018 0.075 0.048 0.007 0.022 0.081
98 L 0.042 0.021 0.015 0.016 0.015 0.014 0.019 0.022 0.011 0.137 0.288 0.023 0.041 0.121 0.013 0.024 0.032 0.009 0.035 0.102
99 I 0.057 0.025 0.024 0.024 0.015 0.019 0.026 0.032 0.014 0.152 0.135 0.031 0.058 0.111 0.017 0.069 0.045 0.008 0.034 0.106
100 L 0.048 0.024 0.017 0.018 0.016 0.016 0.021 0.024 0.01 0.142 0.32 0.026 0.044 0.049 0.015 0.038 0.037 0.007 0.021 0.107
101 L 0.047 0.023 0.016 0.018 0.015 0.016 0.022 0.024 0.01 0.13 0.273 0.028 0.038 0.043 0.112 0.028 0.035 0.006 0.02 0.097
102 Y 0.04 0.027 0.021 0.018 0.009 0.021 0.027 0.024 0.046 0.043 0.067 0.031 0.018 0.128 0.015 0.031 0.027 0.027 0.331 0.046
103 L 0.05 0.021 0.015 0.017 0.016 0.014 0.02 0.023 0.01 0.153 0.201 0.023 0.035 0.114 0.014 0.027 0.038 0.008 0.034 0.165
104 C 0.051 0.017 0.016 0.016 0.3 0.011 0.017 0.029 0.011 0.051 0.083 0.019 0.02 0.172 0.014 0.034 0.031 0.009 0.042 0.055
105 T 0.071 0.03 0.034 0.031 0.016 0.023 0.034 0.04 0.014 0.071 0.082 0.037 0.022 0.1 0.022 0.095 0.135 0.008 0.032 0.103
106 L 0.046 0.036 0.082 0.033 0.013 0.05 0.038 0.033 0.018 0.08 0.232 0.041 0.063 0.04 0.017 0.039 0.038 0.006 0.021 0.072
107 R 0.063 0.18 0.082 0.044 0.01 0.043 0.055 0.047 0.022 0.025 0.042 0.127 0.015 0.018 0.023 0.1 0.049 0.005 0.017 0.033
108 Y 0.049 0.047 0.029 0.039 0.009 0.036 0.094 0.032 0.03 0.032 0.05 0.094 0.015 0.06 0.117 0.042 0.033 0.014 0.142 0.037
109 D 0.068 0.036 0.046 0.122 0.013 0.035 0.104 0.045 0.018 0.054 0.073 0.05 0.018 0.023 0.025 0.105 0.093 0.005 0.016 0.054
110 L 0.049 0.022 0.014 0.016 0.016 0.016 0.02 0.021 0.009 0.146 0.306 0.025 0.043 0.049 0.014 0.026 0.037 0.006 0.021 0.143
111 K 0.056 0.079 0.099 0.048 0.01 0.043 0.059 0.047 0.021 0.031 0.044 0.195 0.015 0.017 0.026 0.063 0.085 0.005 0.017 0.039
112 E 0.058 0.041 0.095 0.067 0.011 0.044 0.165 0.042 0.022 0.043 0.097 0.057 0.019 0.024 0.023 0.075 0.044 0.005 0.017 0.05
113 Y 0.038 0.026 0.02 0.018 0.009 0.019 0.026 0.025 0.04 0.047 0.076 0.028 0.02 0.182 0.014 0.029 0.027 0.025 0.282 0.047
114 L 0.121 0.031 0.032 0.031 0.017 0.024 0.036 0.05 0.014 0.065 0.183 0.04 0.029 0.034 0.023 0.12 0.055 0.006 0.019 0.068
115 L 0.049 0.02 0.015 0.016 0.111 0.013 0.019 0.024 0.01 0.13 0.188 0.022 0.032 0.111 0.014 0.029 0.035 0.008 0.032 0.12
116 E 0.077 0.042 0.094 0.059 0.012 0.039 0.122 0.047 0.021 0.043 0.108 0.061 0.02 0.025 0.023 0.089 0.048 0.005 0.017 0.047
117 I 0.055 0.041 0.028 0.027 0.077 0.026 0.035 0.032 0.019 0.099 0.084 0.083 0.022 0.047 0.02 0.049 0.088 0.01 0.08 0.08
118 F 0.033 0.019 0.017 0.017 0.01 0.01 0.019 0.025 0.017 0.062 0.112 0.019 0.025 0.399 0.01 0.025 0.025 0.017 0.087 0.054
119 I 0.049 0.029 0.02 0.023 0.015 0.057 0.034 0.025 0.013 0.225 0.138 0.037 0.033 0.037 0.016 0.031 0.04 0.006 0.02 0.153
120 K 0.055 0.115 0.041 0.041 0.008 0.088 0.074 0.041 0.022 0.027 0.043 0.24 0.016 0.015 0.026 0.052 0.039 0.005 0.018 0.033
121 C 0.058 0.023 0.024 0.023 0.111 0.017 0.024 0.031 0.011 0.106 0.099 0.028 0.024 0.103 0.018 0.049 0.104 0.008 0.031 0.109
122 V 0.072 0.026 0.027 0.026 0.018 0.02 0.03 0.034 0.011 0.145 0.109 0.033 0.027 0.032 0.02 0.079 0.081 0.005 0.019 0.184
123 K 0.053 0.093 0.099 0.049 0.009 0.049 0.065 0.047 0.022 0.026 0.04 0.244 0.014 0.016 0.026 0.056 0.041 0.005 0.017 0.031
124 I 0.088 0.022 0.018 0.019 0.015 0.017 0.023 0.031 0.018 0.177 0.123 0.028 0.028 0.08 0.017 0.036 0.038 0.011 0.086 0.126
125 F 0.034 0.02 0.018 0.017 0.01 0.013 0.02 0.025 0.022 0.058 0.103 0.021 0.024 0.345 0.011 0.026 0.025 0.019 0.136 0.052
126 A 0.183 0.034 0.039 0.038 0.051 0.028 0.044 0.067 0.016 0.035 0.049 0.047 0.016 0.021 0.028 0.161 0.065 0.005 0.017 0.053
127 I 0.052 0.02 0.015 0.017 0.017 0.014 0.019 0.021 0.009 0.218 0.199 0.024 0.037 0.043 0.015 0.026 0.04 0.006 0.021 0.187
128 L 0.044 0.022 0.016 0.017 0.015 0.016 0.02 0.021 0.017 0.168 0.234 0.025 0.038 0.064 0.014 0.025 0.034 0.011 0.083 0.116
129 A 0.212 0.03 0.031 0.031 0.018 0.024 0.037 0.159 0.014 0.04 0.053 0.042 0.016 0.021 0.027 0.078 0.087 0.005 0.016 0.059
130 S 0.108 0.039 0.053 0.048 0.017 0.033 0.051 0.065 0.019 0.029 0.041 0.053 0.015 0.02 0.029 0.235 0.08 0.005 0.017 0.041
131 V 0.07 0.024 0.023 0.023 0.113 0.019 0.027 0.033 0.011 0.102 0.15 0.03 0.028 0.033 0.018 0.073 0.049 0.005 0.018 0.152
132 L 0.06 0.028 0.028 0.026 0.015 0.02 0.029 0.035 0.014 0.085 0.184 0.033 0.031 0.109 0.019 0.08 0.087 0.008 0.033 0.076
133 Y 0.04 0.027 0.021 0.018 0.009 0.021 0.027 0.024 0.046 0.043 0.067 0.031 0.018 0.128 0.015 0.031 0.027 0.027 0.331 0.046
134 I 0.046 0.019 0.014 0.017 0.016 0.014 0.018 0.02 0.009 0.251 0.209 0.023 0.039 0.045 0.014 0.024 0.038 0.006 0.021 0.157
135 F 0.081 0.027 0.029 0.027 0.111 0.02 0.03 0.041 0.014 0.052 0.093 0.033 0.021 0.124 0.02 0.087 0.088 0.008 0.035 0.058
136 Y 0.04 0.027 0.021 0.018 0.009 0.021 0.027 0.024 0.046 0.043 0.067 0.031 0.018 0.128 0.015 0.031 0.027 0.027 0.331 0.046
137 V 0.06 0.02 0.015 0.017 0.018 0.015 0.021 0.023 0.008 0.211 0.142 0.025 0.033 0.038 0.015 0.029 0.045 0.006 0.02 0.239
138 I 0.05 0.019 0.015 0.017 0.016 0.014 0.019 0.021 0.009 0.226 0.202 0.024 0.038 0.044 0.015 0.026 0.04 0.006 0.021 0.179
139 L 0.046 0.026 0.016 0.017 0.016 0.02 0.022 0.023 0.012 0.108 0.323 0.028 0.091 0.052 0.015 0.028 0.035 0.007 0.022 0.093
140 L 0.044 0.024 0.014 0.015 0.016 0.016 0.02 0.021 0.01 0.113 0.388 0.025 0.049 0.054 0.014 0.024 0.033 0.007 0.022 0.094
141 H 0.047 0.069 0.103 0.048 0.008 0.043 0.058 0.045 0.161 0.024 0.038 0.145 0.014 0.022 0.022 0.051 0.036 0.006 0.032 0.027
142 A 0.157 0.031 0.035 0.034 0.017 0.025 0.039 0.091 0.016 0.041 0.069 0.042 0.018 0.085 0.025 0.13 0.056 0.007 0.029 0.053
143 G 0.07 0.027 0.097 0.043 0.01 0.021 0.03 0.429 0.017 0.019 0.028 0.037 0.01 0.016 0.019 0.054 0.033 0.005 0.012 0.024
144 F 0.04 0.023 0.017 0.017 0.012 0.016 0.022 0.024 0.021 0.077 0.187 0.025 0.05 0.206 0.013 0.027 0.029 0.015 0.11 0.068
145 L 0.047 0.022 0.014 0.016 0.016 0.015 0.02 0.021 0.009 0.154 0.308 0.025 0.044 0.049 0.014 0.025 0.036 0.007 0.021 0.135
146 N 0.041 0.038 0.225 0.213 0.008 0.032 0.065 0.057 0.026 0.022 0.03 0.049 0.01 0.016 0.021 0.061 0.043 0.004 0.014 0.025
147 F 0.038 0.02 0.019 0.019 0.011 0.012 0.021 0.028 0.017 0.06 0.107 0.021 0.024 0.374 0.012 0.039 0.029 0.016 0.082 0.053
148 N 0.046 0.035 0.205 0.058 0.011 0.026 0.039 0.049 0.022 0.084 0.065 0.043 0.017 0.023 0.083 0.054 0.045 0.005 0.016 0.073
149 L 0.067 0.092 0.025 0.024 0.014 0.024 0.031 0.034 0.015 0.069 0.196 0.047 0.031 0.109 0.017 0.06 0.039 0.008 0.033 0.065
150 I 0.046 0.019 0.015 0.017 0.015 0.013 0.019 0.023 0.011 0.186 0.14 0.022 0.031 0.16 0.013 0.026 0.036 0.009 0.042 0.155
151 Y 0.04 0.027 0.021 0.018 0.009 0.021 0.027 0.024 0.046 0.043 0.067 0.031 0.018 0.128 0.015 0.031 0.027 0.027 0.331 0.046
152 N 0.06 0.042 0.177 0.067 0.01 0.036 0.088 0.15 0.024 0.022 0.033 0.06 0.012 0.017 0.022 0.084 0.046 0.005 0.015 0.029
153 V 0.074 0.029 0.027 0.024 0.016 0.022 0.031 0.032 0.081 0.101 0.149 0.033 0.029 0.035 0.019 0.044 0.069 0.006 0.027 0.15
154 L 0.045 0.025 0.015 0.016 0.016 0.018 0.021 0.022 0.011 0.11 0.349 0.027 0.074 0.052 0.014 0.026 0.034 0.007 0.022 0.094
155 S 0.108 0.039 0.053 0.048 0.017 0.033 0.051 0.065 0.019 0.029 0.041 0.053 0.015 0.02 0.029 0.235 0.08 0.005 0.017 0.041
156 L 0.109 0.028 0.024 0.024 0.017 0.021 0.03 0.041 0.013 0.082 0.253 0.034 0.036 0.041 0.02 0.078 0.046 0.006 0.02 0.078
157 T 0.079 0.036 0.045 0.039 0.017 0.028 0.041 0.047 0.015 0.048 0.059 0.046 0.019 0.023 0.027 0.12 0.225 0.006 0.017 0.064
158 G 0.082 0.031 0.05 0.114 0.013 0.026 0.049 0.243 0.016 0.023 0.033 0.043 0.012 0.017 0.023 0.124 0.051 0.005 0.013 0.031
159 E 0.054 0.049 0.04 0.088 0.007 0.063 0.31 0.034 0.025 0.022 0.036 0.074 0.013 0.016 0.025 0.054 0.036 0.005 0.016 0.031
160 F 0.033 0.019 0.017 0.017 0.01 0.01 0.019 0.025 0.017 0.062 0.112 0.019 0.025 0.399 0.01 0.025 0.025 0.017 0.087 0.054
161 F 0.033 0.019 0.017 0.017 0.01 0.01 0.019 0.025 0.017 0.062 0.112 0.019 0.025 0.399 0.01 0.025 0.025 0.017 0.087 0.054
162 F 0.033 0.019 0.017 0.017 0.01 0.01 0.019 0.025 0.017 0.062 0.112 0.019 0.025 0.399 0.01 0.025 0.025 0.017 0.087 0.054
163 R 0.044 0.358 0.038 0.03 0.008 0.047 0.051 0.032 0.023 0.023 0.046 0.118 0.015 0.017 0.019 0.044 0.034 0.006 0.017 0.03
164 P 0.056 0.025 0.023 0.03 0.01 0.02 0.035 0.035 0.013 0.025 0.035 0.04 0.01 0.013 0.503 0.043 0.035 0.003 0.013 0.03
165 S 0.088 0.034 0.053 0.117 0.014 0.029 0.054 0.152 0.018 0.026 0.036 0.047 0.013 0.018 0.026 0.161 0.061 0.005 0.015 0.034
166 G 0.077 0.022 0.038 0.033 0.011 0.019 0.025 0.52 0.013 0.019 0.028 0.033 0.009 0.016 0.019 0.05 0.029 0.005 0.011 0.024
167 A 0.304 0.03 0.025 0.029 0.021 0.025 0.04 0.077 0.015 0.042 0.058 0.044 0.017 0.021 0.029 0.083 0.049 0.005 0.017 0.067
168 F 0.033 0.019 0.017 0.017 0.01 0.01 0.019 0.025 0.017 0.062 0.112 0.019 0.025 0.399 0.01 0.025 0.025 0.017 0.087 0.054
169 F 0.033 0.019 0.017 0.017 0.01 0.01 0.019 0.025 0.017 0.062 0.112 0.019 0.025 0.399 0.01 0.025 0.025 0.017 0.087 0.054
170 A 0.226 0.034 0.036 0.037 0.02 0.028 0.044 0.072 0.016 0.037 0.051 0.047 0.016 0.021 0.029 0.144 0.062 0.005 0.017 0.057
171 K 0.056 0.105 0.041 0.041 0.008 0.052 0.069 0.042 0.02 0.027 0.042 0.292 0.015 0.015 0.027 0.052 0.039 0.005 0.017 0.032
172 S 0.108 0.039 0.053 0.048 0.017 0.033 0.051 0.065 0.019 0.029 0.041 0.053 0.015 0.02 0.029 0.235 0.08 0.005 0.017 0.041
173 F 0.036 0.019 0.018 0.018 0.011 0.011 0.02 0.026 0.017 0.061 0.11 0.02 0.025 0.386 0.011 0.032 0.027 0.016 0.085 0.053
174 F 0.034 0.02 0.018 0.017 0.01 0.013 0.02 0.025 0.022 0.058 0.103 0.021 0.024 0.345 0.011 0.026 0.025 0.019 0.136 0.052
175 F 0.033 0.019 0.017 0.017 0.01 0.01 0.019 0.025 0.017 0.062 0.112 0.019 0.025 0.399 0.01 0.025 0.025 0.017 0.087 0.054
176 F 0.041 0.018 0.015 0.017 0.014 0.012 0.018 0.022 0.012 0.185 0.158 0.021 0.032 0.186 0.013 0.025 0.033 0.01 0.047 0.12
177 G 0.077 0.022 0.038 0.033 0.011 0.019 0.025 0.52 0.013 0.019 0.028 0.033 0.009 0.016 0.019 0.05 0.029 0.005 0.011 0.024
178 I 0.059 0.018 0.015 0.018 0.017 0.014 0.019 0.023 0.009 0.257 0.155 0.024 0.035 0.041 0.015 0.028 0.041 0.006 0.02 0.188
179 G 0.122 0.024 0.036 0.032 0.013 0.02 0.028 0.431 0.013 0.023 0.034 0.035 0.011 0.017 0.021 0.057 0.033 0.005 0.012 0.033
180 A 0.265 0.032 0.031 0.033 0.02 0.027 0.042 0.074 0.015 0.04 0.055 0.046 0.017 0.021 0.029 0.114 0.055 0.005 0.017 0.062
181 I 0.051 0.018 0.015 0.017 0.016 0.014 0.018 0.021 0.009 0.261 0.157 0.024 0.035 0.042 0.015 0.026 0.041 0.006 0.02 0.195
182 L 0.095 0.022 0.017 0.019 0.016 0.015 0.023 0.033 0.012 0.158 0.177 0.027 0.033 0.112 0.016 0.036 0.037 0.008 0.033 0.112
183 F 0.048 0.023 0.024 0.023 0.012 0.015 0.025 0.033 0.017 0.056 0.098 0.026 0.023 0.323 0.014 0.067 0.036 0.014 0.073 0.051
184 F 0.033 0.019 0.017 0.017 0.01 0.01 0.019 0.025 0.017 0.062 0.112 0.019 0.025 0.399 0.01 0.025 0.025 0.017 0.087 0.054
185 C 0.059 0.018 0.016 0.017 0.208 0.013 0.018 0.026 0.008 0.156 0.114 0.022 0.027 0.032 0.016 0.033 0.04 0.005 0.017 0.156
186 E 0.051 0.045 0.054 0.142 0.007 0.057 0.265 0.037 0.024 0.022 0.034 0.068 0.012 0.016 0.025 0.054 0.036 0.005 0.015 0.029
187 K 0.051 0.206 0.04 0.037 0.008 0.05 0.062 0.038 0.021 0.025 0.044 0.222 0.015 0.016 0.024 0.049 0.037 0.005 0.017 0.031
188 K 0.053 0.156 0.04 0.039 0.008 0.051 0.066 0.04 0.021 0.026 0.043 0.257 0.015 0.016 0.025 0.051 0.038 0.005 0.017 0.032
189 Y 0.041 0.025 0.02 0.018 0.01 0.02 0.025 0.024 0.038 0.091 0.087 0.029 0.022 0.111 0.015 0.029 0.03 0.023 0.269 0.071
190 F 0.045 0.021 0.02 0.019 0.012 0.013 0.02 0.123 0.014 0.067 0.169 0.023 0.028 0.23 0.013 0.03 0.028 0.012 0.054 0.059
191 F 0.042 0.04 0.023 0.022 0.01 0.024 0.032 0.028 0.028 0.054 0.117 0.079 0.023 0.168 0.016 0.033 0.03 0.017 0.162 0.052
192 F 0.046 0.022 0.022 0.02 0.092 0.014 0.022 0.03 0.014 0.056 0.092 0.024 0.022 0.249 0.015 0.041 0.074 0.029 0.06 0.057
193 L 0.056 0.026 0.022 0.022 0.016 0.019 0.026 0.03 0.012 0.106 0.294 0.03 0.04 0.058 0.017 0.066 0.042 0.007 0.023 0.088
194 L 0.044 0.023 0.014 0.015 0.016 0.015 0.019 0.021 0.01 0.142 0.351 0.025 0.047 0.052 0.014 0.024 0.034 0.007 0.022 0.107
195 C 0.06 0.022 0.021 0.021 0.207 0.016 0.022 0.031 0.01 0.106 0.147 0.027 0.027 0.032 0.018 0.053 0.069 0.005 0.017 0.088
196 L 0.054 0.023 0.016 0.017 0.017 0.018 0.022 0.023 0.01 0.172 0.203 0.027 0.065 0.043 0.015 0.029 0.041 0.006 0.021 0.178
197 L 0.055 0.024 0.02 0.02 0.016 0.017 0.024 0.028 0.012 0.113 0.219 0.027 0.035 0.114 0.016 0.054 0.041 0.008 0.034 0.122
198 A 0.304 0.03 0.025 0.029 0.021 0.025 0.04 0.077 0.015 0.042 0.058 0.044 0.017 0.021 0.029 0.083 0.049 0.005 0.017 0.067
199 I 0.046 0.019 0.014 0.017 0.016 0.014 0.018 0.02 0.009 0.251 0.209 0.023 0.039 0.045 0.014 0.024 0.038 0.006 0.021 0.157
200 F 0.037 0.021 0.016 0.016 0.013 0.013 0.019 0.023 0.014 0.083 0.222 0.021 0.034 0.261 0.012 0.024 0.028 0.013 0.061 0.07
201 L 0.044 0.024 0.014 0.015 0.016 0.016 0.02 0.021 0.01 0.113 0.388 0.025 0.049 0.054 0.014 0.024 0.033 0.007 0.022 0.094
202 T 0.072 0.035 0.043 0.037 0.017 0.027 0.039 0.043 0.014 0.052 0.064 0.045 0.019 0.023 0.027 0.091 0.261 0.006 0.017 0.07
203 E 0.054 0.049 0.04 0.088 0.007 0.063 0.31 0.034 0.025 0.022 0.036 0.074 0.013 0.016 0.025 0.054 0.036 0.005 0.016 0.031
204 T 0.079 0.036 0.045 0.039 0.017 0.028 0.041 0.047 0.015 0.048 0.059 0.046 0.019 0.023 0.027 0.12 0.225 0.006 0.017 0.064
205 R 0.044 0.358 0.038 0.03 0.008 0.047 0.051 0.032 0.023 0.023 0.046 0.118 0.015 0.017 0.019 0.044 0.034 0.006 0.017 0.03
206 G 0.077 0.022 0.038 0.033 0.011 0.019 0.025 0.52 0.013 0.019 0.028 0.033 0.009 0.016 0.019 0.05 0.029 0.005 0.011 0.024
207 V 0.069 0.021 0.016 0.017 0.019 0.016 0.023 0.024 0.008 0.161 0.128 0.026 0.031 0.035 0.016 0.032 0.048 0.005 0.02 0.283
208 F 0.035 0.02 0.016 0.016 0.011 0.011 0.019 0.024 0.015 0.072 0.167 0.02 0.03 0.33 0.011 0.025 0.026 0.015 0.074 0.062
209 L 0.044 0.024 0.014 0.015 0.016 0.016 0.02 0.021 0.01 0.113 0.388 0.025 0.049 0.054 0.014 0.024 0.033 0.007 0.022 0.094
210 F 0.033 0.019 0.017 0.017 0.01 0.01 0.019 0.025 0.017 0.062 0.112 0.019 0.025 0.399 0.01 0.025 0.025 0.017 0.087 0.054
211 T 0.165 0.033 0.036 0.034 0.019 0.026 0.039 0.056 0.014 0.048 0.062 0.044 0.018 0.022 0.028 0.088 0.176 0.006 0.017 0.069
212 G 0.071 0.022 0.03 0.027 0.205 0.018 0.024 0.229 0.011 0.035 0.049 0.03 0.014 0.019 0.019 0.054 0.078 0.005 0.013 0.046
213 L 0.051 0.022 0.015 0.016 0.017 0.016 0.02 0.022 0.009 0.149 0.289 0.025 0.042 0.047 0.015 0.026 0.038 0.006 0.021 0.155
214 A 0.252 0.033 0.033 0.034 0.02 0.027 0.043 0.074 0.016 0.039 0.054 0.046 0.017 0.021 0.029 0.124 0.057 0.005 0.017 0.06
215 L 0.103 0.025 0.018 0.02 0.018 0.02 0.025 0.034 0.011 0.14 0.186 0.031 0.062 0.04 0.018 0.04 0.042 0.006 0.021 0.142
216 L 0.052 0.029 0.022 0.021 0.016 0.023 0.027 0.028 0.013 0.095 0.245 0.033 0.094 0.045 0.017 0.042 0.081 0.007 0.022 0.088
217 L 0.095 0.022 0.017 0.019 0.016 0.015 0.023 0.033 0.012 0.158 0.177 0.027 0.033 0.112 0.016 0.036 0.037 0.008 0.033 0.112
218 A 0.258 0.031 0.029 0.031 0.02 0.025 0.039 0.07 0.014 0.044 0.059 0.044 0.018 0.022 0.029 0.085 0.091 0.005 0.017 0.068
219 S 0.108 0.039 0.053 0.048 0.017 0.033 0.051 0.065 0.019 0.029 0.041 0.053 0.015 0.02 0.029 0.235 0.08 0.005 0.017 0.041
220 F 0.037 0.02 0.016 0.016 0.012 0.012 0.019 0.024 0.014 0.079 0.204 0.021 0.033 0.284 0.012 0.025 0.028 0.013 0.065 0.067
221 R 0.049 0.257 0.039 0.035 0.008 0.049 0.059 0.036 0.022 0.025 0.044 0.188 0.015 0.016 0.022 0.047 0.036 0.005 0.017 0.031
222 L 0.045 0.02 0.014 0.016 0.016 0.014 0.018 0.02 0.009 0.216 0.254 0.024 0.041 0.047 0.014 0.024 0.037 0.006 0.021 0.142
223 N 0.042 0.044 0.275 0.073 0.009 0.034 0.049 0.059 0.098 0.022 0.032 0.051 0.012 0.02 0.02 0.063 0.044 0.005 0.024 0.026
224 G 0.068 0.063 0.101 0.049 0.011 0.038 0.053 0.147 0.021 0.025 0.037 0.145 0.013 0.017 0.024 0.092 0.047 0.005 0.015 0.031
225 L 0.099 0.028 0.018 0.02 0.017 0.022 0.027 0.035 0.013 0.093 0.244 0.033 0.094 0.045 0.018 0.04 0.039 0.007 0.022 0.087
226 Y 0.046 0.092 0.022 0.02 0.012 0.025 0.03 0.025 0.027 0.072 0.143 0.047 0.036 0.073 0.016 0.032 0.033 0.015 0.145 0.087
227 K 0.051 0.071 0.03 0.031 0.011 0.037 0.049 0.034 0.016 0.096 0.136 0.185 0.026 0.029 0.022 0.041 0.038 0.006 0.019 0.073
228 N 0.042 0.044 0.33 0.081 0.009 0.033 0.048 0.064 0.031 0.022 0.031 0.053 0.011 0.018 0.02 0.068 0.048 0.004 0.015 0.026
229 L 0.085 0.024 0.021 0.022 0.017 0.018 0.025 0.032 0.011 0.16 0.19 0.031 0.034 0.039 0.019 0.045 0.083 0.006 0.02 0.117
230 L 0.05 0.024 0.02 0.02 0.016 0.017 0.023 0.025 0.01 0.147 0.263 0.028 0.039 0.045 0.017 0.037 0.08 0.006 0.021 0.11
231 L 0.046 0.022 0.016 0.017 0.014 0.015 0.021 0.023 0.018 0.133 0.172 0.025 0.032 0.132 0.014 0.027 0.035 0.012 0.096 0.13
232 I 0.051 0.018 0.015 0.017 0.016 0.014 0.018 0.021 0.009 0.261 0.157 0.024 0.035 0.042 0.015 0.026 0.041 0.006 0.02 0.195
233 L 0.078 0.026 0.028 0.027 0.015 0.021 0.029 0.102 0.015 0.1 0.11 0.033 0.053 0.106 0.018 0.076 0.044 0.008 0.032 0.079
234 L 0.049 0.021 0.015 0.016 0.016 0.015 0.02 0.021 0.009 0.18 0.261 0.024 0.041 0.046 0.015 0.026 0.038 0.006 0.021 0.158
235 G 0.115 0.025 0.032 0.03 0.015 0.02 0.029 0.236 0.013 0.083 0.068 0.035 0.018 0.024 0.022 0.06 0.081 0.005 0.015 0.072
236 V 0.07 0.025 0.022 0.022 0.034 0.019 0.027 0.031 0.01 0.126 0.163 0.03 0.031 0.036 0.018 0.065 0.05 0.006 0.02 0.198
237 L 0.083 0.022 0.017 0.018 0.016 0.016 0.023 0.03 0.011 0.141 0.175 0.026 0.032 0.111 0.016 0.034 0.039 0.008 0.033 0.149
238 A 0.159 0.029 0.027 0.028 0.017 0.022 0.034 0.053 0.015 0.058 0.131 0.037 0.025 0.103 0.022 0.09 0.047 0.008 0.032 0.065
239 G 0.054 0.023 0.026 0.024 0.012 0.017 0.023 0.223 0.015 0.052 0.094 0.028 0.049 0.175 0.015 0.037 0.029 0.01 0.044 0.049
240 L 0.095 0.023 0.017 0.018 0.016 0.016 0.023 0.032 0.011 0.127 0.24 0.027 0.037 0.091 0.017 0.036 0.036 0.008 0.029 0.099
241 A 0.192 0.026 0.026 0.028 0.017 0.021 0.031 0.184 0.013 0.085 0.071 0.037 0.019 0.024 0.023 0.063 0.042 0.005 0.016 0.077
242 L 0.047 0.027 0.016 0.017 0.016 0.021 0.023 0.024 0.012 0.107 0.31 0.029 0.1 0.051 0.015 0.028 0.035 0.007 0.023 0.093
243 L 0.099 0.028 0.018 0.02 0.017 0.022 0.027 0.035 0.013 0.093 0.244 0.033 0.094 0.045 0.018 0.04 0.039 0.007 0.022 0.087
244 V 0.054 0.021 0.017 0.018 0.016 0.016 0.022 0.023 0.016 0.187 0.13 0.026 0.03 0.057 0.015 0.029 0.04 0.01 0.082 0.192
245 L 0.046 0.022 0.016 0.017 0.015 0.016 0.021 0.023 0.012 0.161 0.202 0.025 0.064 0.117 0.014 0.027 0.036 0.009 0.035 0.124
246 V 0.069 0.021 0.016 0.017 0.019 0.016 0.023 0.024 0.008 0.161 0.128 0.026 0.031 0.035 0.016 0.032 0.048 0.005 0.02 0.283
247 G 0.077 0.022 0.038 0.033 0.011 0.019 0.025 0.52 0.013 0.019 0.028 0.033 0.009 0.016 0.019 0.05 0.029 0.005 0.011 0.024
248 D 0.109 0.031 0.054 0.236 0.012 0.028 0.068 0.087 0.017 0.027 0.036 0.045 0.012 0.017 0.025 0.094 0.046 0.004 0.013 0.036
249 R 0.044 0.358 0.038 0.03 0.008 0.047 0.051 0.032 0.023 0.023 0.046 0.118 0.015 0.017 0.019 0.044 0.034 0.006 0.017 0.03
250 G 0.174 0.029 0.036 0.034 0.016 0.024 0.036 0.252 0.015 0.03 0.043 0.041 0.014 0.019 0.025 0.1 0.047 0.005 0.015 0.045
251 G 0.071 0.028 0.034 0.041 0.012 0.027 0.082 0.324 0.015 0.048 0.049 0.04 0.014 0.02 0.019 0.047 0.034 0.005 0.014 0.077
252 D 0.041 0.032 0.12 0.344 0.008 0.03 0.081 0.049 0.021 0.022 0.028 0.046 0.009 0.015 0.022 0.055 0.037 0.004 0.012 0.024
253 S 0.108 0.039 0.053 0.048 0.017 0.033 0.051 0.065 0.019 0.029 0.041 0.053 0.015 0.02 0.029 0.235 0.08 0.005 0.017 0.041
254 D 0.04 0.029 0.068 0.409 0.007 0.029 0.09 0.046 0.018 0.022 0.027 0.044 0.009 0.015 0.022 0.051 0.035 0.004 0.011 0.024
255 S 0.147 0.038 0.047 0.044 0.018 0.031 0.049 0.067 0.018 0.032 0.045 0.051 0.016 0.021 0.029 0.205 0.074 0.005 0.017 0.046
256 V 0.069 0.021 0.016 0.017 0.019 0.016 0.023 0.024 0.008 0.161 0.128 0.026 0.031 0.035 0.016 0.032 0.048 0.005 0.02 0.283
257 R 0.044 0.358 0.038 0.03 0.008 0.047 0.051 0.032 0.023 0.023 0.046 0.118 0.015 0.017 0.019 0.044 0.034 0.006 0.017 0.03
258 L 0.042 0.021 0.015 0.016 0.015 0.014 0.019 0.022 0.011 0.149 0.273 0.023 0.041 0.12 0.013 0.024 0.033 0.009 0.034 0.107
259 N 0.043 0.046 0.311 0.079 0.009 0.046 0.052 0.062 0.031 0.022 0.032 0.055 0.012 0.017 0.02 0.067 0.048 0.005 0.016 0.027
260 D 0.04 0.029 0.068 0.409 0.007 0.029 0.09 0.046 0.018 0.022 0.027 0.044 0.009 0.015 0.022 0.051 0.035 0.004 0.011 0.024
261 F 0.035 0.02 0.016 0.016 0.011 0.012 0.02 0.025 0.015 0.066 0.155 0.021 0.028 0.262 0.011 0.024 0.026 0.112 0.07 0.057
262 R 0.059 0.103 0.097 0.05 0.011 0.037 0.08 0.045 0.028 0.03 0.046 0.064 0.015 0.04 0.022 0.089 0.06 0.01 0.079 0.037
263 F 0.036 0.023 0.019 0.017 0.01 0.016 0.023 0.025 0.03 0.053 0.091 0.024 0.022 0.273 0.013 0.028 0.026 0.022 0.201 0.05
264 V 0.051 0.021 0.017 0.017 0.015 0.015 0.022 0.024 0.017 0.143 0.12 0.025 0.028 0.128 0.014 0.029 0.038 0.012 0.096 0.168
265 I 0.044 0.023 0.018 0.018 0.013 0.018 0.022 0.022 0.024 0.164 0.142 0.027 0.039 0.078 0.015 0.028 0.034 0.015 0.145 0.111
266 K 0.099 0.059 0.12 0.123 0.011 0.037 0.062 0.056 0.022 0.028 0.039 0.129 0.013 0.017 0.025 0.063 0.043 0.005 0.015 0.036
267 N 0.061 0.045 0.218 0.071 0.011 0.048 0.07 0.061 0.027 0.024 0.035 0.057 0.013 0.018 0.023 0.111 0.056 0.005 0.016 0.031
268 L 0.063 0.027 0.023 0.023 0.017 0.021 0.028 0.032 0.012 0.137 0.183 0.032 0.062 0.04 0.018 0.07 0.048 0.006 0.021 0.136
269 N 0.051 0.035 0.2 0.134 0.009 0.028 0.05 0.182 0.024 0.021 0.029 0.046 0.01 0.017 0.02 0.06 0.041 0.004 0.013 0.025
270 L 0.053 0.023 0.021 0.022 0.014 0.017 0.024 0.123 0.011 0.111 0.201 0.029 0.031 0.036 0.113 0.033 0.034 0.006 0.017 0.083
271 L 0.099 0.026 0.022 0.023 0.016 0.019 0.028 0.038 0.012 0.105 0.145 0.032 0.027 0.04 0.018 0.049 0.081 0.105 0.029 0.087
272 S 0.076 0.037 0.1 0.046 0.015 0.029 0.043 0.052 0.023 0.043 0.053 0.046 0.017 0.036 0.024 0.132 0.101 0.008 0.059 0.061
273 L 0.074 0.026 0.022 0.022 0.016 0.02 0.027 0.033 0.014 0.094 0.173 0.031 0.06 0.111 0.017 0.06 0.043 0.008 0.034 0.114
274 L 0.048 0.02 0.015 0.017 0.015 0.014 0.019 0.022 0.01 0.181 0.191 0.023 0.035 0.115 0.014 0.026 0.037 0.008 0.034 0.156
275 F 0.033 0.019 0.017 0.017 0.01 0.01 0.019 0.025 0.017 0.062 0.112 0.019 0.025 0.399 0.01 0.025 0.025 0.017 0.087 0.054
276 G 0.077 0.022 0.038 0.033 0.011 0.019 0.025 0.52 0.013 0.019 0.028 0.033 0.009 0.016 0.019 0.05 0.029 0.005 0.011 0.024
277 E 0.054 0.096 0.042 0.056 0.01 0.047 0.152 0.052 0.091 0.028 0.043 0.068 0.015 0.021 0.023 0.057 0.079 0.006 0.024 0.037
278 G 0.077 0.022 0.038 0.033 0.011 0.019 0.025 0.52 0.013 0.019 0.028 0.033 0.009 0.016 0.019 0.05 0.029 0.005 0.011 0.024
279 F 0.033 0.019 0.017 0.017 0.01 0.01 0.019 0.025 0.017 0.062 0.112 0.019 0.025 0.399 0.01 0.025 0.025 0.017 0.087 0.054
280 G 0.077 0.022 0.038 0.033 0.011 0.019 0.025 0.52 0.013 0.019 0.028 0.033 0.009 0.016 0.019 0.05 0.029 0.005 0.011 0.024
281 A 0.166 0.035 0.042 0.039 0.019 0.029 0.045 0.064 0.016 0.038 0.051 0.048 0.017 0.021 0.029 0.156 0.106 0.005 0.017 0.056
282 E 0.058 0.045 0.041 0.047 0.01 0.075 0.107 0.04 0.091 0.032 0.055 0.056 0.018 0.096 0.021 0.082 0.042 0.008 0.039 0.037
283 I 0.044 0.018 0.015 0.017 0.015 0.013 0.018 0.021 0.01 0.241 0.154 0.022 0.034 0.114 0.014 0.025 0.036 0.008 0.034 0.149
284 L 0.039 0.022 0.015 0.016 0.014 0.014 0.019 0.022 0.013 0.093 0.277 0.022 0.039 0.192 0.013 0.024 0.03 0.011 0.048 0.078
285 G 0.058 0.03 0.05 0.195 0.009 0.032 0.108 0.233 0.018 0.021 0.029 0.046 0.01 0.015 0.021 0.051 0.033 0.005 0.012 0.025
286 R 0.044 0.358 0.038 0.03 0.008 0.047 0.051 0.032 0.023 0.023 0.046 0.118 0.015 0.017 0.019 0.044 0.034 0.006 0.017 0.03
287 G 0.07 0.026 0.032 0.029 0.014 0.02 0.028 0.229 0.013 0.058 0.174 0.034 0.026 0.032 0.019 0.077 0.041 0.006 0.016 0.055
288 R 0.044 0.358 0.038 0.03 0.008 0.047 0.051 0.032 0.023 0.023 0.046 0.118 0.015 0.017 0.019 0.044 0.034 0.006 0.017 0.03
289 I 0.046 0.017 0.014 0.017 0.016 0.013 0.017 0.02 0.009 0.285 0.165 0.023 0.036 0.043 0.014 0.025 0.039 0.006 0.02 0.173
290 E 0.055 0.048 0.04 0.087 0.007 0.062 0.301 0.05 0.025 0.022 0.036 0.073 0.013 0.016 0.025 0.054 0.036 0.005 0.016 0.03
291 V 0.064 0.021 0.016 0.017 0.018 0.016 0.022 0.023 0.008 0.186 0.135 0.025 0.032 0.037 0.016 0.031 0.047 0.005 0.02 0.261
292 V 0.069 0.021 0.016 0.017 0.019 0.016 0.023 0.024 0.008 0.161 0.128 0.026 0.031 0.035 0.016 0.032 0.048 0.005 0.02 0.283
293 P 0.056 0.025 0.023 0.03 0.01 0.02 0.035 0.035 0.013 0.025 0.035 0.04 0.01 0.013 0.503 0.043 0.035 0.003 0.013 0.03
294 L 0.044 0.024 0.014 0.015 0.016 0.016 0.02 0.021 0.01 0.113 0.388 0.025 0.049 0.054 0.014 0.024 0.033 0.007 0.022 0.094
295 E 0.054 0.049 0.04 0.088 0.007 0.063 0.31 0.034 0.025 0.022 0.036 0.074 0.013 0.016 0.025 0.054 0.036 0.005 0.016 0.031
296 L 0.045 0.02 0.014 0.016 0.016 0.014 0.018 0.02 0.009 0.216 0.254 0.024 0.041 0.047 0.014 0.024 0.037 0.006 0.021 0.142
297 L 0.039 0.021 0.015 0.016 0.013 0.013 0.019 0.023 0.013 0.089 0.259 0.022 0.038 0.215 0.012 0.024 0.029 0.011 0.052 0.075
298 Y 0.044 0.044 0.029 0.029 0.009 0.103 0.055 0.031 0.033 0.04 0.068 0.052 0.02 0.137 0.017 0.039 0.032 0.017 0.158 0.043
299 K 0.056 0.105 0.041 0.041 0.008 0.052 0.069 0.042 0.02 0.027 0.042 0.292 0.015 0.015 0.027 0.052 0.039 0.005 0.017 0.032
300 T 0.066 0.029 0.032 0.029 0.017 0.022 0.031 0.034 0.011 0.121 0.097 0.036 0.025 0.03 0.022 0.066 0.174 0.006 0.019 0.133
301 G 0.077 0.022 0.038 0.033 0.011 0.019 0.025 0.52 0.013 0.019 0.028 0.033 0.009 0.016 0.019 0.05 0.029 0.005 0.011 0.024
302 L 0.07 0.024 0.017 0.018 0.017 0.018 0.023 0.027 0.011 0.153 0.213 0.028 0.065 0.043 0.016 0.032 0.041 0.006 0.021 0.158
303 L 0.046 0.021 0.014 0.016 0.016 0.015 0.019 0.021 0.009 0.197 0.266 0.024 0.042 0.048 0.014 0.025 0.037 0.006 0.021 0.144
304 G 0.077 0.022 0.038 0.033 0.011 0.019 0.025 0.52 0.013 0.019 0.028 0.033 0.009 0.016 0.019 0.05 0.029 0.005 0.011 0.024
305 V 0.061 0.021 0.015 0.017 0.018 0.016 0.022 0.023 0.008 0.168 0.185 0.025 0.035 0.04 0.015 0.03 0.044 0.006 0.021 0.231
306 I 0.048 0.019 0.015 0.017 0.015 0.014 0.019 0.022 0.011 0.215 0.145 0.023 0.033 0.104 0.014 0.026 0.038 0.008 0.042 0.171
307 L 0.052 0.022 0.016 0.018 0.016 0.015 0.02 0.039 0.009 0.175 0.239 0.025 0.039 0.044 0.015 0.029 0.045 0.006 0.02 0.155
308 S 0.108 0.039 0.053 0.048 0.017 0.033 0.051 0.065 0.019 0.029 0.041 0.053 0.015 0.02 0.029 0.235 0.08 0.005 0.017 0.041
309 L 0.048 0.02 0.014 0.016 0.016 0.014 0.019 0.021 0.009 0.206 0.242 0.024 0.04 0.046 0.014 0.025 0.038 0.006 0.021 0.159
310 L 0.066 0.021 0.015 0.017 0.016 0.015 0.02 0.025 0.01 0.188 0.207 0.025 0.037 0.067 0.015 0.03 0.039 0.007 0.025 0.156
311 P 0.056 0.025 0.023 0.03 0.01 0.02 0.035 0.035 0.013 0.025 0.035 0.04 0.01 0.013 0.503 0.043 0.035 0.003 0.013 0.03
312 L 0.05 0.025 0.017 0.018 0.015 0.019 0.023 0.025 0.013 0.118 0.188 0.028 0.091 0.116 0.014 0.03 0.037 0.009 0.035 0.128
313 L 0.042 0.023 0.014 0.015 0.015 0.015 0.02 0.022 0.011 0.103 0.333 0.024 0.044 0.123 0.013 0.024 0.031 0.009 0.035 0.086
314 L 0.05 0.041 0.023 0.023 0.013 0.025 0.033 0.029 0.02 0.088 0.217 0.081 0.033 0.058 0.018 0.045 0.037 0.01 0.082 0.074
315 L 0.05 0.021 0.015 0.016 0.016 0.015 0.019 0.021 0.009 0.192 0.246 0.024 0.04 0.046 0.015 0.026 0.038 0.006 0.021 0.164
316 I 0.056 0.022 0.023 0.023 0.015 0.016 0.024 0.03 0.012 0.189 0.129 0.028 0.03 0.11 0.017 0.067 0.044 0.008 0.033 0.123
317 V 0.048 0.089 0.021 0.02 0.013 0.022 0.028 0.025 0.02 0.107 0.101 0.043 0.025 0.124 0.015 0.032 0.035 0.012 0.095 0.125
318 K 0.055 0.101 0.059 0.052 0.008 0.051 0.112 0.073 0.022 0.025 0.04 0.204 0.014 0.016 0.025 0.053 0.038 0.005 0.016 0.031
319 G 0.09 0.032 0.099 0.046 0.013 0.026 0.038 0.244 0.018 0.027 0.038 0.043 0.013 0.018 0.023 0.098 0.076 0.005 0.014 0.037
320 L 0.041 0.022 0.016 0.017 0.013 0.015 0.02 0.022 0.018 0.135 0.209 0.024 0.034 0.135 0.014 0.026 0.032 0.013 0.096 0.098
