#Seq2Logo.py -f /work3/idamei/wzy_ssn/run/1e-50/run/150/MSAs/0012_25.afa -o /work3/idamei/wzy_ssn/run/1e-50/run/150/logos/0012_25.logo
#Position Specific Frequency Matrix
A R N D C Q E G H I L K M F P S T W Y V
0 L 0.051 0.031 0.019 0.019 0.016 0.027 0.027 0.027 0.016 0.097 0.191 0.035 0.187 0.047 0.016 0.035 0.039 0.008 0.023 0.089
1 K 0.056 0.11 0.08 0.044 0.011 0.054 0.057 0.043 0.021 0.032 0.047 0.16 0.016 0.018 0.024 0.063 0.101 0.005 0.017 0.041
2 I 0.053 0.047 0.07 0.036 0.013 0.029 0.039 0.036 0.015 0.138 0.093 0.105 0.024 0.028 0.021 0.05 0.086 0.005 0.018 0.094
3 D 0.042 0.037 0.194 0.242 0.008 0.032 0.07 0.056 0.025 0.022 0.03 0.049 0.01 0.016 0.021 0.061 0.042 0.004 0.013 0.026
4 R 0.051 0.227 0.04 0.036 0.008 0.051 0.061 0.038 0.022 0.025 0.045 0.201 0.015 0.016 0.023 0.049 0.037 0.005 0.017 0.032
5 I 0.047 0.018 0.015 0.018 0.016 0.013 0.018 0.02 0.009 0.275 0.167 0.023 0.037 0.044 0.015 0.025 0.04 0.006 0.02 0.176
6 N 0.042 0.045 0.32 0.083 0.009 0.034 0.049 0.065 0.031 0.022 0.031 0.054 0.011 0.018 0.02 0.069 0.049 0.004 0.016 0.027
7 Y 0.075 0.034 0.038 0.034 0.013 0.027 0.04 0.045 0.033 0.036 0.055 0.042 0.017 0.075 0.023 0.127 0.055 0.017 0.169 0.044
8 N 0.05 0.076 0.181 0.062 0.009 0.043 0.06 0.054 0.026 0.025 0.037 0.168 0.013 0.017 0.024 0.061 0.044 0.005 0.016 0.03
9 L 0.077 0.032 0.034 0.032 0.017 0.025 0.036 0.044 0.015 0.072 0.21 0.04 0.032 0.038 0.022 0.124 0.057 0.006 0.02 0.069
10 K 0.06 0.13 0.041 0.04 0.009 0.049 0.064 0.043 0.02 0.026 0.042 0.243 0.015 0.016 0.026 0.076 0.043 0.005 0.017 0.033
11 V 0.049 0.07 0.069 0.081 0.013 0.024 0.037 0.032 0.017 0.133 0.095 0.043 0.024 0.036 0.017 0.038 0.04 0.007 0.039 0.137
12 S 0.082 0.089 0.045 0.041 0.015 0.035 0.049 0.051 0.018 0.048 0.052 0.091 0.017 0.021 0.026 0.157 0.091 0.005 0.017 0.05
13 V 0.057 0.02 0.015 0.017 0.054 0.015 0.02 0.023 0.008 0.184 0.174 0.024 0.034 0.039 0.015 0.029 0.042 0.006 0.02 0.205
14 K 0.051 0.126 0.029 0.028 0.011 0.035 0.043 0.031 0.021 0.089 0.078 0.131 0.021 0.04 0.02 0.039 0.037 0.009 0.067 0.095
15 D 0.062 0.035 0.044 0.149 0.012 0.035 0.125 0.04 0.017 0.054 0.056 0.049 0.016 0.021 0.023 0.079 0.075 0.005 0.016 0.087
16 L 0.044 0.024 0.018 0.018 0.014 0.018 0.022 0.024 0.016 0.114 0.233 0.027 0.056 0.106 0.015 0.031 0.048 0.011 0.072 0.09
17 L 0.047 0.021 0.035 0.02 0.016 0.015 0.02 0.023 0.01 0.204 0.223 0.025 0.037 0.043 0.015 0.028 0.038 0.006 0.02 0.153
18 F 0.053 0.023 0.02 0.02 0.014 0.016 0.024 0.027 0.017 0.109 0.107 0.027 0.026 0.153 0.016 0.037 0.069 0.012 0.084 0.147
19 L 0.045 0.022 0.017 0.017 0.014 0.015 0.021 0.025 0.012 0.115 0.185 0.024 0.031 0.098 0.013 0.029 0.049 0.115 0.04 0.112
20 F 0.044 0.019 0.015 0.017 0.014 0.013 0.019 0.023 0.012 0.155 0.173 0.022 0.033 0.182 0.013 0.026 0.034 0.01 0.046 0.132
21 L 0.058 0.023 0.021 0.022 0.077 0.017 0.024 0.03 0.011 0.156 0.2 0.028 0.033 0.039 0.017 0.067 0.044 0.006 0.019 0.108
22 Y 0.044 0.032 0.103 0.035 0.009 0.025 0.034 0.036 0.04 0.036 0.056 0.037 0.016 0.092 0.017 0.053 0.035 0.02 0.239 0.04
23 L 0.066 0.025 0.025 0.024 0.081 0.019 0.027 0.034 0.012 0.108 0.17 0.031 0.029 0.06 0.018 0.086 0.048 0.006 0.023 0.108
24 I 0.054 0.025 0.024 0.024 0.015 0.019 0.026 0.031 0.014 0.138 0.123 0.03 0.048 0.135 0.017 0.064 0.071 0.009 0.037 0.098
25 F 0.034 0.021 0.018 0.017 0.01 0.013 0.021 0.024 0.024 0.056 0.099 0.022 0.023 0.332 0.012 0.026 0.025 0.019 0.154 0.051
26 I 0.064 0.021 0.016 0.018 0.015 0.015 0.021 0.026 0.012 0.171 0.141 0.025 0.051 0.138 0.015 0.031 0.037 0.009 0.038 0.138
27 F 0.05 0.021 0.022 0.021 0.013 0.015 0.022 0.093 0.013 0.098 0.102 0.025 0.024 0.205 0.015 0.038 0.063 0.011 0.049 0.099
28 A 0.135 0.031 0.031 0.037 0.049 0.028 0.072 0.049 0.015 0.079 0.109 0.043 0.022 0.027 0.023 0.103 0.051 0.005 0.018 0.072
29 F 0.036 0.02 0.016 0.016 0.012 0.012 0.019 0.024 0.017 0.074 0.184 0.021 0.03 0.293 0.012 0.025 0.027 0.015 0.086 0.063
30 L 0.048 0.023 0.02 0.02 0.014 0.015 0.023 0.028 0.013 0.105 0.203 0.026 0.033 0.189 0.014 0.054 0.036 0.01 0.047 0.081
31 Y 0.045 0.023 0.017 0.017 0.013 0.017 0.022 0.023 0.024 0.136 0.147 0.026 0.029 0.101 0.014 0.028 0.033 0.015 0.152 0.119
32 W 0.067 0.023 0.016 0.017 0.009 0.016 0.024 0.036 0.015 0.031 0.052 0.025 0.015 0.054 0.01 0.03 0.025 0.441 0.06 0.034
33 A 0.151 0.031 0.032 0.031 0.018 0.025 0.037 0.053 0.014 0.068 0.115 0.041 0.024 0.028 0.024 0.115 0.072 0.006 0.018 0.097
34 L 0.081 0.031 0.116 0.038 0.013 0.022 0.032 0.044 0.023 0.055 0.136 0.036 0.024 0.103 0.018 0.048 0.038 0.01 0.077 0.055
35 T 0.065 0.041 0.041 0.073 0.013 0.064 0.093 0.041 0.018 0.047 0.101 0.054 0.021 0.024 0.024 0.089 0.114 0.006 0.018 0.054
36 N 0.043 0.033 0.187 0.051 0.012 0.025 0.035 0.044 0.021 0.091 0.162 0.039 0.026 0.032 0.017 0.048 0.042 0.005 0.018 0.069
37 F 0.048 0.13 0.031 0.027 0.011 0.027 0.035 0.033 0.017 0.044 0.072 0.057 0.019 0.141 0.018 0.05 0.102 0.047 0.042 0.049
38 N 0.059 0.034 0.146 0.077 0.012 0.026 0.042 0.119 0.021 0.032 0.047 0.043 0.014 0.074 0.021 0.086 0.077 0.006 0.025 0.038
39 N 0.048 0.037 0.168 0.114 0.011 0.033 0.086 0.047 0.022 0.065 0.054 0.049 0.016 0.021 0.021 0.06 0.074 0.005 0.016 0.053
40 G 0.102 0.032 0.076 0.041 0.015 0.025 0.038 0.113 0.017 0.038 0.054 0.042 0.016 0.068 0.023 0.112 0.106 0.007 0.025 0.048
41 I 0.056 0.022 0.023 0.023 0.015 0.016 0.024 0.03 0.012 0.189 0.129 0.028 0.03 0.11 0.017 0.067 0.044 0.008 0.033 0.123
42 L 0.046 0.027 0.097 0.032 0.013 0.02 0.027 0.032 0.019 0.132 0.171 0.032 0.03 0.048 0.016 0.036 0.039 0.008 0.059 0.115
43 I 0.073 0.027 0.032 0.03 0.015 0.021 0.031 0.101 0.014 0.114 0.089 0.035 0.023 0.075 0.02 0.112 0.052 0.007 0.026 0.104
44 A 0.121 0.036 0.108 0.044 0.014 0.029 0.043 0.056 0.065 0.047 0.052 0.045 0.016 0.035 0.023 0.103 0.05 0.008 0.059 0.049
45 P 0.057 0.034 0.11 0.096 0.01 0.03 0.078 0.103 0.021 0.024 0.035 0.047 0.011 0.022 0.137 0.075 0.042 0.005 0.033 0.03
46 Y 0.039 0.027 0.021 0.018 0.009 0.021 0.027 0.024 0.045 0.042 0.066 0.03 0.018 0.126 0.015 0.03 0.027 0.027 0.342 0.045
47 E 0.056 0.037 0.067 0.059 0.011 0.04 0.166 0.092 0.019 0.056 0.092 0.051 0.019 0.024 0.021 0.047 0.038 0.005 0.017 0.083
48 D 0.041 0.03 0.069 0.397 0.008 0.03 0.091 0.047 0.019 0.022 0.028 0.045 0.009 0.015 0.022 0.052 0.035 0.004 0.011 0.024
49 Q 0.056 0.074 0.044 0.047 0.009 0.215 0.103 0.041 0.029 0.026 0.047 0.091 0.021 0.015 0.024 0.056 0.041 0.006 0.021 0.035
50 P 0.053 0.037 0.069 0.08 0.011 0.026 0.044 0.039 0.02 0.069 0.096 0.069 0.02 0.036 0.107 0.066 0.041 0.007 0.054 0.056
51 L 0.058 0.026 0.059 0.029 0.015 0.02 0.028 0.033 0.013 0.157 0.176 0.032 0.031 0.037 0.017 0.069 0.046 0.006 0.019 0.127
52 L 0.047 0.02 0.014 0.016 0.016 0.014 0.019 0.021 0.009 0.215 0.241 0.024 0.039 0.045 0.014 0.025 0.037 0.006 0.02 0.158
53 F 0.041 0.021 0.021 0.02 0.011 0.013 0.022 0.029 0.017 0.057 0.102 0.022 0.023 0.363 0.012 0.051 0.031 0.015 0.078 0.052
54 P 0.051 0.023 0.02 0.026 0.011 0.018 0.03 0.031 0.012 0.069 0.097 0.035 0.018 0.044 0.365 0.037 0.034 0.004 0.019 0.055
55 W 0.031 0.021 0.015 0.015 0.008 0.014 0.021 0.028 0.014 0.061 0.064 0.022 0.017 0.057 0.008 0.022 0.024 0.451 0.06 0.046
56 V 0.056 0.019 0.015 0.017 0.017 0.014 0.02 0.022 0.009 0.196 0.137 0.024 0.032 0.081 0.015 0.028 0.042 0.007 0.028 0.223
57 C 0.057 0.02 0.02 0.02 0.158 0.015 0.022 0.03 0.011 0.119 0.102 0.025 0.024 0.118 0.016 0.056 0.04 0.008 0.033 0.108
58 G 0.055 0.023 0.027 0.025 0.013 0.017 0.024 0.146 0.013 0.104 0.092 0.029 0.022 0.139 0.017 0.046 0.087 0.009 0.036 0.077
59 L 0.08 0.032 0.036 0.034 0.016 0.025 0.038 0.046 0.015 0.063 0.188 0.041 0.029 0.034 0.022 0.156 0.06 0.006 0.019 0.062
60 L 0.05 0.021 0.019 0.02 0.015 0.015 0.022 0.026 0.011 0.194 0.197 0.026 0.035 0.085 0.015 0.05 0.04 0.007 0.028 0.123
61 L 0.049 0.022 0.018 0.018 0.016 0.015 0.021 0.024 0.01 0.159 0.223 0.026 0.036 0.086 0.015 0.032 0.063 0.007 0.028 0.132
62 V 0.049 0.02 0.015 0.017 0.015 0.013 0.02 0.023 0.011 0.157 0.162 0.022 0.032 0.149 0.014 0.027 0.037 0.009 0.039 0.171
63 Q 0.09 0.051 0.112 0.051 0.012 0.118 0.067 0.052 0.024 0.03 0.045 0.065 0.017 0.017 0.024 0.087 0.075 0.005 0.018 0.041
64 L 0.047 0.022 0.018 0.019 0.015 0.016 0.021 0.024 0.011 0.173 0.203 0.027 0.053 0.086 0.015 0.033 0.063 0.007 0.028 0.117
65 L 0.058 0.025 0.025 0.024 0.016 0.019 0.025 0.087 0.011 0.132 0.168 0.031 0.03 0.035 0.018 0.047 0.106 0.006 0.018 0.12
66 G 0.076 0.027 0.072 0.038 0.127 0.022 0.031 0.247 0.015 0.027 0.039 0.036 0.012 0.018 0.02 0.096 0.044 0.005 0.013 0.035
67 F 0.033 0.019 0.017 0.016 0.01 0.011 0.019 0.024 0.02 0.059 0.105 0.02 0.024 0.376 0.011 0.025 0.025 0.018 0.116 0.052
68 F 0.045 0.028 0.018 0.019 0.013 0.017 0.024 0.025 0.013 0.166 0.125 0.055 0.029 0.168 0.014 0.028 0.035 0.009 0.043 0.127
69 L 0.094 0.023 0.017 0.019 0.016 0.016 0.023 0.033 0.012 0.123 0.222 0.027 0.035 0.114 0.016 0.036 0.036 0.008 0.034 0.097
70 I 0.047 0.02 0.015 0.017 0.015 0.015 0.019 0.021 0.013 0.218 0.188 0.024 0.035 0.053 0.014 0.026 0.037 0.008 0.058 0.157
71 K 0.05 0.096 0.035 0.035 0.009 0.065 0.06 0.037 0.024 0.032 0.053 0.202 0.017 0.074 0.022 0.046 0.035 0.009 0.063 0.036
72 K 0.053 0.096 0.075 0.045 0.008 0.049 0.066 0.044 0.021 0.026 0.04 0.275 0.014 0.015 0.026 0.053 0.039 0.005 0.016 0.031
73 V 0.073 0.026 0.026 0.025 0.018 0.02 0.029 0.033 0.01 0.118 0.101 0.033 0.026 0.03 0.02 0.071 0.105 0.005 0.019 0.212
74 P 0.065 0.042 0.073 0.041 0.012 0.03 0.045 0.046 0.06 0.036 0.08 0.075 0.017 0.022 0.138 0.104 0.048 0.005 0.021 0.039
75 F 0.039 0.019 0.015 0.016 0.013 0.012 0.018 0.022 0.012 0.142 0.193 0.021 0.033 0.217 0.012 0.024 0.03 0.011 0.051 0.097
76 F 0.05 0.024 0.024 0.022 0.069 0.017 0.026 0.032 0.02 0.051 0.083 0.028 0.021 0.222 0.016 0.061 0.062 0.014 0.106 0.052
77 D 0.043 0.033 0.06 0.341 0.007 0.037 0.143 0.042 0.02 0.022 0.029 0.05 0.01 0.015 0.022 0.051 0.034 0.004 0.012 0.025
78 F 0.041 0.019 0.017 0.018 0.012 0.012 0.021 0.025 0.014 0.096 0.109 0.022 0.025 0.275 0.07 0.027 0.03 0.012 0.062 0.093
79 G 0.141 0.029 0.039 0.036 0.015 0.024 0.036 0.285 0.015 0.027 0.038 0.041 0.013 0.018 0.024 0.116 0.048 0.005 0.014 0.039
80 L 0.049 0.021 0.015 0.016 0.016 0.015 0.02 0.022 0.01 0.141 0.256 0.024 0.039 0.088 0.014 0.026 0.037 0.007 0.028 0.157
81 W 0.029 0.022 0.015 0.015 0.007 0.015 0.022 0.029 0.015 0.029 0.051 0.022 0.015 0.058 0.007 0.022 0.022 0.511 0.066 0.029
82 F 0.034 0.021 0.018 0.017 0.01 0.013 0.021 0.024 0.025 0.055 0.097 0.022 0.023 0.326 0.012 0.026 0.025 0.019 0.161 0.051
83 L 0.056 0.024 0.021 0.02 0.015 0.018 0.025 0.027 0.018 0.14 0.158 0.029 0.03 0.059 0.016 0.054 0.042 0.011 0.096 0.141
84 L 0.046 0.023 0.018 0.018 0.015 0.017 0.022 0.023 0.014 0.151 0.25 0.027 0.037 0.055 0.016 0.032 0.062 0.009 0.058 0.107
85 L 0.053 0.024 0.019 0.019 0.016 0.017 0.023 0.026 0.01 0.129 0.296 0.028 0.04 0.046 0.016 0.051 0.04 0.006 0.021 0.12
86 S 0.106 0.039 0.052 0.047 0.017 0.032 0.051 0.064 0.019 0.029 0.04 0.052 0.015 0.02 0.029 0.248 0.079 0.005 0.017 0.04
87 Y 0.04 0.028 0.058 0.025 0.01 0.021 0.028 0.028 0.039 0.07 0.073 0.032 0.019 0.103 0.015 0.034 0.031 0.022 0.266 0.058
88 L 0.055 0.024 0.021 0.021 0.129 0.018 0.025 0.031 0.012 0.065 0.159 0.028 0.045 0.098 0.074 0.057 0.038 0.007 0.029 0.063
89 F 0.033 0.018 0.016 0.016 0.01 0.01 0.018 0.024 0.016 0.061 0.11 0.018 0.024 0.409 0.01 0.024 0.024 0.016 0.086 0.053
90 L 0.049 0.03 0.019 0.019 0.016 0.026 0.026 0.026 0.015 0.098 0.214 0.034 0.174 0.047 0.015 0.033 0.038 0.008 0.023 0.089
91 F 0.033 0.018 0.016 0.016 0.01 0.01 0.018 0.024 0.016 0.061 0.11 0.018 0.024 0.409 0.01 0.024 0.024 0.016 0.086 0.053
92 G 0.075 0.022 0.038 0.032 0.01 0.018 0.025 0.528 0.013 0.018 0.027 0.032 0.009 0.016 0.018 0.049 0.029 0.005 0.01 0.023
93 Y 0.04 0.031 0.064 0.029 0.01 0.024 0.033 0.031 0.112 0.049 0.119 0.034 0.022 0.111 0.016 0.035 0.03 0.015 0.15 0.047
94 L 0.053 0.02 0.015 0.017 0.017 0.015 0.02 0.021 0.009 0.205 0.205 0.024 0.037 0.042 0.015 0.027 0.04 0.006 0.02 0.196
95 F 0.033 0.018 0.016 0.016 0.01 0.01 0.018 0.024 0.016 0.061 0.11 0.018 0.024 0.409 0.01 0.024 0.024 0.016 0.086 0.053
96 L 0.048 0.027 0.077 0.031 0.013 0.019 0.028 0.034 0.016 0.096 0.196 0.031 0.03 0.125 0.016 0.058 0.039 0.008 0.035 0.075
97 K 0.062 0.07 0.038 0.052 0.01 0.048 0.135 0.04 0.02 0.041 0.05 0.174 0.016 0.018 0.025 0.073 0.043 0.005 0.017 0.063
98 V 0.085 0.028 0.021 0.022 0.015 0.044 0.033 0.031 0.018 0.141 0.106 0.035 0.027 0.049 0.018 0.038 0.041 0.009 0.076 0.164
99 F 0.036 0.021 0.017 0.017 0.011 0.013 0.02 0.025 0.016 0.067 0.124 0.021 0.054 0.345 0.011 0.026 0.027 0.015 0.075 0.059
100 G 0.051 0.041 0.173 0.135 0.009 0.03 0.052 0.18 0.022 0.021 0.03 0.072 0.01 0.016 0.02 0.057 0.039 0.004 0.013 0.025
101 L 0.041 0.023 0.015 0.016 0.014 0.015 0.02 0.022 0.012 0.096 0.302 0.024 0.057 0.146 0.013 0.025 0.031 0.009 0.038 0.081
102 K 0.055 0.061 0.078 0.091 0.009 0.096 0.099 0.044 0.061 0.024 0.038 0.115 0.015 0.017 0.023 0.074 0.042 0.005 0.021 0.03
103 T 0.074 0.035 0.043 0.037 0.017 0.027 0.039 0.044 0.014 0.049 0.06 0.044 0.018 0.022 0.027 0.106 0.256 0.006 0.017 0.065
104 T 0.071 0.037 0.108 0.047 0.015 0.029 0.042 0.051 0.018 0.04 0.051 0.047 0.016 0.021 0.025 0.119 0.187 0.005 0.017 0.053
105 L 0.043 0.023 0.014 0.015 0.016 0.016 0.019 0.02 0.01 0.111 0.401 0.024 0.048 0.052 0.014 0.023 0.032 0.007 0.021 0.092
106 L 0.072 0.023 0.015 0.017 0.016 0.016 0.021 0.026 0.01 0.143 0.314 0.026 0.042 0.047 0.015 0.03 0.035 0.006 0.021 0.106
107 W 0.029 0.022 0.015 0.015 0.007 0.015 0.022 0.029 0.015 0.029 0.051 0.022 0.015 0.058 0.007 0.022 0.022 0.513 0.065 0.029
108 N 0.06 0.046 0.175 0.1 0.011 0.077 0.063 0.056 0.025 0.024 0.036 0.058 0.014 0.017 0.023 0.111 0.053 0.005 0.016 0.031
109 P 0.054 0.025 0.022 0.03 0.01 0.02 0.035 0.035 0.012 0.025 0.035 0.04 0.01 0.012 0.514 0.042 0.035 0.002 0.012 0.03
110 G 0.099 0.029 0.035 0.038 0.013 0.026 0.063 0.2 0.016 0.058 0.057 0.04 0.016 0.062 0.021 0.101 0.045 0.006 0.022 0.051
111 N 0.053 0.032 0.128 0.043 0.013 0.025 0.035 0.042 0.037 0.121 0.093 0.039 0.039 0.03 0.019 0.07 0.07 0.005 0.02 0.084
112 F 0.04 0.026 0.055 0.026 0.01 0.019 0.027 0.03 0.029 0.048 0.078 0.029 0.02 0.209 0.015 0.038 0.054 0.018 0.18 0.048
113 F 0.035 0.022 0.018 0.017 0.01 0.015 0.022 0.024 0.03 0.052 0.089 0.024 0.021 0.276 0.012 0.027 0.026 0.021 0.209 0.049
114 S 0.07 0.039 0.126 0.051 0.014 0.031 0.046 0.054 0.058 0.033 0.044 0.048 0.015 0.021 0.024 0.129 0.128 0.005 0.02 0.043
115 R 0.051 0.146 0.122 0.088 0.009 0.058 0.057 0.046 0.023 0.023 0.038 0.073 0.013 0.016 0.073 0.073 0.043 0.005 0.016 0.03
116 E 0.056 0.038 0.065 0.05 0.012 0.056 0.116 0.037 0.019 0.094 0.104 0.051 0.022 0.026 0.021 0.07 0.067 0.005 0.018 0.071
117 E 0.076 0.042 0.137 0.114 0.009 0.045 0.182 0.048 0.025 0.023 0.035 0.06 0.012 0.017 0.023 0.06 0.04 0.005 0.015 0.032
118 L 0.045 0.032 0.017 0.018 0.015 0.021 0.025 0.023 0.011 0.1 0.341 0.055 0.06 0.048 0.015 0.027 0.033 0.007 0.021 0.085
119 F 0.033 0.019 0.017 0.016 0.01 0.011 0.019 0.024 0.019 0.059 0.105 0.019 0.024 0.382 0.011 0.025 0.025 0.017 0.113 0.052
120 K 0.045 0.098 0.037 0.033 0.008 0.039 0.052 0.036 0.114 0.029 0.049 0.157 0.016 0.065 0.02 0.042 0.031 0.06 0.039 0.031
121 S 0.118 0.034 0.045 0.041 0.016 0.028 0.042 0.161 0.016 0.03 0.042 0.046 0.014 0.019 0.026 0.174 0.086 0.005 0.015 0.042
122 Y 0.069 0.031 0.033 0.03 0.064 0.025 0.036 0.041 0.03 0.036 0.055 0.038 0.016 0.07 0.021 0.124 0.05 0.015 0.172 0.044
123 L 0.048 0.023 0.019 0.019 0.015 0.017 0.023 0.023 0.052 0.174 0.181 0.026 0.033 0.05 0.015 0.028 0.036 0.008 0.058 0.152
124 F 0.035 0.022 0.018 0.017 0.01 0.015 0.022 0.024 0.028 0.053 0.091 0.023 0.022 0.291 0.012 0.027 0.025 0.021 0.195 0.049
125 A 0.175 0.027 0.027 0.028 0.018 0.022 0.034 0.053 0.013 0.119 0.088 0.037 0.023 0.028 0.023 0.097 0.052 0.005 0.018 0.112
126 L 0.044 0.02 0.014 0.016 0.016 0.014 0.018 0.02 0.009 0.221 0.262 0.023 0.04 0.047 0.014 0.024 0.036 0.006 0.02 0.137
127 L 0.079 0.03 0.022 0.023 0.014 0.042 0.034 0.035 0.014 0.069 0.168 0.035 0.027 0.041 0.016 0.057 0.038 0.139 0.032 0.083
128 I 0.072 0.025 0.028 0.027 0.114 0.02 0.028 0.087 0.012 0.115 0.089 0.033 0.03 0.028 0.019 0.1 0.05 0.005 0.016 0.102
129 L 0.043 0.023 0.014 0.015 0.016 0.015 0.019 0.02 0.01 0.13 0.378 0.024 0.046 0.051 0.014 0.023 0.033 0.007 0.021 0.1
130 F 0.054 0.031 0.063 0.039 0.012 0.026 0.062 0.038 0.021 0.045 0.069 0.039 0.019 0.149 0.02 0.074 0.11 0.011 0.07 0.05
131 C 0.05 0.02 0.017 0.017 0.21 0.014 0.019 0.027 0.015 0.065 0.096 0.022 0.038 0.152 0.014 0.032 0.033 0.01 0.069 0.081
132 F 0.037 0.038 0.018 0.017 0.011 0.015 0.022 0.024 0.022 0.102 0.105 0.027 0.024 0.247 0.013 0.027 0.028 0.016 0.134 0.073
133 S 0.092 0.038 0.046 0.042 0.067 0.051 0.049 0.107 0.018 0.029 0.042 0.05 0.015 0.019 0.025 0.187 0.065 0.005 0.016 0.039
134 F 0.046 0.02 0.016 0.016 0.014 0.013 0.02 0.024 0.012 0.102 0.146 0.021 0.029 0.235 0.013 0.027 0.034 0.011 0.054 0.148
135 G 0.071 0.021 0.033 0.029 0.012 0.017 0.024 0.423 0.012 0.063 0.052 0.031 0.014 0.02 0.017 0.045 0.031 0.005 0.012 0.068
136 Y 0.039 0.028 0.053 0.024 0.009 0.022 0.028 0.028 0.041 0.043 0.079 0.032 0.019 0.111 0.015 0.033 0.029 0.024 0.298 0.045
137 L 0.041 0.02 0.014 0.016 0.014 0.013 0.018 0.021 0.011 0.156 0.257 0.022 0.038 0.14 0.013 0.024 0.032 0.009 0.037 0.105
138 L 0.048 0.022 0.019 0.019 0.014 0.015 0.022 0.026 0.013 0.099 0.224 0.025 0.034 0.173 0.014 0.048 0.036 0.01 0.043 0.098
139 F 0.045 0.025 0.057 0.028 0.011 0.018 0.027 0.082 0.053 0.057 0.083 0.029 0.02 0.219 0.015 0.04 0.055 0.011 0.054 0.07
140 Y 0.043 0.028 0.054 0.025 0.01 0.021 0.028 0.078 0.037 0.044 0.092 0.032 0.019 0.096 0.016 0.035 0.03 0.02 0.248 0.045
141 D 0.074 0.042 0.084 0.162 0.012 0.033 0.063 0.055 0.02 0.025 0.035 0.075 0.013 0.017 0.025 0.154 0.058 0.004 0.015 0.033
142 D 0.054 0.038 0.048 0.195 0.01 0.031 0.088 0.043 0.019 0.031 0.048 0.069 0.014 0.095 0.021 0.086 0.041 0.007 0.028 0.034
143 G 0.07 0.045 0.07 0.04 0.012 0.029 0.041 0.193 0.017 0.035 0.074 0.094 0.016 0.021 0.022 0.094 0.068 0.005 0.015 0.04
144 K 0.05 0.134 0.034 0.038 0.009 0.044 0.08 0.034 0.019 0.08 0.065 0.189 0.019 0.021 0.022 0.044 0.037 0.005 0.017 0.058
145 V 0.062 0.076 0.028 0.033 0.014 0.032 0.067 0.033 0.014 0.106 0.086 0.098 0.023 0.026 0.02 0.06 0.045 0.005 0.018 0.153
146 N 0.043 0.045 0.317 0.083 0.009 0.034 0.049 0.065 0.032 0.022 0.032 0.054 0.011 0.018 0.02 0.07 0.049 0.004 0.016 0.027
147 H 0.049 0.038 0.038 0.037 0.01 0.052 0.073 0.035 0.164 0.083 0.07 0.045 0.02 0.066 0.019 0.059 0.036 0.007 0.04 0.058
148 S 0.11 0.04 0.054 0.049 0.018 0.033 0.052 0.066 0.019 0.03 0.042 0.054 0.016 0.021 0.03 0.22 0.082 0.005 0.018 0.042
149 F 0.034 0.019 0.017 0.017 0.011 0.011 0.019 0.025 0.017 0.063 0.114 0.019 0.025 0.387 0.011 0.025 0.025 0.017 0.089 0.055
150 Y 0.056 0.042 0.066 0.04 0.011 0.032 0.069 0.039 0.064 0.038 0.082 0.069 0.018 0.054 0.02 0.083 0.042 0.012 0.12 0.042
151 H 0.056 0.049 0.075 0.079 0.01 0.034 0.052 0.092 0.128 0.037 0.044 0.095 0.015 0.022 0.021 0.067 0.039 0.006 0.027 0.054
152 S 0.071 0.04 0.105 0.048 0.013 0.052 0.05 0.052 0.057 0.056 0.053 0.051 0.017 0.022 0.023 0.135 0.079 0.005 0.021 0.05
153 E 0.052 0.039 0.074 0.142 0.009 0.044 0.192 0.041 0.022 0.026 0.041 0.057 0.013 0.056 0.022 0.071 0.039 0.006 0.022 0.031
154 V 0.05 0.023 0.049 0.023 0.014 0.018 0.024 0.026 0.018 0.16 0.142 0.028 0.029 0.055 0.015 0.032 0.039 0.01 0.085 0.162
155 Q 0.054 0.084 0.069 0.051 0.059 0.123 0.12 0.039 0.024 0.028 0.045 0.072 0.016 0.016 0.022 0.056 0.062 0.005 0.017 0.037
156 N 0.05 0.035 0.188 0.053 0.01 0.027 0.038 0.097 0.028 0.035 0.075 0.043 0.016 0.042 0.019 0.072 0.043 0.009 0.082 0.037
157 Y 0.094 0.033 0.072 0.037 0.013 0.026 0.038 0.048 0.029 0.037 0.054 0.042 0.016 0.06 0.022 0.103 0.076 0.013 0.138 0.047
158 K 0.05 0.069 0.08 0.045 0.009 0.123 0.072 0.042 0.025 0.031 0.052 0.134 0.018 0.071 0.022 0.051 0.039 0.007 0.028 0.035
159 E 0.057 0.06 0.116 0.069 0.009 0.048 0.155 0.047 0.024 0.024 0.036 0.123 0.013 0.017 0.024 0.081 0.045 0.005 0.016 0.031
160 N 0.044 0.038 0.205 0.087 0.01 0.033 0.078 0.048 0.024 0.065 0.067 0.048 0.036 0.024 0.019 0.055 0.043 0.005 0.017 0.052
161 E 0.049 0.034 0.034 0.106 0.01 0.038 0.159 0.032 0.018 0.074 0.104 0.05 0.02 0.024 0.09 0.043 0.035 0.005 0.016 0.059
162 D 0.046 0.048 0.147 0.153 0.008 0.044 0.151 0.047 0.025 0.022 0.032 0.085 0.011 0.016 0.022 0.057 0.039 0.005 0.015 0.027
163 K 0.056 0.093 0.115 0.047 0.011 0.038 0.051 0.046 0.021 0.055 0.053 0.144 0.016 0.02 0.023 0.075 0.068 0.005 0.017 0.048
164 I 0.043 0.072 0.093 0.037 0.011 0.028 0.038 0.035 0.091 0.122 0.084 0.07 0.022 0.048 0.017 0.04 0.036 0.006 0.028 0.077
165 L 0.049 0.043 0.022 0.022 0.014 0.028 0.033 0.028 0.014 0.107 0.211 0.088 0.101 0.041 0.017 0.034 0.037 0.007 0.021 0.086
166 F 0.042 0.042 0.025 0.029 0.009 0.028 0.064 0.029 0.028 0.042 0.071 0.089 0.019 0.181 0.017 0.035 0.029 0.017 0.159 0.043
167 N 0.047 0.08 0.179 0.052 0.011 0.033 0.044 0.047 0.023 0.043 0.092 0.08 0.036 0.024 0.02 0.057 0.067 0.005 0.017 0.045
168 V 0.126 0.023 0.018 0.02 0.017 0.018 0.026 0.036 0.014 0.145 0.108 0.03 0.027 0.042 0.019 0.043 0.043 0.008 0.053 0.184
169 G 0.075 0.022 0.038 0.032 0.01 0.018 0.025 0.53 0.013 0.018 0.027 0.032 0.009 0.016 0.018 0.049 0.028 0.005 0.01 0.023
170 L 0.042 0.113 0.021 0.019 0.063 0.023 0.028 0.026 0.018 0.079 0.143 0.047 0.025 0.085 0.014 0.031 0.031 0.062 0.064 0.064
171 I 0.055 0.02 0.019 0.02 0.016 0.015 0.022 0.026 0.01 0.217 0.135 0.026 0.031 0.077 0.016 0.05 0.043 0.007 0.026 0.171
172 L 0.044 0.02 0.014 0.016 0.016 0.014 0.018 0.02 0.009 0.211 0.275 0.023 0.041 0.047 0.014 0.024 0.035 0.006 0.021 0.133
173 F 0.046 0.025 0.023 0.021 0.013 0.018 0.025 0.028 0.02 0.065 0.149 0.029 0.026 0.174 0.016 0.042 0.093 0.014 0.109 0.063
174 I 0.051 0.019 0.02 0.021 0.013 0.015 0.02 0.155 0.01 0.178 0.139 0.025 0.027 0.038 0.014 0.03 0.033 0.059 0.022 0.108
175 V 0.053 0.019 0.015 0.017 0.068 0.014 0.019 0.023 0.009 0.176 0.157 0.023 0.032 0.077 0.014 0.028 0.039 0.007 0.026 0.185
176 G 0.072 0.021 0.035 0.031 0.011 0.018 0.024 0.476 0.012 0.048 0.041 0.031 0.012 0.018 0.018 0.047 0.03 0.005 0.011 0.039
177 F 0.044 0.022 0.019 0.019 0.013 0.014 0.022 0.027 0.014 0.074 0.199 0.024 0.031 0.248 0.013 0.049 0.033 0.012 0.056 0.065
178 I 0.049 0.019 0.018 0.02 0.013 0.014 0.021 0.08 0.011 0.169 0.117 0.025 0.027 0.117 0.069 0.03 0.035 0.008 0.033 0.126
179 S 0.08 0.03 0.038 0.034 0.124 0.024 0.036 0.047 0.015 0.04 0.058 0.039 0.017 0.064 0.023 0.142 0.107 0.006 0.023 0.051
180 R 0.084 0.156 0.106 0.045 0.011 0.038 0.049 0.049 0.022 0.029 0.044 0.099 0.015 0.018 0.023 0.082 0.071 0.005 0.016 0.039
181 L 0.049 0.023 0.015 0.016 0.016 0.017 0.021 0.022 0.01 0.141 0.289 0.025 0.059 0.047 0.014 0.027 0.037 0.006 0.021 0.146
182 L 0.044 0.021 0.016 0.017 0.014 0.015 0.02 0.022 0.018 0.158 0.183 0.024 0.032 0.103 0.014 0.026 0.034 0.012 0.1 0.126
183 N 0.061 0.035 0.137 0.047 0.014 0.027 0.039 0.047 0.019 0.057 0.094 0.043 0.02 0.025 0.022 0.086 0.125 0.005 0.017 0.079
184 D 0.061 0.031 0.051 0.206 0.011 0.027 0.061 0.047 0.021 0.031 0.045 0.042 0.014 0.073 0.022 0.112 0.047 0.008 0.058 0.035
185 Y 0.062 0.029 0.03 0.028 0.013 0.023 0.033 0.037 0.026 0.074 0.087 0.036 0.039 0.104 0.019 0.103 0.047 0.014 0.135 0.063
186 K 0.053 0.071 0.069 0.04 0.01 0.084 0.062 0.039 0.02 0.071 0.064 0.166 0.02 0.02 0.022 0.048 0.041 0.005 0.018 0.076
187 V 0.063 0.023 0.021 0.021 0.018 0.018 0.025 0.027 0.009 0.166 0.119 0.029 0.029 0.034 0.018 0.043 0.096 0.005 0.019 0.218
188 V 0.062 0.02 0.015 0.017 0.018 0.015 0.021 0.023 0.008 0.19 0.133 0.025 0.031 0.036 0.015 0.03 0.045 0.005 0.02 0.269
189 L 0.085 0.029 0.064 0.033 0.015 0.022 0.031 0.095 0.015 0.058 0.135 0.036 0.024 0.071 0.02 0.06 0.115 0.007 0.025 0.062
190 A 0.215 0.031 0.032 0.032 0.019 0.025 0.04 0.063 0.014 0.053 0.062 0.043 0.018 0.022 0.027 0.114 0.08 0.005 0.017 0.086
191 T 0.067 0.029 0.033 0.03 0.017 0.023 0.032 0.035 0.012 0.103 0.088 0.037 0.023 0.028 0.023 0.069 0.198 0.006 0.018 0.13
192 R 0.052 0.156 0.036 0.034 0.009 0.104 0.06 0.036 0.026 0.031 0.054 0.079 0.018 0.072 0.02 0.066 0.039 0.009 0.062 0.037
193 A 0.162 0.073 0.074 0.043 0.016 0.031 0.046 0.064 0.019 0.031 0.045 0.056 0.015 0.02 0.026 0.151 0.06 0.005 0.017 0.046
194 A 0.236 0.028 0.026 0.028 0.019 0.023 0.036 0.062 0.013 0.082 0.074 0.04 0.02 0.025 0.026 0.088 0.05 0.005 0.017 0.1
195 G 0.06 0.031 0.173 0.054 0.01 0.024 0.035 0.322 0.021 0.02 0.029 0.041 0.01 0.016 0.019 0.057 0.037 0.005 0.012 0.025
196 S 0.102 0.038 0.051 0.046 0.017 0.031 0.049 0.061 0.018 0.031 0.043 0.051 0.016 0.02 0.028 0.232 0.101 0.005 0.017 0.043
197 Y 0.039 0.027 0.021 0.018 0.009 0.021 0.027 0.024 0.045 0.042 0.066 0.03 0.018 0.126 0.015 0.03 0.027 0.027 0.344 0.045
198 T 0.086 0.035 0.043 0.039 0.017 0.028 0.042 0.05 0.015 0.053 0.06 0.045 0.019 0.023 0.026 0.154 0.163 0.005 0.017 0.081
199 A 0.24 0.029 0.031 0.031 0.018 0.024 0.037 0.175 0.014 0.035 0.049 0.042 0.015 0.02 0.026 0.093 0.047 0.005 0.015 0.054
200 Y 0.038 0.026 0.02 0.018 0.009 0.02 0.026 0.024 0.042 0.044 0.071 0.029 0.019 0.157 0.014 0.029 0.027 0.026 0.315 0.046
201 S 0.172 0.035 0.042 0.04 0.018 0.029 0.045 0.065 0.016 0.035 0.048 0.048 0.016 0.021 0.028 0.176 0.09 0.005 0.017 0.052
202 E 0.062 0.041 0.113 0.108 0.011 0.041 0.144 0.049 0.023 0.026 0.037 0.057 0.013 0.018 0.024 0.104 0.074 0.005 0.016 0.035
203 A 0.232 0.026 0.022 0.025 0.02 0.021 0.033 0.058 0.012 0.096 0.084 0.037 0.022 0.026 0.024 0.064 0.047 0.005 0.018 0.129
204 A 0.187 0.03 0.031 0.031 0.019 0.025 0.038 0.058 0.014 0.066 0.069 0.041 0.02 0.024 0.026 0.109 0.08 0.005 0.018 0.112
205 G 0.078 0.023 0.039 0.034 0.011 0.019 0.025 0.513 0.013 0.019 0.028 0.034 0.009 0.016 0.019 0.051 0.03 0.005 0.011 0.024
206 S 0.112 0.033 0.039 0.037 0.017 0.027 0.041 0.053 0.015 0.072 0.098 0.044 0.022 0.027 0.025 0.163 0.088 0.005 0.018 0.066
207 S 0.083 0.039 0.114 0.052 0.015 0.031 0.047 0.059 0.02 0.032 0.043 0.05 0.015 0.02 0.026 0.174 0.116 0.005 0.017 0.043
208 G 0.075 0.022 0.038 0.032 0.01 0.018 0.025 0.529 0.013 0.018 0.027 0.032 0.009 0.016 0.018 0.049 0.029 0.005 0.01 0.023
209 I 0.048 0.02 0.015 0.017 0.016 0.015 0.019 0.021 0.009 0.219 0.213 0.025 0.055 0.044 0.014 0.026 0.038 0.006 0.021 0.158
210 I 0.054 0.023 0.021 0.022 0.016 0.017 0.024 0.027 0.01 0.2 0.19 0.029 0.034 0.04 0.017 0.056 0.068 0.006 0.02 0.127
211 D 0.132 0.029 0.052 0.29 0.012 0.027 0.072 0.055 0.017 0.028 0.037 0.043 0.012 0.016 0.024 0.061 0.039 0.004 0.013 0.038
212 D 0.054 0.031 0.059 0.294 0.01 0.029 0.073 0.046 0.017 0.029 0.036 0.044 0.012 0.017 0.023 0.081 0.093 0.004 0.013 0.035
213 F 0.037 0.021 0.015 0.016 0.013 0.013 0.019 0.023 0.013 0.083 0.239 0.021 0.035 0.251 0.012 0.024 0.028 0.012 0.057 0.07
214 G 0.19 0.029 0.035 0.034 0.016 0.024 0.037 0.224 0.015 0.031 0.043 0.041 0.014 0.019 0.025 0.108 0.048 0.005 0.015 0.046
215 Y 0.05 0.04 0.027 0.027 0.011 0.094 0.05 0.029 0.031 0.062 0.072 0.048 0.021 0.068 0.018 0.038 0.036 0.015 0.164 0.097
216 L 0.043 0.023 0.014 0.015 0.016 0.016 0.019 0.02 0.01 0.111 0.4 0.024 0.048 0.053 0.014 0.023 0.032 0.007 0.021 0.092
217 L 0.052 0.026 0.02 0.02 0.016 0.021 0.025 0.026 0.012 0.145 0.185 0.031 0.104 0.042 0.016 0.037 0.065 0.007 0.021 0.128
218 L 0.052 0.021 0.014 0.016 0.017 0.015 0.02 0.021 0.009 0.169 0.255 0.024 0.039 0.044 0.014 0.026 0.039 0.006 0.021 0.178
219 P 0.055 0.025 0.022 0.03 0.01 0.02 0.035 0.035 0.012 0.025 0.035 0.04 0.01 0.012 0.513 0.042 0.035 0.002 0.012 0.03
220 G 0.079 0.024 0.039 0.034 0.011 0.02 0.027 0.477 0.014 0.019 0.029 0.035 0.01 0.016 0.019 0.072 0.034 0.005 0.011 0.025
221 L 0.065 0.025 0.023 0.023 0.017 0.019 0.027 0.031 0.011 0.129 0.202 0.031 0.033 0.038 0.018 0.077 0.048 0.006 0.02 0.158
222 F 0.042 0.021 0.019 0.018 0.012 0.013 0.021 0.026 0.014 0.076 0.138 0.023 0.027 0.286 0.013 0.032 0.056 0.013 0.063 0.086
223 F 0.053 0.025 0.024 0.023 0.013 0.018 0.026 0.032 0.018 0.089 0.16 0.029 0.028 0.172 0.016 0.075 0.04 0.012 0.077 0.071
224 L 0.049 0.02 0.014 0.016 0.016 0.014 0.019 0.021 0.009 0.205 0.233 0.024 0.038 0.044 0.014 0.026 0.038 0.006 0.02 0.172
225 L 0.039 0.022 0.015 0.015 0.014 0.014 0.019 0.022 0.012 0.094 0.303 0.022 0.04 0.172 0.012 0.024 0.03 0.01 0.043 0.079
226 F 0.043 0.026 0.09 0.031 0.119 0.019 0.027 0.034 0.027 0.042 0.067 0.03 0.017 0.141 0.015 0.039 0.033 0.014 0.14 0.045
227 S 0.129 0.038 0.049 0.045 0.017 0.031 0.049 0.065 0.018 0.03 0.042 0.051 0.015 0.02 0.029 0.231 0.075 0.005 0.017 0.043
228 D 0.051 0.116 0.079 0.131 0.009 0.038 0.086 0.096 0.02 0.025 0.038 0.092 0.013 0.017 0.022 0.055 0.062 0.005 0.014 0.032
229 K 0.055 0.084 0.037 0.043 0.063 0.07 0.094 0.039 0.02 0.028 0.044 0.224 0.015 0.015 0.025 0.051 0.038 0.005 0.016 0.034
230 L 0.041 0.069 0.02 0.02 0.011 0.023 0.029 0.026 0.017 0.108 0.153 0.065 0.027 0.052 0.014 0.029 0.031 0.121 0.066 0.077
231 S 0.067 0.049 0.106 0.046 0.013 0.032 0.046 0.049 0.019 0.087 0.065 0.102 0.019 0.023 0.023 0.115 0.054 0.005 0.017 0.064
232 R 0.051 0.136 0.074 0.045 0.01 0.042 0.083 0.038 0.02 0.038 0.087 0.129 0.019 0.022 0.022 0.053 0.066 0.005 0.017 0.043
233 R 0.058 0.123 0.113 0.046 0.012 0.059 0.051 0.045 0.022 0.044 0.053 0.068 0.017 0.02 0.021 0.08 0.075 0.005 0.017 0.069
234 T 0.069 0.048 0.037 0.035 0.015 0.031 0.044 0.042 0.015 0.101 0.077 0.105 0.021 0.025 0.024 0.103 0.107 0.005 0.018 0.078
235 K 0.12 0.06 0.073 0.047 0.012 0.04 0.085 0.112 0.02 0.028 0.042 0.144 0.014 0.017 0.025 0.061 0.04 0.005 0.016 0.038
236 K 0.048 0.151 0.074 0.04 0.008 0.043 0.055 0.04 0.021 0.029 0.05 0.189 0.016 0.065 0.022 0.048 0.037 0.006 0.025 0.033
237 L 0.045 0.021 0.018 0.019 0.014 0.015 0.021 0.024 0.011 0.16 0.195 0.025 0.034 0.134 0.015 0.032 0.063 0.009 0.036 0.109
238 L 0.041 0.021 0.014 0.016 0.014 0.014 0.019 0.021 0.011 0.145 0.266 0.023 0.039 0.139 0.013 0.024 0.032 0.009 0.037 0.102
239 F 0.048 0.023 0.022 0.022 0.014 0.015 0.024 0.028 0.014 0.1 0.107 0.026 0.025 0.219 0.016 0.042 0.091 0.011 0.052 0.102
240 L 0.055 0.027 0.026 0.024 0.013 0.02 0.029 0.034 0.022 0.057 0.146 0.032 0.025 0.108 0.017 0.081 0.04 0.075 0.114 0.055
241 L 0.06 0.023 0.022 0.022 0.076 0.017 0.024 0.091 0.011 0.104 0.165 0.027 0.028 0.081 0.016 0.058 0.04 0.007 0.026 0.103
242 V 0.065 0.027 0.027 0.026 0.017 0.021 0.029 0.033 0.012 0.142 0.117 0.034 0.047 0.033 0.02 0.072 0.104 0.006 0.019 0.149
243 L 0.054 0.024 0.019 0.019 0.076 0.017 0.023 0.027 0.01 0.116 0.281 0.027 0.038 0.043 0.016 0.053 0.039 0.006 0.02 0.091
244 L 0.047 0.021 0.018 0.019 0.075 0.014 0.02 0.025 0.011 0.129 0.183 0.024 0.031 0.131 0.015 0.034 0.062 0.008 0.035 0.095
245 Y 0.039 0.023 0.018 0.017 0.011 0.017 0.023 0.023 0.029 0.087 0.131 0.026 0.026 0.177 0.014 0.027 0.029 0.019 0.197 0.069
246 L 0.039 0.027 0.096 0.032 0.012 0.018 0.026 0.033 0.017 0.07 0.198 0.029 0.03 0.177 0.014 0.035 0.033 0.01 0.044 0.061
247 V 0.056 0.021 0.015 0.017 0.017 0.015 0.02 0.022 0.009 0.181 0.203 0.024 0.036 0.041 0.015 0.028 0.042 0.006 0.02 0.213
248 L 0.082 0.021 0.016 0.018 0.077 0.015 0.021 0.03 0.01 0.14 0.184 0.025 0.032 0.084 0.016 0.034 0.037 0.007 0.027 0.124
249 I 0.043 0.021 0.017 0.018 0.013 0.016 0.021 0.022 0.02 0.178 0.135 0.026 0.049 0.11 0.014 0.027 0.034 0.013 0.109 0.114
250 L 0.05 0.031 0.019 0.019 0.016 0.027 0.027 0.027 0.016 0.097 0.19 0.035 0.189 0.047 0.016 0.035 0.039 0.008 0.023 0.089
251 I 0.056 0.022 0.021 0.022 0.016 0.017 0.023 0.087 0.01 0.189 0.132 0.028 0.049 0.036 0.017 0.038 0.068 0.006 0.019 0.145
252 L 0.074 0.023 0.016 0.017 0.015 0.015 0.022 0.028 0.012 0.09 0.283 0.025 0.038 0.138 0.015 0.031 0.032 0.009 0.037 0.08
253 S 0.093 0.037 0.048 0.043 0.017 0.03 0.046 0.056 0.017 0.037 0.049 0.049 0.017 0.021 0.028 0.188 0.152 0.005 0.017 0.051
254 G 0.076 0.022 0.038 0.033 0.01 0.018 0.025 0.527 0.013 0.018 0.027 0.033 0.009 0.016 0.018 0.05 0.029 0.005 0.01 0.023
255 S 0.106 0.039 0.052 0.047 0.017 0.032 0.051 0.064 0.019 0.029 0.04 0.052 0.015 0.02 0.029 0.246 0.079 0.005 0.017 0.04
256 R 0.043 0.367 0.037 0.03 0.008 0.047 0.051 0.032 0.023 0.023 0.045 0.116 0.015 0.017 0.019 0.043 0.034 0.006 0.017 0.03
257 K 0.055 0.103 0.04 0.04 0.008 0.052 0.068 0.042 0.02 0.027 0.042 0.303 0.015 0.015 0.027 0.052 0.038 0.005 0.017 0.032
258 I 0.065 0.027 0.03 0.028 0.017 0.021 0.03 0.034 0.011 0.154 0.105 0.035 0.026 0.031 0.021 0.077 0.132 0.006 0.019 0.132
259 Q 0.061 0.067 0.044 0.046 0.01 0.215 0.093 0.043 0.027 0.026 0.045 0.084 0.019 0.015 0.023 0.078 0.045 0.006 0.02 0.035
260 I 0.048 0.019 0.014 0.017 0.016 0.014 0.018 0.021 0.009 0.233 0.216 0.024 0.038 0.044 0.014 0.025 0.038 0.006 0.02 0.167
261 F 0.033 0.018 0.016 0.016 0.01 0.01 0.018 0.025 0.016 0.061 0.11 0.018 0.025 0.408 0.01 0.025 0.025 0.016 0.086 0.053
262 S 0.097 0.038 0.05 0.044 0.017 0.031 0.047 0.059 0.017 0.034 0.046 0.05 0.016 0.021 0.028 0.207 0.127 0.005 0.017 0.048
263 I 0.046 0.017 0.014 0.017 0.016 0.013 0.017 0.02 0.009 0.296 0.162 0.023 0.036 0.043 0.014 0.024 0.038 0.006 0.02 0.171
264 L 0.046 0.023 0.014 0.015 0.016 0.016 0.02 0.021 0.01 0.117 0.363 0.025 0.046 0.051 0.014 0.025 0.034 0.007 0.021 0.118
265 V 0.106 0.029 0.032 0.031 0.018 0.023 0.035 0.044 0.013 0.102 0.085 0.039 0.023 0.027 0.023 0.105 0.111 0.005 0.018 0.13
266 L 0.047 0.021 0.014 0.016 0.016 0.015 0.019 0.021 0.009 0.186 0.275 0.024 0.041 0.047 0.014 0.025 0.037 0.006 0.021 0.147
267 L 0.052 0.02 0.015 0.016 0.016 0.014 0.02 0.022 0.01 0.169 0.201 0.024 0.035 0.088 0.014 0.027 0.039 0.007 0.029 0.183
268 L 0.043 0.023 0.014 0.015 0.016 0.015 0.019 0.02 0.01 0.135 0.367 0.024 0.046 0.052 0.014 0.024 0.033 0.007 0.021 0.103
269 G 0.065 0.022 0.026 0.024 0.135 0.016 0.024 0.157 0.013 0.054 0.071 0.027 0.018 0.118 0.017 0.063 0.038 0.008 0.032 0.075
270 Y 0.041 0.026 0.022 0.02 0.01 0.019 0.026 0.026 0.034 0.048 0.077 0.029 0.02 0.184 0.015 0.036 0.057 0.022 0.237 0.05
271 L 0.05 0.082 0.071 0.049 0.011 0.063 0.114 0.036 0.021 0.048 0.131 0.062 0.023 0.026 0.021 0.051 0.066 0.006 0.018 0.051
272 W 0.055 0.033 0.028 0.027 0.011 0.048 0.039 0.037 0.021 0.045 0.1 0.039 0.021 0.095 0.017 0.084 0.041 0.136 0.079 0.046
273 L 0.073 0.049 0.035 0.034 0.015 0.031 0.044 0.043 0.015 0.065 0.141 0.104 0.025 0.029 0.023 0.115 0.053 0.006 0.018 0.083
274 K 0.054 0.092 0.034 0.031 0.011 0.035 0.045 0.036 0.066 0.047 0.107 0.113 0.041 0.04 0.02 0.065 0.039 0.009 0.064 0.048
275 G 0.06 0.158 0.043 0.088 0.009 0.038 0.083 0.161 0.019 0.022 0.037 0.073 0.012 0.017 0.021 0.072 0.038 0.005 0.014 0.029
276 L 0.053 0.053 0.027 0.028 0.012 0.03 0.039 0.092 0.014 0.112 0.133 0.131 0.045 0.031 0.019 0.039 0.036 0.006 0.018 0.08
277 S 0.066 0.043 0.076 0.04 0.014 0.03 0.044 0.045 0.062 0.056 0.097 0.075 0.021 0.027 0.022 0.1 0.078 0.006 0.022 0.077
278 K 0.056 0.065 0.038 0.035 0.009 0.036 0.049 0.16 0.062 0.028 0.046 0.167 0.015 0.066 0.021 0.046 0.033 0.007 0.029 0.031
279 L 0.054 0.042 0.107 0.048 0.012 0.032 0.074 0.041 0.019 0.103 0.112 0.075 0.023 0.028 0.02 0.07 0.045 0.005 0.018 0.074
280 K 0.06 0.128 0.041 0.04 0.009 0.049 0.064 0.043 0.02 0.026 0.042 0.248 0.015 0.016 0.026 0.075 0.043 0.005 0.017 0.033
281 I 0.054 0.034 0.022 0.023 0.015 0.021 0.029 0.027 0.011 0.175 0.159 0.066 0.031 0.036 0.018 0.039 0.072 0.006 0.019 0.143
282 K 0.07 0.079 0.043 0.041 0.012 0.044 0.06 0.047 0.019 0.03 0.044 0.208 0.016 0.017 0.027 0.105 0.078 0.005 0.017 0.039
283 T 0.06 0.08 0.074 0.039 0.013 0.056 0.046 0.041 0.019 0.074 0.08 0.057 0.04 0.025 0.022 0.081 0.103 0.006 0.018 0.066
284 S 0.11 0.04 0.054 0.049 0.018 0.033 0.052 0.066 0.019 0.03 0.042 0.054 0.016 0.021 0.03 0.22 0.082 0.005 0.018 0.042
285 V 0.07 0.022 0.016 0.018 0.019 0.016 0.023 0.025 0.008 0.165 0.13 0.026 0.032 0.036 0.016 0.033 0.049 0.006 0.021 0.269
286 F 0.034 0.019 0.017 0.017 0.011 0.011 0.019 0.025 0.017 0.063 0.114 0.019 0.025 0.387 0.011 0.025 0.025 0.017 0.089 0.055
287 I 0.047 0.018 0.015 0.018 0.016 0.013 0.018 0.021 0.009 0.271 0.168 0.024 0.037 0.044 0.015 0.025 0.04 0.006 0.021 0.177
288 I 0.078 0.027 0.098 0.034 0.013 0.02 0.03 0.039 0.02 0.117 0.093 0.033 0.023 0.089 0.017 0.044 0.04 0.009 0.067 0.106
289 L 0.041 0.021 0.014 0.016 0.014 0.014 0.019 0.021 0.011 0.145 0.266 0.023 0.039 0.139 0.013 0.024 0.032 0.009 0.037 0.102
290 V 0.071 0.036 0.03 0.029 0.015 0.024 0.035 0.098 0.013 0.103 0.12 0.067 0.025 0.029 0.02 0.088 0.049 0.005 0.018 0.123
291 L 0.052 0.027 0.061 0.028 0.014 0.02 0.028 0.033 0.018 0.104 0.166 0.031 0.029 0.094 0.016 0.059 0.041 0.01 0.068 0.102
292 L 0.066 0.028 0.029 0.027 0.015 0.021 0.031 0.037 0.014 0.097 0.198 0.034 0.031 0.084 0.019 0.107 0.05 0.007 0.028 0.078
293 I 0.048 0.019 0.015 0.017 0.015 0.013 0.019 0.022 0.01 0.18 0.169 0.022 0.033 0.133 0.014 0.026 0.037 0.008 0.037 0.162
294 L 0.061 0.024 0.024 0.022 0.015 0.018 0.024 0.151 0.011 0.093 0.195 0.029 0.03 0.035 0.017 0.04 0.065 0.006 0.018 0.123
295 G 0.134 0.025 0.032 0.03 0.015 0.021 0.03 0.29 0.013 0.046 0.052 0.036 0.015 0.02 0.022 0.06 0.066 0.005 0.014 0.074
296 L 0.05 0.021 0.015 0.016 0.015 0.014 0.02 0.023 0.011 0.14 0.194 0.023 0.034 0.133 0.014 0.027 0.037 0.009 0.037 0.168
297 L 0.048 0.021 0.015 0.016 0.016 0.014 0.02 0.022 0.01 0.163 0.235 0.023 0.038 0.09 0.014 0.026 0.037 0.007 0.029 0.158
298 F 0.037 0.02 0.015 0.016 0.012 0.012 0.019 0.023 0.014 0.08 0.218 0.021 0.033 0.275 0.012 0.024 0.027 0.013 0.062 0.068
299 L 0.044 0.022 0.014 0.015 0.016 0.015 0.019 0.02 0.009 0.158 0.338 0.024 0.045 0.05 0.014 0.024 0.034 0.007 0.021 0.112
300 N 0.041 0.04 0.272 0.165 0.008 0.032 0.058 0.059 0.027 0.022 0.03 0.05 0.01 0.017 0.02 0.063 0.044 0.004 0.014 0.025
301 L 0.045 0.022 0.014 0.016 0.015 0.015 0.019 0.021 0.01 0.134 0.298 0.024 0.041 0.094 0.014 0.025 0.034 0.008 0.029 0.123
302 I 0.045 0.02 0.015 0.017 0.016 0.015 0.019 0.021 0.01 0.225 0.224 0.025 0.058 0.046 0.014 0.025 0.037 0.006 0.021 0.141
303 Y 0.047 0.024 0.019 0.018 0.012 0.019 0.025 0.023 0.031 0.103 0.093 0.028 0.023 0.093 0.015 0.03 0.034 0.019 0.221 0.123
304 I 0.051 0.018 0.015 0.017 0.016 0.014 0.018 0.021 0.008 0.261 0.153 0.023 0.034 0.041 0.015 0.026 0.041 0.006 0.02 0.201
305 I 0.046 0.017 0.014 0.017 0.016 0.013 0.017 0.02 0.009 0.296 0.162 0.023 0.036 0.043 0.014 0.024 0.038 0.006 0.02 0.171
306 R 0.043 0.367 0.037 0.03 0.008 0.047 0.051 0.032 0.023 0.023 0.045 0.116 0.015 0.017 0.019 0.043 0.034 0.006 0.017 0.03
307 E 0.055 0.038 0.046 0.157 0.009 0.044 0.19 0.099 0.02 0.025 0.036 0.057 0.012 0.016 0.023 0.057 0.064 0.005 0.014 0.032
308 Y 0.04 0.033 0.105 0.036 0.009 0.026 0.035 0.035 0.083 0.035 0.054 0.037 0.016 0.087 0.017 0.041 0.032 0.019 0.224 0.037
309 R 0.043 0.367 0.037 0.03 0.008 0.047 0.051 0.032 0.023 0.023 0.045 0.116 0.015 0.017 0.019 0.043 0.034 0.006 0.017 0.03
310 F 0.049 0.027 0.024 0.022 0.014 0.021 0.027 0.03 0.015 0.072 0.128 0.031 0.085 0.176 0.016 0.045 0.092 0.01 0.045 0.071
311 N 0.046 0.042 0.197 0.155 0.009 0.057 0.063 0.053 0.025 0.026 0.036 0.053 0.013 0.017 0.021 0.064 0.071 0.004 0.015 0.032
312 L 0.043 0.023 0.014 0.015 0.016 0.015 0.019 0.02 0.01 0.135 0.367 0.024 0.046 0.052 0.014 0.024 0.033 0.007 0.021 0.103
313 N 0.056 0.035 0.109 0.049 0.012 0.03 0.073 0.043 0.023 0.04 0.087 0.046 0.018 0.036 0.082 0.077 0.072 0.008 0.057 0.045
314 S 0.076 0.039 0.04 0.037 0.016 0.054 0.047 0.045 0.017 0.053 0.11 0.049 0.043 0.028 0.024 0.129 0.112 0.006 0.019 0.059
315 V 0.062 0.02 0.016 0.017 0.018 0.015 0.021 0.023 0.008 0.193 0.135 0.025 0.032 0.037 0.016 0.03 0.045 0.005 0.02 0.263
316 G 0.056 0.022 0.023 0.024 0.013 0.016 0.025 0.152 0.012 0.089 0.115 0.029 0.022 0.074 0.139 0.036 0.034 0.006 0.024 0.09
317 P 0.052 0.04 0.032 0.08 0.01 0.052 0.052 0.036 0.016 0.059 0.052 0.077 0.015 0.017 0.266 0.044 0.036 0.004 0.015 0.047
318 A 0.124 0.054 0.035 0.047 0.012 0.041 0.117 0.049 0.023 0.031 0.047 0.115 0.015 0.031 0.026 0.081 0.044 0.008 0.057 0.043
319 F 0.037 0.019 0.015 0.016 0.012 0.012 0.018 0.023 0.014 0.103 0.188 0.02 0.032 0.273 0.012 0.024 0.028 0.013 0.061 0.078
320 F 0.038 0.019 0.015 0.016 0.013 0.012 0.018 0.022 0.013 0.132 0.195 0.021 0.033 0.228 0.012 0.024 0.03 0.011 0.053 0.092
