#Seq2Logo.py -f /work3/idamei/wzy_ssn/run/1e-50/run/150/MSAs/0012_115.afa -o /work3/idamei/wzy_ssn/run/1e-50/run/150/logos/0012_115.logo
#Position Specific Frequency Matrix
A R N D C Q E G H I L K M F P S T W Y V
0 L 0.05 0.031 0.019 0.019 0.016 0.027 0.027 0.027 0.016 0.097 0.19 0.035 0.189 0.047 0.016 0.035 0.039 0.008 0.023 0.089
1 F 0.054 0.053 0.034 0.032 0.012 0.03 0.043 0.037 0.017 0.048 0.074 0.116 0.02 0.143 0.022 0.057 0.106 0.009 0.041 0.053
2 R 0.046 0.182 0.027 0.024 0.012 0.031 0.035 0.027 0.016 0.148 0.107 0.072 0.026 0.031 0.017 0.035 0.037 0.006 0.019 0.104
3 F 0.039 0.183 0.028 0.024 0.009 0.029 0.036 0.029 0.02 0.043 0.08 0.069 0.02 0.203 0.015 0.035 0.03 0.011 0.053 0.043
4 V 0.063 0.048 0.03 0.032 0.014 0.117 0.063 0.033 0.019 0.095 0.088 0.059 0.026 0.025 0.02 0.044 0.045 0.006 0.021 0.153
5 H 0.042 0.045 0.186 0.06 0.008 0.036 0.051 0.052 0.194 0.023 0.035 0.05 0.013 0.024 0.02 0.056 0.038 0.006 0.036 0.025
6 G 0.054 0.023 0.027 0.024 0.009 0.017 0.024 0.271 0.014 0.025 0.041 0.028 0.012 0.038 0.013 0.037 0.026 0.25 0.039 0.027
7 P 0.065 0.031 0.033 0.034 0.014 0.024 0.038 0.04 0.013 0.039 0.051 0.043 0.015 0.018 0.261 0.068 0.142 0.004 0.015 0.051
8 I 0.051 0.077 0.019 0.019 0.015 0.02 0.024 0.023 0.011 0.199 0.153 0.039 0.032 0.037 0.015 0.029 0.04 0.006 0.02 0.171
9 K 0.058 0.158 0.042 0.038 0.009 0.047 0.061 0.042 0.043 0.026 0.042 0.208 0.015 0.017 0.024 0.073 0.042 0.005 0.019 0.032
10 I 0.047 0.019 0.014 0.016 0.016 0.014 0.018 0.021 0.009 0.218 0.213 0.023 0.037 0.067 0.014 0.025 0.037 0.007 0.024 0.159
11 N 0.062 0.095 0.137 0.054 0.011 0.076 0.061 0.052 0.025 0.025 0.039 0.098 0.015 0.017 0.023 0.105 0.051 0.005 0.017 0.032
12 K 0.054 0.091 0.034 0.034 0.011 0.04 0.052 0.037 0.017 0.072 0.078 0.19 0.04 0.023 0.023 0.05 0.067 0.006 0.018 0.061
13 R 0.063 0.162 0.061 0.042 0.01 0.068 0.061 0.045 0.022 0.025 0.042 0.139 0.015 0.017 0.024 0.099 0.048 0.005 0.017 0.033
14 G 0.063 0.028 0.071 0.036 0.012 0.022 0.032 0.194 0.018 0.039 0.051 0.036 0.015 0.055 0.019 0.074 0.068 0.07 0.046 0.052
15 L 0.112 0.022 0.017 0.019 0.016 0.016 0.024 0.035 0.011 0.16 0.171 0.028 0.032 0.084 0.017 0.039 0.039 0.007 0.028 0.123
16 I 0.047 0.023 0.018 0.025 0.014 0.02 0.057 0.023 0.011 0.188 0.157 0.029 0.031 0.042 0.015 0.028 0.036 0.069 0.025 0.141
17 L 0.115 0.026 0.018 0.02 0.078 0.02 0.026 0.037 0.012 0.082 0.218 0.031 0.071 0.039 0.018 0.043 0.038 0.006 0.02 0.081
18 F 0.033 0.018 0.016 0.016 0.01 0.01 0.018 0.025 0.016 0.061 0.11 0.018 0.025 0.408 0.01 0.025 0.025 0.016 0.086 0.053
19 L 0.045 0.019 0.014 0.016 0.076 0.013 0.018 0.022 0.01 0.166 0.231 0.022 0.036 0.089 0.014 0.026 0.034 0.007 0.028 0.112
20 L 0.145 0.026 0.018 0.02 0.018 0.019 0.027 0.041 0.011 0.085 0.269 0.031 0.036 0.041 0.019 0.045 0.038 0.006 0.02 0.083
21 L 0.047 0.026 0.018 0.018 0.016 0.018 0.023 0.024 0.011 0.102 0.329 0.028 0.062 0.048 0.016 0.033 0.063 0.007 0.021 0.089
22 L 0.045 0.022 0.015 0.016 0.016 0.016 0.02 0.021 0.01 0.179 0.283 0.025 0.061 0.048 0.014 0.025 0.035 0.007 0.021 0.122
23 P 0.056 0.024 0.023 0.026 0.073 0.019 0.029 0.033 0.016 0.082 0.068 0.034 0.017 0.034 0.233 0.053 0.052 0.007 0.055 0.064
24 F 0.044 0.022 0.017 0.017 0.013 0.015 0.022 0.025 0.018 0.088 0.119 0.024 0.046 0.234 0.013 0.028 0.032 0.014 0.093 0.117
25 F 0.036 0.018 0.016 0.016 0.072 0.01 0.018 0.025 0.015 0.059 0.104 0.019 0.023 0.359 0.011 0.026 0.026 0.015 0.077 0.053
26 Q 0.055 0.058 0.036 0.046 0.011 0.116 0.115 0.036 0.022 0.045 0.105 0.095 0.042 0.024 0.022 0.059 0.04 0.006 0.019 0.048
27 P 0.055 0.025 0.023 0.03 0.01 0.02 0.035 0.035 0.012 0.025 0.035 0.04 0.01 0.012 0.511 0.042 0.035 0.003 0.012 0.03
28 T 0.063 0.037 0.034 0.039 0.014 0.055 0.076 0.037 0.016 0.095 0.115 0.048 0.025 0.028 0.022 0.08 0.116 0.006 0.018 0.078
29 Y 0.084 0.026 0.024 0.023 0.073 0.02 0.029 0.036 0.03 0.043 0.067 0.032 0.018 0.122 0.018 0.064 0.037 0.017 0.187 0.049
30 L 0.045 0.021 0.015 0.017 0.015 0.015 0.02 0.023 0.012 0.149 0.207 0.024 0.054 0.136 0.013 0.026 0.035 0.009 0.037 0.127
31 D 0.066 0.053 0.049 0.141 0.011 0.039 0.096 0.047 0.019 0.031 0.059 0.113 0.015 0.019 0.025 0.111 0.049 0.005 0.016 0.036
32 I 0.06 0.026 0.027 0.026 0.015 0.02 0.029 0.033 0.017 0.116 0.097 0.032 0.024 0.098 0.019 0.072 0.092 0.01 0.074 0.113
33 L 0.041 0.02 0.015 0.016 0.014 0.013 0.018 0.021 0.011 0.168 0.237 0.022 0.037 0.138 0.013 0.024 0.033 0.009 0.037 0.112
34 P 0.061 0.027 0.029 0.032 0.012 0.021 0.034 0.098 0.013 0.031 0.041 0.04 0.012 0.015 0.328 0.055 0.093 0.004 0.013 0.039
35 L 0.05 0.024 0.022 0.02 0.014 0.018 0.025 0.026 0.038 0.115 0.14 0.028 0.028 0.118 0.016 0.036 0.064 0.011 0.074 0.132
36 V 0.086 0.028 0.031 0.033 0.016 0.024 0.049 0.1 0.013 0.099 0.082 0.038 0.022 0.026 0.022 0.079 0.103 0.005 0.017 0.126
37 G 0.07 0.029 0.074 0.038 0.012 0.023 0.034 0.227 0.021 0.033 0.064 0.038 0.015 0.058 0.02 0.095 0.043 0.009 0.059 0.037
38 K 0.047 0.094 0.032 0.029 0.01 0.034 0.044 0.033 0.061 0.06 0.118 0.126 0.023 0.032 0.019 0.041 0.048 0.069 0.029 0.052
39 L 0.045 0.02 0.018 0.018 0.013 0.013 0.019 0.085 0.012 0.119 0.182 0.023 0.031 0.178 0.013 0.028 0.031 0.01 0.044 0.096
40 Y 0.039 0.027 0.021 0.018 0.009 0.021 0.027 0.024 0.045 0.042 0.066 0.03 0.018 0.126 0.015 0.03 0.027 0.027 0.341 0.045
41 R 0.045 0.176 0.152 0.052 0.008 0.066 0.058 0.046 0.026 0.023 0.039 0.112 0.014 0.016 0.021 0.055 0.04 0.005 0.017 0.029
42 L 0.044 0.022 0.022 0.067 0.014 0.016 0.028 0.056 0.012 0.134 0.233 0.026 0.035 0.088 0.015 0.029 0.033 0.007 0.027 0.094
43 L 0.104 0.025 0.022 0.022 0.016 0.019 0.026 0.098 0.013 0.08 0.182 0.031 0.039 0.082 0.018 0.054 0.039 0.007 0.027 0.096
44 K 0.062 0.091 0.033 0.031 0.013 0.035 0.044 0.037 0.017 0.064 0.092 0.114 0.061 0.027 0.022 0.073 0.073 0.006 0.019 0.084
45 L 0.044 0.027 0.021 0.019 0.012 0.021 0.027 0.026 0.066 0.088 0.152 0.029 0.047 0.065 0.014 0.03 0.032 0.075 0.111 0.094
46 L 0.084 0.023 0.017 0.018 0.017 0.017 0.024 0.03 0.011 0.121 0.193 0.027 0.053 0.086 0.016 0.035 0.039 0.007 0.029 0.152
47 V 0.078 0.03 0.035 0.032 0.016 0.023 0.034 0.102 0.013 0.075 0.109 0.038 0.023 0.028 0.022 0.111 0.095 0.005 0.017 0.113
48 I 0.099 0.022 0.02 0.023 0.015 0.017 0.026 0.036 0.013 0.13 0.104 0.03 0.025 0.124 0.079 0.052 0.039 0.008 0.035 0.104
49 L 0.099 0.024 0.02 0.021 0.015 0.018 0.025 0.096 0.012 0.105 0.179 0.029 0.049 0.083 0.017 0.04 0.036 0.007 0.027 0.096
50 L 0.049 0.025 0.021 0.02 0.012 0.018 0.026 0.029 0.021 0.07 0.139 0.028 0.026 0.132 0.015 0.054 0.036 0.076 0.118 0.084
51 I 0.054 0.019 0.015 0.017 0.017 0.014 0.019 0.021 0.008 0.233 0.163 0.024 0.034 0.04 0.015 0.027 0.042 0.006 0.02 0.212
52 A 0.115 0.027 0.03 0.029 0.077 0.021 0.032 0.046 0.014 0.078 0.095 0.036 0.022 0.074 0.022 0.101 0.077 0.007 0.026 0.072
53 L 0.047 0.02 0.018 0.018 0.014 0.014 0.019 0.085 0.011 0.136 0.203 0.024 0.033 0.133 0.014 0.028 0.032 0.009 0.036 0.106
54 S 0.066 0.085 0.038 0.04 0.042 0.036 0.078 0.041 0.024 0.033 0.05 0.087 0.016 0.039 0.023 0.099 0.075 0.009 0.077 0.042
55 F 0.071 0.024 0.02 0.019 0.011 0.017 0.025 0.031 0.03 0.049 0.082 0.027 0.02 0.219 0.015 0.035 0.029 0.02 0.205 0.051
56 I 0.046 0.019 0.015 0.017 0.015 0.013 0.018 0.021 0.01 0.226 0.18 0.023 0.035 0.089 0.014 0.025 0.037 0.007 0.028 0.162
57 K 0.055 0.086 0.07 0.036 0.012 0.031 0.042 0.038 0.021 0.085 0.09 0.097 0.021 0.038 0.02 0.07 0.057 0.008 0.058 0.066
58 K 0.051 0.082 0.071 0.038 0.011 0.049 0.051 0.038 0.019 0.05 0.132 0.144 0.024 0.026 0.022 0.051 0.067 0.006 0.018 0.051
59 K 0.055 0.139 0.04 0.038 0.008 0.07 0.063 0.1 0.021 0.025 0.041 0.207 0.015 0.015 0.024 0.05 0.036 0.005 0.016 0.031
60 K 0.051 0.18 0.04 0.038 0.008 0.086 0.069 0.038 0.022 0.025 0.043 0.204 0.016 0.015 0.023 0.049 0.037 0.005 0.017 0.032
61 R 0.087 0.104 0.071 0.037 0.013 0.033 0.043 0.046 0.019 0.042 0.071 0.087 0.038 0.071 0.021 0.077 0.058 0.007 0.026 0.048
62 P 0.049 0.024 0.02 0.024 0.011 0.018 0.029 0.03 0.012 0.051 0.135 0.033 0.021 0.072 0.324 0.035 0.033 0.005 0.024 0.049
63 S 0.087 0.043 0.044 0.041 0.015 0.031 0.048 0.055 0.018 0.032 0.049 0.079 0.016 0.067 0.056 0.181 0.065 0.006 0.025 0.04
64 L 0.069 0.044 0.026 0.027 0.013 0.026 0.036 0.035 0.015 0.089 0.159 0.097 0.028 0.103 0.019 0.062 0.04 0.008 0.031 0.072
65 I 0.081 0.028 0.022 0.024 0.013 0.045 0.034 0.035 0.014 0.122 0.113 0.036 0.025 0.081 0.048 0.05 0.038 0.07 0.033 0.086
66 T 0.066 0.032 0.031 0.033 0.016 0.038 0.054 0.035 0.013 0.102 0.085 0.041 0.023 0.026 0.052 0.069 0.131 0.005 0.018 0.129
67 L 0.061 0.025 0.059 0.026 0.012 0.018 0.025 0.095 0.014 0.098 0.153 0.029 0.026 0.041 0.014 0.036 0.033 0.132 0.03 0.073
68 L 0.077 0.024 0.016 0.017 0.016 0.017 0.022 0.028 0.011 0.122 0.294 0.027 0.05 0.069 0.016 0.032 0.035 0.007 0.025 0.097
69 L 0.081 0.022 0.016 0.018 0.016 0.015 0.022 0.028 0.01 0.151 0.209 0.026 0.035 0.087 0.016 0.033 0.038 0.007 0.028 0.142
70 L 0.08 0.021 0.016 0.018 0.016 0.015 0.021 0.028 0.01 0.171 0.197 0.025 0.034 0.087 0.016 0.032 0.038 0.007 0.028 0.139
71 L 0.067 0.022 0.021 0.021 0.014 0.015 0.023 0.091 0.013 0.112 0.157 0.026 0.028 0.152 0.015 0.045 0.035 0.009 0.039 0.094
72 L 0.052 0.026 0.022 0.02 0.013 0.02 0.024 0.118 0.021 0.076 0.176 0.03 0.067 0.062 0.016 0.033 0.033 0.012 0.1 0.08
73 E 0.052 0.05 0.077 0.081 0.008 0.081 0.259 0.038 0.026 0.022 0.036 0.072 0.013 0.016 0.024 0.055 0.038 0.005 0.016 0.03
74 L 0.091 0.024 0.024 0.024 0.015 0.018 0.026 0.097 0.012 0.103 0.165 0.03 0.028 0.081 0.018 0.063 0.041 0.007 0.027 0.104
75 W 0.035 0.021 0.014 0.015 0.01 0.015 0.021 0.026 0.013 0.095 0.137 0.023 0.025 0.055 0.01 0.023 0.027 0.321 0.049 0.068
76 L 0.055 0.024 0.021 0.021 0.017 0.018 0.024 0.026 0.01 0.163 0.189 0.029 0.034 0.039 0.018 0.042 0.097 0.006 0.02 0.149
77 L 0.048 0.024 0.018 0.018 0.016 0.016 0.022 0.024 0.011 0.104 0.285 0.026 0.039 0.091 0.015 0.033 0.063 0.008 0.029 0.11
78 L 0.049 0.023 0.019 0.02 0.014 0.016 0.023 0.027 0.012 0.135 0.222 0.026 0.035 0.135 0.015 0.052 0.038 0.009 0.037 0.096
79 L 0.074 0.025 0.022 0.022 0.016 0.018 0.027 0.033 0.012 0.114 0.21 0.03 0.033 0.086 0.017 0.07 0.044 0.007 0.028 0.111
80 T 0.071 0.034 0.042 0.036 0.017 0.027 0.038 0.042 0.013 0.051 0.063 0.044 0.019 0.023 0.027 0.09 0.272 0.006 0.017 0.069
81 I 0.082 0.02 0.016 0.018 0.017 0.015 0.021 0.028 0.01 0.201 0.168 0.026 0.033 0.063 0.016 0.033 0.04 0.006 0.024 0.164
82 L 0.049 0.051 0.023 0.023 0.044 0.047 0.034 0.027 0.017 0.109 0.183 0.041 0.031 0.047 0.017 0.039 0.064 0.009 0.059 0.085
83 N 0.057 0.049 0.152 0.053 0.01 0.058 0.052 0.111 0.027 0.026 0.039 0.083 0.014 0.03 0.021 0.079 0.045 0.008 0.056 0.032
84 G 0.054 0.055 0.117 0.048 0.009 0.048 0.051 0.167 0.088 0.022 0.035 0.111 0.013 0.018 0.021 0.053 0.036 0.005 0.022 0.027
85 G 0.071 0.025 0.076 0.039 0.01 0.02 0.028 0.469 0.015 0.019 0.028 0.035 0.009 0.016 0.018 0.052 0.031 0.005 0.011 0.024
86 D 0.046 0.042 0.079 0.141 0.009 0.084 0.098 0.039 0.025 0.059 0.055 0.055 0.017 0.032 0.02 0.048 0.037 0.008 0.057 0.048
87 I 0.055 0.022 0.021 0.022 0.016 0.017 0.023 0.026 0.01 0.218 0.133 0.028 0.031 0.037 0.018 0.041 0.098 0.006 0.019 0.161
88 D 0.089 0.048 0.078 0.092 0.011 0.06 0.075 0.049 0.024 0.031 0.045 0.084 0.015 0.031 0.024 0.082 0.059 0.008 0.057 0.04
89 T 0.095 0.073 0.035 0.031 0.014 0.027 0.036 0.103 0.019 0.044 0.075 0.049 0.018 0.036 0.023 0.076 0.126 0.008 0.057 0.055
90 A 0.249 0.034 0.028 0.043 0.017 0.034 0.109 0.065 0.017 0.037 0.052 0.05 0.016 0.02 0.028 0.075 0.045 0.005 0.017 0.057
91 L 0.046 0.02 0.015 0.016 0.015 0.014 0.019 0.021 0.01 0.18 0.239 0.023 0.038 0.091 0.014 0.025 0.036 0.007 0.029 0.142
92 L 0.042 0.039 0.022 0.023 0.011 0.049 0.037 0.029 0.016 0.073 0.146 0.067 0.046 0.088 0.015 0.032 0.032 0.133 0.04 0.061
93 N 0.05 0.053 0.229 0.066 0.01 0.061 0.056 0.056 0.027 0.025 0.036 0.087 0.013 0.017 0.022 0.076 0.062 0.005 0.016 0.031
94 L 0.077 0.023 0.016 0.017 0.015 0.015 0.022 0.029 0.012 0.096 0.249 0.025 0.036 0.135 0.015 0.032 0.034 0.009 0.037 0.105
95 L 0.046 0.023 0.018 0.025 0.015 0.021 0.056 0.022 0.011 0.203 0.207 0.03 0.045 0.042 0.016 0.028 0.037 0.006 0.02 0.129
96 L 0.062 0.085 0.072 0.037 0.013 0.033 0.043 0.042 0.019 0.054 0.122 0.084 0.062 0.029 0.021 0.093 0.049 0.006 0.019 0.055
97 L 0.041 0.02 0.015 0.016 0.014 0.013 0.018 0.021 0.011 0.156 0.252 0.022 0.038 0.138 0.013 0.024 0.032 0.009 0.037 0.107
98 V 0.065 0.025 0.028 0.026 0.046 0.019 0.027 0.094 0.013 0.103 0.088 0.032 0.023 0.058 0.019 0.061 0.099 0.007 0.042 0.127
99 G 0.097 0.027 0.032 0.029 0.045 0.021 0.03 0.163 0.017 0.069 0.065 0.036 0.018 0.036 0.021 0.07 0.097 0.008 0.056 0.064
100 L 0.065 0.022 0.019 0.02 0.016 0.016 0.022 0.027 0.011 0.165 0.193 0.027 0.034 0.087 0.016 0.036 0.066 0.007 0.028 0.125
101 V 0.158 0.024 0.019 0.021 0.08 0.019 0.028 0.044 0.01 0.109 0.095 0.031 0.024 0.028 0.021 0.051 0.046 0.005 0.018 0.171
102 L 0.09 0.027 0.022 0.022 0.077 0.021 0.027 0.036 0.013 0.08 0.182 0.032 0.069 0.06 0.018 0.064 0.043 0.007 0.024 0.087
103 L 0.05 0.023 0.015 0.016 0.016 0.017 0.021 0.022 0.01 0.145 0.274 0.026 0.06 0.046 0.015 0.027 0.038 0.006 0.021 0.152
104 V 0.053 0.02 0.015 0.017 0.016 0.014 0.02 0.022 0.009 0.184 0.169 0.024 0.034 0.086 0.014 0.027 0.04 0.007 0.028 0.2
105 D 0.042 0.033 0.097 0.334 0.007 0.034 0.112 0.046 0.02 0.022 0.029 0.048 0.01 0.015 0.022 0.053 0.036 0.004 0.012 0.025
106 L 0.047 0.02 0.015 0.017 0.015 0.015 0.02 0.021 0.013 0.201 0.204 0.024 0.036 0.055 0.014 0.026 0.037 0.009 0.06 0.151
107 S 0.11 0.04 0.054 0.049 0.018 0.033 0.053 0.066 0.019 0.03 0.042 0.054 0.016 0.021 0.03 0.218 0.082 0.005 0.018 0.042
108 V 0.07 0.022 0.017 0.018 0.019 0.017 0.023 0.025 0.008 0.165 0.131 0.026 0.032 0.036 0.017 0.033 0.05 0.006 0.021 0.267
109 Y 0.04 0.036 0.023 0.021 0.009 0.024 0.031 0.026 0.038 0.043 0.069 0.063 0.018 0.148 0.016 0.032 0.028 0.023 0.268 0.044
110 S 0.105 0.092 0.043 0.047 0.013 0.065 0.091 0.052 0.021 0.028 0.043 0.097 0.016 0.018 0.026 0.128 0.054 0.005 0.017 0.039
111 E 0.049 0.04 0.049 0.181 0.007 0.046 0.196 0.069 0.066 0.021 0.033 0.058 0.011 0.017 0.023 0.051 0.033 0.005 0.019 0.027
112 N 0.047 0.088 0.175 0.102 0.009 0.036 0.055 0.05 0.048 0.024 0.037 0.088 0.013 0.024 0.021 0.067 0.042 0.006 0.038 0.029
113 F 0.044 0.021 0.016 0.017 0.014 0.014 0.02 0.023 0.012 0.143 0.171 0.023 0.052 0.18 0.013 0.027 0.034 0.01 0.045 0.122
114 V 0.058 0.047 0.033 0.038 0.013 0.071 0.083 0.034 0.04 0.102 0.081 0.081 0.023 0.026 0.021 0.057 0.056 0.006 0.021 0.109
115 S 0.066 0.078 0.04 0.082 0.014 0.055 0.052 0.041 0.017 0.056 0.098 0.056 0.021 0.025 0.022 0.098 0.077 0.005 0.018 0.078
116 L 0.039 0.022 0.015 0.015 0.014 0.014 0.019 0.022 0.012 0.093 0.289 0.022 0.039 0.186 0.012 0.024 0.029 0.01 0.046 0.078
117 L 0.047 0.021 0.014 0.016 0.016 0.015 0.019 0.021 0.009 0.175 0.29 0.024 0.042 0.047 0.014 0.025 0.036 0.006 0.021 0.142
118 R 0.052 0.139 0.079 0.076 0.008 0.071 0.113 0.042 0.024 0.024 0.039 0.123 0.014 0.016 0.023 0.064 0.04 0.005 0.016 0.031
119 V 0.117 0.028 0.065 0.033 0.078 0.022 0.033 0.047 0.014 0.081 0.077 0.036 0.021 0.025 0.021 0.087 0.052 0.005 0.017 0.14
120 L 0.047 0.024 0.015 0.016 0.016 0.017 0.021 0.022 0.01 0.116 0.337 0.026 0.063 0.05 0.014 0.026 0.035 0.007 0.022 0.118
121 L 0.046 0.026 0.016 0.017 0.016 0.021 0.023 0.023 0.012 0.117 0.292 0.029 0.109 0.049 0.015 0.029 0.036 0.007 0.022 0.096
122 L 0.045 0.021 0.014 0.016 0.015 0.014 0.019 0.021 0.01 0.146 0.283 0.023 0.041 0.093 0.014 0.025 0.034 0.008 0.029 0.128
123 H 0.044 0.043 0.05 0.037 0.009 0.036 0.05 0.038 0.331 0.026 0.04 0.044 0.015 0.029 0.019 0.047 0.057 0.007 0.051 0.028
124 F 0.044 0.02 0.018 0.018 0.103 0.013 0.02 0.028 0.014 0.062 0.133 0.021 0.025 0.266 0.013 0.041 0.031 0.012 0.06 0.058
125 E 0.053 0.048 0.039 0.087 0.007 0.062 0.32 0.034 0.025 0.021 0.036 0.073 0.012 0.016 0.025 0.053 0.036 0.005 0.016 0.03
126 L 0.043 0.023 0.015 0.016 0.015 0.016 0.02 0.022 0.011 0.134 0.284 0.025 0.059 0.051 0.013 0.025 0.033 0.07 0.027 0.099
127 C 0.062 0.02 0.019 0.018 0.32 0.015 0.02 0.03 0.009 0.067 0.112 0.024 0.022 0.026 0.017 0.043 0.066 0.005 0.015 0.091
128 I 0.054 0.02 0.018 0.02 0.017 0.015 0.021 0.024 0.009 0.231 0.141 0.026 0.032 0.038 0.016 0.034 0.07 0.006 0.02 0.189
129 Y 0.039 0.027 0.021 0.018 0.009 0.021 0.027 0.024 0.045 0.042 0.066 0.03 0.018 0.126 0.015 0.03 0.027 0.027 0.341 0.045
130 I 0.053 0.022 0.022 0.022 0.015 0.017 0.022 0.088 0.01 0.181 0.171 0.028 0.031 0.038 0.017 0.039 0.08 0.006 0.019 0.119
131 N 0.041 0.043 0.34 0.08 0.009 0.033 0.048 0.063 0.03 0.022 0.03 0.052 0.011 0.017 0.02 0.067 0.048 0.004 0.015 0.026
132 L 0.107 0.023 0.017 0.019 0.015 0.016 0.024 0.036 0.013 0.075 0.204 0.027 0.031 0.178 0.016 0.039 0.033 0.01 0.044 0.071
133 L 0.047 0.021 0.016 0.017 0.015 0.014 0.02 0.054 0.011 0.125 0.222 0.023 0.035 0.135 0.014 0.027 0.034 0.009 0.036 0.126
134 T 0.077 0.035 0.044 0.038 0.017 0.028 0.04 0.046 0.014 0.047 0.059 0.045 0.018 0.022 0.027 0.119 0.236 0.006 0.017 0.063
135 L 0.05 0.022 0.014 0.016 0.016 0.015 0.02 0.021 0.009 0.158 0.285 0.024 0.041 0.046 0.014 0.026 0.037 0.006 0.021 0.158
136 L 0.043 0.021 0.015 0.016 0.015 0.015 0.019 0.021 0.011 0.162 0.275 0.024 0.05 0.094 0.014 0.025 0.034 0.008 0.029 0.112
137 L 0.044 0.02 0.015 0.016 0.015 0.014 0.019 0.022 0.011 0.151 0.233 0.023 0.037 0.137 0.013 0.025 0.034 0.009 0.037 0.128
138 F 0.108 0.033 0.022 0.023 0.013 0.021 0.031 0.04 0.016 0.057 0.099 0.062 0.042 0.217 0.018 0.044 0.034 0.011 0.052 0.058
139 P 0.061 0.027 0.026 0.032 0.011 0.022 0.037 0.039 0.013 0.025 0.036 0.041 0.011 0.013 0.45 0.068 0.041 0.003 0.013 0.031
140 N 0.046 0.044 0.174 0.125 0.008 0.045 0.172 0.048 0.026 0.022 0.032 0.06 0.011 0.016 0.022 0.059 0.041 0.005 0.015 0.028
141 G 0.064 0.135 0.038 0.032 0.009 0.029 0.036 0.342 0.016 0.02 0.034 0.076 0.011 0.016 0.019 0.048 0.031 0.005 0.013 0.026
142 F 0.038 0.02 0.015 0.016 0.013 0.013 0.019 0.022 0.013 0.109 0.224 0.021 0.035 0.229 0.012 0.024 0.029 0.011 0.053 0.083
143 F 0.036 0.02 0.017 0.017 0.011 0.013 0.02 0.024 0.023 0.086 0.106 0.022 0.024 0.292 0.012 0.026 0.027 0.018 0.141 0.066
144 S 0.094 0.039 0.051 0.045 0.016 0.032 0.049 0.058 0.063 0.031 0.043 0.05 0.016 0.022 0.027 0.201 0.097 0.005 0.022 0.042
145 R 0.043 0.323 0.035 0.028 0.009 0.043 0.046 0.03 0.021 0.057 0.06 0.104 0.018 0.02 0.018 0.041 0.034 0.006 0.017 0.048
146 V 0.073 0.03 0.032 0.037 0.015 0.027 0.069 0.04 0.015 0.098 0.085 0.04 0.022 0.074 0.021 0.113 0.054 0.007 0.027 0.12
147 N 0.051 0.036 0.203 0.057 0.012 0.027 0.039 0.05 0.022 0.086 0.066 0.044 0.018 0.024 0.02 0.071 0.076 0.005 0.017 0.076
148 S 0.085 0.038 0.068 0.099 0.014 0.034 0.087 0.055 0.019 0.035 0.043 0.052 0.015 0.02 0.026 0.173 0.064 0.005 0.016 0.052
149 A 0.283 0.029 0.024 0.027 0.021 0.024 0.037 0.069 0.014 0.056 0.066 0.041 0.019 0.023 0.027 0.076 0.048 0.005 0.017 0.095
150 Y 0.039 0.027 0.021 0.018 0.009 0.021 0.027 0.024 0.045 0.042 0.066 0.03 0.018 0.126 0.015 0.03 0.027 0.027 0.341 0.045
151 G 0.076 0.022 0.038 0.033 0.01 0.018 0.025 0.527 0.013 0.018 0.027 0.033 0.009 0.016 0.018 0.05 0.029 0.005 0.01 0.023
152 L 0.1 0.034 0.021 0.022 0.016 0.022 0.03 0.035 0.013 0.112 0.147 0.063 0.048 0.081 0.018 0.041 0.04 0.007 0.028 0.122
153 T 0.084 0.036 0.046 0.04 0.017 0.029 0.043 0.05 0.015 0.043 0.054 0.047 0.018 0.022 0.027 0.148 0.2 0.005 0.017 0.058
154 Q 0.052 0.051 0.034 0.037 0.01 0.095 0.074 0.035 0.024 0.035 0.056 0.086 0.018 0.078 0.082 0.05 0.064 0.009 0.066 0.041
155 E 0.056 0.045 0.039 0.08 0.008 0.057 0.283 0.095 0.023 0.021 0.035 0.068 0.012 0.016 0.024 0.053 0.035 0.005 0.015 0.029
156 W 0.031 0.023 0.015 0.015 0.008 0.015 0.023 0.029 0.018 0.031 0.053 0.023 0.015 0.067 0.008 0.023 0.023 0.449 0.1 0.031
157 F 0.033 0.019 0.016 0.016 0.011 0.011 0.018 0.024 0.016 0.064 0.128 0.019 0.026 0.385 0.01 0.024 0.025 0.016 0.082 0.056
158 L 0.043 0.023 0.014 0.015 0.016 0.016 0.02 0.021 0.01 0.111 0.397 0.024 0.048 0.053 0.014 0.023 0.032 0.007 0.022 0.093
159 G 0.076 0.022 0.038 0.033 0.01 0.018 0.025 0.527 0.013 0.018 0.027 0.033 0.009 0.016 0.018 0.05 0.029 0.005 0.01 0.023
160 S 0.144 0.032 0.036 0.035 0.017 0.026 0.041 0.058 0.016 0.048 0.057 0.043 0.017 0.027 0.024 0.15 0.06 0.068 0.023 0.077
161 D 0.045 0.157 0.048 0.175 0.009 0.035 0.061 0.036 0.063 0.039 0.047 0.068 0.015 0.02 0.019 0.044 0.035 0.005 0.02 0.06
162 N 0.041 0.044 0.268 0.069 0.008 0.034 0.049 0.056 0.117 0.022 0.032 0.05 0.012 0.02 0.019 0.061 0.042 0.005 0.025 0.025
163 N 0.049 0.034 0.143 0.044 0.012 0.025 0.036 0.043 0.027 0.05 0.132 0.04 0.022 0.054 0.018 0.069 0.043 0.011 0.098 0.049
164 F 0.033 0.018 0.016 0.016 0.01 0.01 0.018 0.025 0.016 0.061 0.11 0.018 0.025 0.408 0.01 0.025 0.025 0.016 0.086 0.053
165 I 0.051 0.019 0.015 0.017 0.016 0.014 0.019 0.021 0.009 0.238 0.182 0.024 0.036 0.042 0.015 0.026 0.04 0.006 0.02 0.192
166 I 0.051 0.026 0.021 0.022 0.014 0.043 0.031 0.027 0.013 0.161 0.12 0.032 0.029 0.127 0.016 0.043 0.039 0.008 0.036 0.139
167 W 0.034 0.023 0.018 0.017 0.009 0.016 0.024 0.031 0.015 0.032 0.053 0.025 0.015 0.054 0.01 0.03 0.053 0.447 0.06 0.034
168 L 0.073 0.022 0.016 0.017 0.014 0.015 0.022 0.029 0.013 0.084 0.247 0.024 0.035 0.182 0.014 0.031 0.031 0.01 0.045 0.075
169 F 0.041 0.021 0.015 0.016 0.013 0.013 0.019 0.023 0.013 0.092 0.22 0.021 0.034 0.228 0.012 0.025 0.03 0.011 0.053 0.098
170 P 0.055 0.025 0.023 0.03 0.01 0.02 0.035 0.035 0.012 0.025 0.035 0.04 0.01 0.012 0.511 0.042 0.035 0.003 0.012 0.03
171 G 0.225 0.027 0.03 0.03 0.017 0.022 0.034 0.245 0.014 0.033 0.046 0.039 0.014 0.019 0.025 0.07 0.041 0.005 0.014 0.05
172 L 0.045 0.024 0.018 0.018 0.015 0.016 0.022 0.024 0.011 0.098 0.319 0.026 0.041 0.093 0.015 0.032 0.061 0.008 0.029 0.085
173 L 0.051 0.022 0.014 0.016 0.017 0.016 0.02 0.022 0.009 0.138 0.297 0.025 0.042 0.046 0.014 0.026 0.037 0.006 0.021 0.161
174 I 0.053 0.02 0.018 0.02 0.016 0.015 0.021 0.023 0.009 0.24 0.143 0.026 0.033 0.039 0.016 0.034 0.069 0.006 0.02 0.181
175 A 0.288 0.031 0.028 0.031 0.02 0.026 0.041 0.074 0.015 0.04 0.055 0.044 0.017 0.021 0.029 0.103 0.052 0.005 0.017 0.063
176 W 0.07 0.024 0.016 0.016 0.012 0.016 0.023 0.032 0.013 0.062 0.182 0.026 0.027 0.052 0.012 0.03 0.029 0.258 0.043 0.058
177 L 0.045 0.021 0.014 0.016 0.016 0.015 0.019 0.021 0.009 0.172 0.306 0.024 0.043 0.049 0.014 0.024 0.035 0.006 0.021 0.13
178 Y 0.038 0.026 0.02 0.018 0.009 0.02 0.026 0.024 0.042 0.045 0.072 0.029 0.019 0.162 0.014 0.029 0.027 0.026 0.309 0.046
179 K 0.048 0.169 0.074 0.039 0.008 0.044 0.055 0.039 0.025 0.027 0.044 0.179 0.015 0.03 0.022 0.048 0.037 0.008 0.057 0.032
180 E 0.048 0.04 0.072 0.056 0.009 0.051 0.145 0.037 0.044 0.035 0.058 0.052 0.017 0.116 0.02 0.052 0.064 0.008 0.036 0.04
181 Y 0.043 0.034 0.021 0.02 0.011 0.023 0.029 0.025 0.029 0.089 0.158 0.062 0.027 0.084 0.016 0.03 0.031 0.017 0.18 0.071
182 T 0.064 0.037 0.095 0.043 0.013 0.027 0.039 0.107 0.018 0.039 0.054 0.058 0.016 0.068 0.022 0.089 0.13 0.007 0.024 0.047
183 G 0.061 0.114 0.04 0.035 0.009 0.036 0.046 0.221 0.04 0.024 0.038 0.134 0.013 0.017 0.022 0.051 0.048 0.005 0.017 0.03
184 K 0.063 0.062 0.078 0.073 0.011 0.041 0.089 0.046 0.02 0.042 0.049 0.145 0.016 0.019 0.024 0.088 0.048 0.005 0.017 0.065
185 N 0.063 0.056 0.115 0.052 0.011 0.05 0.07 0.049 0.022 0.059 0.054 0.115 0.017 0.02 0.023 0.101 0.051 0.005 0.017 0.05
186 F 0.047 0.039 0.043 0.027 0.012 0.023 0.033 0.031 0.019 0.098 0.128 0.079 0.025 0.137 0.017 0.047 0.036 0.011 0.076 0.073
187 R 0.043 0.367 0.037 0.03 0.008 0.047 0.051 0.032 0.023 0.023 0.045 0.116 0.015 0.017 0.019 0.043 0.034 0.006 0.017 0.03
188 C 0.12 0.024 0.024 0.024 0.136 0.018 0.027 0.105 0.013 0.041 0.062 0.03 0.017 0.073 0.019 0.054 0.064 0.069 0.03 0.052
189 Y 0.042 0.025 0.058 0.025 0.072 0.019 0.026 0.03 0.027 0.067 0.104 0.029 0.032 0.137 0.015 0.034 0.032 0.016 0.151 0.059
190 L 0.087 0.027 0.03 0.029 0.046 0.021 0.032 0.042 0.014 0.094 0.122 0.035 0.025 0.077 0.02 0.113 0.053 0.007 0.027 0.099
191 L 0.043 0.023 0.014 0.015 0.016 0.016 0.02 0.021 0.01 0.111 0.397 0.024 0.048 0.053 0.014 0.023 0.032 0.007 0.022 0.093
192 I 0.069 0.025 0.028 0.027 0.077 0.02 0.029 0.036 0.011 0.15 0.102 0.033 0.025 0.031 0.02 0.091 0.079 0.005 0.018 0.126
193 L 0.108 0.024 0.021 0.023 0.048 0.019 0.027 0.037 0.011 0.139 0.158 0.031 0.03 0.035 0.019 0.065 0.046 0.006 0.019 0.136
194 V 0.11 0.023 0.022 0.023 0.017 0.018 0.026 0.098 0.011 0.154 0.107 0.03 0.026 0.031 0.019 0.054 0.045 0.005 0.018 0.163
195 I 0.053 0.021 0.02 0.021 0.016 0.016 0.022 0.025 0.009 0.233 0.139 0.027 0.032 0.038 0.017 0.037 0.083 0.006 0.019 0.167
196 L 0.079 0.021 0.016 0.018 0.016 0.015 0.021 0.028 0.011 0.16 0.211 0.026 0.035 0.088 0.016 0.032 0.037 0.007 0.028 0.134
197 L 0.134 0.025 0.018 0.02 0.018 0.019 0.026 0.039 0.011 0.102 0.223 0.03 0.034 0.038 0.019 0.044 0.041 0.006 0.02 0.135
198 T 0.076 0.033 0.041 0.037 0.017 0.026 0.039 0.045 0.014 0.076 0.07 0.043 0.02 0.025 0.026 0.121 0.195 0.006 0.017 0.074
199 E 0.053 0.056 0.038 0.058 0.009 0.146 0.172 0.035 0.025 0.058 0.056 0.074 0.019 0.018 0.022 0.05 0.038 0.006 0.018 0.05
200 L 0.073 0.022 0.016 0.017 0.014 0.015 0.022 0.029 0.013 0.084 0.247 0.024 0.035 0.182 0.014 0.031 0.031 0.01 0.045 0.075
201 I 0.044 0.03 0.019 0.02 0.013 0.019 0.025 0.025 0.013 0.179 0.138 0.058 0.049 0.131 0.015 0.029 0.035 0.009 0.036 0.114
202 R 0.047 0.139 0.039 0.036 0.008 0.115 0.067 0.036 0.068 0.029 0.052 0.108 0.018 0.066 0.02 0.046 0.034 0.007 0.031 0.034
203 G 0.074 0.025 0.039 0.033 0.012 0.02 0.028 0.405 0.013 0.027 0.036 0.035 0.012 0.017 0.02 0.06 0.09 0.005 0.012 0.035
204 S 0.102 0.037 0.05 0.045 0.016 0.03 0.047 0.122 0.018 0.027 0.039 0.05 0.014 0.02 0.027 0.222 0.073 0.005 0.016 0.038
205 G 0.177 0.031 0.038 0.037 0.017 0.026 0.04 0.184 0.016 0.031 0.044 0.044 0.014 0.019 0.026 0.136 0.055 0.005 0.015 0.046
206 T 0.071 0.034 0.042 0.036 0.017 0.027 0.038 0.042 0.013 0.051 0.063 0.044 0.019 0.023 0.027 0.09 0.272 0.006 0.017 0.069
207 G 0.097 0.025 0.031 0.028 0.014 0.019 0.027 0.283 0.012 0.049 0.128 0.033 0.021 0.027 0.019 0.052 0.062 0.006 0.015 0.052
208 I 0.047 0.073 0.021 0.022 0.014 0.024 0.029 0.025 0.013 0.203 0.136 0.071 0.05 0.036 0.016 0.031 0.038 0.006 0.02 0.126
209 V 0.096 0.022 0.017 0.019 0.018 0.017 0.024 0.03 0.009 0.161 0.122 0.027 0.029 0.034 0.017 0.037 0.047 0.005 0.02 0.25
210 G 0.106 0.026 0.038 0.034 0.013 0.022 0.031 0.35 0.014 0.028 0.039 0.037 0.012 0.018 0.022 0.073 0.08 0.005 0.013 0.038
211 V 0.074 0.024 0.025 0.025 0.078 0.019 0.028 0.034 0.011 0.129 0.101 0.031 0.025 0.03 0.019 0.085 0.053 0.005 0.018 0.185
212 V 0.106 0.025 0.021 0.022 0.017 0.019 0.027 0.036 0.012 0.112 0.114 0.031 0.046 0.079 0.019 0.047 0.071 0.007 0.028 0.16
213 L 0.082 0.022 0.016 0.018 0.017 0.016 0.022 0.028 0.01 0.169 0.23 0.026 0.037 0.042 0.016 0.033 0.039 0.006 0.02 0.152
214 F 0.037 0.02 0.016 0.016 0.012 0.013 0.019 0.023 0.014 0.091 0.19 0.021 0.041 0.274 0.012 0.025 0.028 0.013 0.062 0.073
215 L 0.046 0.022 0.018 0.018 0.015 0.015 0.021 0.024 0.011 0.155 0.246 0.026 0.038 0.09 0.015 0.032 0.063 0.008 0.029 0.109
216 L 0.064 0.021 0.015 0.017 0.047 0.015 0.02 0.025 0.009 0.163 0.264 0.025 0.039 0.044 0.015 0.029 0.036 0.006 0.02 0.126
217 L 0.04 0.022 0.016 0.017 0.013 0.015 0.021 0.024 0.012 0.078 0.237 0.025 0.033 0.137 0.074 0.026 0.029 0.072 0.042 0.067
218 L 0.075 0.031 0.071 0.082 0.014 0.025 0.041 0.042 0.02 0.065 0.116 0.039 0.042 0.042 0.02 0.081 0.046 0.008 0.058 0.083
219 L 0.053 0.023 0.02 0.02 0.016 0.016 0.023 0.026 0.011 0.137 0.169 0.027 0.031 0.107 0.016 0.038 0.081 0.008 0.032 0.146
220 L 0.062 0.024 0.024 0.024 0.016 0.018 0.027 0.031 0.012 0.144 0.147 0.03 0.03 0.082 0.018 0.072 0.061 0.007 0.028 0.146
221 P 0.061 0.027 0.026 0.032 0.011 0.022 0.037 0.039 0.013 0.025 0.036 0.041 0.011 0.013 0.45 0.068 0.041 0.003 0.013 0.031
222 W 0.073 0.033 0.025 0.026 0.011 0.025 0.05 0.035 0.066 0.044 0.098 0.05 0.02 0.079 0.016 0.038 0.03 0.137 0.1 0.046
223 L 0.064 0.02 0.015 0.017 0.016 0.015 0.02 0.025 0.01 0.179 0.201 0.024 0.035 0.088 0.015 0.029 0.038 0.007 0.028 0.153
224 K 0.052 0.14 0.077 0.043 0.008 0.046 0.06 0.073 0.021 0.025 0.04 0.219 0.014 0.016 0.024 0.052 0.038 0.005 0.016 0.03
225 K 0.054 0.122 0.038 0.034 0.01 0.04 0.051 0.038 0.047 0.032 0.049 0.152 0.016 0.038 0.023 0.062 0.066 0.009 0.08 0.038
226 F 0.045 0.019 0.015 0.017 0.014 0.013 0.019 0.022 0.011 0.171 0.151 0.022 0.031 0.179 0.013 0.026 0.035 0.01 0.045 0.145
227 I 0.047 0.018 0.015 0.018 0.016 0.013 0.018 0.021 0.009 0.269 0.168 0.024 0.037 0.044 0.015 0.025 0.04 0.006 0.021 0.177
228 K 0.057 0.107 0.042 0.042 0.009 0.054 0.071 0.043 0.021 0.028 0.043 0.276 0.016 0.016 0.028 0.054 0.04 0.005 0.017 0.033
229 K 0.057 0.107 0.042 0.042 0.009 0.054 0.071 0.043 0.021 0.028 0.043 0.276 0.016 0.016 0.028 0.054 0.04 0.005 0.017 0.033
230 Y 0.041 0.028 0.022 0.019 0.009 0.022 0.028 0.025 0.047 0.044 0.069 0.031 0.019 0.131 0.016 0.031 0.028 0.028 0.316 0.047
231 L 0.04 0.022 0.015 0.016 0.014 0.015 0.02 0.023 0.013 0.114 0.234 0.023 0.055 0.184 0.013 0.025 0.031 0.01 0.046 0.087
232 T 0.066 0.117 0.04 0.035 0.014 0.032 0.042 0.041 0.016 0.038 0.052 0.062 0.016 0.02 0.085 0.092 0.159 0.005 0.016 0.051
233 P 0.055 0.025 0.023 0.03 0.01 0.02 0.035 0.035 0.012 0.025 0.035 0.04 0.01 0.012 0.511 0.042 0.035 0.003 0.012 0.03
234 I 0.083 0.035 0.025 0.025 0.014 0.023 0.032 0.035 0.018 0.111 0.099 0.065 0.034 0.089 0.02 0.049 0.08 0.01 0.067 0.086
235 R 0.045 0.163 0.067 0.032 0.011 0.033 0.04 0.033 0.018 0.102 0.116 0.097 0.024 0.028 0.018 0.04 0.037 0.006 0.018 0.073
236 G 0.083 0.028 0.037 0.034 0.046 0.023 0.034 0.167 0.014 0.077 0.064 0.038 0.018 0.024 0.022 0.13 0.055 0.005 0.016 0.085
237 L 0.079 0.023 0.017 0.018 0.015 0.017 0.023 0.03 0.012 0.117 0.194 0.026 0.052 0.133 0.015 0.034 0.036 0.009 0.037 0.114
238 I 0.088 0.022 0.018 0.02 0.047 0.016 0.023 0.031 0.01 0.183 0.158 0.028 0.031 0.037 0.017 0.048 0.043 0.006 0.019 0.156
239 I 0.054 0.02 0.018 0.019 0.016 0.015 0.02 0.084 0.009 0.204 0.166 0.025 0.033 0.039 0.015 0.029 0.039 0.006 0.019 0.173
240 A 0.17 0.03 0.032 0.031 0.019 0.025 0.038 0.056 0.014 0.069 0.071 0.041 0.02 0.024 0.025 0.112 0.084 0.005 0.018 0.117
241 L 0.105 0.03 0.031 0.03 0.048 0.024 0.035 0.045 0.014 0.07 0.134 0.038 0.035 0.03 0.022 0.111 0.081 0.006 0.018 0.093
242 F 0.091 0.025 0.025 0.025 0.016 0.018 0.028 0.037 0.013 0.116 0.102 0.031 0.025 0.124 0.019 0.069 0.072 0.008 0.035 0.122
243 L 0.048 0.021 0.014 0.016 0.016 0.015 0.019 0.021 0.009 0.178 0.273 0.024 0.041 0.046 0.014 0.025 0.037 0.006 0.021 0.155
244 L 0.059 0.036 0.029 0.029 0.013 0.074 0.044 0.095 0.016 0.087 0.112 0.044 0.024 0.032 0.018 0.063 0.041 0.069 0.024 0.09
245 L 0.06 0.02 0.016 0.017 0.015 0.014 0.02 0.026 0.012 0.143 0.194 0.023 0.033 0.157 0.014 0.029 0.034 0.009 0.041 0.123
246 L 0.088 0.027 0.024 0.024 0.016 0.02 0.028 0.036 0.013 0.082 0.215 0.032 0.032 0.084 0.019 0.068 0.07 0.007 0.028 0.088
247 I 0.051 0.018 0.015 0.017 0.016 0.014 0.018 0.021 0.008 0.261 0.153 0.023 0.034 0.041 0.015 0.026 0.041 0.006 0.02 0.201
248 V 0.068 0.021 0.016 0.017 0.019 0.016 0.023 0.024 0.008 0.159 0.126 0.025 0.031 0.034 0.016 0.032 0.048 0.005 0.02 0.294
249 I 0.045 0.02 0.016 0.017 0.014 0.014 0.02 0.022 0.015 0.168 0.145 0.023 0.03 0.143 0.014 0.026 0.035 0.011 0.077 0.144
250 L 0.078 0.027 0.06 0.028 0.014 0.02 0.028 0.037 0.015 0.071 0.182 0.032 0.039 0.129 0.017 0.046 0.065 0.009 0.036 0.068
251 R 0.056 0.165 0.116 0.047 0.009 0.062 0.053 0.106 0.024 0.023 0.039 0.078 0.014 0.017 0.021 0.077 0.043 0.005 0.016 0.03
252 N 0.052 0.044 0.185 0.055 0.011 0.03 0.043 0.05 0.022 0.092 0.066 0.076 0.018 0.024 0.02 0.077 0.048 0.005 0.017 0.065
253 V 0.106 0.023 0.018 0.019 0.017 0.018 0.026 0.034 0.015 0.11 0.104 0.028 0.026 0.09 0.018 0.04 0.042 0.009 0.068 0.19
254 D 0.05 0.043 0.088 0.205 0.008 0.044 0.167 0.044 0.022 0.022 0.032 0.072 0.011 0.016 0.023 0.066 0.039 0.005 0.014 0.028
255 F 0.036 0.02 0.017 0.017 0.011 0.013 0.02 0.024 0.023 0.086 0.106 0.022 0.024 0.292 0.012 0.026 0.027 0.018 0.141 0.066
256 L 0.042 0.023 0.014 0.015 0.015 0.015 0.019 0.021 0.011 0.105 0.361 0.024 0.045 0.097 0.013 0.024 0.031 0.008 0.03 0.088
257 E 0.136 0.122 0.035 0.052 0.012 0.045 0.148 0.048 0.021 0.028 0.045 0.073 0.015 0.018 0.025 0.072 0.042 0.005 0.017 0.042
258 P 0.057 0.025 0.024 0.03 0.01 0.02 0.034 0.096 0.013 0.024 0.034 0.039 0.01 0.013 0.449 0.043 0.034 0.003 0.012 0.029
259 I 0.045 0.019 0.014 0.016 0.016 0.014 0.018 0.02 0.009 0.25 0.221 0.023 0.039 0.045 0.014 0.024 0.037 0.006 0.02 0.151
260 V 0.061 0.02 0.015 0.017 0.018 0.015 0.021 0.023 0.008 0.202 0.137 0.024 0.032 0.037 0.015 0.029 0.045 0.005 0.02 0.255
261 E 0.057 0.036 0.046 0.049 0.013 0.048 0.14 0.031 0.017 0.085 0.115 0.049 0.024 0.028 0.02 0.042 0.041 0.005 0.018 0.137
262 G 0.068 0.032 0.081 0.041 0.01 0.052 0.039 0.389 0.018 0.02 0.031 0.043 0.011 0.016 0.019 0.053 0.033 0.005 0.013 0.025
263 V 0.071 0.048 0.019 0.02 0.016 0.02 0.026 0.027 0.01 0.172 0.156 0.048 0.031 0.036 0.017 0.033 0.041 0.006 0.02 0.183
264 L 0.043 0.023 0.014 0.015 0.016 0.016 0.02 0.021 0.01 0.111 0.397 0.024 0.048 0.053 0.014 0.023 0.032 0.007 0.022 0.093
265 G 0.07 0.036 0.038 0.04 0.01 0.028 0.067 0.404 0.015 0.02 0.03 0.071 0.01 0.016 0.02 0.05 0.031 0.005 0.012 0.025
266 K 0.058 0.093 0.04 0.039 0.009 0.048 0.063 0.102 0.019 0.026 0.04 0.269 0.014 0.015 0.026 0.051 0.037 0.005 0.016 0.031
267 D 0.042 0.041 0.115 0.307 0.008 0.032 0.078 0.048 0.021 0.022 0.03 0.077 0.01 0.015 0.022 0.054 0.037 0.004 0.012 0.025
268 L 0.047 0.027 0.017 0.017 0.016 0.021 0.023 0.024 0.013 0.104 0.293 0.03 0.118 0.05 0.015 0.029 0.036 0.007 0.022 0.091
269 T 0.071 0.034 0.042 0.036 0.017 0.027 0.038 0.042 0.013 0.051 0.063 0.044 0.019 0.023 0.027 0.09 0.272 0.006 0.017 0.069
270 F 0.035 0.02 0.017 0.017 0.011 0.012 0.019 0.025 0.016 0.066 0.12 0.02 0.045 0.363 0.011 0.026 0.026 0.015 0.078 0.058
271 T 0.079 0.035 0.045 0.039 0.017 0.028 0.041 0.047 0.015 0.046 0.057 0.046 0.018 0.022 0.027 0.129 0.224 0.006 0.017 0.062
272 N 0.066 0.037 0.193 0.06 0.011 0.029 0.043 0.179 0.023 0.023 0.032 0.047 0.011 0.018 0.021 0.108 0.051 0.005 0.014 0.029
273 R 0.043 0.367 0.037 0.03 0.008 0.047 0.051 0.032 0.023 0.023 0.045 0.116 0.015 0.017 0.019 0.043 0.034 0.006 0.017 0.03
274 L 0.057 0.029 0.028 0.025 0.016 0.021 0.029 0.031 0.012 0.081 0.23 0.034 0.033 0.038 0.02 0.057 0.152 0.006 0.019 0.081
275 L 0.087 0.03 0.03 0.034 0.013 0.026 0.066 0.099 0.019 0.05 0.102 0.039 0.021 0.086 0.021 0.055 0.093 0.01 0.066 0.056
276 I 0.046 0.017 0.014 0.017 0.016 0.013 0.017 0.02 0.009 0.296 0.162 0.023 0.036 0.043 0.014 0.024 0.038 0.006 0.02 0.171
277 W 0.029 0.022 0.015 0.015 0.007 0.015 0.022 0.029 0.015 0.029 0.051 0.022 0.015 0.059 0.007 0.022 0.022 0.51 0.066 0.029
278 D 0.054 0.054 0.055 0.231 0.009 0.062 0.08 0.046 0.02 0.024 0.035 0.115 0.013 0.015 0.024 0.076 0.042 0.004 0.014 0.029
279 N 0.041 0.043 0.34 0.08 0.009 0.033 0.048 0.063 0.03 0.022 0.03 0.052 0.011 0.017 0.02 0.067 0.048 0.004 0.015 0.026
280 A 0.314 0.03 0.025 0.029 0.021 0.025 0.039 0.076 0.014 0.042 0.057 0.043 0.017 0.021 0.029 0.082 0.048 0.005 0.017 0.066
281 I 0.051 0.021 0.015 0.017 0.016 0.016 0.02 0.022 0.009 0.214 0.186 0.025 0.055 0.042 0.015 0.027 0.04 0.006 0.021 0.182
282 N 0.065 0.055 0.117 0.05 0.012 0.036 0.051 0.051 0.043 0.046 0.048 0.111 0.016 0.021 0.024 0.107 0.079 0.005 0.019 0.045
283 A 0.182 0.035 0.032 0.037 0.015 0.031 0.075 0.054 0.105 0.049 0.058 0.045 0.018 0.024 0.024 0.062 0.041 0.006 0.027 0.079
284 I 0.047 0.019 0.016 0.018 0.016 0.014 0.019 0.021 0.009 0.269 0.171 0.024 0.035 0.042 0.015 0.028 0.053 0.006 0.02 0.159
285 S 0.102 0.088 0.039 0.037 0.014 0.059 0.053 0.049 0.018 0.064 0.061 0.091 0.019 0.021 0.025 0.114 0.067 0.005 0.018 0.059
286 L 0.089 0.043 0.032 0.043 0.013 0.036 0.109 0.04 0.039 0.077 0.123 0.078 0.023 0.028 0.022 0.071 0.042 0.006 0.02 0.065
287 N 0.049 0.075 0.185 0.061 0.009 0.043 0.059 0.053 0.026 0.025 0.037 0.172 0.013 0.016 0.023 0.061 0.044 0.005 0.016 0.029
288 P 0.054 0.025 0.021 0.027 0.011 0.02 0.033 0.033 0.012 0.043 0.105 0.038 0.018 0.021 0.403 0.039 0.035 0.003 0.015 0.043
289 L 0.044 0.021 0.016 0.016 0.014 0.015 0.02 0.023 0.016 0.12 0.195 0.024 0.033 0.16 0.013 0.026 0.033 0.012 0.085 0.114
290 F 0.053 0.055 0.026 0.026 0.013 0.048 0.038 0.032 0.016 0.104 0.097 0.057 0.024 0.146 0.017 0.06 0.04 0.009 0.04 0.098
291 G 0.076 0.022 0.038 0.033 0.01 0.018 0.025 0.527 0.013 0.018 0.027 0.033 0.009 0.016 0.018 0.05 0.029 0.005 0.01 0.023
292 Y 0.04 0.031 0.028 0.022 0.009 0.024 0.032 0.027 0.124 0.046 0.1 0.033 0.021 0.093 0.016 0.032 0.027 0.02 0.23 0.045
293 G 0.076 0.022 0.038 0.033 0.01 0.018 0.025 0.527 0.013 0.018 0.027 0.033 0.009 0.016 0.018 0.05 0.029 0.005 0.01 0.023
294 L 0.048 0.072 0.041 0.024 0.013 0.024 0.03 0.027 0.018 0.131 0.148 0.057 0.048 0.047 0.016 0.034 0.037 0.009 0.06 0.115
295 L 0.048 0.03 0.019 0.02 0.015 0.046 0.031 0.024 0.013 0.124 0.268 0.034 0.068 0.044 0.015 0.03 0.036 0.007 0.021 0.107
296 T 0.061 0.041 0.036 0.033 0.013 0.068 0.048 0.038 0.044 0.052 0.087 0.049 0.061 0.04 0.021 0.078 0.1 0.009 0.062 0.058
297 S 0.079 0.039 0.081 0.045 0.013 0.054 0.049 0.114 0.02 0.03 0.047 0.05 0.016 0.067 0.023 0.148 0.057 0.006 0.025 0.037
298 D 0.062 0.035 0.11 0.19 0.012 0.03 0.062 0.053 0.02 0.029 0.038 0.047 0.013 0.018 0.024 0.11 0.093 0.004 0.014 0.037
299 D 0.05 0.049 0.042 0.139 0.009 0.075 0.116 0.036 0.024 0.043 0.051 0.086 0.016 0.031 0.022 0.047 0.037 0.008 0.057 0.064
300 A 0.152 0.028 0.06 0.03 0.017 0.022 0.032 0.048 0.014 0.107 0.101 0.036 0.043 0.03 0.021 0.055 0.046 0.006 0.019 0.134
301 V 0.123 0.024 0.019 0.02 0.018 0.018 0.027 0.036 0.014 0.132 0.106 0.03 0.026 0.044 0.019 0.043 0.044 0.008 0.059 0.19
302 E 0.051 0.094 0.081 0.076 0.009 0.068 0.11 0.041 0.067 0.027 0.041 0.097 0.015 0.018 0.023 0.056 0.066 0.005 0.021 0.034
303 L 0.049 0.029 0.022 0.022 0.014 0.045 0.032 0.026 0.017 0.134 0.194 0.035 0.033 0.05 0.017 0.037 0.065 0.009 0.06 0.109
304 L 0.042 0.023 0.014 0.015 0.015 0.015 0.019 0.021 0.011 0.105 0.361 0.024 0.045 0.097 0.013 0.024 0.031 0.008 0.03 0.088
305 G 0.076 0.022 0.038 0.033 0.01 0.018 0.025 0.527 0.013 0.018 0.027 0.033 0.009 0.016 0.018 0.05 0.029 0.005 0.01 0.023
306 N 0.044 0.041 0.203 0.057 0.011 0.057 0.047 0.048 0.024 0.074 0.104 0.049 0.021 0.026 0.018 0.053 0.043 0.005 0.017 0.058
307 F 0.047 0.022 0.021 0.021 0.013 0.015 0.023 0.029 0.017 0.122 0.112 0.025 0.026 0.227 0.014 0.056 0.037 0.012 0.075 0.085
308 G 0.069 0.028 0.079 0.041 0.011 0.023 0.035 0.253 0.016 0.022 0.032 0.04 0.01 0.016 0.16 0.078 0.041 0.004 0.013 0.028
309 G 0.067 0.034 0.126 0.056 0.01 0.031 0.077 0.257 0.021 0.021 0.031 0.047 0.011 0.017 0.021 0.083 0.042 0.005 0.014 0.028
310 Y 0.044 0.024 0.022 0.02 0.01 0.019 0.025 0.096 0.031 0.073 0.072 0.028 0.019 0.089 0.014 0.031 0.028 0.09 0.208 0.058
311 L 0.045 0.02 0.014 0.016 0.016 0.014 0.018 0.02 0.009 0.216 0.262 0.024 0.041 0.047 0.014 0.024 0.036 0.006 0.021 0.138
312 W 0.035 0.071 0.021 0.021 0.008 0.046 0.035 0.03 0.018 0.032 0.057 0.042 0.017 0.091 0.011 0.029 0.026 0.322 0.056 0.033
313 K 0.061 0.068 0.039 0.037 0.012 0.038 0.053 0.041 0.017 0.036 0.049 0.173 0.016 0.018 0.087 0.065 0.126 0.005 0.016 0.045
314 G 0.104 0.026 0.037 0.033 0.013 0.021 0.03 0.349 0.013 0.03 0.04 0.037 0.013 0.018 0.022 0.064 0.092 0.005 0.013 0.04
315 A 0.283 0.029 0.024 0.027 0.021 0.024 0.037 0.069 0.014 0.056 0.066 0.041 0.019 0.023 0.027 0.076 0.048 0.005 0.017 0.095
316 T 0.071 0.034 0.042 0.036 0.017 0.027 0.038 0.042 0.013 0.051 0.063 0.044 0.019 0.023 0.027 0.09 0.272 0.006 0.017 0.069
317 H 0.041 0.044 0.052 0.037 0.007 0.037 0.052 0.037 0.377 0.022 0.037 0.044 0.015 0.029 0.018 0.041 0.026 0.007 0.055 0.022
318 C 0.188 0.023 0.02 0.022 0.261 0.018 0.027 0.054 0.011 0.042 0.06 0.031 0.016 0.02 0.022 0.061 0.042 0.005 0.014 0.061
319 H 0.041 0.044 0.052 0.037 0.007 0.037 0.052 0.037 0.377 0.022 0.037 0.044 0.015 0.029 0.018 0.041 0.026 0.007 0.055 0.022
320 N 0.047 0.036 0.242 0.085 0.132 0.027 0.042 0.054 0.024 0.027 0.038 0.043 0.012 0.018 0.019 0.059 0.044 0.004 0.014 0.033
