#Seq2Logo.py -f /work3/idamei/wzy_ssn/run/1e-50/run/150/MSAs/0013_129.afa -o /work3/idamei/wzy_ssn/run/1e-50/run/150/logos/0013_129.logo
#Position Specific Frequency Matrix
A R N D C Q E G H I L K M F P S T W Y V
0 L 0.05 0.031 0.019 0.019 0.016 0.027 0.027 0.027 0.016 0.097 0.19 0.035 0.188 0.047 0.016 0.035 0.039 0.008 0.023 0.089
1 E 0.052 0.041 0.037 0.108 0.01 0.07 0.17 0.033 0.02 0.055 0.1 0.057 0.021 0.023 0.021 0.046 0.037 0.005 0.017 0.076
2 F 0.042 0.022 0.02 0.019 0.013 0.015 0.022 0.026 0.018 0.098 0.146 0.025 0.028 0.209 0.014 0.034 0.063 0.013 0.094 0.077
3 L 0.059 0.026 0.025 0.025 0.016 0.019 0.027 0.031 0.011 0.149 0.203 0.032 0.034 0.039 0.019 0.072 0.082 0.006 0.02 0.106
4 L 0.046 0.023 0.019 0.019 0.014 0.016 0.022 0.025 0.016 0.144 0.187 0.027 0.032 0.107 0.015 0.034 0.067 0.011 0.075 0.101
5 L 0.09 0.029 0.074 0.087 0.014 0.023 0.038 0.112 0.016 0.067 0.122 0.037 0.045 0.029 0.019 0.049 0.04 0.005 0.017 0.088
6 F 0.043 0.024 0.019 0.026 0.012 0.02 0.062 0.025 0.015 0.081 0.167 0.029 0.029 0.217 0.014 0.029 0.031 0.011 0.052 0.093
7 L 0.044 0.021 0.014 0.016 0.016 0.015 0.019 0.02 0.009 0.184 0.301 0.024 0.043 0.049 0.014 0.024 0.035 0.006 0.021 0.125
8 I 0.043 0.018 0.014 0.017 0.015 0.013 0.018 0.021 0.01 0.235 0.188 0.022 0.036 0.096 0.014 0.024 0.036 0.007 0.03 0.143
9 L 0.04 0.021 0.015 0.016 0.014 0.014 0.019 0.022 0.011 0.123 0.281 0.022 0.04 0.153 0.013 0.024 0.031 0.009 0.04 0.093
10 I 0.052 0.019 0.016 0.017 0.112 0.014 0.019 0.025 0.01 0.15 0.134 0.023 0.035 0.109 0.014 0.03 0.037 0.008 0.032 0.147
11 L 0.045 0.024 0.015 0.016 0.016 0.017 0.021 0.022 0.011 0.145 0.307 0.026 0.073 0.05 0.014 0.026 0.035 0.007 0.022 0.108
12 S 0.095 0.035 0.046 0.041 0.086 0.028 0.044 0.056 0.016 0.034 0.047 0.046 0.016 0.021 0.027 0.194 0.1 0.005 0.016 0.047
13 F 0.037 0.02 0.015 0.016 0.013 0.012 0.019 0.023 0.013 0.109 0.199 0.021 0.033 0.254 0.012 0.024 0.029 0.012 0.058 0.081
14 I 0.129 0.024 0.023 0.025 0.017 0.019 0.028 0.043 0.013 0.151 0.108 0.032 0.026 0.085 0.02 0.072 0.045 0.007 0.028 0.106
15 L 0.056 0.025 0.022 0.024 0.014 0.019 0.028 0.031 0.012 0.101 0.209 0.033 0.031 0.035 0.158 0.061 0.041 0.005 0.018 0.079
16 F 0.094 0.023 0.026 0.025 0.083 0.017 0.026 0.11 0.015 0.045 0.074 0.029 0.019 0.185 0.017 0.07 0.038 0.01 0.045 0.049
17 F 0.037 0.022 0.017 0.016 0.011 0.015 0.021 0.023 0.023 0.07 0.179 0.023 0.029 0.226 0.013 0.026 0.027 0.017 0.14 0.062
18 P 0.053 0.025 0.024 0.025 0.012 0.02 0.03 0.032 0.023 0.074 0.074 0.033 0.019 0.107 0.158 0.063 0.038 0.012 0.118 0.059
19 L 0.043 0.023 0.014 0.015 0.016 0.015 0.019 0.021 0.01 0.138 0.363 0.024 0.046 0.051 0.014 0.024 0.033 0.007 0.021 0.104
20 G 0.06 0.025 0.071 0.032 0.013 0.019 0.026 0.244 0.014 0.066 0.147 0.032 0.024 0.029 0.017 0.042 0.035 0.006 0.016 0.082
21 L 0.085 0.024 0.024 0.076 0.015 0.019 0.033 0.033 0.016 0.138 0.143 0.03 0.028 0.048 0.018 0.038 0.038 0.008 0.064 0.123
22 L 0.049 0.076 0.07 0.031 0.012 0.023 0.032 0.036 0.018 0.06 0.161 0.044 0.027 0.139 0.016 0.065 0.039 0.009 0.038 0.056
23 K 0.078 0.056 0.037 0.036 0.015 0.034 0.048 0.044 0.016 0.073 0.071 0.121 0.021 0.024 0.024 0.104 0.057 0.005 0.018 0.116
24 V 0.054 0.124 0.028 0.027 0.013 0.033 0.041 0.03 0.015 0.123 0.096 0.113 0.025 0.028 0.019 0.039 0.041 0.006 0.019 0.129
25 K 0.114 0.065 0.031 0.032 0.014 0.036 0.049 0.046 0.016 0.094 0.078 0.159 0.021 0.024 0.025 0.054 0.042 0.005 0.018 0.077
26 H 0.045 0.06 0.118 0.05 0.008 0.041 0.056 0.046 0.193 0.024 0.037 0.107 0.014 0.023 0.021 0.051 0.035 0.006 0.037 0.026
27 F 0.035 0.021 0.018 0.017 0.01 0.013 0.021 0.025 0.024 0.058 0.102 0.022 0.024 0.327 0.012 0.027 0.026 0.019 0.147 0.052
28 G 0.093 0.031 0.046 0.041 0.014 0.026 0.039 0.29 0.016 0.024 0.035 0.043 0.012 0.018 0.024 0.139 0.055 0.005 0.014 0.033
29 G 0.07 0.119 0.084 0.043 0.011 0.032 0.042 0.187 0.02 0.024 0.037 0.062 0.013 0.021 0.021 0.106 0.047 0.006 0.024 0.031
30 V 0.055 0.021 0.019 0.019 0.015 0.015 0.021 0.095 0.011 0.104 0.146 0.024 0.028 0.141 0.014 0.031 0.036 0.009 0.038 0.157
31 L 0.047 0.045 0.022 0.023 0.012 0.024 0.034 0.028 0.014 0.08 0.175 0.102 0.029 0.141 0.017 0.033 0.034 0.009 0.038 0.093
32 E 0.09 0.088 0.08 0.056 0.011 0.049 0.128 0.046 0.022 0.03 0.044 0.1 0.015 0.018 0.024 0.063 0.073 0.005 0.017 0.041
33 L 0.047 0.022 0.014 0.015 0.016 0.015 0.02 0.021 0.009 0.145 0.324 0.024 0.044 0.049 0.014 0.025 0.035 0.006 0.021 0.133
34 N 0.041 0.041 0.3 0.128 0.008 0.032 0.054 0.06 0.029 0.022 0.03 0.051 0.011 0.017 0.02 0.065 0.046 0.004 0.015 0.026
35 Y 0.037 0.025 0.02 0.018 0.009 0.018 0.025 0.024 0.037 0.048 0.079 0.027 0.02 0.207 0.014 0.029 0.026 0.024 0.268 0.047
36 F 0.04 0.02 0.017 0.017 0.012 0.014 0.02 0.022 0.021 0.156 0.12 0.024 0.027 0.171 0.013 0.026 0.031 0.015 0.13 0.101
37 S 0.076 0.036 0.128 0.051 0.084 0.029 0.043 0.056 0.02 0.032 0.044 0.046 0.015 0.02 0.024 0.143 0.091 0.005 0.016 0.042
38 L 0.048 0.02 0.015 0.017 0.015 0.013 0.019 0.022 0.011 0.163 0.171 0.022 0.033 0.146 0.014 0.026 0.036 0.009 0.039 0.161
39 W 0.035 0.023 0.014 0.015 0.011 0.015 0.021 0.026 0.013 0.065 0.199 0.023 0.029 0.056 0.01 0.023 0.026 0.294 0.047 0.057
40 F 0.033 0.019 0.017 0.017 0.01 0.011 0.019 0.025 0.02 0.059 0.105 0.02 0.024 0.375 0.011 0.025 0.025 0.018 0.115 0.052
41 W 0.042 0.021 0.019 0.018 0.01 0.016 0.022 0.097 0.017 0.105 0.082 0.025 0.02 0.058 0.012 0.028 0.028 0.224 0.084 0.071
42 L 0.057 0.026 0.025 0.024 0.015 0.02 0.027 0.032 0.014 0.082 0.149 0.031 0.05 0.142 0.017 0.063 0.08 0.009 0.039 0.1
43 Y 0.042 0.026 0.02 0.02 0.01 0.02 0.027 0.026 0.032 0.05 0.086 0.031 0.042 0.139 0.085 0.032 0.03 0.019 0.212 0.05
44 L 0.043 0.021 0.015 0.017 0.015 0.015 0.019 0.022 0.011 0.179 0.218 0.024 0.059 0.108 0.014 0.026 0.035 0.008 0.032 0.119
45 L 0.049 0.02 0.015 0.016 0.016 0.014 0.019 0.022 0.01 0.176 0.205 0.023 0.036 0.095 0.014 0.026 0.038 0.007 0.03 0.169
46 F 0.036 0.02 0.016 0.016 0.012 0.012 0.019 0.023 0.014 0.076 0.192 0.02 0.031 0.306 0.011 0.024 0.027 0.014 0.068 0.065
47 C 0.172 0.023 0.023 0.024 0.225 0.018 0.027 0.121 0.011 0.039 0.055 0.032 0.015 0.02 0.022 0.059 0.04 0.005 0.014 0.055
48 V 0.048 0.021 0.016 0.016 0.014 0.014 0.021 0.024 0.012 0.11 0.151 0.023 0.029 0.147 0.013 0.027 0.035 0.081 0.046 0.155
49 L 0.048 0.02 0.015 0.016 0.016 0.014 0.019 0.022 0.01 0.178 0.213 0.023 0.036 0.096 0.014 0.026 0.037 0.007 0.03 0.16
50 G 0.076 0.022 0.038 0.033 0.01 0.018 0.025 0.526 0.013 0.018 0.027 0.033 0.009 0.016 0.018 0.05 0.029 0.005 0.01 0.024
51 A 0.222 0.03 0.03 0.032 0.019 0.025 0.039 0.065 0.015 0.075 0.068 0.043 0.019 0.024 0.027 0.116 0.055 0.005 0.017 0.075
52 L 0.043 0.021 0.018 0.018 0.013 0.014 0.02 0.095 0.013 0.077 0.221 0.023 0.032 0.199 0.013 0.028 0.028 0.011 0.048 0.066
53 I 0.045 0.019 0.014 0.016 0.016 0.014 0.018 0.02 0.009 0.243 0.229 0.023 0.039 0.046 0.014 0.024 0.037 0.006 0.02 0.149
54 I 0.052 0.023 0.022 0.022 0.016 0.017 0.023 0.026 0.01 0.199 0.167 0.029 0.033 0.039 0.018 0.043 0.104 0.006 0.019 0.131
55 L 0.055 0.077 0.047 0.029 0.013 0.026 0.034 0.035 0.022 0.084 0.118 0.047 0.024 0.052 0.019 0.072 0.074 0.011 0.092 0.069
56 L 0.074 0.032 0.034 0.032 0.016 0.024 0.036 0.042 0.014 0.068 0.196 0.039 0.03 0.035 0.022 0.128 0.087 0.006 0.019 0.067
57 G 0.071 0.023 0.042 0.088 0.01 0.02 0.034 0.457 0.014 0.019 0.027 0.034 0.009 0.015 0.019 0.05 0.03 0.005 0.011 0.024
58 I 0.066 0.02 0.019 0.02 0.014 0.014 0.021 0.098 0.012 0.147 0.115 0.025 0.027 0.14 0.015 0.033 0.036 0.009 0.037 0.135
59 G 0.135 0.027 0.026 0.026 0.016 0.022 0.029 0.183 0.013 0.068 0.097 0.035 0.066 0.029 0.02 0.052 0.04 0.006 0.017 0.093
60 D 0.045 0.098 0.055 0.254 0.008 0.038 0.077 0.042 0.019 0.023 0.034 0.128 0.012 0.015 0.023 0.05 0.035 0.004 0.013 0.027
61 D 0.045 0.037 0.105 0.254 0.008 0.039 0.146 0.059 0.022 0.022 0.03 0.053 0.01 0.015 0.022 0.054 0.037 0.004 0.013 0.026
62 S 0.096 0.038 0.049 0.044 0.017 0.031 0.047 0.058 0.017 0.035 0.047 0.05 0.016 0.021 0.028 0.201 0.134 0.005 0.017 0.049
63 Y 0.037 0.025 0.02 0.018 0.009 0.018 0.025 0.024 0.037 0.048 0.079 0.027 0.02 0.207 0.014 0.029 0.026 0.024 0.268 0.047
64 F 0.033 0.018 0.016 0.016 0.01 0.01 0.018 0.025 0.016 0.061 0.11 0.018 0.025 0.407 0.01 0.025 0.025 0.016 0.086 0.053
65 V 0.058 0.019 0.015 0.017 0.017 0.015 0.02 0.022 0.008 0.221 0.143 0.024 0.033 0.038 0.015 0.028 0.044 0.005 0.02 0.237
66 Q 0.068 0.051 0.042 0.045 0.011 0.122 0.09 0.072 0.027 0.028 0.045 0.065 0.017 0.032 0.023 0.105 0.048 0.009 0.064 0.037
67 P 0.098 0.025 0.027 0.031 0.012 0.02 0.033 0.181 0.013 0.025 0.036 0.038 0.011 0.015 0.301 0.05 0.035 0.004 0.013 0.033
68 I 0.043 0.018 0.014 0.017 0.015 0.013 0.018 0.021 0.01 0.235 0.188 0.022 0.036 0.096 0.014 0.024 0.036 0.007 0.03 0.143
69 L 0.131 0.039 0.027 0.027 0.015 0.027 0.038 0.046 0.019 0.058 0.151 0.074 0.025 0.044 0.022 0.077 0.044 0.009 0.064 0.062
70 N 0.08 0.037 0.169 0.106 0.01 0.03 0.05 0.053 0.078 0.028 0.04 0.045 0.013 0.035 0.02 0.058 0.04 0.008 0.067 0.034
71 N 0.047 0.069 0.17 0.057 0.008 0.041 0.057 0.05 0.075 0.024 0.036 0.158 0.013 0.018 0.022 0.057 0.041 0.005 0.022 0.028
72 A 0.102 0.034 0.074 0.042 0.013 0.031 0.077 0.044 0.073 0.054 0.062 0.043 0.018 0.049 0.021 0.053 0.046 0.009 0.071 0.085
73 E 0.084 0.085 0.08 0.105 0.011 0.038 0.119 0.044 0.02 0.064 0.056 0.067 0.016 0.021 0.022 0.053 0.039 0.005 0.016 0.054
74 V 0.12 0.026 0.064 0.029 0.018 0.02 0.03 0.041 0.013 0.113 0.097 0.033 0.025 0.029 0.019 0.048 0.048 0.005 0.019 0.203
75 V 0.059 0.057 0.026 0.027 0.014 0.031 0.042 0.031 0.013 0.096 0.128 0.144 0.026 0.029 0.02 0.039 0.042 0.005 0.019 0.152
76 F 0.055 0.04 0.06 0.037 0.011 0.083 0.05 0.109 0.02 0.038 0.062 0.049 0.019 0.129 0.019 0.062 0.07 0.009 0.036 0.043
77 F 0.034 0.019 0.017 0.017 0.011 0.011 0.019 0.025 0.017 0.063 0.114 0.019 0.025 0.39 0.011 0.025 0.025 0.017 0.088 0.055
78 L 0.051 0.022 0.018 0.018 0.014 0.015 0.021 0.096 0.011 0.093 0.176 0.025 0.029 0.094 0.014 0.03 0.034 0.079 0.035 0.125
79 G 0.076 0.022 0.038 0.033 0.01 0.018 0.025 0.526 0.013 0.018 0.027 0.033 0.009 0.016 0.018 0.05 0.029 0.005 0.01 0.024
80 L 0.11 0.032 0.033 0.031 0.017 0.026 0.037 0.048 0.015 0.069 0.159 0.041 0.049 0.033 0.023 0.129 0.056 0.006 0.019 0.068
81 L 0.04 0.022 0.014 0.015 0.014 0.014 0.019 0.022 0.011 0.099 0.323 0.023 0.042 0.144 0.013 0.024 0.03 0.009 0.038 0.083
82 I 0.092 0.026 0.023 0.024 0.016 0.021 0.028 0.037 0.014 0.131 0.131 0.033 0.072 0.09 0.018 0.067 0.044 0.008 0.029 0.097
83 V 0.068 0.025 0.027 0.025 0.017 0.019 0.027 0.101 0.01 0.127 0.098 0.032 0.025 0.03 0.019 0.054 0.102 0.005 0.018 0.172
84 L 0.048 0.022 0.018 0.019 0.016 0.016 0.021 0.023 0.01 0.182 0.248 0.027 0.039 0.044 0.016 0.033 0.069 0.006 0.02 0.123
85 W 0.034 0.022 0.017 0.016 0.009 0.016 0.022 0.026 0.023 0.064 0.085 0.024 0.02 0.136 0.011 0.025 0.026 0.229 0.143 0.052
86 S 0.161 0.034 0.042 0.04 0.017 0.028 0.044 0.133 0.017 0.031 0.043 0.047 0.015 0.02 0.027 0.171 0.063 0.005 0.016 0.046
87 G 0.059 0.021 0.028 0.025 0.011 0.016 0.022 0.311 0.014 0.044 0.104 0.027 0.019 0.133 0.015 0.039 0.028 0.009 0.034 0.042
88 F 0.044 0.019 0.018 0.019 0.013 0.013 0.019 0.094 0.013 0.131 0.162 0.023 0.03 0.186 0.013 0.028 0.03 0.01 0.045 0.089
89 G 0.07 0.021 0.031 0.028 0.012 0.017 0.023 0.382 0.012 0.078 0.061 0.03 0.016 0.022 0.017 0.043 0.033 0.005 0.013 0.083
90 F 0.085 0.026 0.022 0.022 0.015 0.02 0.026 0.034 0.014 0.101 0.126 0.031 0.071 0.142 0.017 0.045 0.069 0.009 0.039 0.084
91 F 0.034 0.019 0.016 0.016 0.011 0.011 0.019 0.024 0.015 0.068 0.151 0.019 0.028 0.356 0.011 0.024 0.026 0.015 0.077 0.059
92 Y 0.05 0.026 0.023 0.021 0.012 0.019 0.027 0.029 0.027 0.09 0.122 0.03 0.025 0.128 0.016 0.059 0.037 0.016 0.166 0.076
93 S 0.123 0.029 0.035 0.033 0.017 0.024 0.036 0.12 0.014 0.086 0.071 0.04 0.02 0.025 0.023 0.127 0.056 0.005 0.017 0.097
94 F 0.079 0.019 0.017 0.018 0.083 0.013 0.021 0.032 0.014 0.089 0.103 0.023 0.024 0.245 0.014 0.035 0.031 0.011 0.056 0.072
95 L 0.039 0.019 0.015 0.016 0.013 0.013 0.019 0.023 0.012 0.164 0.165 0.022 0.031 0.151 0.012 0.024 0.031 0.081 0.046 0.106
96 I 0.045 0.019 0.015 0.017 0.015 0.013 0.019 0.022 0.011 0.183 0.176 0.022 0.033 0.147 0.013 0.025 0.035 0.009 0.039 0.144
97 V 0.059 0.024 0.023 0.023 0.016 0.018 0.026 0.029 0.011 0.136 0.114 0.029 0.032 0.086 0.018 0.046 0.106 0.007 0.029 0.168
98 L 0.046 0.033 0.068 0.045 0.012 0.031 0.109 0.03 0.017 0.073 0.241 0.042 0.033 0.037 0.018 0.038 0.035 0.006 0.019 0.066
99 L 0.057 0.035 0.023 0.024 0.015 0.022 0.031 0.03 0.012 0.151 0.19 0.068 0.033 0.038 0.018 0.06 0.044 0.006 0.02 0.124
100 L 0.049 0.022 0.016 0.017 0.015 0.016 0.021 0.023 0.012 0.115 0.209 0.025 0.057 0.138 0.014 0.028 0.036 0.009 0.038 0.142
101 L 0.046 0.019 0.016 0.017 0.056 0.013 0.019 0.023 0.013 0.147 0.162 0.022 0.031 0.15 0.013 0.027 0.034 0.01 0.057 0.126
102 T 0.09 0.037 0.048 0.043 0.017 0.03 0.045 0.054 0.016 0.041 0.053 0.049 0.017 0.022 0.028 0.161 0.169 0.005 0.017 0.056
103 L 0.043 0.023 0.014 0.015 0.015 0.015 0.02 0.021 0.011 0.109 0.357 0.024 0.047 0.088 0.014 0.024 0.032 0.008 0.029 0.091
104 V 0.057 0.023 0.018 0.018 0.062 0.018 0.024 0.025 0.023 0.103 0.098 0.027 0.025 0.071 0.016 0.033 0.039 0.014 0.142 0.164
105 S 0.094 0.037 0.048 0.043 0.017 0.029 0.046 0.057 0.018 0.037 0.053 0.048 0.017 0.059 0.027 0.183 0.111 0.006 0.024 0.048
106 R 0.077 0.231 0.037 0.032 0.01 0.04 0.047 0.135 0.02 0.024 0.043 0.111 0.014 0.017 0.021 0.05 0.035 0.006 0.016 0.033
107 D 0.044 0.046 0.138 0.156 0.009 0.044 0.061 0.046 0.033 0.036 0.085 0.083 0.017 0.025 0.02 0.051 0.039 0.005 0.026 0.037
108 K 0.063 0.117 0.038 0.035 0.011 0.035 0.047 0.111 0.019 0.031 0.051 0.128 0.016 0.073 0.022 0.086 0.049 0.007 0.026 0.036
109 I 0.047 0.018 0.015 0.018 0.016 0.013 0.018 0.021 0.009 0.271 0.168 0.024 0.037 0.044 0.015 0.025 0.04 0.006 0.021 0.177
110 G 0.085 0.035 0.048 0.111 0.013 0.033 0.095 0.131 0.018 0.027 0.039 0.05 0.013 0.031 0.025 0.128 0.06 0.005 0.017 0.036
111 G 0.098 0.025 0.025 0.027 0.014 0.02 0.038 0.135 0.014 0.056 0.116 0.034 0.022 0.088 0.1 0.051 0.036 0.007 0.028 0.067
112 K 0.067 0.07 0.084 0.046 0.011 0.041 0.057 0.05 0.021 0.038 0.052 0.172 0.025 0.019 0.025 0.108 0.051 0.005 0.017 0.041
113 L 0.051 0.026 0.067 0.028 0.083 0.02 0.028 0.031 0.064 0.124 0.136 0.03 0.027 0.034 0.016 0.037 0.039 0.006 0.023 0.129
114 K 0.046 0.16 0.054 0.036 0.008 0.043 0.055 0.038 0.041 0.025 0.043 0.18 0.015 0.023 0.021 0.045 0.035 0.077 0.026 0.03
115 W 0.031 0.022 0.016 0.015 0.008 0.015 0.022 0.028 0.019 0.036 0.062 0.023 0.017 0.118 0.009 0.024 0.023 0.37 0.108 0.035
116 N 0.089 0.095 0.099 0.074 0.011 0.04 0.097 0.048 0.021 0.03 0.043 0.098 0.014 0.018 0.024 0.064 0.074 0.005 0.016 0.04
117 N 0.047 0.071 0.184 0.072 0.008 0.044 0.128 0.049 0.026 0.025 0.045 0.097 0.013 0.018 0.022 0.059 0.042 0.005 0.016 0.03
118 F 0.044 0.035 0.023 0.021 0.011 0.022 0.031 0.027 0.037 0.062 0.083 0.065 0.021 0.175 0.016 0.032 0.031 0.017 0.167 0.08
119 L 0.058 0.025 0.022 0.021 0.015 0.019 0.027 0.029 0.02 0.12 0.14 0.03 0.028 0.063 0.017 0.06 0.043 0.012 0.111 0.14
120 L 0.054 0.034 0.078 0.091 0.013 0.054 0.049 0.039 0.017 0.114 0.123 0.044 0.025 0.029 0.019 0.07 0.044 0.005 0.018 0.08
121 R 0.048 0.196 0.035 0.039 0.009 0.046 0.089 0.033 0.02 0.062 0.059 0.15 0.018 0.02 0.021 0.044 0.036 0.005 0.017 0.051
122 K 0.049 0.058 0.083 0.049 0.009 0.04 0.094 0.039 0.025 0.03 0.054 0.132 0.015 0.035 0.087 0.049 0.037 0.008 0.07 0.035
123 I 0.053 0.02 0.019 0.02 0.097 0.015 0.02 0.026 0.009 0.212 0.129 0.026 0.03 0.036 0.017 0.038 0.077 0.005 0.018 0.135
124 E 0.055 0.05 0.04 0.09 0.007 0.064 0.296 0.035 0.026 0.022 0.037 0.076 0.013 0.017 0.026 0.055 0.037 0.006 0.017 0.031
125 I 0.047 0.081 0.032 0.089 0.012 0.023 0.039 0.031 0.015 0.114 0.102 0.045 0.023 0.091 0.018 0.043 0.073 0.007 0.029 0.088
126 D 0.063 0.033 0.063 0.284 0.011 0.031 0.078 0.053 0.019 0.025 0.032 0.047 0.011 0.017 0.025 0.11 0.051 0.004 0.013 0.03
127 E 0.048 0.087 0.043 0.054 0.009 0.045 0.159 0.032 0.072 0.043 0.106 0.063 0.038 0.027 0.02 0.044 0.034 0.006 0.023 0.045
128 K 0.068 0.055 0.083 0.044 0.013 0.035 0.049 0.048 0.019 0.042 0.093 0.118 0.02 0.023 0.024 0.111 0.084 0.005 0.017 0.047
129 S 0.067 0.03 0.082 0.038 0.083 0.024 0.036 0.044 0.02 0.05 0.057 0.039 0.016 0.036 0.09 0.095 0.049 0.008 0.062 0.075
130 D 0.057 0.047 0.066 0.164 0.009 0.042 0.139 0.044 0.023 0.025 0.036 0.09 0.013 0.023 0.024 0.085 0.043 0.006 0.033 0.031
131 K 0.053 0.065 0.029 0.029 0.011 0.035 0.047 0.033 0.02 0.063 0.119 0.169 0.023 0.04 0.021 0.042 0.044 0.009 0.064 0.083
132 I 0.048 0.023 0.018 0.027 0.015 0.021 0.061 0.022 0.011 0.213 0.181 0.03 0.034 0.04 0.016 0.029 0.038 0.006 0.02 0.148
133 I 0.059 0.023 0.022 0.022 0.017 0.018 0.024 0.027 0.01 0.193 0.132 0.029 0.031 0.037 0.018 0.043 0.095 0.006 0.02 0.174
134 L 0.062 0.024 0.02 0.021 0.016 0.018 0.024 0.029 0.011 0.152 0.248 0.029 0.042 0.043 0.017 0.058 0.042 0.006 0.02 0.118
135 L 0.084 0.027 0.022 0.021 0.084 0.02 0.027 0.033 0.068 0.069 0.202 0.03 0.03 0.051 0.017 0.038 0.033 0.009 0.07 0.067
136 F 0.055 0.023 0.022 0.021 0.013 0.017 0.023 0.099 0.014 0.069 0.146 0.027 0.049 0.194 0.015 0.037 0.051 0.011 0.047 0.068
137 L 0.04 0.021 0.015 0.016 0.014 0.014 0.019 0.022 0.011 0.123 0.281 0.022 0.04 0.153 0.013 0.024 0.031 0.009 0.04 0.093
138 F 0.065 0.028 0.031 0.029 0.056 0.02 0.031 0.04 0.015 0.055 0.118 0.034 0.023 0.147 0.019 0.104 0.079 0.009 0.039 0.057
139 I 0.048 0.018 0.015 0.017 0.015 0.013 0.018 0.021 0.01 0.229 0.154 0.023 0.033 0.093 0.014 0.026 0.038 0.007 0.029 0.176
140 I 0.042 0.018 0.015 0.017 0.014 0.013 0.018 0.021 0.011 0.202 0.181 0.022 0.034 0.148 0.013 0.024 0.034 0.009 0.039 0.126
141 S 0.111 0.032 0.036 0.034 0.016 0.025 0.038 0.051 0.016 0.05 0.107 0.041 0.022 0.081 0.024 0.137 0.088 0.007 0.027 0.058
142 F 0.046 0.021 0.017 0.017 0.055 0.015 0.02 0.039 0.013 0.091 0.16 0.023 0.051 0.197 0.013 0.029 0.032 0.011 0.048 0.101
143 L 0.06 0.021 0.016 0.017 0.015 0.015 0.02 0.039 0.011 0.151 0.245 0.025 0.042 0.097 0.014 0.029 0.034 0.008 0.03 0.112
144 L 0.083 0.032 0.036 0.034 0.017 0.025 0.038 0.046 0.015 0.071 0.154 0.04 0.027 0.032 0.023 0.152 0.061 0.006 0.019 0.092
145 F 0.051 0.022 0.021 0.021 0.014 0.015 0.023 0.029 0.013 0.115 0.152 0.026 0.029 0.196 0.015 0.057 0.039 0.01 0.048 0.105
146 I 0.046 0.019 0.015 0.017 0.015 0.013 0.019 0.022 0.01 0.194 0.186 0.023 0.035 0.116 0.014 0.025 0.036 0.008 0.033 0.155
147 Y 0.039 0.027 0.021 0.018 0.009 0.021 0.027 0.024 0.045 0.042 0.066 0.03 0.018 0.126 0.015 0.03 0.027 0.027 0.34 0.045
148 Y 0.039 0.027 0.021 0.018 0.009 0.021 0.027 0.024 0.045 0.042 0.066 0.03 0.018 0.126 0.015 0.03 0.027 0.027 0.34 0.045
149 L 0.046 0.036 0.023 0.025 0.013 0.08 0.043 0.026 0.02 0.13 0.182 0.043 0.032 0.049 0.017 0.033 0.035 0.009 0.066 0.092
150 V 0.061 0.025 0.022 0.022 0.015 0.019 0.027 0.029 0.02 0.13 0.103 0.03 0.026 0.06 0.017 0.061 0.045 0.012 0.111 0.165
151 S 0.07 0.048 0.038 0.036 0.014 0.06 0.05 0.043 0.018 0.079 0.083 0.085 0.044 0.026 0.023 0.107 0.084 0.006 0.019 0.068
152 I 0.052 0.02 0.018 0.02 0.016 0.015 0.021 0.024 0.009 0.241 0.143 0.026 0.033 0.039 0.016 0.035 0.073 0.006 0.02 0.174
153 Y 0.047 0.029 0.029 0.024 0.01 0.022 0.031 0.032 0.08 0.043 0.071 0.032 0.019 0.178 0.016 0.061 0.034 0.018 0.181 0.044
154 P 0.055 0.025 0.023 0.03 0.01 0.02 0.035 0.035 0.012 0.025 0.035 0.04 0.01 0.012 0.51 0.042 0.035 0.003 0.012 0.03
155 S 0.165 0.036 0.044 0.042 0.018 0.03 0.047 0.067 0.017 0.032 0.045 0.05 0.016 0.02 0.029 0.199 0.07 0.005 0.017 0.048
156 P 0.055 0.025 0.023 0.03 0.01 0.02 0.035 0.035 0.012 0.025 0.035 0.04 0.01 0.012 0.51 0.042 0.035 0.003 0.012 0.03
157 L 0.044 0.024 0.019 0.018 0.014 0.016 0.022 0.025 0.012 0.089 0.267 0.026 0.037 0.15 0.015 0.033 0.064 0.009 0.039 0.078
158 F 0.045 0.024 0.02 0.019 0.013 0.018 0.024 0.026 0.022 0.127 0.128 0.027 0.049 0.139 0.015 0.04 0.035 0.014 0.125 0.09
159 L 0.048 0.028 0.018 0.018 0.016 0.023 0.025 0.025 0.014 0.107 0.248 0.032 0.144 0.048 0.015 0.031 0.037 0.007 0.023 0.093
160 A 0.227 0.027 0.025 0.027 0.019 0.022 0.033 0.129 0.013 0.081 0.072 0.038 0.019 0.024 0.024 0.066 0.044 0.005 0.017 0.088
161 L 0.041 0.022 0.014 0.015 0.015 0.014 0.019 0.021 0.011 0.128 0.306 0.023 0.042 0.122 0.013 0.024 0.032 0.009 0.034 0.096
162 L 0.05 0.042 0.08 0.094 0.012 0.08 0.058 0.039 0.019 0.079 0.11 0.058 0.023 0.026 0.02 0.052 0.072 0.005 0.018 0.064
163 G 0.071 0.025 0.081 0.039 0.01 0.02 0.028 0.46 0.016 0.019 0.028 0.035 0.009 0.016 0.018 0.052 0.031 0.005 0.011 0.024
164 A 0.208 0.028 0.022 0.024 0.018 0.022 0.034 0.055 0.019 0.066 0.073 0.037 0.02 0.045 0.024 0.062 0.044 0.01 0.082 0.107
165 D 0.068 0.033 0.061 0.259 0.011 0.03 0.072 0.053 0.018 0.025 0.033 0.047 0.012 0.017 0.025 0.134 0.054 0.004 0.013 0.031
166 S 0.158 0.034 0.04 0.04 0.017 0.028 0.045 0.063 0.016 0.032 0.045 0.048 0.015 0.019 0.097 0.17 0.064 0.005 0.016 0.046
167 D 0.044 0.034 0.036 0.136 0.01 0.058 0.1 0.032 0.018 0.08 0.115 0.046 0.023 0.08 0.019 0.04 0.034 0.007 0.027 0.061
168 G 0.064 0.033 0.041 0.101 0.011 0.044 0.108 0.179 0.018 0.061 0.051 0.048 0.015 0.02 0.021 0.075 0.04 0.005 0.015 0.049
169 I 0.129 0.022 0.018 0.02 0.018 0.017 0.025 0.037 0.01 0.18 0.121 0.029 0.029 0.034 0.019 0.043 0.044 0.005 0.019 0.179
170 A 0.249 0.032 0.031 0.032 0.02 0.026 0.041 0.069 0.015 0.041 0.056 0.044 0.017 0.021 0.028 0.107 0.085 0.005 0.017 0.063
171 L 0.051 0.02 0.015 0.016 0.016 0.014 0.019 0.021 0.009 0.208 0.22 0.024 0.038 0.044 0.015 0.026 0.039 0.006 0.02 0.18
172 R 0.045 0.329 0.038 0.031 0.008 0.048 0.053 0.033 0.022 0.023 0.045 0.143 0.015 0.017 0.02 0.044 0.034 0.006 0.017 0.03
173 R 0.043 0.367 0.038 0.03 0.008 0.047 0.051 0.032 0.023 0.023 0.045 0.116 0.015 0.017 0.019 0.043 0.034 0.006 0.017 0.03
174 L 0.044 0.023 0.061 0.025 0.015 0.016 0.022 0.026 0.012 0.204 0.21 0.027 0.036 0.042 0.015 0.03 0.038 0.006 0.02 0.128
175 E 0.088 0.042 0.042 0.135 0.009 0.051 0.24 0.042 0.022 0.024 0.037 0.064 0.013 0.016 0.025 0.057 0.037 0.005 0.015 0.034
176 I 0.055 0.019 0.015 0.017 0.017 0.014 0.019 0.022 0.008 0.237 0.147 0.024 0.033 0.039 0.015 0.027 0.042 0.006 0.02 0.223
177 T 0.071 0.034 0.042 0.036 0.017 0.027 0.038 0.042 0.013 0.052 0.063 0.044 0.019 0.023 0.027 0.09 0.271 0.006 0.017 0.069
178 K 0.053 0.133 0.04 0.045 0.008 0.053 0.102 0.039 0.021 0.025 0.041 0.243 0.015 0.015 0.025 0.051 0.037 0.005 0.017 0.031
179 N 0.04 0.035 0.2 0.187 0.008 0.028 0.058 0.051 0.024 0.027 0.041 0.044 0.012 0.072 0.019 0.055 0.04 0.006 0.024 0.029
180 L 0.04 0.024 0.016 0.016 0.013 0.016 0.022 0.022 0.021 0.085 0.261 0.025 0.036 0.125 0.014 0.026 0.03 0.014 0.122 0.074
181 S 0.076 0.04 0.092 0.103 0.012 0.06 0.059 0.124 0.021 0.025 0.036 0.053 0.013 0.017 0.024 0.137 0.055 0.005 0.015 0.033
182 G 0.058 0.038 0.082 0.093 0.01 0.026 0.043 0.25 0.017 0.034 0.082 0.074 0.016 0.021 0.019 0.049 0.034 0.005 0.014 0.035
183 I 0.047 0.021 0.016 0.017 0.014 0.016 0.021 0.022 0.019 0.177 0.163 0.026 0.032 0.067 0.015 0.027 0.036 0.012 0.112 0.141
184 G 0.178 0.026 0.032 0.031 0.015 0.021 0.031 0.333 0.014 0.028 0.04 0.037 0.012 0.018 0.023 0.064 0.037 0.005 0.013 0.042
185 N 0.042 0.044 0.323 0.082 0.009 0.033 0.049 0.065 0.031 0.022 0.031 0.053 0.011 0.018 0.02 0.069 0.049 0.004 0.016 0.027
186 T 0.072 0.035 0.043 0.037 0.018 0.027 0.039 0.043 0.014 0.053 0.064 0.045 0.02 0.023 0.027 0.092 0.254 0.006 0.018 0.07
187 Y 0.04 0.026 0.02 0.018 0.01 0.02 0.026 0.023 0.04 0.078 0.08 0.029 0.021 0.115 0.015 0.029 0.029 0.024 0.294 0.063
188 I 0.042 0.018 0.015 0.017 0.014 0.013 0.018 0.021 0.011 0.202 0.181 0.022 0.034 0.148 0.013 0.024 0.034 0.009 0.039 0.126
189 I 0.053 0.055 0.026 0.027 0.013 0.03 0.04 0.03 0.013 0.161 0.105 0.143 0.026 0.03 0.02 0.037 0.04 0.005 0.019 0.129
190 A 0.181 0.031 0.035 0.034 0.018 0.025 0.038 0.129 0.014 0.039 0.052 0.043 0.016 0.021 0.027 0.103 0.114 0.005 0.016 0.057
191 L 0.042 0.021 0.015 0.017 0.014 0.015 0.02 0.022 0.012 0.148 0.218 0.024 0.058 0.15 0.013 0.026 0.033 0.009 0.04 0.103
192 G 0.146 0.026 0.033 0.031 0.084 0.021 0.031 0.261 0.013 0.03 0.043 0.037 0.013 0.018 0.022 0.085 0.042 0.005 0.013 0.043
193 L 0.055 0.029 0.07 0.032 0.014 0.023 0.03 0.091 0.015 0.099 0.152 0.036 0.071 0.035 0.018 0.052 0.072 0.006 0.019 0.081
194 L 0.048 0.02 0.014 0.016 0.016 0.014 0.019 0.021 0.009 0.223 0.224 0.024 0.038 0.044 0.014 0.025 0.038 0.006 0.02 0.166
195 L 0.043 0.023 0.015 0.016 0.015 0.016 0.02 0.022 0.011 0.139 0.279 0.025 0.062 0.101 0.014 0.025 0.033 0.008 0.031 0.102
196 P 0.074 0.03 0.033 0.033 0.015 0.024 0.037 0.043 0.014 0.078 0.107 0.041 0.021 0.026 0.162 0.124 0.054 0.005 0.017 0.064
197 Q 0.051 0.044 0.029 0.03 0.08 0.113 0.056 0.032 0.028 0.061 0.067 0.053 0.02 0.05 0.019 0.043 0.042 0.012 0.11 0.06
198 I 0.045 0.018 0.014 0.017 0.016 0.013 0.017 0.02 0.009 0.269 0.196 0.023 0.037 0.044 0.014 0.024 0.038 0.006 0.02 0.16
199 L 0.051 0.021 0.015 0.016 0.085 0.014 0.02 0.024 0.01 0.107 0.222 0.023 0.034 0.104 0.014 0.028 0.036 0.008 0.031 0.138
200 S 0.136 0.038 0.048 0.045 0.017 0.031 0.049 0.066 0.018 0.031 0.043 0.051 0.015 0.02 0.029 0.222 0.075 0.005 0.017 0.044
201 Y 0.042 0.023 0.018 0.018 0.012 0.018 0.023 0.022 0.029 0.151 0.107 0.027 0.026 0.091 0.015 0.028 0.032 0.018 0.203 0.099
202 Y 0.096 0.04 0.031 0.031 0.082 0.085 0.051 0.043 0.027 0.036 0.055 0.05 0.018 0.049 0.021 0.077 0.042 0.011 0.109 0.046
203 Y 0.048 0.027 0.022 0.02 0.068 0.021 0.026 0.027 0.026 0.062 0.131 0.03 0.047 0.086 0.017 0.039 0.065 0.015 0.158 0.063
204 L 0.044 0.021 0.015 0.016 0.015 0.014 0.019 0.022 0.011 0.132 0.251 0.023 0.038 0.14 0.013 0.025 0.033 0.009 0.038 0.122
205 I 0.083 0.021 0.017 0.019 0.015 0.016 0.022 0.029 0.015 0.196 0.167 0.027 0.032 0.053 0.016 0.033 0.037 0.009 0.065 0.127
206 R 0.052 0.172 0.031 0.027 0.011 0.032 0.038 0.032 0.021 0.078 0.114 0.068 0.023 0.042 0.018 0.065 0.04 0.009 0.064 0.063
207 Y 0.082 0.025 0.023 0.021 0.011 0.019 0.027 0.103 0.031 0.042 0.067 0.03 0.018 0.144 0.017 0.039 0.03 0.019 0.203 0.046
208 G 0.07 0.041 0.036 0.033 0.013 0.027 0.039 0.123 0.016 0.046 0.109 0.08 0.021 0.088 0.021 0.106 0.047 0.007 0.028 0.047
209 N 0.044 0.051 0.127 0.042 0.011 0.027 0.037 0.038 0.024 0.116 0.083 0.074 0.021 0.044 0.018 0.044 0.04 0.009 0.071 0.079
210 R 0.045 0.345 0.039 0.031 0.008 0.048 0.052 0.033 0.023 0.023 0.047 0.12 0.016 0.017 0.019 0.045 0.035 0.006 0.017 0.031
211 K 0.055 0.059 0.09 0.044 0.01 0.036 0.051 0.045 0.08 0.031 0.05 0.128 0.016 0.084 0.022 0.08 0.042 0.007 0.035 0.034
212 K 0.05 0.163 0.036 0.034 0.009 0.072 0.061 0.036 0.02 0.037 0.094 0.179 0.02 0.021 0.022 0.046 0.036 0.006 0.018 0.04
213 K 0.053 0.141 0.04 0.039 0.008 0.051 0.066 0.04 0.02 0.026 0.042 0.275 0.015 0.015 0.026 0.051 0.038 0.005 0.017 0.031
214 N 0.043 0.045 0.317 0.083 0.009 0.034 0.049 0.065 0.032 0.022 0.032 0.054 0.011 0.018 0.02 0.07 0.049 0.004 0.016 0.027
215 E 0.054 0.045 0.035 0.045 0.08 0.039 0.119 0.034 0.064 0.033 0.05 0.083 0.015 0.038 0.022 0.051 0.067 0.009 0.076 0.041
216 K 0.049 0.057 0.027 0.028 0.011 0.031 0.042 0.032 0.015 0.083 0.127 0.145 0.024 0.07 0.09 0.039 0.035 0.006 0.025 0.064
217 L 0.042 0.021 0.016 0.017 0.014 0.015 0.02 0.022 0.016 0.148 0.216 0.024 0.035 0.12 0.028 0.025 0.032 0.011 0.077 0.102
218 L 0.09 0.075 0.024 0.024 0.015 0.024 0.031 0.036 0.014 0.081 0.232 0.044 0.033 0.048 0.019 0.066 0.041 0.006 0.021 0.074
219 F 0.046 0.046 0.026 0.026 0.011 0.025 0.036 0.031 0.016 0.057 0.125 0.104 0.024 0.19 0.018 0.041 0.065 0.01 0.047 0.055
220 L 0.044 0.023 0.017 0.017 0.013 0.016 0.022 0.023 0.02 0.118 0.189 0.025 0.032 0.12 0.014 0.027 0.033 0.014 0.121 0.113
221 F 0.038 0.019 0.015 0.016 0.013 0.012 0.018 0.023 0.013 0.142 0.168 0.021 0.031 0.242 0.012 0.024 0.03 0.012 0.056 0.096
222 S 0.107 0.032 0.033 0.031 0.017 0.027 0.036 0.046 0.015 0.084 0.104 0.041 0.068 0.031 0.023 0.11 0.092 0.006 0.019 0.078
223 L 0.059 0.024 0.021 0.021 0.016 0.017 0.024 0.028 0.011 0.122 0.197 0.028 0.033 0.092 0.017 0.042 0.089 0.008 0.029 0.121
224 L 0.054 0.023 0.02 0.02 0.112 0.016 0.023 0.03 0.012 0.081 0.215 0.026 0.032 0.112 0.016 0.059 0.038 0.008 0.032 0.072
225 I 0.045 0.019 0.014 0.016 0.016 0.014 0.018 0.02 0.009 0.237 0.236 0.023 0.039 0.046 0.014 0.024 0.037 0.006 0.02 0.146
226 A 0.195 0.035 0.041 0.039 0.019 0.029 0.046 0.069 0.017 0.034 0.048 0.048 0.016 0.021 0.029 0.176 0.066 0.005 0.017 0.052
227 I 0.07 0.025 0.027 0.027 0.086 0.02 0.029 0.036 0.012 0.138 0.104 0.033 0.034 0.031 0.02 0.095 0.064 0.005 0.018 0.124
228 L 0.049 0.024 0.021 0.021 0.013 0.017 0.024 0.028 0.018 0.102 0.183 0.027 0.031 0.158 0.015 0.057 0.037 0.012 0.085 0.078
229 F 0.062 0.025 0.024 0.023 0.014 0.017 0.027 0.033 0.014 0.076 0.137 0.029 0.027 0.193 0.017 0.066 0.066 0.01 0.048 0.093
230 L 0.043 0.023 0.014 0.015 0.016 0.015 0.019 0.021 0.01 0.138 0.363 0.024 0.046 0.051 0.014 0.024 0.033 0.007 0.021 0.104
231 L 0.07 0.025 0.022 0.022 0.016 0.018 0.025 0.031 0.011 0.15 0.233 0.03 0.036 0.041 0.018 0.063 0.056 0.006 0.02 0.107
232 L 0.068 0.036 0.034 0.033 0.015 0.055 0.043 0.04 0.016 0.091 0.134 0.046 0.049 0.031 0.021 0.102 0.083 0.006 0.019 0.077
233 N 0.063 0.039 0.171 0.057 0.014 0.03 0.044 0.054 0.021 0.036 0.046 0.049 0.015 0.02 0.024 0.102 0.148 0.005 0.016 0.046
234 G 0.084 0.027 0.042 0.037 0.012 0.022 0.032 0.394 0.015 0.021 0.031 0.038 0.011 0.017 0.021 0.106 0.043 0.005 0.012 0.028
235 E 0.053 0.048 0.039 0.087 0.007 0.062 0.32 0.034 0.025 0.021 0.036 0.073 0.012 0.016 0.025 0.053 0.036 0.005 0.016 0.03
236 K 0.055 0.104 0.04 0.04 0.008 0.052 0.068 0.042 0.02 0.027 0.042 0.302 0.015 0.015 0.027 0.052 0.038 0.005 0.017 0.032
237 G 0.212 0.027 0.03 0.03 0.016 0.022 0.033 0.269 0.014 0.032 0.045 0.039 0.014 0.019 0.024 0.068 0.04 0.005 0.014 0.048
238 P 0.053 0.028 0.068 0.037 0.01 0.022 0.037 0.039 0.015 0.024 0.034 0.042 0.01 0.013 0.44 0.046 0.037 0.003 0.013 0.029
239 L 0.079 0.021 0.016 0.018 0.015 0.015 0.021 0.029 0.012 0.14 0.199 0.025 0.033 0.147 0.015 0.032 0.034 0.009 0.039 0.1
240 I 0.05 0.019 0.015 0.017 0.016 0.014 0.019 0.022 0.01 0.197 0.178 0.023 0.034 0.094 0.014 0.026 0.038 0.007 0.03 0.178
241 F 0.035 0.018 0.016 0.016 0.011 0.011 0.018 0.024 0.015 0.095 0.118 0.019 0.026 0.355 0.011 0.025 0.027 0.015 0.076 0.07
242 Y 0.037 0.025 0.02 0.018 0.009 0.018 0.025 0.024 0.037 0.048 0.079 0.027 0.02 0.207 0.014 0.029 0.026 0.024 0.268 0.047
243 L 0.049 0.02 0.015 0.016 0.016 0.014 0.02 0.022 0.01 0.17 0.211 0.023 0.036 0.095 0.014 0.026 0.037 0.007 0.03 0.167
244 L 0.041 0.02 0.015 0.016 0.014 0.013 0.019 0.022 0.011 0.15 0.248 0.022 0.038 0.151 0.013 0.024 0.032 0.009 0.039 0.104
245 G 0.084 0.027 0.042 0.037 0.012 0.022 0.032 0.394 0.015 0.021 0.031 0.038 0.011 0.017 0.021 0.106 0.043 0.005 0.012 0.028
246 L 0.121 0.024 0.017 0.019 0.017 0.017 0.024 0.036 0.011 0.144 0.233 0.029 0.036 0.041 0.018 0.04 0.039 0.006 0.02 0.108
247 L 0.042 0.021 0.015 0.016 0.014 0.015 0.02 0.021 0.015 0.147 0.241 0.024 0.037 0.111 0.014 0.025 0.032 0.011 0.076 0.103
248 V 0.059 0.022 0.016 0.017 0.017 0.017 0.022 0.023 0.009 0.163 0.179 0.026 0.056 0.04 0.015 0.03 0.043 0.006 0.021 0.218
249 C 0.153 0.03 0.034 0.033 0.156 0.024 0.037 0.058 0.014 0.037 0.052 0.04 0.016 0.02 0.025 0.14 0.058 0.005 0.015 0.052
250 Y 0.041 0.025 0.019 0.017 0.079 0.019 0.025 0.026 0.035 0.04 0.064 0.027 0.017 0.102 0.014 0.03 0.028 0.093 0.254 0.044
251 G 0.087 0.031 0.042 0.037 0.015 0.025 0.037 0.187 0.015 0.048 0.052 0.042 0.016 0.021 0.024 0.137 0.088 0.005 0.016 0.076
252 Y 0.04 0.028 0.022 0.019 0.009 0.022 0.028 0.025 0.047 0.044 0.068 0.031 0.019 0.131 0.016 0.031 0.028 0.028 0.318 0.047
253 L 0.066 0.03 0.031 0.029 0.015 0.024 0.033 0.037 0.018 0.094 0.137 0.037 0.048 0.047 0.02 0.099 0.081 0.009 0.065 0.078
254 V 0.114 0.029 0.031 0.03 0.018 0.023 0.035 0.045 0.013 0.09 0.083 0.038 0.023 0.027 0.023 0.108 0.089 0.005 0.018 0.156
255 K 0.059 0.153 0.042 0.04 0.009 0.102 0.07 0.042 0.023 0.026 0.043 0.157 0.016 0.016 0.024 0.078 0.043 0.005 0.018 0.033
256 K 0.056 0.111 0.038 0.051 0.009 0.042 0.077 0.108 0.019 0.024 0.038 0.172 0.013 0.015 0.093 0.049 0.036 0.005 0.015 0.03
257 K 0.062 0.058 0.031 0.031 0.013 0.033 0.045 0.036 0.015 0.119 0.087 0.147 0.023 0.026 0.022 0.069 0.046 0.005 0.018 0.114
258 I 0.054 0.038 0.07 0.033 0.014 0.026 0.034 0.035 0.015 0.153 0.114 0.072 0.048 0.033 0.019 0.059 0.057 0.006 0.019 0.102
259 K 0.047 0.105 0.029 0.028 0.011 0.034 0.044 0.032 0.017 0.082 0.12 0.155 0.024 0.081 0.02 0.039 0.035 0.007 0.028 0.063
260 K 0.053 0.141 0.04 0.039 0.008 0.051 0.066 0.04 0.02 0.026 0.042 0.275 0.015 0.015 0.026 0.051 0.038 0.005 0.017 0.031
261 V 0.058 0.022 0.016 0.017 0.017 0.016 0.022 0.023 0.014 0.147 0.159 0.026 0.032 0.051 0.015 0.03 0.042 0.009 0.066 0.219
262 N 0.052 0.033 0.122 0.097 0.012 0.027 0.044 0.044 0.024 0.075 0.078 0.041 0.041 0.041 0.019 0.074 0.045 0.008 0.063 0.06
263 L 0.057 0.023 0.02 0.021 0.016 0.017 0.024 0.028 0.012 0.13 0.193 0.027 0.033 0.103 0.016 0.058 0.043 0.008 0.031 0.141
264 F 0.042 0.142 0.029 0.027 0.009 0.033 0.042 0.032 0.019 0.04 0.072 0.127 0.019 0.184 0.017 0.038 0.031 0.01 0.046 0.04
265 L 0.057 0.023 0.019 0.02 0.015 0.016 0.023 0.028 0.011 0.145 0.238 0.027 0.036 0.096 0.016 0.051 0.039 0.008 0.03 0.103
266 G 0.084 0.024 0.028 0.027 0.014 0.019 0.027 0.177 0.013 0.098 0.105 0.032 0.034 0.083 0.018 0.069 0.04 0.007 0.026 0.074
267 L 0.082 0.024 0.016 0.018 0.016 0.018 0.023 0.03 0.011 0.123 0.269 0.028 0.06 0.066 0.016 0.034 0.036 0.007 0.025 0.098
268 I 0.049 0.02 0.018 0.019 0.014 0.015 0.02 0.093 0.015 0.193 0.163 0.026 0.031 0.052 0.015 0.029 0.035 0.009 0.065 0.121
269 I 0.051 0.022 0.022 0.022 0.015 0.016 0.023 0.027 0.011 0.192 0.127 0.028 0.029 0.089 0.017 0.043 0.103 0.007 0.029 0.125
270 F 0.076 0.021 0.017 0.018 0.013 0.013 0.021 0.031 0.014 0.099 0.151 0.023 0.028 0.249 0.014 0.033 0.031 0.012 0.057 0.078
271 L 0.059 0.025 0.026 0.025 0.014 0.018 0.028 0.034 0.014 0.1 0.179 0.03 0.03 0.143 0.017 0.087 0.044 0.009 0.038 0.078
272 L 0.051 0.023 0.02 0.02 0.015 0.016 0.023 0.027 0.012 0.144 0.23 0.027 0.036 0.106 0.015 0.056 0.039 0.008 0.031 0.101
273 L 0.045 0.02 0.014 0.016 0.016 0.014 0.018 0.02 0.009 0.211 0.263 0.024 0.045 0.047 0.014 0.024 0.036 0.006 0.021 0.135
274 F 0.037 0.02 0.015 0.016 0.012 0.012 0.019 0.023 0.014 0.081 0.225 0.021 0.034 0.265 0.012 0.024 0.028 0.013 0.06 0.069
275 L 0.053 0.026 0.021 0.021 0.015 0.019 0.025 0.029 0.013 0.101 0.244 0.03 0.058 0.096 0.016 0.059 0.046 0.008 0.03 0.089
276 L 0.048 0.025 0.017 0.018 0.016 0.02 0.022 0.024 0.012 0.173 0.205 0.029 0.114 0.046 0.015 0.029 0.038 0.007 0.022 0.12
277 Y 0.039 0.027 0.021 0.018 0.009 0.021 0.027 0.024 0.045 0.042 0.066 0.03 0.018 0.126 0.015 0.03 0.027 0.027 0.341 0.045
278 I 0.043 0.021 0.017 0.017 0.013 0.016 0.021 0.022 0.023 0.164 0.118 0.025 0.027 0.119 0.014 0.027 0.033 0.015 0.149 0.115
279 F 0.047 0.02 0.015 0.017 0.014 0.013 0.019 0.023 0.011 0.144 0.161 0.022 0.031 0.178 0.013 0.027 0.035 0.01 0.045 0.154
280 L 0.044 0.022 0.014 0.016 0.016 0.015 0.019 0.021 0.01 0.156 0.332 0.024 0.045 0.051 0.014 0.024 0.034 0.007 0.021 0.114
281 F 0.039 0.02 0.017 0.017 0.012 0.013 0.02 0.025 0.015 0.078 0.122 0.021 0.046 0.316 0.012 0.027 0.029 0.014 0.07 0.088
282 V 0.059 0.043 0.066 0.036 0.014 0.103 0.055 0.035 0.018 0.092 0.084 0.052 0.024 0.025 0.019 0.045 0.045 0.005 0.019 0.163
283 F 0.07 0.03 0.036 0.033 0.014 0.022 0.035 0.044 0.017 0.046 0.074 0.037 0.02 0.185 0.021 0.127 0.083 0.01 0.047 0.05
284 D 0.073 0.036 0.094 0.19 0.012 0.031 0.064 0.057 0.02 0.025 0.034 0.049 0.012 0.018 0.025 0.15 0.058 0.004 0.014 0.032
285 D 0.043 0.034 0.118 0.3 0.008 0.034 0.108 0.048 0.021 0.022 0.029 0.049 0.01 0.015 0.022 0.059 0.038 0.004 0.012 0.025
286 L 0.066 0.028 0.027 0.026 0.016 0.02 0.03 0.036 0.013 0.082 0.202 0.033 0.031 0.083 0.031 0.098 0.049 0.007 0.028 0.094
287 N 0.053 0.037 0.201 0.136 0.011 0.03 0.06 0.054 0.024 0.04 0.043 0.048 0.014 0.019 0.021 0.082 0.049 0.004 0.015 0.061
288 Y 0.045 0.034 0.064 0.043 0.01 0.033 0.102 0.031 0.03 0.05 0.111 0.043 0.041 0.066 0.018 0.04 0.034 0.014 0.139 0.051
289 I 0.046 0.02 0.015 0.017 0.016 0.015 0.019 0.021 0.01 0.229 0.218 0.025 0.058 0.045 0.014 0.025 0.037 0.006 0.021 0.143
290 L 0.048 0.044 0.024 0.024 0.013 0.025 0.034 0.029 0.014 0.081 0.225 0.096 0.033 0.084 0.018 0.039 0.063 0.007 0.028 0.072
291 Y 0.077 0.041 0.073 0.04 0.01 0.031 0.072 0.04 0.03 0.037 0.058 0.073 0.017 0.104 0.02 0.047 0.035 0.014 0.139 0.042
292 L 0.045 0.031 0.017 0.019 0.015 0.019 0.025 0.023 0.011 0.17 0.264 0.059 0.039 0.044 0.016 0.027 0.035 0.006 0.02 0.114
293 L 0.045 0.019 0.014 0.016 0.016 0.014 0.018 0.02 0.009 0.227 0.25 0.023 0.04 0.047 0.014 0.024 0.036 0.006 0.021 0.142
294 F 0.041 0.022 0.057 0.025 0.012 0.015 0.022 0.028 0.015 0.128 0.115 0.025 0.026 0.221 0.013 0.032 0.039 0.011 0.052 0.101
295 E 0.05 0.043 0.046 0.17 0.007 0.054 0.262 0.037 0.023 0.021 0.033 0.066 0.012 0.016 0.024 0.053 0.035 0.005 0.015 0.029
296 R 0.043 0.367 0.037 0.03 0.008 0.047 0.051 0.032 0.023 0.023 0.045 0.116 0.015 0.017 0.019 0.043 0.034 0.006 0.017 0.03
297 L 0.045 0.019 0.014 0.016 0.016 0.014 0.018 0.02 0.009 0.227 0.25 0.023 0.04 0.047 0.014 0.024 0.036 0.006 0.021 0.142
298 F 0.035 0.02 0.016 0.016 0.012 0.012 0.019 0.024 0.015 0.074 0.182 0.02 0.03 0.319 0.011 0.024 0.026 0.014 0.07 0.063
299 I 0.045 0.018 0.015 0.017 0.015 0.013 0.018 0.022 0.01 0.22 0.145 0.022 0.032 0.133 0.013 0.025 0.036 0.008 0.036 0.157
300 A 0.314 0.03 0.025 0.029 0.021 0.025 0.039 0.076 0.014 0.042 0.057 0.043 0.017 0.021 0.029 0.082 0.048 0.005 0.017 0.066
301 Q 0.054 0.071 0.043 0.046 0.009 0.241 0.099 0.04 0.028 0.026 0.046 0.088 0.02 0.014 0.023 0.054 0.04 0.006 0.02 0.034
302 E 0.089 0.035 0.027 0.045 0.014 0.037 0.137 0.035 0.017 0.077 0.1 0.048 0.062 0.029 0.021 0.047 0.041 0.006 0.019 0.115
303 A 0.187 0.026 0.024 0.027 0.018 0.021 0.032 0.053 0.013 0.135 0.095 0.037 0.024 0.029 0.023 0.081 0.048 0.005 0.018 0.102
304 A 0.195 0.029 0.029 0.03 0.019 0.024 0.036 0.059 0.014 0.102 0.079 0.04 0.021 0.026 0.025 0.109 0.054 0.005 0.018 0.086
305 V 0.066 0.022 0.017 0.019 0.017 0.016 0.024 0.025 0.008 0.142 0.115 0.027 0.028 0.032 0.078 0.033 0.046 0.005 0.019 0.261
306 F 0.036 0.023 0.019 0.017 0.01 0.016 0.023 0.024 0.031 0.052 0.088 0.024 0.021 0.267 0.013 0.027 0.026 0.022 0.213 0.049
307 Y 0.041 0.026 0.018 0.017 0.011 0.019 0.024 0.023 0.032 0.068 0.19 0.028 0.029 0.099 0.015 0.028 0.029 0.019 0.221 0.063
308 S 0.184 0.035 0.042 0.04 0.018 0.029 0.046 0.068 0.017 0.034 0.047 0.049 0.016 0.02 0.029 0.185 0.068 0.005 0.017 0.05
309 F 0.143 0.023 0.019 0.021 0.015 0.016 0.027 0.044 0.015 0.066 0.092 0.028 0.022 0.216 0.018 0.047 0.036 0.011 0.052 0.088
310 D 0.04 0.029 0.067 0.418 0.007 0.029 0.088 0.045 0.018 0.022 0.027 0.043 0.009 0.014 0.022 0.05 0.034 0.004 0.011 0.023
311 Y 0.037 0.024 0.019 0.017 0.009 0.017 0.024 0.024 0.034 0.049 0.083 0.026 0.02 0.232 0.013 0.028 0.026 0.023 0.245 0.048
312 Y 0.037 0.024 0.019 0.017 0.009 0.017 0.024 0.024 0.034 0.049 0.083 0.026 0.02 0.232 0.013 0.028 0.026 0.023 0.245 0.048
313 S 0.07 0.037 0.118 0.049 0.014 0.03 0.044 0.052 0.064 0.062 0.056 0.046 0.017 0.024 0.023 0.128 0.084 0.005 0.022 0.054
314 N 0.068 0.04 0.119 0.097 0.013 0.056 0.056 0.052 0.021 0.044 0.049 0.052 0.016 0.02 0.023 0.114 0.071 0.005 0.016 0.068
315 E 0.055 0.05 0.041 0.091 0.007 0.065 0.294 0.035 0.026 0.022 0.037 0.076 0.013 0.017 0.026 0.055 0.037 0.006 0.017 0.031
316 H 0.052 0.035 0.041 0.032 0.01 0.028 0.04 0.098 0.196 0.039 0.09 0.038 0.019 0.077 0.018 0.063 0.033 0.008 0.045 0.037
317 N 0.063 0.041 0.177 0.058 0.011 0.055 0.049 0.176 0.024 0.023 0.033 0.052 0.012 0.017 0.021 0.093 0.047 0.005 0.015 0.029
318 F 0.057 0.025 0.031 0.074 0.012 0.019 0.035 0.036 0.016 0.055 0.097 0.031 0.022 0.216 0.017 0.067 0.071 0.011 0.051 0.059
319 L 0.044 0.02 0.014 0.016 0.016 0.014 0.018 0.02 0.009 0.204 0.279 0.024 0.042 0.048 0.014 0.024 0.035 0.006 0.021 0.132
320 G 0.067 0.023 0.033 0.029 0.011 0.018 0.024 0.401 0.017 0.033 0.078 0.031 0.015 0.034 0.017 0.044 0.029 0.008 0.053 0.035
