#Seq2Logo.py -f /work3/idamei/wzy_ssn/run/1e-50/run/150/MSAs/0014_58.afa -o /work3/idamei/wzy_ssn/run/1e-50/run/150/logos/0014_58.logo
#Position Specific Frequency Matrix
A R N D C Q E G H I L K M F P S T W Y V
0 L 0.052 0.032 0.02 0.02 0.016 0.028 0.028 0.028 0.016 0.101 0.198 0.036 0.157 0.048 0.016 0.036 0.04 0.008 0.024 0.093
1 C 0.065 0.016 0.016 0.016 0.481 0.012 0.016 0.033 0.008 0.045 0.065 0.02 0.016 0.02 0.016 0.041 0.037 0.004 0.012 0.057
2 N 0.043 0.045 0.314 0.083 0.009 0.034 0.05 0.065 0.032 0.023 0.032 0.054 0.011 0.018 0.02 0.07 0.05 0.005 0.016 0.027
3 K 0.057 0.108 0.042 0.042 0.009 0.054 0.071 0.043 0.021 0.028 0.043 0.275 0.016 0.016 0.028 0.054 0.04 0.005 0.017 0.033
4 V 0.07 0.022 0.017 0.018 0.019 0.017 0.023 0.025 0.008 0.165 0.131 0.026 0.032 0.036 0.017 0.033 0.05 0.006 0.021 0.266
5 L 0.045 0.024 0.014 0.015 0.016 0.016 0.02 0.021 0.01 0.116 0.373 0.025 0.05 0.055 0.014 0.024 0.034 0.007 0.022 0.097
6 S 0.11 0.04 0.054 0.049 0.018 0.033 0.053 0.067 0.019 0.03 0.042 0.054 0.016 0.021 0.03 0.216 0.082 0.005 0.018 0.042
7 Y 0.041 0.028 0.022 0.019 0.009 0.022 0.028 0.025 0.047 0.044 0.069 0.031 0.019 0.131 0.016 0.031 0.028 0.028 0.315 0.047
8 S 0.11 0.04 0.054 0.049 0.018 0.033 0.053 0.067 0.019 0.03 0.042 0.054 0.016 0.021 0.03 0.216 0.082 0.005 0.018 0.042
9 L 0.045 0.024 0.014 0.015 0.016 0.016 0.02 0.021 0.01 0.116 0.373 0.025 0.05 0.055 0.014 0.024 0.034 0.007 0.022 0.097
10 S 0.11 0.04 0.054 0.049 0.018 0.033 0.053 0.067 0.019 0.03 0.042 0.054 0.016 0.021 0.03 0.216 0.082 0.005 0.018 0.042
11 L 0.045 0.024 0.014 0.015 0.016 0.016 0.02 0.021 0.01 0.116 0.373 0.025 0.05 0.055 0.014 0.024 0.034 0.007 0.022 0.097
12 N 0.043 0.045 0.314 0.083 0.009 0.034 0.05 0.065 0.032 0.023 0.032 0.054 0.011 0.018 0.02 0.07 0.05 0.005 0.016 0.027
13 N 0.043 0.045 0.314 0.083 0.009 0.034 0.05 0.065 0.032 0.023 0.032 0.054 0.011 0.018 0.02 0.07 0.05 0.005 0.016 0.027
14 L 0.052 0.032 0.02 0.02 0.016 0.028 0.028 0.028 0.016 0.1 0.196 0.036 0.162 0.048 0.016 0.036 0.04 0.008 0.024 0.092
15 R 0.045 0.346 0.039 0.031 0.008 0.048 0.052 0.033 0.023 0.023 0.046 0.12 0.015 0.017 0.019 0.045 0.035 0.006 0.017 0.031
16 C 0.065 0.016 0.016 0.016 0.485 0.012 0.016 0.032 0.008 0.045 0.065 0.02 0.016 0.02 0.016 0.041 0.037 0.004 0.012 0.057
17 V 0.114 0.024 0.018 0.02 0.02 0.018 0.027 0.035 0.01 0.14 0.116 0.03 0.029 0.033 0.019 0.043 0.049 0.005 0.02 0.23
18 L 0.052 0.032 0.02 0.02 0.016 0.028 0.028 0.028 0.016 0.099 0.195 0.036 0.168 0.048 0.016 0.036 0.04 0.008 0.024 0.092
19 A 0.221 0.028 0.022 0.025 0.021 0.022 0.034 0.06 0.012 0.083 0.082 0.038 0.022 0.026 0.025 0.067 0.049 0.005 0.018 0.137
20 L 0.041 0.023 0.015 0.016 0.014 0.014 0.02 0.022 0.012 0.099 0.302 0.023 0.042 0.154 0.013 0.024 0.031 0.01 0.042 0.083
21 L 0.041 0.022 0.015 0.016 0.014 0.014 0.02 0.022 0.012 0.103 0.284 0.023 0.041 0.167 0.013 0.024 0.031 0.01 0.044 0.085
22 L 0.116 0.024 0.018 0.02 0.016 0.017 0.026 0.039 0.014 0.078 0.187 0.029 0.031 0.157 0.018 0.043 0.036 0.01 0.043 0.08
23 W 0.031 0.022 0.015 0.015 0.008 0.014 0.022 0.029 0.015 0.035 0.063 0.022 0.017 0.115 0.008 0.023 0.023 0.417 0.071 0.034
24 C 0.06 0.021 0.022 0.022 0.172 0.015 0.023 0.033 0.013 0.091 0.094 0.026 0.023 0.135 0.016 0.064 0.041 0.008 0.037 0.081
25 I 0.044 0.018 0.015 0.017 0.015 0.013 0.018 0.021 0.01 0.236 0.165 0.023 0.035 0.102 0.014 0.025 0.037 0.008 0.032 0.152
26 V 0.124 0.023 0.018 0.021 0.019 0.018 0.026 0.037 0.01 0.155 0.118 0.03 0.029 0.033 0.019 0.044 0.047 0.006 0.02 0.201
27 V 0.061 0.022 0.02 0.021 0.096 0.016 0.023 0.027 0.009 0.163 0.12 0.027 0.029 0.034 0.018 0.041 0.078 0.005 0.019 0.171
28 G 0.067 0.021 0.023 0.022 0.094 0.016 0.022 0.189 0.01 0.087 0.127 0.027 0.024 0.03 0.017 0.039 0.038 0.005 0.016 0.125
29 F 0.038 0.019 0.016 0.017 0.012 0.011 0.018 0.024 0.014 0.128 0.139 0.02 0.029 0.277 0.012 0.025 0.03 0.013 0.066 0.092
30 Y 0.04 0.028 0.022 0.019 0.009 0.022 0.028 0.025 0.046 0.043 0.068 0.031 0.019 0.13 0.015 0.031 0.028 0.028 0.324 0.046
31 I 0.054 0.025 0.024 0.024 0.016 0.018 0.025 0.028 0.011 0.168 0.166 0.031 0.033 0.052 0.019 0.047 0.109 0.006 0.022 0.122
32 G 0.072 0.028 0.034 0.031 0.015 0.023 0.033 0.119 0.019 0.104 0.081 0.037 0.021 0.045 0.021 0.1 0.058 0.009 0.068 0.08
33 C 0.056 0.019 0.016 0.017 0.173 0.013 0.019 0.027 0.011 0.09 0.102 0.022 0.024 0.149 0.014 0.033 0.037 0.009 0.04 0.129
34 G 0.078 0.023 0.039 0.033 0.011 0.019 0.025 0.515 0.013 0.019 0.028 0.033 0.009 0.016 0.019 0.051 0.029 0.005 0.011 0.024
35 L 0.044 0.021 0.015 0.016 0.015 0.014 0.019 0.022 0.011 0.156 0.264 0.024 0.041 0.107 0.014 0.025 0.034 0.008 0.033 0.119
36 L 0.082 0.023 0.017 0.018 0.015 0.015 0.023 0.032 0.013 0.087 0.21 0.026 0.034 0.186 0.015 0.035 0.033 0.011 0.048 0.077
37 Y 0.04 0.028 0.022 0.019 0.009 0.022 0.028 0.025 0.046 0.043 0.068 0.031 0.019 0.13 0.015 0.031 0.028 0.028 0.324 0.046
38 L 0.046 0.026 0.016 0.016 0.016 0.019 0.022 0.023 0.012 0.11 0.328 0.028 0.083 0.052 0.015 0.027 0.035 0.007 0.023 0.094
39 S 0.075 0.053 0.046 0.044 0.014 0.113 0.07 0.049 0.022 0.035 0.05 0.067 0.019 0.019 0.026 0.115 0.113 0.006 0.019 0.047
40 F 0.035 0.021 0.018 0.017 0.01 0.014 0.021 0.025 0.025 0.057 0.1 0.022 0.023 0.318 0.012 0.027 0.026 0.02 0.156 0.052
41 P 0.079 0.045 0.042 0.043 0.013 0.084 0.062 0.05 0.02 0.027 0.041 0.06 0.015 0.017 0.162 0.126 0.057 0.005 0.017 0.037
42 E 0.058 0.052 0.123 0.068 0.01 0.089 0.135 0.049 0.027 0.025 0.041 0.068 0.015 0.029 0.023 0.083 0.047 0.006 0.02 0.033
43 L 0.043 0.023 0.014 0.015 0.015 0.015 0.02 0.022 0.011 0.107 0.343 0.024 0.046 0.103 0.014 0.024 0.032 0.008 0.031 0.089
44 S 0.116 0.036 0.054 0.147 0.015 0.031 0.061 0.062 0.018 0.029 0.04 0.05 0.014 0.019 0.027 0.157 0.063 0.005 0.016 0.04
45 P 0.056 0.026 0.023 0.031 0.01 0.02 0.036 0.036 0.013 0.026 0.036 0.041 0.01 0.013 0.499 0.043 0.036 0.003 0.013 0.031
46 L 0.044 0.024 0.014 0.015 0.016 0.016 0.02 0.021 0.01 0.114 0.382 0.025 0.049 0.054 0.014 0.024 0.033 0.007 0.022 0.095
47 G 0.078 0.023 0.039 0.033 0.011 0.019 0.025 0.515 0.013 0.019 0.028 0.033 0.009 0.016 0.019 0.051 0.029 0.005 0.011 0.024
48 A 0.297 0.031 0.025 0.029 0.021 0.025 0.04 0.078 0.015 0.043 0.059 0.044 0.017 0.021 0.029 0.084 0.049 0.005 0.017 0.068
49 L 0.05 0.03 0.018 0.019 0.016 0.024 0.026 0.026 0.014 0.104 0.248 0.033 0.135 0.05 0.015 0.032 0.038 0.008 0.023 0.093
50 A 0.202 0.027 0.028 0.029 0.018 0.022 0.033 0.195 0.013 0.053 0.06 0.038 0.017 0.022 0.024 0.067 0.044 0.005 0.016 0.085
51 L 0.046 0.029 0.02 0.019 0.013 0.023 0.027 0.026 0.028 0.077 0.167 0.032 0.087 0.084 0.015 0.032 0.034 0.016 0.152 0.073
52 T 0.066 0.037 0.121 0.051 0.014 0.029 0.043 0.051 0.019 0.036 0.047 0.048 0.015 0.02 0.108 0.096 0.133 0.005 0.016 0.047
53 G 0.064 0.028 0.047 0.147 0.009 0.028 0.084 0.312 0.017 0.02 0.029 0.042 0.01 0.016 0.021 0.052 0.032 0.005 0.012 0.025
54 I 0.129 0.027 0.026 0.027 0.018 0.021 0.031 0.044 0.012 0.13 0.101 0.036 0.025 0.03 0.023 0.062 0.105 0.006 0.019 0.129
55 P 0.131 0.025 0.021 0.025 0.017 0.02 0.032 0.043 0.011 0.089 0.082 0.035 0.021 0.025 0.158 0.05 0.045 0.005 0.017 0.147
56 G 0.06 0.028 0.083 0.037 0.025 0.022 0.03 0.281 0.026 0.027 0.041 0.036 0.012 0.049 0.018 0.048 0.033 0.012 0.101 0.032
57 D 0.041 0.032 0.105 0.357 0.008 0.03 0.085 0.049 0.02 0.022 0.028 0.046 0.009 0.015 0.022 0.054 0.037 0.004 0.012 0.024
58 V 0.059 0.021 0.016 0.017 0.018 0.015 0.021 0.023 0.009 0.189 0.176 0.025 0.035 0.04 0.016 0.029 0.044 0.006 0.021 0.221
59 L 0.121 0.024 0.018 0.02 0.018 0.018 0.026 0.038 0.011 0.137 0.2 0.031 0.038 0.04 0.019 0.043 0.042 0.006 0.02 0.131
60 L 0.051 0.039 0.028 0.029 0.013 0.077 0.047 0.031 0.019 0.107 0.111 0.047 0.048 0.086 0.019 0.045 0.068 0.008 0.04 0.085
61 V 0.071 0.027 0.028 0.026 0.018 0.021 0.03 0.032 0.01 0.116 0.101 0.034 0.026 0.03 0.021 0.058 0.137 0.006 0.019 0.188
62 F 0.056 0.021 0.017 0.018 0.014 0.015 0.021 0.025 0.016 0.146 0.124 0.024 0.029 0.153 0.014 0.03 0.036 0.012 0.083 0.144
63 F 0.074 0.027 0.03 0.029 0.015 0.02 0.032 0.041 0.016 0.064 0.087 0.033 0.022 0.194 0.019 0.102 0.05 0.011 0.05 0.082
64 V 0.063 0.024 0.023 0.023 0.018 0.018 0.025 0.028 0.01 0.172 0.124 0.03 0.03 0.035 0.019 0.045 0.098 0.006 0.02 0.192
65 G 0.078 0.023 0.039 0.033 0.011 0.019 0.025 0.515 0.013 0.019 0.028 0.033 0.009 0.016 0.019 0.051 0.029 0.005 0.011 0.024
66 C 0.057 0.021 0.018 0.017 0.15 0.016 0.022 0.026 0.019 0.109 0.098 0.025 0.024 0.059 0.016 0.033 0.038 0.011 0.105 0.135
67 V 0.069 0.019 0.016 0.018 0.152 0.015 0.02 0.027 0.008 0.158 0.119 0.024 0.028 0.033 0.016 0.034 0.043 0.005 0.018 0.178
68 G 0.091 0.03 0.045 0.04 0.014 0.025 0.037 0.322 0.016 0.023 0.034 0.042 0.012 0.018 0.023 0.127 0.052 0.005 0.014 0.032
69 V 0.077 0.022 0.017 0.018 0.019 0.017 0.024 0.026 0.008 0.159 0.127 0.026 0.031 0.035 0.017 0.034 0.049 0.005 0.02 0.27
70 F 0.046 0.019 0.016 0.017 0.014 0.013 0.02 0.024 0.013 0.122 0.125 0.021 0.029 0.241 0.013 0.027 0.034 0.012 0.059 0.135
71 L 0.045 0.022 0.014 0.016 0.016 0.015 0.019 0.021 0.01 0.166 0.313 0.025 0.045 0.051 0.014 0.024 0.035 0.007 0.022 0.121
72 G 0.082 0.025 0.041 0.036 0.012 0.021 0.029 0.451 0.014 0.02 0.03 0.036 0.01 0.017 0.02 0.076 0.037 0.005 0.012 0.027
73 Y 0.04 0.028 0.022 0.019 0.009 0.022 0.028 0.025 0.046 0.043 0.068 0.031 0.019 0.13 0.015 0.031 0.028 0.028 0.325 0.046
74 W 0.11 0.023 0.018 0.02 0.014 0.017 0.026 0.041 0.014 0.08 0.096 0.028 0.022 0.131 0.016 0.041 0.034 0.149 0.05 0.07
75 L 0.1 0.025 0.021 0.021 0.015 0.018 0.027 0.037 0.019 0.069 0.167 0.03 0.029 0.152 0.018 0.047 0.042 0.012 0.083 0.068
76 F 0.109 0.022 0.019 0.02 0.014 0.015 0.025 0.04 0.016 0.057 0.098 0.026 0.023 0.287 0.016 0.042 0.032 0.013 0.068 0.058
77 S 0.087 0.035 0.044 0.04 0.017 0.028 0.042 0.051 0.016 0.074 0.077 0.046 0.021 0.026 0.026 0.153 0.123 0.006 0.018 0.07
78 R 0.048 0.281 0.039 0.034 0.008 0.049 0.057 0.035 0.022 0.024 0.045 0.167 0.015 0.017 0.022 0.047 0.036 0.006 0.017 0.031
79 R 0.055 0.131 0.033 0.03 0.013 0.033 0.041 0.034 0.016 0.105 0.085 0.094 0.023 0.026 0.021 0.053 0.099 0.006 0.018 0.083
80 K 0.053 0.184 0.04 0.038 0.008 0.051 0.064 0.04 0.021 0.026 0.044 0.232 0.015 0.016 0.025 0.05 0.038 0.005 0.017 0.032
81 L 0.053 0.035 0.019 0.02 0.016 0.021 0.028 0.025 0.011 0.116 0.261 0.062 0.039 0.043 0.017 0.031 0.038 0.006 0.021 0.138
82 P 0.081 0.027 0.026 0.03 0.014 0.022 0.035 0.04 0.013 0.061 0.06 0.039 0.016 0.02 0.295 0.07 0.046 0.004 0.015 0.086
83 G 0.056 0.144 0.08 0.044 0.009 0.04 0.058 0.163 0.021 0.023 0.038 0.134 0.013 0.016 0.022 0.052 0.037 0.005 0.015 0.029
84 L 0.051 0.025 0.023 0.022 0.016 0.018 0.025 0.028 0.012 0.136 0.191 0.029 0.034 0.091 0.017 0.044 0.097 0.008 0.03 0.105
85 K 0.073 0.11 0.044 0.041 0.011 0.042 0.056 0.115 0.019 0.026 0.041 0.159 0.015 0.017 0.026 0.101 0.049 0.005 0.016 0.034
86 D 0.048 0.026 0.039 0.133 0.012 0.021 0.045 0.036 0.015 0.079 0.082 0.034 0.021 0.129 0.019 0.052 0.095 0.008 0.036 0.068
87 L 0.042 0.021 0.015 0.016 0.014 0.014 0.019 0.022 0.012 0.146 0.243 0.023 0.039 0.148 0.013 0.025 0.033 0.009 0.04 0.106
88 N 0.07 0.04 0.158 0.07 0.014 0.031 0.048 0.058 0.022 0.033 0.044 0.051 0.015 0.02 0.025 0.12 0.116 0.005 0.017 0.043
89 D 0.042 0.038 0.214 0.22 0.008 0.032 0.067 0.057 0.026 0.022 0.03 0.05 0.01 0.017 0.021 0.062 0.043 0.004 0.014 0.026
90 P 0.066 0.055 0.079 0.045 0.011 0.035 0.051 0.049 0.019 0.027 0.039 0.115 0.013 0.016 0.176 0.092 0.056 0.004 0.016 0.034
91 C 0.066 0.031 0.082 0.038 0.133 0.024 0.035 0.045 0.026 0.036 0.053 0.039 0.016 0.051 0.02 0.096 0.049 0.011 0.103 0.044
92 F 0.033 0.019 0.017 0.017 0.01 0.01 0.019 0.025 0.017 0.063 0.113 0.019 0.025 0.393 0.01 0.025 0.025 0.017 0.088 0.054
93 L 0.047 0.026 0.016 0.017 0.016 0.02 0.022 0.024 0.012 0.145 0.259 0.029 0.096 0.049 0.015 0.029 0.037 0.007 0.022 0.111
94 R 0.06 0.12 0.109 0.048 0.024 0.037 0.05 0.049 0.109 0.025 0.04 0.067 0.014 0.021 0.022 0.096 0.047 0.006 0.026 0.031
95 F 0.035 0.021 0.018 0.017 0.01 0.013 0.021 0.025 0.024 0.058 0.101 0.022 0.023 0.329 0.012 0.026 0.026 0.019 0.148 0.052
96 C 0.118 0.022 0.018 0.019 0.255 0.016 0.023 0.041 0.01 0.061 0.143 0.027 0.025 0.029 0.019 0.047 0.039 0.005 0.016 0.069
97 S 0.156 0.037 0.046 0.043 0.018 0.031 0.049 0.068 0.018 0.033 0.046 0.051 0.016 0.021 0.029 0.195 0.073 0.005 0.017 0.048
98 L 0.046 0.023 0.017 0.017 0.013 0.016 0.022 0.024 0.02 0.093 0.173 0.025 0.031 0.163 0.014 0.028 0.033 0.014 0.116 0.112
99 G 0.06 0.022 0.022 0.022 0.133 0.018 0.022 0.149 0.011 0.111 0.113 0.028 0.059 0.032 0.016 0.038 0.036 0.006 0.017 0.086
100 Y 0.038 0.025 0.02 0.018 0.009 0.019 0.025 0.025 0.039 0.048 0.079 0.028 0.02 0.196 0.014 0.029 0.027 0.025 0.268 0.048
101 L 0.044 0.061 0.018 0.018 0.073 0.017 0.022 0.025 0.013 0.123 0.179 0.034 0.031 0.128 0.014 0.029 0.033 0.009 0.036 0.092
102 G 0.09 0.024 0.023 0.023 0.016 0.02 0.025 0.154 0.012 0.125 0.12 0.032 0.061 0.034 0.018 0.042 0.039 0.006 0.018 0.116
103 L 0.062 0.025 0.024 0.023 0.015 0.018 0.027 0.033 0.013 0.093 0.169 0.03 0.03 0.137 0.017 0.072 0.045 0.009 0.039 0.118
104 A 0.253 0.033 0.032 0.034 0.02 0.027 0.043 0.074 0.016 0.039 0.054 0.046 0.017 0.021 0.029 0.121 0.057 0.005 0.017 0.061
105 L 0.043 0.023 0.016 0.016 0.015 0.015 0.021 0.023 0.012 0.1 0.315 0.024 0.043 0.129 0.014 0.03 0.032 0.009 0.036 0.084
106 L 0.117 0.025 0.023 0.023 0.016 0.019 0.026 0.159 0.012 0.073 0.207 0.032 0.031 0.036 0.019 0.046 0.036 0.006 0.018 0.075
107 C 0.059 0.025 0.023 0.023 0.135 0.02 0.025 0.031 0.012 0.116 0.121 0.031 0.061 0.033 0.018 0.048 0.093 0.006 0.018 0.101
108 F 0.033 0.019 0.017 0.017 0.01 0.01 0.019 0.025 0.017 0.062 0.113 0.019 0.025 0.396 0.01 0.025 0.025 0.017 0.087 0.054
109 F 0.101 0.026 0.026 0.026 0.016 0.019 0.029 0.04 0.013 0.11 0.1 0.033 0.024 0.121 0.02 0.06 0.099 0.008 0.036 0.091
110 L 0.105 0.025 0.017 0.019 0.015 0.018 0.026 0.037 0.012 0.075 0.22 0.029 0.032 0.047 0.016 0.038 0.034 0.13 0.032 0.072
111 G 0.077 0.023 0.039 0.033 0.011 0.019 0.025 0.517 0.013 0.019 0.028 0.033 0.009 0.016 0.019 0.051 0.029 0.005 0.011 0.024
112 V 0.058 0.022 0.023 0.067 0.016 0.017 0.03 0.027 0.01 0.186 0.127 0.028 0.03 0.035 0.017 0.037 0.044 0.005 0.019 0.202
113 A 0.13 0.054 0.041 0.043 0.014 0.128 0.074 0.056 0.023 0.031 0.048 0.069 0.018 0.018 0.026 0.106 0.053 0.006 0.019 0.045
114 Y 0.098 0.026 0.022 0.021 0.012 0.02 0.029 0.037 0.031 0.047 0.076 0.031 0.02 0.169 0.018 0.047 0.033 0.019 0.19 0.053
115 Y 0.04 0.028 0.021 0.018 0.009 0.021 0.028 0.025 0.046 0.043 0.067 0.031 0.018 0.129 0.015 0.031 0.028 0.028 0.328 0.046
116 G 0.077 0.023 0.039 0.033 0.011 0.019 0.025 0.517 0.013 0.019 0.028 0.033 0.009 0.016 0.019 0.051 0.029 0.005 0.011 0.024
117 G 0.077 0.023 0.039 0.033 0.011 0.019 0.025 0.517 0.013 0.019 0.028 0.033 0.009 0.016 0.019 0.051 0.029 0.005 0.011 0.024
118 Y 0.04 0.028 0.021 0.018 0.009 0.021 0.028 0.025 0.046 0.043 0.067 0.031 0.018 0.129 0.015 0.031 0.028 0.028 0.328 0.046
119 F 0.039 0.022 0.055 0.025 0.012 0.015 0.022 0.028 0.016 0.135 0.123 0.025 0.031 0.217 0.013 0.031 0.033 0.011 0.053 0.093
120 A 0.191 0.031 0.036 0.036 0.017 0.026 0.039 0.184 0.015 0.033 0.046 0.044 0.015 0.02 0.027 0.116 0.053 0.005 0.016 0.049
121 F 0.033 0.019 0.017 0.017 0.01 0.01 0.019 0.025 0.017 0.062 0.113 0.019 0.025 0.396 0.01 0.025 0.025 0.017 0.087 0.054
122 L 0.044 0.022 0.014 0.016 0.016 0.015 0.019 0.021 0.01 0.156 0.33 0.025 0.046 0.051 0.014 0.024 0.034 0.007 0.022 0.115
123 S 0.075 0.12 0.049 0.041 0.012 0.038 0.052 0.05 0.106 0.026 0.042 0.068 0.015 0.022 0.024 0.137 0.056 0.006 0.027 0.034
124 T 0.072 0.035 0.043 0.037 0.018 0.027 0.039 0.043 0.014 0.053 0.064 0.045 0.019 0.023 0.027 0.091 0.258 0.006 0.018 0.07
125 P 0.057 0.026 0.024 0.031 0.01 0.021 0.036 0.036 0.013 0.026 0.036 0.041 0.01 0.013 0.488 0.048 0.037 0.003 0.013 0.031
126 Y 0.04 0.028 0.021 0.018 0.009 0.021 0.028 0.025 0.046 0.043 0.067 0.031 0.018 0.129 0.015 0.031 0.028 0.028 0.328 0.046
127 I 0.078 0.029 0.035 0.033 0.017 0.023 0.035 0.043 0.014 0.149 0.101 0.039 0.025 0.032 0.022 0.13 0.066 0.005 0.019 0.105
128 A 0.265 0.031 0.027 0.03 0.021 0.025 0.04 0.072 0.014 0.043 0.059 0.044 0.017 0.021 0.042 0.084 0.075 0.005 0.017 0.067
129 I 0.046 0.017 0.014 0.017 0.016 0.013 0.017 0.02 0.009 0.282 0.165 0.023 0.036 0.044 0.014 0.025 0.039 0.006 0.02 0.174
130 Y 0.04 0.023 0.019 0.018 0.011 0.017 0.023 0.024 0.029 0.108 0.103 0.026 0.025 0.174 0.014 0.028 0.03 0.019 0.191 0.08
131 D 0.126 0.037 0.047 0.143 0.013 0.038 0.122 0.056 0.019 0.029 0.041 0.054 0.014 0.018 0.027 0.105 0.05 0.005 0.015 0.041
132 G 0.077 0.023 0.039 0.033 0.011 0.019 0.025 0.517 0.013 0.019 0.028 0.033 0.009 0.016 0.019 0.051 0.029 0.005 0.011 0.024
133 S 0.092 0.041 0.122 0.057 0.015 0.033 0.051 0.065 0.022 0.027 0.039 0.053 0.014 0.02 0.027 0.191 0.073 0.005 0.017 0.038
134 A 0.253 0.033 0.032 0.034 0.02 0.027 0.043 0.074 0.016 0.039 0.054 0.046 0.017 0.021 0.029 0.121 0.057 0.005 0.017 0.061
135 E 0.058 0.044 0.047 0.167 0.008 0.054 0.245 0.039 0.023 0.022 0.035 0.066 0.012 0.016 0.025 0.054 0.036 0.005 0.015 0.03
136 N 0.042 0.044 0.327 0.082 0.009 0.033 0.049 0.064 0.031 0.022 0.031 0.053 0.011 0.018 0.02 0.069 0.049 0.004 0.015 0.027
137 E 0.06 0.048 0.04 0.066 0.008 0.088 0.191 0.157 0.023 0.022 0.036 0.068 0.014 0.016 0.023 0.054 0.035 0.005 0.016 0.03
138 I 0.058 0.023 0.022 0.022 0.017 0.017 0.024 0.027 0.01 0.195 0.131 0.029 0.031 0.036 0.018 0.043 0.096 0.006 0.02 0.174
139 K 0.053 0.168 0.04 0.038 0.008 0.051 0.065 0.04 0.021 0.026 0.043 0.246 0.015 0.016 0.025 0.051 0.038 0.005 0.017 0.032
140 D 0.04 0.029 0.068 0.406 0.007 0.029 0.09 0.046 0.018 0.022 0.028 0.044 0.009 0.015 0.022 0.051 0.035 0.004 0.011 0.024
141 V 0.064 0.021 0.016 0.018 0.018 0.016 0.022 0.023 0.008 0.189 0.137 0.025 0.032 0.037 0.016 0.031 0.047 0.006 0.02 0.256
142 L 0.044 0.024 0.014 0.015 0.016 0.016 0.02 0.021 0.01 0.114 0.385 0.025 0.049 0.054 0.014 0.024 0.033 0.007 0.022 0.095
143 I 0.046 0.017 0.014 0.017 0.016 0.013 0.017 0.02 0.009 0.282 0.165 0.023 0.036 0.044 0.014 0.025 0.039 0.006 0.02 0.174
144 S 0.108 0.04 0.053 0.048 0.017 0.033 0.052 0.065 0.019 0.029 0.041 0.053 0.015 0.021 0.029 0.231 0.081 0.005 0.017 0.041
145 S 0.098 0.038 0.05 0.045 0.017 0.031 0.048 0.059 0.017 0.036 0.048 0.051 0.017 0.021 0.029 0.193 0.13 0.005 0.017 0.049
146 S 0.114 0.039 0.053 0.048 0.017 0.033 0.051 0.066 0.019 0.03 0.042 0.053 0.016 0.021 0.029 0.227 0.08 0.005 0.017 0.042
147 G 0.077 0.023 0.039 0.033 0.011 0.019 0.025 0.517 0.013 0.019 0.028 0.033 0.009 0.016 0.019 0.051 0.029 0.005 0.011 0.024
148 L 0.044 0.024 0.014 0.015 0.016 0.016 0.02 0.021 0.01 0.114 0.385 0.025 0.049 0.054 0.014 0.024 0.033 0.007 0.022 0.095
149 L 0.046 0.026 0.015 0.016 0.016 0.019 0.022 0.023 0.011 0.11 0.337 0.028 0.08 0.052 0.014 0.027 0.035 0.007 0.022 0.094
150 A 0.199 0.035 0.04 0.039 0.019 0.029 0.046 0.071 0.017 0.036 0.049 0.049 0.016 0.021 0.029 0.162 0.066 0.005 0.017 0.054
151 I 0.051 0.024 0.076 0.03 0.015 0.018 0.025 0.03 0.013 0.201 0.13 0.03 0.03 0.036 0.016 0.035 0.043 0.005 0.019 0.172
152 F 0.035 0.021 0.018 0.017 0.01 0.013 0.021 0.025 0.024 0.058 0.101 0.022 0.023 0.329 0.012 0.026 0.026 0.019 0.148 0.052
153 A 0.204 0.035 0.039 0.039 0.019 0.029 0.046 0.071 0.017 0.036 0.05 0.049 0.016 0.021 0.029 0.158 0.065 0.005 0.017 0.055
154 I 0.046 0.019 0.014 0.017 0.016 0.014 0.018 0.02 0.009 0.24 0.22 0.024 0.039 0.046 0.014 0.024 0.038 0.006 0.021 0.154
155 L 0.044 0.024 0.014 0.015 0.016 0.016 0.02 0.021 0.01 0.114 0.385 0.025 0.049 0.054 0.014 0.024 0.033 0.007 0.022 0.095
156 C 0.066 0.021 0.023 0.021 0.373 0.016 0.022 0.035 0.009 0.046 0.064 0.026 0.017 0.021 0.019 0.053 0.091 0.004 0.013 0.06
157 A 0.157 0.029 0.029 0.029 0.017 0.022 0.035 0.055 0.015 0.059 0.076 0.038 0.02 0.117 0.023 0.1 0.051 0.008 0.035 0.084
158 F 0.058 0.026 0.027 0.025 0.013 0.02 0.029 0.034 0.023 0.101 0.096 0.032 0.024 0.147 0.017 0.078 0.043 0.014 0.113 0.082
159 S 0.079 0.127 0.047 0.043 0.013 0.085 0.064 0.051 0.022 0.027 0.044 0.079 0.017 0.018 0.025 0.14 0.059 0.005 0.018 0.037
160 G 0.081 0.026 0.031 0.029 0.016 0.021 0.031 0.158 0.012 0.093 0.081 0.034 0.022 0.027 0.02 0.087 0.052 0.005 0.017 0.156
161 G 0.061 0.037 0.165 0.056 0.01 0.027 0.038 0.288 0.022 0.021 0.03 0.056 0.01 0.017 0.02 0.059 0.039 0.005 0.013 0.026
162 F 0.035 0.019 0.016 0.017 0.011 0.011 0.019 0.025 0.016 0.069 0.143 0.02 0.028 0.354 0.011 0.025 0.026 0.016 0.081 0.059
163 G 0.06 0.049 0.031 0.031 0.012 0.028 0.038 0.193 0.014 0.109 0.079 0.115 0.02 0.025 0.02 0.043 0.036 0.005 0.016 0.077
164 R 0.05 0.215 0.039 0.046 0.008 0.052 0.112 0.035 0.023 0.026 0.047 0.149 0.019 0.017 0.022 0.048 0.036 0.006 0.017 0.033
165 I 0.068 0.024 0.025 0.025 0.017 0.019 0.028 0.033 0.011 0.185 0.124 0.031 0.03 0.035 0.019 0.078 0.052 0.006 0.02 0.17
166 S 0.078 0.057 0.118 0.054 0.013 0.038 0.055 0.059 0.022 0.028 0.04 0.112 0.014 0.019 0.026 0.142 0.067 0.005 0.017 0.036
167 R 0.108 0.117 0.026 0.024 0.013 0.028 0.035 0.039 0.023 0.09 0.081 0.057 0.021 0.052 0.02 0.046 0.037 0.011 0.096 0.076
168 L 0.055 0.024 0.021 0.021 0.017 0.017 0.024 0.027 0.01 0.173 0.192 0.029 0.035 0.041 0.017 0.044 0.082 0.006 0.02 0.144
169 A 0.126 0.117 0.103 0.047 0.014 0.035 0.048 0.06 0.022 0.029 0.044 0.067 0.015 0.019 0.025 0.111 0.054 0.005 0.017 0.042
170 K 0.052 0.086 0.036 0.035 0.009 0.045 0.059 0.038 0.027 0.031 0.049 0.224 0.016 0.044 0.024 0.047 0.036 0.011 0.095 0.036
171 P 0.056 0.026 0.024 0.025 0.013 0.02 0.03 0.033 0.012 0.071 0.071 0.033 0.019 0.033 0.138 0.047 0.091 0.128 0.029 0.1
172 V 0.054 0.02 0.016 0.017 0.016 0.014 0.02 0.023 0.01 0.17 0.135 0.023 0.031 0.128 0.014 0.028 0.04 0.008 0.037 0.194
173 L 0.043 0.023 0.016 0.016 0.014 0.017 0.021 0.022 0.019 0.138 0.251 0.026 0.038 0.07 0.014 0.026 0.033 0.012 0.098 0.102
174 A 0.166 0.024 0.02 0.023 0.018 0.019 0.028 0.047 0.011 0.164 0.121 0.033 0.028 0.033 0.021 0.053 0.044 0.006 0.019 0.122
175 L 0.056 0.023 0.015 0.016 0.017 0.016 0.021 0.023 0.009 0.141 0.258 0.025 0.04 0.045 0.015 0.028 0.041 0.006 0.021 0.184
176 S 0.152 0.035 0.044 0.042 0.017 0.029 0.045 0.125 0.017 0.031 0.044 0.048 0.015 0.02 0.028 0.172 0.066 0.005 0.016 0.046
177 L 0.046 0.021 0.015 0.016 0.133 0.014 0.019 0.025 0.011 0.083 0.237 0.022 0.035 0.131 0.014 0.028 0.032 0.009 0.036 0.075
178 L 0.043 0.019 0.015 0.017 0.015 0.013 0.018 0.022 0.011 0.19 0.201 0.022 0.036 0.134 0.013 0.025 0.034 0.009 0.037 0.126
179 I 0.055 0.019 0.015 0.017 0.017 0.014 0.02 0.022 0.008 0.237 0.152 0.024 0.034 0.04 0.015 0.028 0.043 0.006 0.02 0.214
180 L 0.044 0.024 0.014 0.015 0.016 0.016 0.02 0.021 0.01 0.114 0.385 0.025 0.049 0.054 0.014 0.024 0.033 0.007 0.022 0.095
181 L 0.047 0.022 0.015 0.016 0.015 0.015 0.02 0.023 0.011 0.113 0.253 0.024 0.038 0.135 0.014 0.026 0.035 0.009 0.038 0.131
182 S 0.108 0.04 0.053 0.048 0.017 0.033 0.052 0.065 0.019 0.029 0.041 0.053 0.015 0.021 0.029 0.231 0.081 0.005 0.017 0.041
183 I 0.046 0.017 0.014 0.017 0.016 0.013 0.017 0.02 0.009 0.282 0.165 0.023 0.036 0.044 0.014 0.025 0.039 0.006 0.02 0.174
184 F 0.033 0.019 0.017 0.017 0.01 0.01 0.019 0.025 0.017 0.062 0.113 0.019 0.025 0.396 0.01 0.025 0.025 0.017 0.087 0.054
185 V 0.058 0.02 0.015 0.017 0.017 0.015 0.02 0.022 0.008 0.222 0.147 0.024 0.034 0.039 0.015 0.029 0.044 0.006 0.02 0.227
186 Q 0.055 0.072 0.043 0.046 0.009 0.226 0.101 0.041 0.029 0.026 0.046 0.09 0.02 0.014 0.023 0.055 0.041 0.006 0.02 0.035
187 G 0.077 0.023 0.039 0.033 0.011 0.019 0.025 0.517 0.013 0.019 0.028 0.033 0.009 0.016 0.019 0.051 0.029 0.005 0.011 0.024
188 R 0.044 0.355 0.038 0.031 0.008 0.048 0.052 0.032 0.023 0.023 0.046 0.118 0.015 0.017 0.019 0.044 0.034 0.006 0.017 0.031
189 R 0.044 0.355 0.038 0.031 0.008 0.048 0.052 0.032 0.023 0.023 0.046 0.118 0.015 0.017 0.019 0.044 0.034 0.006 0.017 0.031
190 E 0.054 0.049 0.04 0.089 0.007 0.064 0.307 0.034 0.025 0.022 0.036 0.074 0.013 0.016 0.025 0.054 0.036 0.005 0.016 0.031
191 T 0.064 0.037 0.114 0.048 0.015 0.029 0.041 0.048 0.018 0.045 0.056 0.047 0.017 0.022 0.025 0.086 0.205 0.005 0.017 0.059
192 L 0.051 0.027 0.021 0.02 0.016 0.019 0.025 0.026 0.011 0.098 0.305 0.03 0.042 0.046 0.017 0.041 0.089 0.007 0.021 0.089
193 L 0.046 0.024 0.016 0.017 0.016 0.018 0.021 0.022 0.011 0.152 0.282 0.027 0.077 0.05 0.015 0.027 0.036 0.007 0.022 0.114
194 L 0.044 0.024 0.014 0.015 0.016 0.016 0.02 0.021 0.01 0.114 0.385 0.025 0.049 0.054 0.014 0.024 0.033 0.007 0.022 0.095
195 L 0.041 0.023 0.015 0.015 0.015 0.015 0.02 0.022 0.012 0.101 0.317 0.023 0.043 0.139 0.013 0.024 0.031 0.009 0.038 0.085
196 I 0.046 0.019 0.014 0.017 0.016 0.014 0.018 0.02 0.009 0.235 0.226 0.024 0.04 0.046 0.014 0.024 0.037 0.006 0.021 0.152
197 L 0.05 0.03 0.018 0.019 0.016 0.025 0.026 0.026 0.014 0.103 0.242 0.033 0.142 0.049 0.015 0.033 0.038 0.008 0.023 0.092
198 C 0.068 0.026 0.029 0.027 0.254 0.02 0.027 0.037 0.011 0.048 0.064 0.032 0.018 0.022 0.022 0.066 0.147 0.005 0.015 0.063
199 F 0.045 0.019 0.016 0.017 0.014 0.013 0.019 0.024 0.013 0.142 0.13 0.022 0.029 0.218 0.013 0.027 0.034 0.011 0.054 0.141
200 L 0.116 0.027 0.019 0.02 0.018 0.021 0.027 0.037 0.012 0.108 0.192 0.032 0.068 0.04 0.019 0.044 0.042 0.006 0.021 0.13
201 S 0.108 0.04 0.053 0.048 0.017 0.033 0.052 0.065 0.019 0.029 0.041 0.053 0.015 0.021 0.029 0.231 0.081 0.005 0.017 0.041
202 Y 0.038 0.026 0.021 0.019 0.009 0.019 0.026 0.025 0.048 0.047 0.077 0.028 0.02 0.185 0.014 0.03 0.027 0.025 0.267 0.047
203 R 0.048 0.13 0.03 0.027 0.01 0.037 0.044 0.032 0.026 0.048 0.087 0.118 0.055 0.052 0.019 0.041 0.035 0.012 0.096 0.05
204 F 0.038 0.022 0.017 0.017 0.012 0.014 0.021 0.026 0.016 0.072 0.138 0.023 0.059 0.309 0.012 0.027 0.028 0.014 0.072 0.064
205 L 0.044 0.022 0.014 0.016 0.016 0.015 0.019 0.021 0.01 0.154 0.322 0.024 0.045 0.061 0.014 0.024 0.034 0.007 0.023 0.113
206 G 0.076 0.031 0.106 0.047 0.012 0.025 0.037 0.29 0.019 0.029 0.036 0.042 0.012 0.018 0.021 0.099 0.047 0.005 0.014 0.033
207 E 0.082 0.056 0.042 0.054 0.01 0.046 0.145 0.04 0.028 0.03 0.047 0.114 0.015 0.042 0.024 0.053 0.037 0.01 0.086 0.039
208 K 0.061 0.085 0.04 0.039 0.009 0.044 0.059 0.161 0.019 0.025 0.039 0.225 0.014 0.015 0.025 0.052 0.037 0.005 0.015 0.03
209 I 0.046 0.019 0.014 0.017 0.016 0.014 0.018 0.02 0.009 0.24 0.22 0.024 0.039 0.046 0.014 0.024 0.038 0.006 0.021 0.154
210 R 0.063 0.136 0.115 0.05 0.011 0.042 0.055 0.051 0.023 0.025 0.04 0.128 0.014 0.018 0.024 0.099 0.051 0.005 0.017 0.033
211 F 0.04 0.02 0.015 0.016 0.013 0.013 0.019 0.023 0.013 0.133 0.194 0.022 0.034 0.212 0.013 0.025 0.031 0.011 0.052 0.101
212 K 0.052 0.156 0.035 0.033 0.01 0.045 0.054 0.036 0.02 0.044 0.081 0.178 0.055 0.024 0.022 0.046 0.038 0.006 0.019 0.047
213 N 0.05 0.12 0.184 0.058 0.011 0.035 0.047 0.051 0.025 0.03 0.043 0.067 0.014 0.019 0.022 0.068 0.097 0.005 0.016 0.038
214 L 0.078 0.022 0.016 0.018 0.017 0.016 0.021 0.028 0.01 0.186 0.233 0.027 0.038 0.044 0.016 0.032 0.038 0.006 0.021 0.134
215 L 0.052 0.025 0.021 0.021 0.016 0.018 0.024 0.026 0.011 0.14 0.25 0.029 0.038 0.044 0.017 0.041 0.091 0.006 0.02 0.108
216 K 0.056 0.104 0.049 0.042 0.008 0.052 0.069 0.043 0.021 0.027 0.042 0.282 0.015 0.015 0.027 0.053 0.039 0.005 0.017 0.032
217 V 0.136 0.028 0.028 0.028 0.019 0.023 0.034 0.048 0.012 0.102 0.09 0.037 0.024 0.028 0.023 0.095 0.057 0.005 0.019 0.164
218 L 0.064 0.027 0.023 0.023 0.017 0.02 0.028 0.032 0.012 0.106 0.237 0.031 0.036 0.051 0.018 0.072 0.047 0.006 0.022 0.128
219 I 0.047 0.02 0.015 0.018 0.016 0.014 0.019 0.022 0.009 0.233 0.217 0.025 0.039 0.045 0.015 0.03 0.039 0.006 0.021 0.151
220 I 0.043 0.018 0.015 0.017 0.015 0.012 0.018 0.021 0.011 0.227 0.152 0.022 0.033 0.132 0.013 0.025 0.036 0.009 0.037 0.144
221 V 0.126 0.023 0.018 0.02 0.124 0.018 0.026 0.039 0.01 0.106 0.097 0.029 0.024 0.028 0.019 0.047 0.046 0.005 0.018 0.177
222 L 0.09 0.027 0.024 0.024 0.016 0.022 0.029 0.037 0.014 0.12 0.13 0.034 0.067 0.081 0.019 0.068 0.046 0.008 0.029 0.116
223 L 0.042 0.021 0.015 0.016 0.015 0.014 0.019 0.022 0.011 0.143 0.262 0.023 0.04 0.137 0.013 0.024 0.033 0.009 0.038 0.104
224 L 0.046 0.024 0.016 0.017 0.016 0.018 0.021 0.022 0.011 0.152 0.282 0.027 0.077 0.05 0.015 0.027 0.036 0.007 0.022 0.114
225 F 0.103 0.023 0.018 0.019 0.015 0.016 0.024 0.037 0.014 0.072 0.175 0.027 0.03 0.207 0.016 0.039 0.033 0.011 0.052 0.069
226 L 0.048 0.02 0.015 0.017 0.015 0.014 0.02 0.023 0.011 0.155 0.198 0.023 0.035 0.132 0.014 0.027 0.036 0.009 0.038 0.151
227 V 0.055 0.02 0.016 0.017 0.016 0.014 0.021 0.024 0.01 0.164 0.133 0.023 0.031 0.127 0.014 0.029 0.041 0.008 0.037 0.2
228 A 0.301 0.031 0.025 0.029 0.021 0.025 0.04 0.077 0.015 0.043 0.059 0.044 0.017 0.021 0.029 0.084 0.049 0.005 0.017 0.068
229 G 0.077 0.023 0.039 0.033 0.011 0.019 0.025 0.517 0.013 0.019 0.028 0.033 0.009 0.016 0.019 0.051 0.029 0.005 0.011 0.024
230 L 0.11 0.024 0.017 0.019 0.017 0.017 0.025 0.036 0.012 0.094 0.23 0.029 0.035 0.096 0.018 0.04 0.038 0.008 0.031 0.105
231 G 0.077 0.023 0.039 0.033 0.011 0.019 0.025 0.517 0.013 0.019 0.028 0.033 0.009 0.016 0.019 0.051 0.029 0.005 0.011 0.024
232 L 0.044 0.024 0.014 0.015 0.016 0.016 0.02 0.021 0.01 0.114 0.385 0.025 0.049 0.054 0.014 0.024 0.033 0.007 0.022 0.095
233 Y 0.04 0.028 0.021 0.018 0.009 0.021 0.028 0.025 0.046 0.043 0.067 0.031 0.018 0.129 0.015 0.031 0.028 0.028 0.328 0.046
234 L 0.045 0.021 0.014 0.016 0.016 0.015 0.019 0.021 0.009 0.198 0.275 0.024 0.043 0.049 0.014 0.024 0.036 0.006 0.021 0.134
235 R 0.044 0.355 0.038 0.031 0.008 0.048 0.052 0.032 0.023 0.023 0.046 0.118 0.015 0.017 0.019 0.044 0.034 0.006 0.017 0.031
236 A 0.215 0.036 0.032 0.047 0.017 0.036 0.108 0.065 0.018 0.036 0.051 0.053 0.016 0.02 0.028 0.095 0.05 0.005 0.017 0.055
237 S 0.108 0.04 0.053 0.048 0.017 0.033 0.052 0.065 0.019 0.029 0.041 0.053 0.015 0.021 0.029 0.231 0.081 0.005 0.017 0.041
238 G 0.092 0.034 0.047 0.042 0.016 0.028 0.042 0.173 0.016 0.032 0.043 0.046 0.015 0.02 0.026 0.155 0.107 0.005 0.016 0.043
239 D 0.076 0.037 0.057 0.188 0.012 0.035 0.098 0.054 0.02 0.026 0.036 0.053 0.013 0.018 0.026 0.142 0.058 0.005 0.015 0.033
240 T 0.072 0.035 0.043 0.037 0.018 0.027 0.039 0.043 0.014 0.053 0.064 0.045 0.019 0.023 0.027 0.091 0.258 0.006 0.018 0.07
241 S 0.108 0.04 0.053 0.048 0.017 0.033 0.052 0.065 0.019 0.029 0.041 0.053 0.015 0.021 0.029 0.231 0.081 0.005 0.017 0.041
242 G 0.077 0.023 0.039 0.033 0.011 0.019 0.025 0.517 0.013 0.019 0.028 0.033 0.009 0.016 0.019 0.051 0.029 0.005 0.011 0.024
243 G 0.077 0.023 0.039 0.033 0.011 0.019 0.025 0.517 0.013 0.019 0.028 0.033 0.009 0.016 0.019 0.051 0.029 0.005 0.011 0.024
244 S 0.1 0.035 0.05 0.044 0.016 0.029 0.045 0.178 0.018 0.027 0.038 0.048 0.014 0.019 0.027 0.186 0.068 0.005 0.016 0.037
245 I 0.05 0.019 0.016 0.017 0.015 0.013 0.019 0.023 0.01 0.192 0.141 0.023 0.032 0.129 0.014 0.027 0.038 0.008 0.037 0.175
246 L 0.039 0.021 0.015 0.016 0.013 0.013 0.019 0.023 0.013 0.09 0.256 0.022 0.038 0.215 0.012 0.024 0.029 0.012 0.053 0.076
247 T 0.09 0.037 0.048 0.043 0.017 0.03 0.045 0.054 0.016 0.041 0.053 0.049 0.017 0.022 0.028 0.161 0.169 0.005 0.017 0.056
248 A 0.301 0.031 0.025 0.029 0.021 0.025 0.04 0.077 0.015 0.043 0.059 0.044 0.017 0.021 0.029 0.084 0.049 0.005 0.017 0.068
249 I 0.052 0.018 0.015 0.017 0.017 0.014 0.019 0.021 0.009 0.252 0.156 0.024 0.035 0.041 0.015 0.027 0.042 0.006 0.02 0.2
250 G 0.055 0.027 0.101 0.041 0.011 0.021 0.032 0.159 0.016 0.087 0.065 0.038 0.017 0.022 0.138 0.047 0.038 0.005 0.015 0.064
251 Y 0.039 0.03 0.097 0.034 0.009 0.022 0.031 0.035 0.035 0.043 0.07 0.033 0.018 0.168 0.015 0.039 0.032 0.019 0.19 0.043
252 A 0.272 0.029 0.024 0.028 0.021 0.024 0.038 0.071 0.014 0.058 0.067 0.042 0.019 0.023 0.028 0.077 0.049 0.005 0.018 0.094
253 V 0.068 0.021 0.016 0.018 0.019 0.016 0.023 0.024 0.008 0.165 0.129 0.026 0.031 0.035 0.016 0.032 0.048 0.005 0.02 0.277
254 L 0.046 0.026 0.015 0.016 0.016 0.019 0.022 0.023 0.011 0.11 0.337 0.028 0.08 0.052 0.014 0.027 0.035 0.007 0.022 0.094
255 Y 0.038 0.025 0.02 0.018 0.009 0.019 0.025 0.025 0.039 0.048 0.079 0.028 0.02 0.196 0.014 0.029 0.027 0.025 0.268 0.048
256 E 0.054 0.049 0.04 0.089 0.007 0.064 0.307 0.034 0.025 0.022 0.036 0.074 0.013 0.016 0.025 0.054 0.036 0.005 0.016 0.031
257 T 0.072 0.035 0.043 0.037 0.018 0.027 0.039 0.043 0.014 0.053 0.064 0.045 0.019 0.023 0.027 0.091 0.258 0.006 0.018 0.07
258 H 0.041 0.045 0.053 0.038 0.007 0.038 0.053 0.038 0.365 0.023 0.038 0.045 0.015 0.03 0.019 0.041 0.026 0.007 0.056 0.023
259 F 0.033 0.019 0.017 0.017 0.01 0.01 0.019 0.025 0.017 0.062 0.113 0.019 0.025 0.396 0.01 0.025 0.025 0.017 0.087 0.054
260 T 0.081 0.036 0.045 0.04 0.017 0.029 0.042 0.048 0.015 0.047 0.058 0.047 0.018 0.023 0.028 0.126 0.213 0.006 0.017 0.063
261 I 0.046 0.019 0.014 0.017 0.016 0.014 0.018 0.02 0.009 0.24 0.22 0.024 0.039 0.046 0.014 0.024 0.038 0.006 0.021 0.154
262 A 0.301 0.031 0.025 0.029 0.021 0.025 0.04 0.077 0.015 0.043 0.059 0.044 0.017 0.021 0.029 0.084 0.049 0.005 0.017 0.068
263 N 0.057 0.04 0.185 0.059 0.013 0.03 0.044 0.053 0.022 0.037 0.048 0.049 0.015 0.021 0.024 0.08 0.153 0.005 0.017 0.048
264 L 0.044 0.024 0.014 0.015 0.016 0.016 0.02 0.021 0.01 0.114 0.385 0.025 0.049 0.054 0.014 0.024 0.033 0.007 0.022 0.095
265 A 0.183 0.033 0.032 0.045 0.015 0.033 0.103 0.177 0.017 0.031 0.045 0.049 0.014 0.019 0.026 0.068 0.041 0.005 0.015 0.048
266 N 0.042 0.044 0.327 0.082 0.009 0.033 0.049 0.064 0.031 0.022 0.031 0.053 0.011 0.018 0.02 0.069 0.049 0.004 0.015 0.027
267 E 0.054 0.049 0.04 0.089 0.007 0.064 0.307 0.034 0.025 0.022 0.036 0.074 0.013 0.016 0.025 0.054 0.036 0.005 0.016 0.031
268 I 0.052 0.018 0.015 0.017 0.017 0.014 0.019 0.021 0.009 0.252 0.156 0.024 0.035 0.041 0.015 0.027 0.042 0.006 0.02 0.2
269 R 0.111 0.211 0.036 0.033 0.011 0.043 0.053 0.046 0.02 0.029 0.048 0.142 0.016 0.018 0.024 0.056 0.039 0.005 0.017 0.04
270 T 0.087 0.036 0.045 0.04 0.018 0.029 0.042 0.049 0.015 0.046 0.058 0.047 0.018 0.023 0.028 0.126 0.208 0.006 0.017 0.063
271 H 0.041 0.045 0.053 0.038 0.007 0.038 0.053 0.038 0.365 0.023 0.038 0.045 0.015 0.03 0.019 0.041 0.026 0.007 0.056 0.023
272 L 0.122 0.028 0.027 0.027 0.016 0.021 0.033 0.047 0.015 0.062 0.149 0.035 0.027 0.123 0.021 0.091 0.047 0.009 0.036 0.065
273 Y 0.04 0.028 0.022 0.019 0.009 0.022 0.028 0.025 0.055 0.042 0.067 0.031 0.018 0.126 0.015 0.031 0.028 0.027 0.32 0.045
274 N 0.042 0.041 0.262 0.163 0.008 0.032 0.059 0.06 0.028 0.022 0.03 0.051 0.011 0.017 0.02 0.064 0.045 0.004 0.014 0.026
275 G 0.06 0.033 0.183 0.058 0.01 0.026 0.037 0.291 0.022 0.02 0.029 0.043 0.01 0.017 0.019 0.06 0.039 0.005 0.013 0.025
276 L 0.047 0.117 0.028 0.027 0.012 0.076 0.048 0.029 0.018 0.111 0.161 0.064 0.03 0.032 0.018 0.037 0.037 0.006 0.02 0.084
277 P 0.059 0.028 0.038 0.127 0.01 0.024 0.051 0.042 0.015 0.025 0.034 0.043 0.011 0.014 0.322 0.069 0.041 0.003 0.013 0.03
278 Y 0.037 0.024 0.02 0.018 0.01 0.017 0.024 0.025 0.035 0.05 0.084 0.026 0.021 0.229 0.014 0.029 0.027 0.023 0.238 0.049
279 G 0.072 0.035 0.04 0.037 0.01 0.071 0.044 0.398 0.017 0.02 0.033 0.047 0.012 0.016 0.02 0.052 0.032 0.005 0.013 0.027
280 G 0.077 0.023 0.039 0.033 0.011 0.019 0.025 0.517 0.013 0.019 0.028 0.033 0.009 0.016 0.019 0.051 0.029 0.005 0.011 0.024
281 L 0.112 0.024 0.018 0.02 0.017 0.017 0.025 0.037 0.012 0.095 0.171 0.028 0.031 0.127 0.017 0.041 0.039 0.009 0.037 0.124
282 L 0.043 0.024 0.016 0.017 0.015 0.017 0.021 0.024 0.013 0.102 0.263 0.026 0.074 0.138 0.014 0.027 0.033 0.01 0.039 0.086
283 D 0.043 0.036 0.112 0.14 0.008 0.035 0.122 0.042 0.023 0.032 0.052 0.048 0.015 0.111 0.02 0.05 0.036 0.008 0.033 0.034
284 L 0.044 0.024 0.014 0.015 0.016 0.016 0.02 0.021 0.01 0.114 0.385 0.025 0.049 0.054 0.014 0.024 0.033 0.007 0.022 0.095
285 L 0.039 0.021 0.015 0.016 0.013 0.013 0.019 0.023 0.013 0.088 0.249 0.022 0.037 0.225 0.012 0.024 0.029 0.012 0.055 0.074
286 Y 0.059 0.041 0.034 0.032 0.011 0.075 0.051 0.038 0.035 0.036 0.058 0.05 0.018 0.084 0.02 0.081 0.043 0.017 0.175 0.042
287 P 0.056 0.025 0.023 0.031 0.01 0.02 0.036 0.036 0.013 0.025 0.036 0.041 0.01 0.013 0.501 0.043 0.036 0.003 0.013 0.031
288 V 0.052 0.019 0.016 0.017 0.016 0.014 0.02 0.023 0.01 0.179 0.137 0.023 0.031 0.128 0.014 0.028 0.039 0.008 0.037 0.187
289 L 0.041 0.023 0.015 0.015 0.015 0.015 0.02 0.022 0.012 0.101 0.317 0.023 0.043 0.139 0.013 0.024 0.031 0.009 0.038 0.085
290 F 0.033 0.019 0.017 0.017 0.01 0.01 0.019 0.025 0.017 0.062 0.113 0.019 0.025 0.396 0.01 0.025 0.025 0.017 0.087 0.054
291 I 0.052 0.018 0.015 0.017 0.017 0.014 0.019 0.021 0.009 0.252 0.156 0.024 0.035 0.041 0.015 0.027 0.042 0.006 0.02 0.2
292 V 0.063 0.021 0.016 0.018 0.018 0.015 0.022 0.023 0.008 0.192 0.138 0.025 0.032 0.037 0.016 0.03 0.046 0.006 0.02 0.253
293 P 0.056 0.025 0.023 0.031 0.01 0.02 0.036 0.036 0.013 0.025 0.036 0.041 0.01 0.013 0.501 0.043 0.036 0.003 0.013 0.031
294 S 0.151 0.038 0.047 0.044 0.018 0.031 0.049 0.068 0.018 0.032 0.045 0.051 0.016 0.021 0.029 0.199 0.074 0.005 0.017 0.047
295 F 0.036 0.02 0.016 0.016 0.012 0.012 0.019 0.024 0.015 0.075 0.181 0.02 0.031 0.31 0.011 0.025 0.027 0.014 0.071 0.064
296 L 0.046 0.02 0.014 0.017 0.016 0.014 0.019 0.021 0.009 0.215 0.247 0.024 0.041 0.047 0.014 0.025 0.037 0.006 0.021 0.147
297 F 0.035 0.021 0.018 0.017 0.01 0.013 0.021 0.025 0.024 0.058 0.101 0.022 0.023 0.329 0.012 0.026 0.026 0.019 0.148 0.052
298 G 0.082 0.033 0.05 0.038 0.014 0.027 0.04 0.156 0.025 0.03 0.045 0.043 0.015 0.047 0.023 0.137 0.055 0.011 0.093 0.038
299 I 0.046 0.017 0.014 0.017 0.016 0.013 0.017 0.02 0.009 0.282 0.165 0.023 0.036 0.044 0.014 0.025 0.039 0.006 0.02 0.174
300 F 0.042 0.019 0.017 0.017 0.013 0.012 0.02 0.025 0.015 0.087 0.116 0.02 0.027 0.306 0.012 0.027 0.031 0.014 0.071 0.111
301 G 0.077 0.023 0.039 0.033 0.011 0.019 0.025 0.517 0.013 0.019 0.028 0.033 0.009 0.016 0.019 0.051 0.029 0.005 0.011 0.024
302 L 0.043 0.023 0.016 0.016 0.014 0.017 0.021 0.022 0.019 0.138 0.251 0.026 0.038 0.07 0.014 0.026 0.033 0.012 0.098 0.102
303 D 0.041 0.033 0.133 0.325 0.008 0.03 0.08 0.05 0.022 0.022 0.028 0.046 0.01 0.015 0.022 0.056 0.038 0.004 0.012 0.025
304 K 0.056 0.106 0.041 0.041 0.008 0.053 0.07 0.043 0.02 0.027 0.043 0.289 0.015 0.015 0.027 0.053 0.039 0.005 0.017 0.032
305 G 0.071 0.122 0.043 0.04 0.011 0.081 0.057 0.164 0.021 0.024 0.04 0.074 0.015 0.017 0.023 0.095 0.046 0.005 0.016 0.033
306 E 0.064 0.042 0.05 0.158 0.01 0.047 0.189 0.045 0.022 0.024 0.035 0.062 0.013 0.017 0.026 0.098 0.047 0.005 0.015 0.032
307 L 0.112 0.024 0.018 0.02 0.017 0.017 0.025 0.037 0.012 0.095 0.171 0.028 0.031 0.127 0.017 0.041 0.039 0.009 0.037 0.124
308 F 0.036 0.02 0.016 0.016 0.012 0.012 0.019 0.024 0.015 0.075 0.181 0.02 0.031 0.31 0.011 0.025 0.027 0.014 0.071 0.064
309 G 0.079 0.023 0.039 0.034 0.011 0.019 0.026 0.508 0.014 0.019 0.028 0.034 0.009 0.016 0.019 0.052 0.03 0.005 0.011 0.024
310 L 0.052 0.032 0.02 0.02 0.016 0.028 0.028 0.028 0.016 0.101 0.198 0.036 0.157 0.048 0.016 0.036 0.04 0.008 0.024 0.093
311 S 0.082 0.037 0.04 0.051 0.015 0.036 0.108 0.047 0.018 0.076 0.066 0.051 0.019 0.024 0.025 0.136 0.06 0.005 0.018 0.085
312 F 0.064 0.034 0.11 0.046 0.014 0.026 0.039 0.049 0.02 0.042 0.062 0.042 0.018 0.114 0.022 0.104 0.103 0.008 0.034 0.048
313 N 0.068 0.041 0.18 0.061 0.013 0.032 0.047 0.059 0.023 0.032 0.042 0.051 0.014 0.02 0.024 0.12 0.11 0.005 0.016 0.042
314 E 0.054 0.049 0.04 0.089 0.007 0.064 0.307 0.034 0.025 0.022 0.036 0.074 0.013 0.016 0.025 0.054 0.036 0.005 0.016 0.031
315 P 0.116 0.028 0.022 0.027 0.014 0.023 0.034 0.044 0.014 0.055 0.078 0.04 0.045 0.023 0.262 0.051 0.04 0.004 0.016 0.063
316 R 0.05 0.23 0.04 0.036 0.008 0.05 0.061 0.037 0.022 0.025 0.044 0.204 0.015 0.016 0.023 0.048 0.037 0.005 0.017 0.031
317 I 0.046 0.018 0.015 0.017 0.015 0.013 0.018 0.022 0.011 0.212 0.148 0.022 0.033 0.131 0.014 0.026 0.037 0.008 0.037 0.157
318 Y 0.04 0.028 0.021 0.018 0.009 0.021 0.028 0.025 0.046 0.043 0.067 0.031 0.018 0.129 0.015 0.031 0.028 0.028 0.328 0.046
319 D 0.076 0.034 0.056 0.28 0.009 0.037 0.138 0.047 0.02 0.025 0.034 0.052 0.011 0.016 0.024 0.056 0.037 0.004 0.013 0.031
320 D 0.04 0.029 0.068 0.406 0.007 0.029 0.09 0.046 0.018 0.022 0.028 0.044 0.009 0.015 0.022 0.051 0.035 0.004 0.011 0.024
