#Seq2Logo.py -f /work3/idamei/wzy_ssn/run/1e-50/run/150/MSAs/0014_10.afa -o /work3/idamei/wzy_ssn/run/1e-50/run/150/logos/0014_10.logo
#Position Specific Frequency Matrix
A R N D C Q E G H I L K M F P S T W Y V
0 M 0.05 0.031 0.019 0.019 0.015 0.027 0.027 0.027 0.015 0.096 0.189 0.035 0.195 0.046 0.015 0.035 0.039 0.008 0.023 0.089
1 K 0.052 0.114 0.07 0.041 0.009 0.045 0.058 0.041 0.02 0.034 0.057 0.218 0.034 0.019 0.024 0.052 0.051 0.005 0.017 0.039
2 E 0.055 0.05 0.041 0.09 0.007 0.065 0.295 0.035 0.026 0.022 0.037 0.076 0.013 0.017 0.026 0.055 0.037 0.006 0.017 0.031
3 I 0.047 0.018 0.015 0.018 0.016 0.013 0.018 0.021 0.009 0.269 0.168 0.024 0.037 0.044 0.015 0.025 0.04 0.006 0.021 0.177
4 I 0.047 0.018 0.015 0.018 0.016 0.013 0.018 0.021 0.009 0.269 0.168 0.024 0.037 0.044 0.015 0.025 0.04 0.006 0.021 0.177
5 S 0.11 0.04 0.054 0.049 0.018 0.033 0.053 0.066 0.019 0.03 0.042 0.054 0.016 0.021 0.03 0.218 0.082 0.005 0.018 0.042
6 E 0.055 0.05 0.041 0.09 0.007 0.065 0.295 0.035 0.026 0.022 0.037 0.076 0.013 0.017 0.026 0.055 0.037 0.006 0.017 0.031
7 I 0.047 0.018 0.015 0.018 0.016 0.013 0.018 0.021 0.009 0.269 0.168 0.024 0.037 0.044 0.015 0.025 0.04 0.006 0.021 0.177
8 K 0.057 0.107 0.042 0.042 0.009 0.054 0.071 0.043 0.021 0.028 0.043 0.276 0.016 0.016 0.028 0.054 0.04 0.005 0.017 0.033
9 R 0.045 0.343 0.039 0.031 0.008 0.049 0.052 0.033 0.023 0.023 0.047 0.121 0.016 0.017 0.019 0.045 0.035 0.006 0.017 0.031
10 G 0.078 0.023 0.039 0.034 0.011 0.019 0.026 0.509 0.014 0.019 0.028 0.034 0.009 0.016 0.019 0.051 0.03 0.005 0.011 0.024
11 I 0.047 0.018 0.015 0.018 0.016 0.013 0.018 0.021 0.009 0.269 0.168 0.024 0.037 0.044 0.015 0.025 0.04 0.006 0.021 0.177
12 I 0.047 0.018 0.015 0.018 0.016 0.013 0.018 0.021 0.009 0.269 0.168 0.024 0.037 0.044 0.015 0.025 0.04 0.006 0.021 0.177
13 V 0.07 0.022 0.017 0.018 0.019 0.017 0.023 0.025 0.008 0.165 0.131 0.026 0.032 0.036 0.017 0.033 0.05 0.006 0.021 0.267
14 T 0.073 0.036 0.044 0.038 0.018 0.028 0.039 0.044 0.014 0.053 0.065 0.046 0.02 0.024 0.028 0.093 0.245 0.006 0.018 0.071
15 K 0.057 0.107 0.041 0.041 0.009 0.053 0.071 0.043 0.021 0.028 0.043 0.28 0.015 0.015 0.028 0.053 0.04 0.005 0.017 0.033
16 L 0.057 0.023 0.015 0.016 0.018 0.016 0.022 0.023 0.009 0.14 0.254 0.026 0.04 0.045 0.015 0.029 0.041 0.006 0.021 0.183
17 V 0.07 0.022 0.016 0.018 0.019 0.016 0.023 0.025 0.008 0.164 0.13 0.026 0.032 0.036 0.016 0.033 0.049 0.005 0.021 0.271
18 K 0.057 0.107 0.041 0.041 0.009 0.053 0.071 0.043 0.021 0.028 0.043 0.28 0.015 0.015 0.028 0.053 0.04 0.005 0.017 0.033
19 G 0.078 0.023 0.039 0.034 0.011 0.019 0.026 0.511 0.013 0.019 0.028 0.034 0.009 0.016 0.019 0.051 0.03 0.005 0.011 0.024
20 T 0.073 0.035 0.043 0.037 0.018 0.028 0.039 0.043 0.014 0.053 0.065 0.045 0.02 0.024 0.028 0.092 0.248 0.006 0.018 0.071
21 L 0.052 0.032 0.02 0.02 0.016 0.028 0.028 0.028 0.016 0.1 0.196 0.036 0.163 0.048 0.016 0.036 0.04 0.008 0.024 0.092
22 I 0.045 0.019 0.015 0.017 0.015 0.014 0.019 0.021 0.013 0.213 0.167 0.023 0.033 0.09 0.014 0.025 0.036 0.009 0.061 0.15
23 N 0.069 0.042 0.171 0.057 0.013 0.053 0.051 0.056 0.023 0.039 0.045 0.053 0.015 0.02 0.023 0.13 0.058 0.005 0.017 0.061
24 K 0.052 0.159 0.039 0.038 0.008 0.05 0.064 0.039 0.02 0.026 0.042 0.267 0.015 0.015 0.025 0.049 0.037 0.005 0.017 0.031
25 K 0.057 0.107 0.042 0.042 0.009 0.054 0.071 0.043 0.021 0.028 0.043 0.278 0.016 0.016 0.028 0.054 0.04 0.005 0.017 0.033
26 S 0.073 0.043 0.078 0.087 0.013 0.033 0.066 0.051 0.022 0.03 0.043 0.076 0.014 0.03 0.025 0.139 0.08 0.007 0.051 0.039
27 F 0.058 0.024 0.027 0.025 0.013 0.017 0.026 0.136 0.014 0.065 0.128 0.029 0.024 0.15 0.017 0.061 0.061 0.009 0.038 0.079
28 V 0.071 0.021 0.017 0.019 0.068 0.016 0.023 0.028 0.009 0.144 0.137 0.027 0.028 0.032 0.095 0.034 0.041 0.005 0.018 0.17
29 L 0.051 0.021 0.015 0.016 0.067 0.015 0.02 0.023 0.01 0.113 0.248 0.023 0.036 0.081 0.014 0.028 0.036 0.007 0.027 0.149
30 G 0.085 0.03 0.039 0.036 0.067 0.024 0.036 0.152 0.015 0.061 0.071 0.04 0.018 0.023 0.023 0.151 0.057 0.005 0.015 0.054
31 L 0.051 0.022 0.02 0.019 0.065 0.016 0.023 0.028 0.015 0.1 0.161 0.026 0.028 0.145 0.015 0.051 0.037 0.011 0.07 0.097
32 I 0.062 0.022 0.023 0.023 0.067 0.017 0.025 0.032 0.012 0.136 0.107 0.028 0.026 0.111 0.017 0.075 0.045 0.007 0.032 0.133
33 L 0.1 0.025 0.024 0.024 0.016 0.02 0.027 0.14 0.012 0.092 0.154 0.032 0.044 0.033 0.019 0.047 0.063 0.006 0.018 0.105
34 L 0.069 0.03 0.033 0.03 0.016 0.023 0.033 0.039 0.014 0.07 0.139 0.037 0.026 0.07 0.021 0.105 0.123 0.007 0.025 0.089
35 L 0.042 0.023 0.05 0.023 0.065 0.016 0.022 0.028 0.014 0.107 0.174 0.026 0.047 0.157 0.014 0.031 0.033 0.009 0.04 0.081
36 L 0.043 0.019 0.014 0.016 0.015 0.013 0.018 0.02 0.01 0.206 0.244 0.023 0.039 0.085 0.013 0.024 0.034 0.007 0.027 0.129
37 L 0.076 0.027 0.103 0.034 0.014 0.02 0.029 0.038 0.016 0.125 0.128 0.033 0.026 0.072 0.017 0.043 0.041 0.006 0.025 0.128
38 P 0.054 0.025 0.022 0.03 0.01 0.02 0.035 0.035 0.012 0.025 0.035 0.04 0.01 0.012 0.515 0.042 0.035 0.002 0.012 0.03
39 L 0.043 0.019 0.014 0.016 0.015 0.013 0.018 0.02 0.01 0.216 0.231 0.023 0.038 0.084 0.014 0.024 0.035 0.007 0.027 0.133
40 L 0.073 0.023 0.018 0.019 0.016 0.017 0.023 0.08 0.011 0.111 0.189 0.027 0.049 0.077 0.016 0.034 0.038 0.007 0.026 0.147
41 G 0.12 0.027 0.038 0.035 0.013 0.022 0.032 0.36 0.014 0.024 0.035 0.038 0.012 0.017 0.022 0.097 0.042 0.005 0.013 0.034
42 V 0.051 0.021 0.016 0.017 0.015 0.015 0.021 0.023 0.014 0.143 0.15 0.024 0.03 0.127 0.014 0.028 0.037 0.01 0.068 0.178
43 L 0.042 0.02 0.014 0.016 0.014 0.013 0.018 0.021 0.011 0.18 0.239 0.022 0.037 0.124 0.013 0.024 0.033 0.008 0.034 0.116
44 L 0.045 0.022 0.018 0.017 0.064 0.016 0.021 0.05 0.021 0.112 0.159 0.025 0.028 0.106 0.014 0.029 0.031 0.013 0.129 0.082
45 S 0.117 0.033 0.043 0.039 0.017 0.027 0.042 0.107 0.016 0.045 0.052 0.045 0.017 0.021 0.026 0.172 0.088 0.005 0.016 0.071
46 F 0.04 0.019 0.015 0.016 0.013 0.012 0.019 0.023 0.013 0.119 0.181 0.021 0.032 0.238 0.012 0.025 0.031 0.011 0.054 0.105
47 F 0.069 0.057 0.019 0.019 0.064 0.017 0.024 0.03 0.014 0.063 0.154 0.032 0.027 0.212 0.014 0.034 0.031 0.011 0.05 0.06
48 K 0.094 0.058 0.037 0.036 0.013 0.057 0.054 0.047 0.018 0.051 0.104 0.13 0.022 0.024 0.024 0.106 0.05 0.005 0.018 0.052
49 I 0.049 0.019 0.014 0.016 0.016 0.014 0.019 0.021 0.009 0.218 0.201 0.023 0.036 0.062 0.014 0.025 0.038 0.006 0.024 0.174
50 N 0.052 0.048 0.25 0.067 0.01 0.034 0.049 0.058 0.026 0.026 0.036 0.078 0.012 0.018 0.022 0.087 0.074 0.005 0.016 0.032
51 K 0.052 0.174 0.039 0.037 0.008 0.05 0.063 0.039 0.02 0.025 0.042 0.257 0.015 0.015 0.024 0.049 0.037 0.005 0.017 0.031
52 K 0.057 0.077 0.058 0.048 0.009 0.068 0.094 0.043 0.06 0.025 0.04 0.192 0.015 0.017 0.025 0.073 0.041 0.005 0.021 0.031
53 N 0.048 0.04 0.281 0.07 0.01 0.03 0.044 0.11 0.027 0.024 0.033 0.049 0.011 0.018 0.02 0.067 0.07 0.005 0.015 0.03
54 A 0.131 0.037 0.029 0.029 0.016 0.027 0.037 0.047 0.018 0.078 0.114 0.066 0.04 0.039 0.022 0.092 0.047 0.008 0.053 0.071
55 K 0.053 0.11 0.104 0.046 0.008 0.043 0.057 0.096 0.022 0.024 0.038 0.205 0.013 0.016 0.023 0.053 0.039 0.005 0.016 0.029
56 R 0.045 0.343 0.039 0.031 0.008 0.049 0.052 0.033 0.023 0.023 0.047 0.121 0.016 0.017 0.019 0.045 0.035 0.006 0.017 0.031
57 W 0.079 0.026 0.023 0.022 0.013 0.02 0.028 0.062 0.021 0.056 0.081 0.031 0.037 0.096 0.016 0.058 0.037 0.118 0.104 0.074
58 L 0.053 0.021 0.016 0.018 0.067 0.016 0.021 0.024 0.01 0.153 0.183 0.026 0.049 0.038 0.067 0.03 0.038 0.006 0.019 0.145
59 I 0.045 0.022 0.049 0.023 0.015 0.015 0.021 0.025 0.012 0.191 0.189 0.026 0.034 0.08 0.014 0.029 0.037 0.007 0.026 0.139
60 I 0.077 0.021 0.018 0.02 0.016 0.016 0.022 0.028 0.01 0.198 0.168 0.027 0.032 0.058 0.017 0.037 0.063 0.006 0.023 0.14
61 L 0.073 0.027 0.086 0.032 0.014 0.02 0.028 0.036 0.014 0.126 0.185 0.033 0.029 0.035 0.069 0.041 0.039 0.005 0.018 0.089
62 I 0.047 0.019 0.014 0.016 0.016 0.014 0.018 0.02 0.009 0.236 0.22 0.023 0.038 0.044 0.014 0.025 0.038 0.006 0.02 0.163
63 S 0.112 0.033 0.04 0.037 0.068 0.026 0.041 0.055 0.016 0.037 0.054 0.043 0.017 0.062 0.025 0.171 0.086 0.006 0.023 0.049
64 L 0.045 0.021 0.014 0.016 0.015 0.014 0.019 0.021 0.01 0.171 0.266 0.023 0.039 0.085 0.014 0.024 0.035 0.007 0.027 0.134
65 F 0.044 0.021 0.019 0.019 0.012 0.014 0.022 0.028 0.014 0.093 0.139 0.023 0.027 0.274 0.013 0.049 0.034 0.012 0.061 0.081
66 V 0.062 0.027 0.056 0.028 0.016 0.02 0.029 0.032 0.015 0.109 0.096 0.032 0.025 0.04 0.018 0.047 0.094 0.008 0.053 0.195
67 F 0.032 0.018 0.016 0.016 0.01 0.01 0.018 0.024 0.016 0.061 0.109 0.018 0.024 0.412 0.01 0.024 0.024 0.016 0.085 0.053
68 F 0.068 0.019 0.017 0.018 0.065 0.012 0.02 0.029 0.013 0.107 0.11 0.022 0.025 0.252 0.013 0.032 0.031 0.012 0.056 0.079
69 I 0.043 0.019 0.015 0.017 0.014 0.014 0.018 0.021 0.013 0.229 0.171 0.023 0.034 0.091 0.014 0.025 0.035 0.009 0.061 0.136
70 L 0.09 0.029 0.03 0.028 0.017 0.022 0.032 0.039 0.013 0.072 0.142 0.036 0.026 0.071 0.021 0.079 0.13 0.007 0.025 0.093
71 L 0.104 0.024 0.019 0.02 0.017 0.018 0.025 0.034 0.011 0.14 0.23 0.03 0.035 0.04 0.018 0.043 0.063 0.006 0.02 0.104
72 R 0.049 0.166 0.069 0.038 0.009 0.042 0.053 0.039 0.024 0.029 0.046 0.163 0.015 0.028 0.022 0.052 0.062 0.007 0.051 0.036
73 I 0.078 0.022 0.018 0.02 0.017 0.016 0.023 0.028 0.01 0.192 0.186 0.028 0.034 0.039 0.017 0.038 0.064 0.006 0.019 0.145
74 P 0.053 0.025 0.022 0.028 0.01 0.02 0.034 0.034 0.016 0.027 0.038 0.039 0.011 0.024 0.462 0.041 0.034 0.005 0.047 0.031
75 P 0.054 0.025 0.022 0.03 0.01 0.02 0.035 0.035 0.012 0.025 0.035 0.04 0.01 0.012 0.515 0.042 0.035 0.002 0.012 0.03
76 Y 0.038 0.025 0.019 0.017 0.01 0.019 0.025 0.024 0.036 0.05 0.105 0.028 0.022 0.144 0.014 0.028 0.027 0.049 0.27 0.05
77 Q 0.056 0.065 0.042 0.044 0.009 0.223 0.091 0.091 0.027 0.025 0.043 0.082 0.019 0.014 0.022 0.053 0.038 0.006 0.019 0.033
78 D 0.039 0.029 0.066 0.422 0.007 0.029 0.088 0.045 0.018 0.021 0.027 0.043 0.009 0.014 0.021 0.05 0.034 0.004 0.011 0.023
79 L 0.05 0.026 0.018 0.018 0.016 0.018 0.023 0.026 0.011 0.1 0.341 0.028 0.06 0.048 0.015 0.049 0.038 0.007 0.021 0.086
80 Y 0.037 0.025 0.02 0.018 0.009 0.019 0.025 0.024 0.039 0.046 0.075 0.027 0.019 0.186 0.014 0.029 0.026 0.025 0.291 0.046
81 R 0.043 0.372 0.037 0.03 0.007 0.046 0.05 0.032 0.022 0.022 0.045 0.115 0.015 0.017 0.019 0.043 0.033 0.006 0.017 0.03
82 R 0.043 0.372 0.037 0.03 0.007 0.046 0.05 0.032 0.022 0.022 0.045 0.115 0.015 0.017 0.019 0.043 0.033 0.006 0.017 0.03
83 Y 0.038 0.025 0.02 0.018 0.009 0.019 0.025 0.024 0.04 0.045 0.073 0.028 0.019 0.171 0.014 0.029 0.026 0.025 0.305 0.046
84 L 0.044 0.022 0.017 0.017 0.014 0.015 0.021 0.024 0.011 0.131 0.247 0.025 0.036 0.086 0.014 0.03 0.057 0.061 0.032 0.095
85 D 0.055 0.039 0.048 0.194 0.009 0.061 0.153 0.04 0.02 0.037 0.043 0.056 0.014 0.017 0.023 0.071 0.041 0.005 0.015 0.057
86 T 0.07 0.034 0.042 0.036 0.017 0.027 0.038 0.042 0.013 0.051 0.063 0.044 0.019 0.023 0.027 0.089 0.276 0.006 0.017 0.068
87 Y 0.039 0.027 0.021 0.018 0.009 0.021 0.027 0.024 0.045 0.042 0.066 0.03 0.018 0.125 0.015 0.03 0.027 0.027 0.346 0.045
88 L 0.043 0.03 0.02 0.02 0.012 0.042 0.031 0.025 0.024 0.073 0.193 0.034 0.063 0.105 0.015 0.031 0.032 0.014 0.126 0.067
89 I 0.067 0.03 0.03 0.03 0.015 0.043 0.036 0.086 0.014 0.145 0.124 0.039 0.026 0.031 0.02 0.098 0.049 0.006 0.018 0.095
90 Y 0.038 0.026 0.02 0.018 0.009 0.02 0.026 0.024 0.042 0.044 0.07 0.029 0.019 0.154 0.014 0.029 0.027 0.026 0.321 0.045
91 N 0.088 0.039 0.194 0.059 0.013 0.03 0.045 0.06 0.023 0.031 0.041 0.049 0.014 0.019 0.023 0.11 0.1 0.005 0.016 0.041
92 S 0.079 0.038 0.044 0.084 0.013 0.053 0.082 0.049 0.018 0.039 0.047 0.053 0.016 0.019 0.074 0.15 0.058 0.005 0.016 0.062
93 S 0.091 0.046 0.102 0.048 0.012 0.094 0.06 0.053 0.023 0.031 0.048 0.058 0.017 0.057 0.023 0.116 0.052 0.006 0.024 0.039
94 T 0.07 0.034 0.042 0.036 0.017 0.026 0.038 0.042 0.013 0.051 0.062 0.043 0.019 0.023 0.026 0.089 0.279 0.006 0.017 0.068
95 T 0.064 0.036 0.073 0.04 0.015 0.028 0.04 0.043 0.052 0.045 0.057 0.044 0.018 0.023 0.025 0.082 0.23 0.006 0.021 0.059
96 L 0.045 0.022 0.015 0.016 0.014 0.016 0.021 0.021 0.016 0.14 0.259 0.025 0.037 0.063 0.014 0.026 0.034 0.01 0.086 0.119
97 L 0.078 0.035 0.025 0.025 0.013 0.024 0.033 0.037 0.017 0.076 0.112 0.06 0.039 0.046 0.018 0.063 0.062 0.11 0.061 0.066
98 D 0.045 0.041 0.056 0.28 0.007 0.079 0.138 0.041 0.021 0.022 0.032 0.058 0.012 0.015 0.022 0.051 0.035 0.004 0.014 0.027
99 A 0.292 0.029 0.024 0.027 0.02 0.023 0.037 0.07 0.014 0.043 0.062 0.04 0.018 0.06 0.027 0.076 0.045 0.006 0.024 0.065
100 L 0.044 0.02 0.014 0.016 0.015 0.015 0.018 0.02 0.009 0.215 0.259 0.024 0.048 0.047 0.014 0.024 0.036 0.006 0.021 0.134
101 D 0.061 0.101 0.045 0.117 0.011 0.034 0.079 0.091 0.021 0.028 0.041 0.06 0.014 0.028 0.022 0.091 0.066 0.007 0.048 0.035
102 G 0.068 0.026 0.099 0.042 0.01 0.021 0.029 0.437 0.016 0.019 0.028 0.036 0.009 0.016 0.018 0.053 0.032 0.005 0.011 0.024
103 H 0.043 0.088 0.047 0.036 0.007 0.04 0.054 0.037 0.274 0.023 0.038 0.104 0.015 0.025 0.02 0.043 0.029 0.007 0.043 0.025
104 V 0.061 0.021 0.016 0.018 0.017 0.016 0.022 0.024 0.008 0.173 0.123 0.026 0.029 0.034 0.065 0.031 0.044 0.005 0.019 0.247
105 D 0.039 0.029 0.066 0.423 0.007 0.029 0.087 0.045 0.018 0.021 0.027 0.043 0.009 0.014 0.021 0.05 0.034 0.004 0.011 0.023
106 I 0.043 0.019 0.016 0.017 0.014 0.013 0.019 0.022 0.014 0.189 0.132 0.022 0.03 0.161 0.013 0.025 0.034 0.011 0.072 0.135
107 L 0.043 0.023 0.017 0.017 0.015 0.016 0.021 0.023 0.011 0.095 0.31 0.025 0.04 0.122 0.014 0.03 0.055 0.009 0.034 0.082
108 F 0.036 0.02 0.016 0.016 0.012 0.013 0.019 0.024 0.015 0.074 0.176 0.021 0.046 0.304 0.011 0.025 0.027 0.013 0.066 0.064
109 Y 0.038 0.026 0.02 0.018 0.009 0.02 0.026 0.024 0.042 0.04 0.064 0.029 0.018 0.118 0.014 0.029 0.026 0.076 0.319 0.043
110 L 0.077 0.023 0.018 0.019 0.016 0.016 0.023 0.029 0.011 0.139 0.191 0.027 0.033 0.089 0.016 0.038 0.062 0.007 0.028 0.139
111 N 0.046 0.033 0.183 0.05 0.045 0.024 0.035 0.044 0.02 0.073 0.126 0.039 0.022 0.041 0.018 0.053 0.065 0.005 0.019 0.06
112 A 0.207 0.032 0.034 0.035 0.019 0.026 0.041 0.065 0.015 0.062 0.061 0.044 0.018 0.023 0.027 0.144 0.059 0.005 0.017 0.066
113 L 0.039 0.022 0.015 0.015 0.012 0.014 0.02 0.024 0.012 0.081 0.21 0.022 0.031 0.124 0.011 0.024 0.029 0.161 0.047 0.086
114 L 0.107 0.024 0.021 0.022 0.016 0.017 0.026 0.037 0.013 0.105 0.144 0.029 0.028 0.128 0.018 0.06 0.042 0.008 0.035 0.121
115 F 0.036 0.018 0.015 0.016 0.012 0.011 0.018 0.023 0.014 0.114 0.149 0.02 0.029 0.303 0.011 0.024 0.028 0.013 0.066 0.08
116 Y 0.044 0.055 0.027 0.026 0.009 0.031 0.041 0.031 0.029 0.039 0.065 0.139 0.018 0.139 0.019 0.037 0.031 0.016 0.162 0.041
117 K 0.053 0.082 0.069 0.041 0.009 0.044 0.059 0.042 0.023 0.03 0.045 0.229 0.015 0.027 0.025 0.054 0.062 0.007 0.05 0.036
118 L 0.045 0.024 0.047 0.022 0.015 0.017 0.022 0.025 0.011 0.145 0.289 0.027 0.04 0.045 0.014 0.029 0.036 0.006 0.02 0.122
119 G 0.054 0.031 0.114 0.107 0.009 0.025 0.043 0.241 0.058 0.022 0.033 0.039 0.011 0.028 0.019 0.051 0.033 0.007 0.05 0.026
120 I 0.044 0.018 0.014 0.016 0.015 0.013 0.018 0.02 0.009 0.241 0.214 0.023 0.037 0.069 0.014 0.024 0.036 0.007 0.024 0.143
121 P 0.054 0.025 0.022 0.03 0.01 0.02 0.035 0.035 0.012 0.025 0.035 0.04 0.01 0.012 0.515 0.042 0.035 0.002 0.012 0.03
122 F 0.033 0.019 0.017 0.016 0.01 0.011 0.019 0.024 0.019 0.059 0.105 0.019 0.024 0.384 0.011 0.025 0.025 0.017 0.111 0.052
123 Y 0.039 0.025 0.02 0.019 0.009 0.019 0.026 0.025 0.036 0.044 0.071 0.028 0.018 0.172 0.064 0.03 0.027 0.022 0.261 0.045
124 F 0.042 0.018 0.015 0.016 0.014 0.012 0.018 0.022 0.012 0.172 0.161 0.021 0.032 0.191 0.013 0.025 0.033 0.01 0.046 0.128
125 I 0.044 0.02 0.015 0.017 0.015 0.014 0.019 0.021 0.01 0.219 0.207 0.024 0.053 0.082 0.014 0.025 0.036 0.007 0.027 0.134
126 P 0.054 0.025 0.022 0.03 0.01 0.02 0.035 0.035 0.012 0.025 0.035 0.04 0.01 0.012 0.515 0.042 0.035 0.002 0.012 0.03
127 A 0.321 0.03 0.024 0.028 0.021 0.024 0.039 0.075 0.014 0.041 0.057 0.043 0.017 0.021 0.028 0.081 0.048 0.005 0.017 0.066
128 L 0.071 0.022 0.016 0.017 0.015 0.016 0.022 0.027 0.012 0.13 0.23 0.026 0.052 0.118 0.015 0.031 0.035 0.008 0.033 0.106
129 Y 0.041 0.03 0.022 0.02 0.01 0.043 0.032 0.025 0.034 0.054 0.114 0.034 0.04 0.128 0.015 0.031 0.029 0.02 0.223 0.054
130 S 0.142 0.033 0.043 0.04 0.016 0.028 0.043 0.159 0.016 0.029 0.041 0.046 0.014 0.019 0.026 0.178 0.062 0.005 0.015 0.042
131 A 0.199 0.033 0.038 0.037 0.018 0.027 0.042 0.115 0.016 0.033 0.046 0.046 0.015 0.02 0.027 0.156 0.06 0.005 0.016 0.05
132 L 0.049 0.021 0.014 0.016 0.016 0.015 0.019 0.021 0.009 0.18 0.26 0.024 0.039 0.045 0.014 0.026 0.038 0.006 0.02 0.167
133 S 0.089 0.035 0.043 0.039 0.017 0.029 0.043 0.051 0.016 0.053 0.068 0.046 0.035 0.025 0.025 0.176 0.111 0.005 0.018 0.077
134 V 0.059 0.021 0.018 0.019 0.066 0.015 0.022 0.025 0.009 0.155 0.118 0.025 0.028 0.071 0.016 0.036 0.065 0.006 0.025 0.202
135 Y 0.042 0.028 0.023 0.02 0.01 0.021 0.028 0.026 0.042 0.043 0.065 0.031 0.018 0.115 0.016 0.036 0.052 0.025 0.314 0.047
136 L 0.047 0.022 0.018 0.018 0.112 0.015 0.021 0.026 0.014 0.074 0.208 0.025 0.031 0.122 0.015 0.034 0.055 0.01 0.064 0.07
137 F 0.047 0.019 0.015 0.017 0.014 0.013 0.019 0.023 0.011 0.162 0.129 0.022 0.029 0.188 0.013 0.026 0.035 0.01 0.046 0.162
138 L 0.077 0.026 0.02 0.02 0.015 0.019 0.026 0.031 0.015 0.106 0.252 0.03 0.052 0.052 0.017 0.054 0.039 0.008 0.053 0.087
139 S 0.092 0.047 0.067 0.039 0.014 0.032 0.044 0.048 0.017 0.067 0.072 0.096 0.036 0.024 0.024 0.099 0.096 0.005 0.018 0.063
140 S 0.135 0.034 0.042 0.038 0.017 0.027 0.042 0.106 0.015 0.037 0.049 0.045 0.016 0.02 0.027 0.149 0.127 0.005 0.016 0.052
141 L 0.123 0.025 0.02 0.022 0.017 0.019 0.027 0.038 0.014 0.124 0.157 0.031 0.029 0.044 0.019 0.047 0.064 0.008 0.052 0.121
142 L 0.059 0.072 0.062 0.034 0.014 0.028 0.038 0.039 0.016 0.062 0.187 0.072 0.028 0.032 0.02 0.085 0.068 0.006 0.018 0.06
143 S 0.069 0.049 0.095 0.124 0.012 0.034 0.059 0.053 0.02 0.039 0.042 0.1 0.014 0.019 0.025 0.133 0.055 0.005 0.015 0.039
144 G 0.087 0.023 0.024 0.024 0.015 0.018 0.025 0.133 0.012 0.12 0.123 0.03 0.025 0.069 0.018 0.059 0.041 0.007 0.024 0.124
145 L 0.055 0.024 0.025 0.024 0.013 0.018 0.026 0.081 0.013 0.096 0.114 0.029 0.024 0.075 0.016 0.059 0.073 0.108 0.034 0.092
146 L 0.064 0.069 0.032 0.035 0.013 0.03 0.067 0.064 0.02 0.075 0.112 0.049 0.041 0.04 0.02 0.096 0.046 0.008 0.054 0.063
147 K 0.055 0.097 0.07 0.04 0.01 0.061 0.055 0.041 0.024 0.058 0.057 0.142 0.018 0.031 0.022 0.069 0.042 0.008 0.054 0.049
148 F 0.034 0.019 0.017 0.017 0.011 0.011 0.019 0.025 0.017 0.063 0.114 0.019 0.025 0.387 0.011 0.025 0.025 0.017 0.089 0.055
149 D 0.09 0.03 0.077 0.136 0.013 0.027 0.066 0.077 0.017 0.076 0.063 0.042 0.017 0.023 0.021 0.076 0.045 0.005 0.015 0.084
150 N 0.048 0.053 0.13 0.094 0.009 0.038 0.094 0.044 0.022 0.051 0.047 0.114 0.014 0.018 0.071 0.052 0.04 0.004 0.015 0.042
151 D 0.056 0.042 0.05 0.212 0.01 0.037 0.116 0.042 0.018 0.04 0.045 0.08 0.014 0.018 0.023 0.073 0.042 0.004 0.014 0.062
152 L 0.043 0.035 0.166 0.049 0.013 0.025 0.035 0.043 0.021 0.069 0.204 0.04 0.03 0.036 0.017 0.047 0.041 0.006 0.019 0.061
153 Y 0.056 0.038 0.056 0.077 0.01 0.03 0.071 0.088 0.025 0.038 0.054 0.067 0.016 0.082 0.02 0.074 0.04 0.011 0.099 0.049
154 I 0.059 0.062 0.028 0.027 0.014 0.024 0.032 0.033 0.016 0.108 0.094 0.043 0.039 0.038 0.069 0.066 0.089 0.008 0.051 0.101
155 S 0.089 0.037 0.05 0.091 0.014 0.033 0.082 0.11 0.018 0.026 0.037 0.051 0.013 0.018 0.026 0.185 0.063 0.005 0.015 0.035
156 G 0.06 0.087 0.079 0.106 0.009 0.046 0.057 0.154 0.02 0.023 0.035 0.112 0.012 0.016 0.022 0.074 0.04 0.005 0.014 0.029
157 Y 0.04 0.028 0.022 0.019 0.009 0.022 0.028 0.025 0.047 0.044 0.068 0.031 0.019 0.131 0.016 0.031 0.028 0.028 0.319 0.047
158 R 0.05 0.198 0.04 0.06 0.008 0.056 0.175 0.034 0.025 0.023 0.042 0.098 0.014 0.017 0.023 0.05 0.036 0.006 0.017 0.031
159 E 0.064 0.043 0.042 0.064 0.013 0.046 0.169 0.039 0.02 0.038 0.051 0.06 0.016 0.02 0.027 0.074 0.142 0.006 0.017 0.051
160 K 0.05 0.086 0.036 0.074 0.009 0.056 0.053 0.089 0.025 0.043 0.051 0.109 0.016 0.041 0.048 0.044 0.034 0.01 0.088 0.04
161 N 0.049 0.109 0.157 0.049 0.011 0.033 0.043 0.044 0.021 0.067 0.06 0.084 0.017 0.022 0.02 0.055 0.066 0.005 0.017 0.073
162 F 0.05 0.031 0.023 0.022 0.013 0.02 0.028 0.029 0.017 0.096 0.127 0.055 0.026 0.156 0.016 0.046 0.06 0.011 0.071 0.103
163 K 0.078 0.06 0.043 0.031 0.013 0.033 0.045 0.038 0.015 0.085 0.135 0.156 0.025 0.028 0.021 0.045 0.039 0.005 0.018 0.087
164 L 0.042 0.021 0.014 0.016 0.015 0.014 0.019 0.021 0.01 0.179 0.271 0.023 0.039 0.049 0.013 0.023 0.033 0.057 0.025 0.117
165 L 0.118 0.027 0.027 0.028 0.016 0.021 0.031 0.093 0.013 0.086 0.135 0.036 0.024 0.029 0.07 0.086 0.046 0.005 0.017 0.092
166 F 0.047 0.022 0.019 0.019 0.013 0.015 0.023 0.027 0.016 0.119 0.139 0.025 0.028 0.197 0.014 0.048 0.036 0.012 0.078 0.103
167 L 0.041 0.02 0.014 0.016 0.014 0.013 0.018 0.021 0.011 0.156 0.257 0.022 0.038 0.14 0.013 0.024 0.032 0.009 0.037 0.105
168 L 0.081 0.024 0.022 0.022 0.065 0.018 0.025 0.034 0.012 0.116 0.186 0.029 0.03 0.074 0.018 0.06 0.064 0.007 0.025 0.09
169 L 0.09 0.025 0.025 0.025 0.016 0.019 0.028 0.086 0.012 0.135 0.156 0.032 0.028 0.034 0.019 0.079 0.046 0.006 0.018 0.12
170 F 0.042 0.019 0.016 0.016 0.013 0.012 0.019 0.023 0.013 0.109 0.147 0.021 0.029 0.264 0.012 0.026 0.031 0.012 0.059 0.118
171 S 0.085 0.033 0.041 0.037 0.016 0.026 0.041 0.051 0.016 0.048 0.119 0.043 0.022 0.066 0.024 0.185 0.064 0.006 0.024 0.052
172 F 0.064 0.02 0.016 0.017 0.013 0.013 0.02 0.028 0.014 0.093 0.168 0.022 0.029 0.265 0.013 0.03 0.03 0.012 0.059 0.073
173 I 0.049 0.018 0.015 0.017 0.015 0.013 0.019 0.022 0.01 0.211 0.14 0.022 0.032 0.114 0.014 0.026 0.038 0.008 0.033 0.185
174 D 0.043 0.034 0.169 0.207 0.008 0.028 0.061 0.05 0.022 0.022 0.03 0.046 0.01 0.015 0.119 0.055 0.039 0.004 0.013 0.026
175 V 0.056 0.021 0.017 0.019 0.017 0.016 0.021 0.024 0.009 0.2 0.161 0.026 0.033 0.038 0.016 0.033 0.065 0.006 0.02 0.204
176 I 0.049 0.018 0.014 0.017 0.016 0.014 0.018 0.021 0.008 0.254 0.178 0.023 0.035 0.042 0.014 0.025 0.039 0.006 0.02 0.188
177 L 0.11 0.039 0.06 0.034 0.015 0.07 0.047 0.045 0.018 0.064 0.118 0.048 0.057 0.029 0.021 0.071 0.046 0.006 0.019 0.083
178 L 0.049 0.022 0.02 0.02 0.015 0.016 0.021 0.074 0.011 0.166 0.183 0.027 0.048 0.077 0.015 0.034 0.059 0.007 0.026 0.109
179 A 0.321 0.03 0.024 0.028 0.021 0.024 0.039 0.075 0.014 0.041 0.057 0.043 0.017 0.021 0.028 0.081 0.048 0.005 0.017 0.066
180 L 0.064 0.029 0.028 0.026 0.016 0.021 0.03 0.035 0.013 0.08 0.26 0.034 0.035 0.04 0.019 0.099 0.071 0.006 0.02 0.074
181 G 0.073 0.027 0.039 0.034 0.013 0.021 0.03 0.335 0.013 0.031 0.041 0.037 0.013 0.018 0.021 0.065 0.129 0.005 0.013 0.041
182 L 0.047 0.023 0.014 0.015 0.016 0.016 0.02 0.021 0.009 0.12 0.347 0.024 0.044 0.049 0.014 0.025 0.035 0.006 0.021 0.134
183 R 0.043 0.373 0.037 0.03 0.007 0.046 0.05 0.031 0.022 0.022 0.044 0.115 0.015 0.017 0.019 0.043 0.033 0.006 0.017 0.03
184 F 0.032 0.019 0.016 0.016 0.01 0.011 0.019 0.025 0.016 0.054 0.098 0.019 0.022 0.342 0.01 0.024 0.024 0.116 0.081 0.048
185 G 0.068 0.023 0.033 0.029 0.011 0.018 0.024 0.429 0.016 0.03 0.068 0.031 0.014 0.03 0.017 0.045 0.029 0.007 0.045 0.032
186 L 0.067 0.022 0.016 0.017 0.014 0.015 0.021 0.028 0.013 0.101 0.205 0.025 0.049 0.192 0.014 0.031 0.032 0.01 0.046 0.081
187 A 0.253 0.031 0.031 0.032 0.019 0.025 0.04 0.118 0.015 0.036 0.051 0.043 0.016 0.02 0.027 0.113 0.052 0.005 0.016 0.056
188 V 0.086 0.022 0.019 0.02 0.018 0.017 0.024 0.029 0.009 0.179 0.122 0.028 0.029 0.034 0.018 0.04 0.068 0.005 0.019 0.214
189 A 0.278 0.031 0.03 0.032 0.02 0.026 0.041 0.073 0.015 0.039 0.053 0.044 0.016 0.021 0.028 0.116 0.054 0.005 0.017 0.061
190 L 0.044 0.025 0.015 0.015 0.015 0.018 0.021 0.022 0.011 0.108 0.36 0.026 0.077 0.051 0.014 0.026 0.033 0.007 0.022 0.091
191 L 0.102 0.026 0.021 0.021 0.016 0.021 0.027 0.036 0.014 0.088 0.15 0.032 0.077 0.112 0.018 0.045 0.061 0.008 0.033 0.09
192 V 0.057 0.023 0.018 0.019 0.017 0.017 0.023 0.025 0.01 0.141 0.155 0.027 0.047 0.075 0.016 0.035 0.065 0.007 0.026 0.197
193 Y 0.05 0.147 0.033 0.029 0.009 0.036 0.044 0.034 0.03 0.032 0.052 0.113 0.016 0.06 0.02 0.06 0.036 0.014 0.149 0.037
194 G 0.078 0.024 0.039 0.034 0.011 0.019 0.027 0.484 0.013 0.019 0.028 0.034 0.01 0.016 0.019 0.07 0.033 0.005 0.011 0.025
195 V 0.061 0.023 0.019 0.02 0.016 0.017 0.024 0.027 0.013 0.157 0.145 0.028 0.03 0.045 0.016 0.051 0.045 0.008 0.052 0.202
196 V 0.07 0.026 0.03 0.028 0.016 0.02 0.03 0.086 0.012 0.101 0.088 0.034 0.023 0.066 0.02 0.088 0.095 0.006 0.024 0.136
197 L 0.064 0.027 0.032 0.066 0.113 0.021 0.035 0.038 0.012 0.069 0.144 0.034 0.024 0.029 0.02 0.088 0.092 0.005 0.016 0.066
198 L 0.041 0.025 0.017 0.016 0.012 0.018 0.023 0.022 0.027 0.076 0.234 0.027 0.033 0.089 0.014 0.027 0.029 0.017 0.184 0.068
199 Y 0.043 0.024 0.018 0.017 0.066 0.018 0.023 0.024 0.029 0.065 0.177 0.027 0.028 0.09 0.015 0.029 0.03 0.018 0.2 0.062
200 I 0.056 0.025 0.055 0.029 0.014 0.019 0.028 0.034 0.014 0.137 0.134 0.031 0.027 0.11 0.017 0.075 0.045 0.008 0.032 0.111
201 E 0.059 0.045 0.103 0.054 0.012 0.037 0.105 0.043 0.02 0.051 0.089 0.078 0.019 0.023 0.022 0.076 0.071 0.005 0.017 0.071
202 G 0.061 0.109 0.04 0.048 0.009 0.083 0.052 0.268 0.019 0.021 0.036 0.077 0.013 0.015 0.02 0.049 0.033 0.005 0.014 0.028
203 K 0.078 0.111 0.068 0.046 0.009 0.047 0.087 0.045 0.021 0.026 0.041 0.214 0.014 0.016 0.025 0.055 0.039 0.005 0.016 0.034
204 K 0.057 0.088 0.038 0.037 0.01 0.045 0.061 0.04 0.018 0.036 0.078 0.255 0.018 0.019 0.025 0.06 0.051 0.005 0.017 0.04
205 K 0.081 0.052 0.046 0.032 0.012 0.03 0.042 0.09 0.016 0.049 0.065 0.129 0.018 0.098 0.021 0.051 0.061 0.007 0.03 0.069
206 K 0.049 0.14 0.034 0.033 0.009 0.043 0.054 0.036 0.019 0.037 0.085 0.213 0.019 0.059 0.022 0.044 0.035 0.006 0.024 0.039
207 G 0.106 0.026 0.039 0.035 0.013 0.021 0.031 0.392 0.014 0.022 0.033 0.037 0.011 0.017 0.021 0.093 0.04 0.005 0.012 0.031
208 L 0.071 0.057 0.019 0.019 0.014 0.018 0.025 0.028 0.016 0.121 0.164 0.034 0.029 0.121 0.015 0.033 0.034 0.01 0.065 0.107
209 I 0.104 0.023 0.019 0.021 0.017 0.017 0.024 0.034 0.011 0.17 0.16 0.029 0.031 0.055 0.018 0.043 0.063 0.006 0.022 0.134
210 F 0.07 0.03 0.019 0.02 0.013 0.018 0.027 0.03 0.017 0.073 0.153 0.053 0.027 0.195 0.015 0.034 0.032 0.012 0.078 0.084
211 L 0.047 0.023 0.017 0.018 0.039 0.017 0.021 0.025 0.012 0.129 0.217 0.026 0.067 0.118 0.014 0.038 0.035 0.008 0.033 0.094
212 L 0.044 0.02 0.014 0.016 0.015 0.014 0.018 0.021 0.01 0.184 0.234 0.023 0.037 0.101 0.013 0.025 0.035 0.008 0.03 0.138
213 L 0.08 0.023 0.019 0.02 0.016 0.017 0.024 0.03 0.01 0.158 0.231 0.028 0.036 0.041 0.017 0.053 0.042 0.006 0.02 0.128
214 A 0.278 0.031 0.03 0.032 0.02 0.026 0.041 0.073 0.015 0.039 0.053 0.044 0.016 0.021 0.028 0.116 0.054 0.005 0.017 0.061
215 C 0.082 0.021 0.018 0.019 0.212 0.016 0.021 0.032 0.01 0.111 0.13 0.026 0.042 0.031 0.017 0.041 0.054 0.005 0.017 0.095
216 L 0.061 0.028 0.028 0.026 0.016 0.021 0.03 0.034 0.013 0.095 0.187 0.034 0.047 0.074 0.019 0.084 0.091 0.007 0.026 0.08
217 L 0.056 0.025 0.022 0.021 0.114 0.02 0.025 0.029 0.012 0.08 0.145 0.03 0.076 0.072 0.017 0.044 0.085 0.007 0.025 0.096
218 H 0.04 0.044 0.051 0.037 0.007 0.037 0.051 0.037 0.383 0.022 0.037 0.044 0.015 0.029 0.018 0.04 0.026 0.007 0.055 0.022
219 F 0.073 0.022 0.02 0.021 0.013 0.015 0.024 0.033 0.015 0.089 0.104 0.025 0.024 0.26 0.015 0.054 0.036 0.012 0.058 0.089
220 S 0.127 0.038 0.049 0.045 0.017 0.031 0.049 0.065 0.018 0.03 0.042 0.051 0.015 0.02 0.028 0.236 0.075 0.005 0.017 0.043
221 M 0.052 0.031 0.021 0.021 0.016 0.027 0.028 0.028 0.015 0.092 0.176 0.035 0.179 0.044 0.017 0.04 0.063 0.007 0.022 0.086
222 L 0.073 0.023 0.016 0.017 0.016 0.016 0.022 0.026 0.013 0.14 0.258 0.026 0.037 0.053 0.016 0.031 0.036 0.008 0.053 0.121
223 L 0.045 0.021 0.016 0.017 0.014 0.015 0.019 0.072 0.01 0.135 0.287 0.024 0.039 0.083 0.014 0.026 0.032 0.007 0.026 0.097
224 I 0.053 0.02 0.016 0.019 0.015 0.015 0.022 0.024 0.009 0.184 0.149 0.027 0.03 0.035 0.115 0.03 0.04 0.005 0.018 0.173
225 V 0.055 0.02 0.015 0.017 0.017 0.015 0.02 0.022 0.009 0.189 0.176 0.024 0.034 0.058 0.015 0.028 0.041 0.006 0.023 0.217
226 L 0.079 0.022 0.018 0.019 0.113 0.017 0.024 0.032 0.012 0.079 0.117 0.027 0.049 0.106 0.066 0.038 0.037 0.007 0.031 0.109
227 A 0.175 0.027 0.026 0.027 0.116 0.022 0.033 0.054 0.012 0.062 0.068 0.036 0.019 0.023 0.023 0.097 0.051 0.005 0.016 0.105
228 L 0.047 0.021 0.018 0.018 0.014 0.014 0.021 0.024 0.011 0.145 0.178 0.024 0.032 0.152 0.014 0.032 0.058 0.009 0.039 0.128
229 I 0.042 0.018 0.015 0.016 0.014 0.012 0.018 0.021 0.011 0.203 0.168 0.022 0.033 0.154 0.013 0.024 0.034 0.009 0.039 0.133
230 A 0.152 0.027 0.028 0.028 0.041 0.021 0.031 0.122 0.013 0.078 0.101 0.036 0.021 0.026 0.022 0.077 0.068 0.005 0.017 0.085
231 S 0.163 0.036 0.073 0.045 0.017 0.03 0.046 0.067 0.018 0.032 0.044 0.049 0.015 0.02 0.028 0.183 0.066 0.005 0.017 0.046
232 K 0.06 0.119 0.034 0.032 0.06 0.035 0.046 0.039 0.017 0.039 0.087 0.132 0.019 0.06 0.021 0.083 0.043 0.006 0.023 0.043
233 F 0.034 0.02 0.016 0.016 0.011 0.012 0.019 0.024 0.018 0.065 0.144 0.02 0.027 0.336 0.011 0.025 0.026 0.016 0.103 0.057
234 I 0.052 0.02 0.015 0.017 0.016 0.015 0.02 0.022 0.012 0.206 0.163 0.024 0.033 0.049 0.015 0.027 0.04 0.008 0.053 0.195
235 K 0.052 0.17 0.039 0.037 0.008 0.05 0.063 0.039 0.02 0.025 0.042 0.261 0.015 0.015 0.024 0.049 0.037 0.005 0.017 0.031
236 L 0.044 0.021 0.014 0.016 0.015 0.016 0.019 0.021 0.01 0.186 0.284 0.025 0.057 0.048 0.014 0.025 0.035 0.006 0.021 0.123
237 N 0.058 0.048 0.242 0.067 0.011 0.034 0.05 0.061 0.026 0.024 0.034 0.077 0.012 0.018 0.022 0.112 0.054 0.005 0.016 0.03
238 R 0.049 0.196 0.036 0.033 0.009 0.043 0.053 0.036 0.02 0.027 0.046 0.176 0.015 0.021 0.021 0.049 0.059 0.056 0.022 0.034
239 L 0.051 0.047 0.026 0.026 0.012 0.026 0.036 0.032 0.015 0.086 0.175 0.111 0.029 0.109 0.018 0.055 0.038 0.008 0.032 0.068
240 L 0.056 0.041 0.064 0.037 0.012 0.089 0.052 0.04 0.02 0.05 0.127 0.05 0.024 0.103 0.019 0.083 0.044 0.008 0.032 0.05
241 V 0.063 0.024 0.025 0.023 0.114 0.018 0.026 0.033 0.012 0.081 0.088 0.029 0.022 0.103 0.018 0.065 0.09 0.007 0.03 0.129
242 I 0.046 0.019 0.016 0.018 0.014 0.014 0.02 0.023 0.011 0.164 0.152 0.024 0.03 0.138 0.063 0.027 0.035 0.008 0.037 0.14
243 I 0.046 0.021 0.016 0.018 0.014 0.015 0.021 0.024 0.011 0.169 0.155 0.025 0.046 0.079 0.063 0.027 0.035 0.058 0.031 0.127
244 L 0.042 0.022 0.017 0.017 0.013 0.015 0.02 0.073 0.015 0.079 0.243 0.024 0.034 0.164 0.013 0.027 0.029 0.011 0.072 0.069
245 S 0.108 0.031 0.038 0.036 0.065 0.025 0.039 0.054 0.016 0.038 0.058 0.041 0.017 0.099 0.023 0.169 0.06 0.007 0.03 0.047
246 I 0.047 0.019 0.015 0.017 0.016 0.014 0.019 0.021 0.009 0.232 0.214 0.024 0.037 0.043 0.015 0.027 0.046 0.006 0.02 0.16
247 L 0.047 0.021 0.015 0.016 0.015 0.015 0.02 0.022 0.01 0.169 0.238 0.024 0.054 0.082 0.014 0.026 0.036 0.007 0.027 0.142
248 F 0.079 0.025 0.025 0.024 0.014 0.018 0.027 0.086 0.015 0.059 0.121 0.03 0.04 0.183 0.017 0.063 0.06 0.01 0.045 0.059
249 F 0.068 0.022 0.018 0.018 0.061 0.016 0.023 0.029 0.022 0.08 0.121 0.025 0.024 0.175 0.015 0.033 0.031 0.015 0.137 0.067
250 L 0.072 0.022 0.016 0.018 0.015 0.015 0.022 0.028 0.011 0.128 0.196 0.026 0.032 0.114 0.065 0.032 0.035 0.008 0.032 0.112
251 L 0.049 0.024 0.022 0.021 0.014 0.017 0.024 0.029 0.013 0.099 0.199 0.028 0.048 0.153 0.016 0.054 0.06 0.009 0.04 0.08
252 S 0.102 0.037 0.05 0.045 0.016 0.03 0.048 0.11 0.018 0.027 0.039 0.05 0.014 0.02 0.027 0.233 0.073 0.005 0.016 0.038
253 S 0.084 0.043 0.075 0.045 0.015 0.031 0.047 0.055 0.018 0.057 0.054 0.074 0.017 0.022 0.026 0.175 0.087 0.005 0.017 0.053
254 L 0.053 0.026 0.025 0.023 0.015 0.019 0.027 0.029 0.017 0.098 0.152 0.031 0.028 0.086 0.018 0.048 0.119 0.01 0.075 0.101
255 L 0.076 0.022 0.015 0.017 0.017 0.016 0.021 0.026 0.009 0.158 0.256 0.026 0.038 0.043 0.016 0.031 0.038 0.006 0.02 0.149
256 L 0.05 0.022 0.014 0.016 0.016 0.015 0.02 0.021 0.009 0.144 0.295 0.024 0.041 0.046 0.014 0.026 0.037 0.006 0.021 0.162
257 P 0.055 0.06 0.026 0.03 0.01 0.023 0.036 0.035 0.013 0.027 0.038 0.047 0.011 0.014 0.417 0.047 0.059 0.003 0.013 0.033
258 F 0.039 0.021 0.017 0.017 0.012 0.014 0.02 0.023 0.02 0.096 0.137 0.022 0.027 0.245 0.012 0.026 0.029 0.015 0.118 0.091
259 I 0.049 0.019 0.014 0.017 0.016 0.014 0.019 0.021 0.009 0.228 0.203 0.024 0.042 0.043 0.014 0.026 0.039 0.006 0.02 0.177
260 L 0.069 0.023 0.015 0.016 0.015 0.016 0.021 0.026 0.011 0.108 0.326 0.025 0.041 0.085 0.015 0.029 0.033 0.008 0.027 0.089
261 S 0.087 0.036 0.106 0.086 0.014 0.029 0.048 0.055 0.019 0.037 0.076 0.047 0.017 0.022 0.024 0.148 0.082 0.005 0.016 0.045
262 K 0.06 0.093 0.042 0.038 0.01 0.06 0.057 0.041 0.092 0.053 0.053 0.134 0.017 0.022 0.023 0.086 0.043 0.006 0.025 0.045
263 F 0.049 0.02 0.019 0.019 0.013 0.013 0.021 0.096 0.013 0.083 0.103 0.022 0.024 0.244 0.013 0.03 0.032 0.012 0.056 0.117
264 N 0.051 0.039 0.251 0.067 0.011 0.03 0.044 0.057 0.026 0.062 0.051 0.048 0.015 0.021 0.02 0.087 0.051 0.005 0.016 0.049
265 L 0.041 0.022 0.015 0.017 0.013 0.014 0.021 0.023 0.012 0.087 0.278 0.024 0.037 0.157 0.063 0.025 0.03 0.009 0.04 0.074
266 G 0.059 0.021 0.028 0.025 0.011 0.016 0.022 0.329 0.013 0.037 0.083 0.028 0.016 0.103 0.015 0.039 0.027 0.058 0.032 0.037
267 G 0.064 0.025 0.031 0.027 0.012 0.02 0.027 0.231 0.041 0.093 0.071 0.032 0.019 0.039 0.018 0.06 0.037 0.008 0.062 0.085
268 L 0.05 0.022 0.014 0.016 0.016 0.015 0.02 0.021 0.009 0.142 0.285 0.024 0.04 0.058 0.014 0.026 0.037 0.007 0.023 0.161
269 G 0.117 0.031 0.129 0.047 0.013 0.025 0.037 0.253 0.019 0.025 0.035 0.042 0.012 0.018 0.022 0.081 0.043 0.005 0.014 0.034
270 E 0.056 0.078 0.105 0.095 0.009 0.081 0.116 0.094 0.024 0.023 0.036 0.066 0.013 0.016 0.022 0.074 0.042 0.005 0.016 0.03
271 Y 0.039 0.027 0.021 0.018 0.009 0.021 0.027 0.024 0.045 0.042 0.066 0.03 0.018 0.125 0.015 0.03 0.027 0.027 0.347 0.045
272 F 0.131 0.022 0.018 0.02 0.016 0.016 0.025 0.039 0.012 0.108 0.103 0.028 0.025 0.145 0.018 0.044 0.04 0.009 0.038 0.143
273 L 0.06 0.035 0.027 0.027 0.015 0.024 0.032 0.034 0.013 0.117 0.19 0.061 0.047 0.037 0.019 0.08 0.068 0.006 0.019 0.088
274 A 0.146 0.03 0.062 0.035 0.017 0.024 0.036 0.101 0.015 0.061 0.064 0.04 0.018 0.023 0.024 0.085 0.095 0.005 0.017 0.102
275 G 0.075 0.022 0.037 0.032 0.01 0.018 0.024 0.531 0.013 0.018 0.027 0.032 0.009 0.016 0.018 0.049 0.028 0.005 0.01 0.023
276 Y 0.039 0.027 0.021 0.018 0.009 0.021 0.027 0.024 0.045 0.042 0.066 0.03 0.018 0.125 0.015 0.03 0.027 0.027 0.347 0.045
277 V 0.089 0.021 0.018 0.02 0.017 0.016 0.023 0.079 0.009 0.161 0.115 0.027 0.028 0.033 0.017 0.037 0.044 0.005 0.018 0.223
278 D 0.052 0.04 0.11 0.182 0.008 0.043 0.171 0.046 0.023 0.022 0.032 0.057 0.011 0.016 0.023 0.075 0.042 0.005 0.014 0.028
279 G 0.072 0.033 0.075 0.08 0.013 0.027 0.044 0.147 0.02 0.031 0.042 0.043 0.014 0.029 0.023 0.118 0.096 0.007 0.048 0.04
280 S 0.11 0.04 0.054 0.049 0.017 0.033 0.052 0.066 0.019 0.03 0.042 0.054 0.016 0.021 0.03 0.222 0.082 0.005 0.017 0.042
281 D 0.112 0.038 0.045 0.156 0.012 0.032 0.083 0.148 0.017 0.026 0.036 0.071 0.012 0.017 0.024 0.077 0.041 0.005 0.014 0.035
282 F 0.038 0.027 0.052 0.029 0.01 0.022 0.055 0.029 0.022 0.053 0.132 0.031 0.023 0.133 0.014 0.032 0.029 0.114 0.107 0.049
283 A 0.225 0.03 0.03 0.031 0.018 0.024 0.038 0.113 0.014 0.043 0.085 0.042 0.019 0.023 0.026 0.107 0.05 0.005 0.017 0.059
284 N 0.077 0.038 0.163 0.101 0.01 0.035 0.103 0.101 0.023 0.026 0.036 0.051 0.012 0.017 0.022 0.064 0.065 0.005 0.015 0.034
285 L 0.072 0.026 0.051 0.031 0.014 0.021 0.054 0.032 0.015 0.119 0.159 0.032 0.028 0.11 0.016 0.038 0.037 0.008 0.032 0.105
286 A 0.095 0.063 0.036 0.071 0.014 0.026 0.042 0.093 0.015 0.055 0.058 0.047 0.017 0.021 0.072 0.092 0.071 0.005 0.016 0.092
287 G 0.061 0.031 0.102 0.082 0.012 0.025 0.04 0.192 0.017 0.03 0.039 0.041 0.012 0.018 0.071 0.064 0.109 0.005 0.014 0.038
288 N 0.043 0.048 0.257 0.111 0.008 0.037 0.081 0.056 0.027 0.022 0.031 0.079 0.011 0.017 0.021 0.062 0.044 0.004 0.015 0.027
289 L 0.058 0.026 0.025 0.024 0.015 0.019 0.026 0.08 0.011 0.1 0.236 0.031 0.033 0.038 0.018 0.062 0.086 0.006 0.019 0.083
290 N 0.047 0.043 0.287 0.072 0.009 0.033 0.048 0.06 0.064 0.022 0.032 0.051 0.012 0.019 0.02 0.083 0.048 0.005 0.019 0.027
291 T 0.096 0.041 0.04 0.041 0.015 0.032 0.07 0.095 0.016 0.039 0.051 0.073 0.016 0.02 0.026 0.093 0.162 0.005 0.016 0.053
292 L 0.044 0.028 0.017 0.018 0.014 0.039 0.028 0.023 0.013 0.115 0.292 0.031 0.056 0.083 0.014 0.028 0.033 0.008 0.028 0.09
293 I 0.046 0.019 0.017 0.018 0.014 0.014 0.018 0.071 0.01 0.211 0.191 0.023 0.034 0.079 0.014 0.026 0.035 0.007 0.026 0.127
294 V 0.086 0.022 0.016 0.018 0.017 0.016 0.023 0.029 0.009 0.132 0.144 0.026 0.03 0.073 0.016 0.035 0.043 0.006 0.026 0.231
295 T 0.062 0.039 0.035 0.033 0.014 0.069 0.046 0.038 0.017 0.055 0.108 0.048 0.04 0.065 0.022 0.08 0.137 0.007 0.025 0.061
296 L 0.077 0.023 0.022 0.022 0.014 0.017 0.024 0.083 0.013 0.106 0.152 0.028 0.027 0.113 0.016 0.055 0.037 0.059 0.036 0.079
297 Y 0.047 0.024 0.018 0.017 0.012 0.018 0.024 0.024 0.027 0.101 0.091 0.027 0.023 0.083 0.014 0.029 0.034 0.067 0.188 0.132
298 K 0.058 0.166 0.04 0.037 0.009 0.064 0.059 0.089 0.021 0.024 0.041 0.175 0.015 0.016 0.023 0.069 0.04 0.005 0.016 0.031
299 Y 0.046 0.027 0.053 0.025 0.012 0.02 0.028 0.03 0.027 0.064 0.076 0.03 0.02 0.108 0.015 0.038 0.057 0.066 0.161 0.095
300 L 0.078 0.023 0.021 0.021 0.015 0.016 0.023 0.08 0.011 0.124 0.176 0.028 0.03 0.093 0.017 0.039 0.059 0.007 0.028 0.11
301 L 0.058 0.023 0.017 0.019 0.013 0.018 0.024 0.026 0.018 0.119 0.168 0.028 0.046 0.094 0.065 0.031 0.034 0.011 0.092 0.097
302 L 0.079 0.031 0.025 0.025 0.015 0.043 0.035 0.035 0.015 0.071 0.192 0.037 0.047 0.099 0.018 0.063 0.063 0.008 0.031 0.069
303 L 0.079 0.026 0.023 0.022 0.016 0.018 0.027 0.033 0.012 0.082 0.195 0.03 0.031 0.112 0.018 0.055 0.085 0.008 0.032 0.095
304 L 0.047 0.021 0.018 0.018 0.013 0.014 0.02 0.073 0.015 0.113 0.165 0.024 0.029 0.16 0.014 0.028 0.032 0.011 0.071 0.114
305 F 0.034 0.019 0.017 0.017 0.011 0.011 0.019 0.025 0.017 0.063 0.114 0.019 0.025 0.388 0.011 0.025 0.025 0.017 0.089 0.055
306 T 0.073 0.035 0.043 0.037 0.018 0.028 0.039 0.043 0.014 0.053 0.065 0.045 0.02 0.024 0.028 0.092 0.248 0.006 0.018 0.071
307 F 0.043 0.019 0.015 0.016 0.063 0.012 0.018 0.023 0.012 0.127 0.175 0.021 0.031 0.19 0.013 0.026 0.032 0.01 0.045 0.109
308 L 0.044 0.024 0.017 0.017 0.014 0.017 0.022 0.023 0.014 0.093 0.305 0.026 0.039 0.093 0.015 0.031 0.055 0.01 0.06 0.081
309 I 0.047 0.018 0.015 0.018 0.016 0.013 0.018 0.021 0.009 0.273 0.167 0.024 0.037 0.044 0.015 0.025 0.04 0.006 0.021 0.176
310 P 0.057 0.026 0.023 0.031 0.01 0.021 0.036 0.036 0.013 0.026 0.036 0.041 0.01 0.013 0.495 0.044 0.036 0.003 0.013 0.031
311 V 0.057 0.021 0.016 0.017 0.065 0.015 0.021 0.024 0.012 0.149 0.134 0.024 0.034 0.063 0.015 0.03 0.04 0.008 0.055 0.198
312 L 0.052 0.032 0.02 0.02 0.016 0.028 0.028 0.028 0.016 0.1 0.196 0.036 0.163 0.048 0.016 0.036 0.04 0.008 0.024 0.092
313 L 0.046 0.021 0.014 0.016 0.016 0.015 0.019 0.021 0.009 0.194 0.272 0.024 0.043 0.049 0.014 0.025 0.037 0.006 0.021 0.136
314 K 0.065 0.071 0.042 0.039 0.013 0.04 0.055 0.043 0.017 0.04 0.054 0.163 0.018 0.02 0.028 0.073 0.144 0.006 0.018 0.052
315 F 0.042 0.023 0.02 0.019 0.011 0.016 0.023 0.028 0.019 0.077 0.119 0.025 0.024 0.186 0.013 0.047 0.032 0.114 0.101 0.061
316 Y 0.044 0.04 0.025 0.024 0.01 0.025 0.033 0.029 0.027 0.069 0.079 0.084 0.02 0.142 0.017 0.038 0.055 0.016 0.163 0.058
317 L 0.044 0.033 0.021 0.02 0.013 0.022 0.028 0.025 0.049 0.106 0.255 0.055 0.052 0.081 0.015 0.029 0.032 0.008 0.031 0.082
318 K 0.057 0.107 0.042 0.042 0.009 0.054 0.071 0.043 0.021 0.028 0.043 0.276 0.016 0.016 0.028 0.054 0.04 0.005 0.017 0.033
319 K 0.049 0.125 0.031 0.029 0.01 0.037 0.047 0.033 0.021 0.051 0.074 0.157 0.036 0.071 0.02 0.041 0.036 0.009 0.057 0.067
320 R 0.058 0.14 0.085 0.086 0.01 0.048 0.081 0.069 0.021 0.026 0.04 0.072 0.014 0.017 0.022 0.088 0.068 0.005 0.016 0.034
