#Seq2Logo.py -f /work3/idamei/wzy_ssn/run/1e-50/run/150/MSAs/0014_97.afa -o /work3/idamei/wzy_ssn/run/1e-50/run/150/logos/0014_97.logo
#Position Specific Frequency Matrix
A R N D C Q E G H I L K M F P S T W Y V
0 D 0.041 0.03 0.069 0.395 0.008 0.03 0.092 0.047 0.019 0.022 0.028 0.045 0.009 0.015 0.022 0.052 0.036 0.004 0.011 0.024
1 I 0.047 0.018 0.015 0.018 0.016 0.013 0.018 0.021 0.009 0.268 0.169 0.024 0.037 0.044 0.015 0.025 0.04 0.006 0.021 0.177
2 L 0.051 0.031 0.02 0.02 0.016 0.027 0.027 0.027 0.016 0.098 0.192 0.035 0.18 0.047 0.016 0.035 0.039 0.008 0.024 0.09
3 Y 0.04 0.032 0.115 0.107 0.009 0.026 0.044 0.039 0.037 0.033 0.05 0.039 0.015 0.077 0.018 0.044 0.034 0.017 0.188 0.036
4 A 0.166 0.046 0.032 0.032 0.019 0.026 0.039 0.056 0.014 0.066 0.07 0.045 0.02 0.024 0.025 0.105 0.084 0.005 0.018 0.108
5 N 0.042 0.039 0.27 0.086 0.01 0.03 0.045 0.056 0.027 0.063 0.051 0.048 0.015 0.021 0.019 0.061 0.046 0.005 0.016 0.049
6 L 0.052 0.032 0.02 0.02 0.016 0.028 0.028 0.028 0.016 0.1 0.197 0.036 0.161 0.048 0.016 0.036 0.04 0.008 0.024 0.092
7 N 0.043 0.045 0.317 0.083 0.009 0.034 0.049 0.065 0.032 0.022 0.032 0.054 0.011 0.018 0.02 0.07 0.049 0.004 0.016 0.027
8 E 0.066 0.053 0.079 0.055 0.011 0.04 0.107 0.088 0.021 0.054 0.051 0.106 0.016 0.02 0.024 0.092 0.048 0.005 0.016 0.048
9 L 0.116 0.03 0.029 0.028 0.016 0.023 0.034 0.045 0.053 0.099 0.159 0.037 0.028 0.035 0.021 0.086 0.047 0.006 0.023 0.082
10 L 0.048 0.033 0.03 0.094 0.012 0.033 0.103 0.03 0.017 0.073 0.189 0.043 0.073 0.037 0.018 0.039 0.036 0.006 0.019 0.067
11 I 0.051 0.033 0.021 0.025 0.013 0.021 0.031 0.028 0.012 0.167 0.107 0.069 0.025 0.03 0.164 0.034 0.038 0.005 0.017 0.109
12 S 0.081 0.055 0.112 0.054 0.013 0.037 0.055 0.06 0.022 0.027 0.039 0.106 0.014 0.019 0.027 0.158 0.064 0.005 0.017 0.036
13 N 0.097 0.109 0.135 0.049 0.013 0.033 0.045 0.053 0.022 0.034 0.048 0.063 0.015 0.02 0.023 0.071 0.102 0.005 0.017 0.046
14 R 0.053 0.125 0.116 0.045 0.011 0.032 0.043 0.044 0.021 0.061 0.056 0.065 0.016 0.021 0.102 0.07 0.045 0.005 0.016 0.051
15 G 0.107 0.048 0.101 0.042 0.012 0.028 0.04 0.136 0.096 0.055 0.053 0.045 0.016 0.024 0.021 0.056 0.038 0.006 0.025 0.051
16 R 0.05 0.252 0.041 0.033 0.01 0.042 0.049 0.035 0.059 0.029 0.049 0.093 0.016 0.02 0.021 0.054 0.084 0.006 0.021 0.038
17 K 0.051 0.126 0.034 0.043 0.01 0.043 0.106 0.055 0.019 0.082 0.068 0.134 0.019 0.022 0.022 0.045 0.037 0.005 0.017 0.062
18 N 0.05 0.04 0.125 0.056 0.116 0.035 0.099 0.043 0.063 0.029 0.044 0.058 0.014 0.029 0.02 0.052 0.038 0.007 0.048 0.035
19 Y 0.054 0.107 0.038 0.031 0.01 0.033 0.043 0.037 0.107 0.031 0.05 0.058 0.016 0.06 0.02 0.077 0.039 0.014 0.138 0.036
20 V 0.055 0.125 0.022 0.021 0.015 0.025 0.03 0.026 0.013 0.152 0.112 0.054 0.027 0.032 0.017 0.034 0.041 0.006 0.019 0.176
21 F 0.043 0.019 0.021 0.02 0.01 0.012 0.02 0.135 0.016 0.052 0.093 0.022 0.021 0.315 0.012 0.03 0.026 0.014 0.07 0.047
22 A 0.142 0.032 0.034 0.033 0.018 0.025 0.038 0.054 0.014 0.057 0.128 0.042 0.024 0.029 0.025 0.113 0.101 0.006 0.018 0.067
23 S 0.087 0.033 0.04 0.039 0.016 0.027 0.042 0.051 0.016 0.075 0.062 0.045 0.018 0.023 0.113 0.163 0.064 0.005 0.017 0.063
24 L 0.044 0.025 0.015 0.015 0.016 0.017 0.021 0.022 0.011 0.111 0.368 0.026 0.063 0.053 0.014 0.025 0.033 0.007 0.022 0.094
25 F 0.034 0.019 0.017 0.017 0.011 0.011 0.019 0.026 0.017 0.064 0.115 0.019 0.026 0.384 0.011 0.026 0.026 0.017 0.089 0.055
26 C 0.057 0.019 0.02 0.019 0.232 0.014 0.019 0.118 0.011 0.055 0.125 0.023 0.022 0.095 0.015 0.036 0.032 0.007 0.027 0.056
27 L 0.044 0.023 0.014 0.015 0.016 0.016 0.02 0.021 0.01 0.129 0.369 0.025 0.047 0.053 0.014 0.024 0.033 0.007 0.022 0.101
28 L 0.06 0.029 0.026 0.025 0.016 0.021 0.029 0.033 0.012 0.086 0.26 0.034 0.042 0.042 0.019 0.075 0.084 0.006 0.02 0.08
29 L 0.048 0.021 0.016 0.017 0.103 0.016 0.019 0.024 0.011 0.157 0.187 0.025 0.06 0.074 0.014 0.029 0.036 0.007 0.026 0.111
30 I 0.057 0.021 0.021 0.023 0.016 0.017 0.023 0.028 0.01 0.241 0.142 0.028 0.032 0.039 0.017 0.063 0.046 0.006 0.02 0.149
31 L 0.04 0.021 0.015 0.016 0.014 0.013 0.019 0.022 0.012 0.126 0.248 0.022 0.038 0.178 0.013 0.024 0.031 0.01 0.045 0.094
32 L 0.044 0.021 0.014 0.016 0.016 0.015 0.019 0.021 0.009 0.176 0.308 0.024 0.044 0.05 0.014 0.024 0.035 0.007 0.021 0.123
33 A 0.176 0.03 0.033 0.032 0.106 0.025 0.038 0.06 0.014 0.041 0.056 0.041 0.017 0.021 0.026 0.11 0.092 0.005 0.016 0.06
34 L 0.108 0.033 0.027 0.026 0.017 0.028 0.034 0.043 0.016 0.075 0.14 0.04 0.12 0.038 0.021 0.081 0.048 0.007 0.021 0.077
35 V 0.064 0.023 0.021 0.021 0.061 0.017 0.024 0.027 0.009 0.153 0.117 0.028 0.028 0.033 0.018 0.042 0.085 0.005 0.019 0.205
36 I 0.047 0.019 0.015 0.017 0.015 0.014 0.019 0.022 0.01 0.192 0.189 0.023 0.035 0.109 0.014 0.026 0.037 0.008 0.033 0.157
37 N 0.047 0.042 0.28 0.073 0.01 0.032 0.046 0.06 0.028 0.027 0.037 0.051 0.012 0.019 0.021 0.072 0.087 0.005 0.016 0.034
38 D 0.04 0.032 0.116 0.351 0.008 0.03 0.082 0.049 0.021 0.022 0.028 0.045 0.009 0.015 0.021 0.054 0.037 0.004 0.012 0.024
39 L 0.043 0.024 0.014 0.015 0.016 0.016 0.02 0.021 0.01 0.113 0.39 0.025 0.048 0.053 0.014 0.024 0.033 0.007 0.022 0.094
40 P 0.065 0.028 0.028 0.033 0.011 0.022 0.038 0.041 0.014 0.026 0.036 0.043 0.011 0.014 0.418 0.078 0.044 0.003 0.013 0.032
41 L 0.053 0.024 0.02 0.02 0.017 0.017 0.023 0.025 0.01 0.148 0.238 0.028 0.038 0.043 0.017 0.037 0.079 0.006 0.02 0.138
42 Q 0.055 0.072 0.043 0.046 0.009 0.233 0.101 0.04 0.029 0.026 0.046 0.089 0.02 0.014 0.023 0.055 0.04 0.006 0.02 0.034
43 Q 0.068 0.051 0.086 0.043 0.012 0.115 0.063 0.042 0.022 0.082 0.097 0.069 0.024 0.024 0.021 0.051 0.041 0.006 0.019 0.066
44 Y 0.051 0.026 0.023 0.021 0.013 0.02 0.027 0.028 0.028 0.072 0.084 0.031 0.022 0.118 0.017 0.041 0.075 0.017 0.181 0.103
45 L 0.045 0.023 0.017 0.017 0.014 0.015 0.02 0.067 0.011 0.095 0.306 0.024 0.041 0.113 0.014 0.026 0.031 0.009 0.033 0.08
46 G 0.077 0.022 0.038 0.033 0.011 0.018 0.025 0.521 0.013 0.018 0.028 0.033 0.009 0.016 0.018 0.05 0.029 0.005 0.011 0.024
47 T 0.071 0.035 0.042 0.036 0.017 0.027 0.038 0.042 0.014 0.054 0.068 0.044 0.025 0.024 0.027 0.089 0.256 0.006 0.018 0.07
48 L 0.043 0.024 0.014 0.015 0.016 0.016 0.02 0.021 0.01 0.113 0.39 0.025 0.048 0.053 0.014 0.024 0.033 0.007 0.022 0.094
49 G 0.097 0.023 0.037 0.033 0.012 0.019 0.026 0.481 0.013 0.021 0.03 0.034 0.01 0.016 0.019 0.053 0.031 0.005 0.011 0.028
50 A 0.234 0.034 0.035 0.036 0.02 0.028 0.044 0.072 0.016 0.037 0.052 0.047 0.016 0.021 0.029 0.139 0.06 0.005 0.017 0.058
51 S 0.107 0.039 0.053 0.048 0.017 0.032 0.051 0.065 0.019 0.029 0.041 0.053 0.015 0.02 0.029 0.238 0.08 0.005 0.017 0.041
52 P 0.058 0.025 0.022 0.028 0.012 0.019 0.033 0.033 0.012 0.05 0.052 0.038 0.014 0.017 0.416 0.041 0.038 0.003 0.014 0.077
53 L 0.056 0.026 0.017 0.018 0.017 0.021 0.024 0.025 0.012 0.146 0.172 0.03 0.103 0.042 0.016 0.032 0.042 0.007 0.022 0.172
54 W 0.03 0.022 0.015 0.015 0.008 0.014 0.022 0.029 0.015 0.035 0.063 0.022 0.017 0.121 0.008 0.023 0.023 0.415 0.07 0.034
55 L 0.137 0.024 0.022 0.024 0.017 0.019 0.027 0.13 0.012 0.122 0.144 0.032 0.027 0.033 0.02 0.048 0.04 0.006 0.018 0.101
56 V 0.081 0.022 0.02 0.021 0.017 0.017 0.023 0.117 0.01 0.145 0.135 0.028 0.028 0.034 0.017 0.037 0.042 0.006 0.018 0.184
57 S 0.142 0.037 0.047 0.044 0.018 0.031 0.049 0.066 0.018 0.032 0.045 0.051 0.016 0.021 0.029 0.204 0.081 0.005 0.017 0.047
58 L 0.087 0.026 0.022 0.023 0.017 0.019 0.027 0.035 0.012 0.126 0.225 0.032 0.035 0.04 0.019 0.07 0.046 0.006 0.02 0.113
59 F 0.094 0.021 0.018 0.019 0.016 0.015 0.023 0.033 0.012 0.129 0.116 0.026 0.027 0.167 0.016 0.037 0.038 0.009 0.044 0.139
60 I 0.061 0.024 0.022 0.023 0.017 0.018 0.025 0.03 0.011 0.188 0.158 0.03 0.043 0.039 0.017 0.065 0.048 0.006 0.02 0.156
61 F 0.034 0.019 0.016 0.016 0.011 0.011 0.019 0.024 0.016 0.067 0.137 0.019 0.027 0.369 0.011 0.025 0.026 0.016 0.081 0.057
62 V 0.056 0.023 0.017 0.018 0.017 0.018 0.022 0.024 0.01 0.178 0.165 0.028 0.075 0.041 0.015 0.031 0.042 0.006 0.021 0.192
63 L 0.046 0.021 0.014 0.016 0.016 0.014 0.019 0.021 0.009 0.188 0.265 0.024 0.041 0.059 0.014 0.025 0.036 0.007 0.023 0.141
64 I 0.044 0.02 0.017 0.018 0.015 0.014 0.02 0.023 0.011 0.183 0.18 0.024 0.034 0.133 0.014 0.03 0.053 0.009 0.037 0.121
65 L 0.048 0.021 0.015 0.016 0.016 0.014 0.02 0.022 0.01 0.145 0.245 0.024 0.038 0.105 0.014 0.026 0.036 0.008 0.032 0.145
66 I 0.056 0.022 0.023 0.023 0.015 0.017 0.023 0.108 0.01 0.166 0.16 0.029 0.03 0.036 0.017 0.04 0.074 0.006 0.018 0.125
67 R 0.053 0.178 0.047 0.035 0.01 0.076 0.056 0.037 0.045 0.039 0.101 0.082 0.022 0.024 0.02 0.066 0.04 0.006 0.021 0.042
68 S 0.07 0.048 0.114 0.053 0.093 0.035 0.069 0.053 0.021 0.029 0.042 0.089 0.014 0.018 0.024 0.116 0.054 0.005 0.016 0.037
69 R 0.058 0.169 0.065 0.04 0.009 0.072 0.057 0.122 0.022 0.024 0.04 0.112 0.015 0.016 0.021 0.066 0.04 0.005 0.016 0.031
70 F 0.035 0.021 0.025 0.083 0.01 0.014 0.031 0.028 0.019 0.054 0.094 0.024 0.022 0.314 0.013 0.03 0.027 0.015 0.095 0.048
71 R 0.052 0.146 0.025 0.022 0.044 0.028 0.033 0.028 0.02 0.076 0.083 0.059 0.022 0.072 0.017 0.036 0.037 0.01 0.071 0.122
72 L 0.048 0.023 0.014 0.015 0.016 0.016 0.02 0.021 0.01 0.121 0.347 0.025 0.045 0.05 0.014 0.025 0.035 0.007 0.021 0.126
73 Y 0.039 0.034 0.083 0.035 0.009 0.027 0.038 0.035 0.147 0.036 0.058 0.037 0.017 0.122 0.016 0.039 0.03 0.015 0.147 0.036
74 L 0.045 0.056 0.02 0.028 0.014 0.026 0.071 0.024 0.014 0.088 0.294 0.04 0.039 0.056 0.016 0.03 0.033 0.007 0.023 0.077
75 D 0.051 0.032 0.064 0.32 0.009 0.03 0.08 0.048 0.048 0.023 0.03 0.045 0.011 0.017 0.023 0.081 0.041 0.004 0.016 0.026
76 K 0.065 0.072 0.041 0.048 0.011 0.046 0.101 0.044 0.02 0.028 0.042 0.176 0.015 0.017 0.067 0.086 0.064 0.005 0.016 0.036
77 L 0.047 0.026 0.022 0.02 0.013 0.02 0.026 0.026 0.025 0.088 0.182 0.03 0.03 0.078 0.017 0.038 0.07 0.015 0.151 0.076
78 S 0.099 0.035 0.046 0.042 0.017 0.029 0.045 0.074 0.017 0.053 0.056 0.047 0.018 0.023 0.026 0.193 0.072 0.005 0.017 0.085
79 R 0.048 0.237 0.037 0.033 0.008 0.047 0.056 0.035 0.024 0.026 0.046 0.174 0.015 0.026 0.022 0.046 0.035 0.007 0.046 0.032
80 Y 0.053 0.029 0.025 0.023 0.012 0.022 0.03 0.031 0.031 0.059 0.15 0.033 0.026 0.088 0.017 0.066 0.038 0.018 0.191 0.058
81 F 0.04 0.021 0.021 0.02 0.012 0.013 0.022 0.028 0.016 0.06 0.103 0.023 0.024 0.332 0.013 0.037 0.068 0.015 0.074 0.057
82 L 0.042 0.024 0.015 0.016 0.014 0.017 0.021 0.023 0.012 0.102 0.291 0.026 0.061 0.053 0.013 0.025 0.032 0.097 0.03 0.085
83 Y 0.058 0.028 0.053 0.029 0.013 0.022 0.031 0.035 0.026 0.096 0.086 0.034 0.022 0.079 0.018 0.071 0.044 0.014 0.135 0.105
84 F 0.037 0.023 0.019 0.017 0.01 0.016 0.023 0.025 0.032 0.051 0.087 0.025 0.021 0.252 0.013 0.028 0.026 0.022 0.221 0.049
85 Y 0.038 0.025 0.02 0.018 0.009 0.018 0.025 0.024 0.038 0.048 0.079 0.027 0.02 0.202 0.014 0.029 0.027 0.024 0.266 0.048
86 L 0.044 0.022 0.014 0.016 0.016 0.015 0.019 0.021 0.01 0.159 0.318 0.024 0.044 0.063 0.014 0.024 0.034 0.007 0.024 0.114
87 L 0.091 0.024 0.017 0.018 0.016 0.016 0.023 0.032 0.012 0.091 0.247 0.027 0.036 0.11 0.016 0.035 0.035 0.026 0.034 0.093
88 T 0.081 0.036 0.045 0.04 0.017 0.028 0.042 0.049 0.015 0.046 0.057 0.047 0.018 0.022 0.028 0.131 0.214 0.006 0.017 0.062
89 F 0.035 0.02 0.016 0.016 0.011 0.011 0.019 0.024 0.015 0.071 0.162 0.02 0.029 0.338 0.011 0.025 0.026 0.015 0.075 0.061
90 T 0.064 0.03 0.033 0.03 0.033 0.022 0.032 0.038 0.014 0.061 0.128 0.036 0.025 0.097 0.021 0.086 0.143 0.008 0.031 0.066
91 I 0.052 0.021 0.02 0.021 0.016 0.016 0.022 0.024 0.009 0.236 0.143 0.027 0.033 0.039 0.017 0.037 0.08 0.006 0.02 0.162
92 S 0.107 0.039 0.053 0.048 0.017 0.032 0.051 0.065 0.019 0.029 0.041 0.053 0.015 0.02 0.029 0.238 0.08 0.005 0.017 0.041
93 L 0.054 0.025 0.021 0.021 0.015 0.018 0.025 0.029 0.012 0.123 0.25 0.029 0.037 0.09 0.016 0.063 0.041 0.008 0.029 0.094
94 L 0.055 0.023 0.016 0.017 0.016 0.017 0.021 0.024 0.011 0.181 0.247 0.027 0.066 0.047 0.015 0.028 0.037 0.007 0.021 0.125
95 Q 0.053 0.062 0.038 0.041 0.01 0.193 0.085 0.037 0.025 0.073 0.067 0.077 0.023 0.02 0.021 0.049 0.04 0.006 0.02 0.06
96 C 0.06 0.017 0.016 0.016 0.408 0.013 0.017 0.03 0.008 0.056 0.123 0.021 0.022 0.026 0.016 0.037 0.035 0.005 0.014 0.063
97 I 0.06 0.023 0.022 0.023 0.016 0.017 0.025 0.03 0.012 0.161 0.122 0.028 0.029 0.115 0.017 0.065 0.046 0.008 0.034 0.149
98 Y 0.037 0.026 0.019 0.017 0.009 0.019 0.026 0.026 0.037 0.039 0.063 0.028 0.017 0.108 0.013 0.028 0.026 0.166 0.256 0.041
99 Y 0.042 0.035 0.025 0.023 0.009 0.059 0.04 0.027 0.042 0.04 0.065 0.041 0.019 0.117 0.016 0.035 0.03 0.023 0.267 0.044
100 Y 0.094 0.025 0.024 0.023 0.012 0.019 0.028 0.124 0.029 0.042 0.066 0.031 0.018 0.138 0.017 0.043 0.031 0.017 0.172 0.047
101 F 0.039 0.02 0.015 0.016 0.013 0.013 0.019 0.023 0.013 0.133 0.201 0.021 0.034 0.215 0.012 0.024 0.031 0.011 0.052 0.095
102 V 0.128 0.026 0.025 0.026 0.018 0.021 0.031 0.043 0.012 0.132 0.102 0.034 0.026 0.031 0.021 0.08 0.052 0.005 0.019 0.169
103 E 0.05 0.115 0.042 0.06 0.008 0.054 0.173 0.036 0.086 0.023 0.039 0.117 0.014 0.019 0.023 0.049 0.034 0.006 0.024 0.029
104 G 0.077 0.022 0.038 0.033 0.011 0.018 0.025 0.521 0.013 0.018 0.028 0.033 0.009 0.016 0.018 0.05 0.029 0.005 0.011 0.024
105 V 0.069 0.036 0.089 0.051 0.014 0.033 0.088 0.044 0.018 0.067 0.066 0.048 0.019 0.024 0.023 0.091 0.091 0.005 0.018 0.108
106 I 0.097 0.022 0.018 0.02 0.017 0.018 0.024 0.032 0.013 0.184 0.131 0.029 0.04 0.046 0.018 0.038 0.041 0.008 0.048 0.156
107 L 0.045 0.027 0.02 0.029 0.013 0.025 0.074 0.024 0.019 0.131 0.205 0.034 0.033 0.057 0.016 0.031 0.034 0.01 0.077 0.095
108 N 0.054 0.043 0.282 0.075 0.01 0.033 0.049 0.064 0.029 0.023 0.033 0.053 0.012 0.018 0.021 0.099 0.054 0.005 0.016 0.029
109 P 0.066 0.056 0.064 0.052 0.01 0.075 0.107 0.044 0.034 0.025 0.04 0.104 0.014 0.016 0.129 0.067 0.042 0.005 0.018 0.033
110 Y 0.038 0.026 0.02 0.018 0.009 0.019 0.026 0.024 0.04 0.046 0.075 0.028 0.019 0.177 0.014 0.029 0.027 0.025 0.289 0.047
111 G 0.077 0.022 0.038 0.033 0.011 0.018 0.025 0.521 0.013 0.018 0.028 0.033 0.009 0.016 0.018 0.05 0.029 0.005 0.011 0.024
112 G 0.081 0.022 0.028 0.026 0.014 0.018 0.025 0.297 0.011 0.079 0.07 0.03 0.019 0.024 0.018 0.044 0.038 0.005 0.015 0.135
113 L 0.078 0.029 0.032 0.031 0.017 0.023 0.034 0.041 0.013 0.115 0.142 0.037 0.028 0.033 0.021 0.123 0.058 0.006 0.019 0.119
114 I 0.054 0.02 0.015 0.017 0.017 0.015 0.02 0.022 0.009 0.21 0.192 0.024 0.036 0.042 0.015 0.027 0.041 0.006 0.02 0.199
115 F 0.038 0.02 0.015 0.016 0.013 0.012 0.019 0.023 0.014 0.099 0.207 0.021 0.034 0.255 0.012 0.024 0.029 0.012 0.059 0.078
116 G 0.073 0.035 0.128 0.051 0.013 0.028 0.041 0.185 0.02 0.028 0.038 0.046 0.013 0.019 0.023 0.11 0.09 0.005 0.015 0.037
117 K 0.056 0.105 0.041 0.041 0.008 0.052 0.069 0.042 0.02 0.027 0.042 0.295 0.015 0.015 0.027 0.052 0.039 0.005 0.017 0.032
118 H 0.042 0.035 0.035 0.027 0.011 0.028 0.037 0.03 0.206 0.063 0.198 0.036 0.03 0.041 0.016 0.033 0.029 0.007 0.04 0.055
119 F 0.045 0.02 0.015 0.017 0.014 0.013 0.019 0.023 0.012 0.147 0.178 0.022 0.033 0.18 0.013 0.026 0.034 0.01 0.046 0.133
120 F 0.083 0.021 0.018 0.019 0.012 0.013 0.022 0.034 0.016 0.058 0.102 0.023 0.023 0.332 0.014 0.035 0.029 0.014 0.074 0.056
121 A 0.306 0.03 0.025 0.029 0.021 0.025 0.04 0.077 0.014 0.042 0.058 0.043 0.017 0.021 0.029 0.083 0.049 0.005 0.017 0.067
122 S 0.107 0.039 0.053 0.048 0.017 0.032 0.051 0.065 0.019 0.029 0.041 0.053 0.015 0.02 0.029 0.238 0.08 0.005 0.017 0.041
123 S 0.094 0.038 0.049 0.044 0.017 0.03 0.047 0.057 0.017 0.037 0.049 0.05 0.017 0.021 0.028 0.184 0.147 0.005 0.017 0.051
124 Y 0.04 0.027 0.021 0.018 0.009 0.021 0.027 0.024 0.046 0.043 0.067 0.03 0.018 0.128 0.015 0.03 0.027 0.027 0.333 0.046
125 Y 0.04 0.03 0.078 0.03 0.009 0.023 0.031 0.031 0.043 0.039 0.06 0.035 0.017 0.108 0.016 0.037 0.031 0.023 0.276 0.042
126 L 0.042 0.022 0.015 0.016 0.015 0.014 0.019 0.022 0.011 0.131 0.292 0.023 0.041 0.127 0.013 0.024 0.032 0.009 0.036 0.098
127 F 0.054 0.021 0.019 0.019 0.014 0.015 0.023 0.028 0.013 0.1 0.112 0.024 0.027 0.217 0.014 0.046 0.039 0.011 0.053 0.15
128 Y 0.038 0.026 0.02 0.018 0.009 0.019 0.026 0.024 0.041 0.046 0.074 0.028 0.019 0.173 0.014 0.029 0.027 0.026 0.293 0.047
129 F 0.038 0.018 0.016 0.016 0.091 0.011 0.018 0.026 0.015 0.059 0.103 0.019 0.023 0.338 0.011 0.027 0.027 0.014 0.074 0.054
130 L 0.04 0.022 0.015 0.015 0.014 0.014 0.019 0.022 0.012 0.096 0.298 0.023 0.041 0.17 0.013 0.024 0.03 0.01 0.043 0.08
131 V 0.056 0.026 0.025 0.023 0.015 0.019 0.027 0.029 0.017 0.088 0.117 0.031 0.026 0.109 0.018 0.047 0.105 0.011 0.083 0.126
132 I 0.048 0.018 0.015 0.017 0.016 0.013 0.018 0.021 0.009 0.251 0.154 0.023 0.034 0.072 0.014 0.026 0.039 0.007 0.026 0.18
133 Y 0.045 0.028 0.025 0.021 0.01 0.022 0.029 0.027 0.039 0.045 0.068 0.032 0.019 0.119 0.017 0.04 0.067 0.023 0.273 0.05
134 C 0.079 0.027 0.033 0.03 0.257 0.021 0.031 0.044 0.012 0.04 0.056 0.035 0.016 0.021 0.022 0.115 0.089 0.005 0.015 0.053
135 A 0.198 0.033 0.033 0.034 0.019 0.028 0.041 0.064 0.016 0.047 0.075 0.045 0.044 0.025 0.027 0.127 0.058 0.006 0.018 0.062
136 N 0.054 0.027 0.125 0.041 0.093 0.021 0.03 0.105 0.017 0.114 0.08 0.035 0.02 0.026 0.017 0.052 0.041 0.005 0.016 0.08
137 F 0.041 0.022 0.019 0.017 0.091 0.016 0.022 0.026 0.03 0.049 0.081 0.025 0.02 0.201 0.014 0.03 0.028 0.02 0.198 0.05
138 L 0.082 0.023 0.016 0.017 0.016 0.016 0.023 0.03 0.011 0.104 0.247 0.026 0.037 0.103 0.016 0.033 0.037 0.008 0.032 0.122
139 L 0.1 0.027 0.023 0.024 0.017 0.021 0.029 0.038 0.013 0.12 0.198 0.034 0.057 0.039 0.019 0.072 0.046 0.006 0.02 0.096
140 R 0.057 0.227 0.035 0.03 0.091 0.037 0.043 0.037 0.019 0.033 0.071 0.084 0.018 0.02 0.02 0.074 0.042 0.005 0.016 0.04
141 F 0.104 0.083 0.03 0.028 0.014 0.025 0.035 0.043 0.017 0.048 0.084 0.048 0.021 0.149 0.02 0.072 0.077 0.009 0.04 0.055
142 V 0.06 0.021 0.015 0.017 0.018 0.016 0.021 0.023 0.008 0.174 0.177 0.025 0.035 0.039 0.015 0.029 0.044 0.006 0.02 0.236
143 S 0.091 0.049 0.048 0.044 0.015 0.034 0.051 0.056 0.018 0.032 0.045 0.091 0.016 0.02 0.044 0.177 0.102 0.005 0.017 0.044
144 G 0.109 0.071 0.039 0.037 0.012 0.065 0.053 0.162 0.019 0.027 0.042 0.096 0.015 0.019 0.024 0.087 0.044 0.022 0.018 0.038
145 S 0.084 0.062 0.047 0.056 0.014 0.039 0.058 0.054 0.019 0.033 0.045 0.14 0.016 0.019 0.027 0.152 0.068 0.005 0.017 0.046
146 F 0.092 0.046 0.031 0.031 0.013 0.06 0.047 0.042 0.018 0.045 0.072 0.085 0.02 0.146 0.021 0.055 0.074 0.009 0.041 0.052
147 L 0.041 0.029 0.02 0.021 0.012 0.05 0.033 0.026 0.016 0.076 0.212 0.033 0.033 0.198 0.014 0.029 0.03 0.011 0.05 0.067
148 K 0.059 0.11 0.041 0.032 0.011 0.036 0.046 0.036 0.023 0.082 0.071 0.143 0.02 0.04 0.021 0.049 0.038 0.009 0.07 0.063
149 K 0.047 0.067 0.082 0.04 0.009 0.037 0.05 0.04 0.026 0.035 0.056 0.165 0.017 0.099 0.021 0.047 0.036 0.011 0.081 0.037
150 C 0.084 0.023 0.025 0.025 0.177 0.018 0.027 0.039 0.011 0.122 0.091 0.031 0.023 0.028 0.02 0.086 0.056 0.005 0.016 0.092
151 I 0.046 0.02 0.016 0.017 0.015 0.015 0.02 0.021 0.015 0.21 0.183 0.025 0.035 0.058 0.015 0.026 0.036 0.01 0.073 0.146
152 I 0.093 0.023 0.021 0.022 0.017 0.018 0.025 0.033 0.011 0.179 0.167 0.03 0.032 0.038 0.019 0.045 0.077 0.006 0.019 0.125
153 G 0.068 0.031 0.085 0.04 0.013 0.024 0.036 0.127 0.019 0.043 0.096 0.039 0.02 0.091 0.02 0.108 0.049 0.008 0.038 0.045
154 I 0.097 0.021 0.017 0.019 0.018 0.016 0.023 0.031 0.009 0.205 0.134 0.027 0.031 0.037 0.017 0.037 0.044 0.006 0.02 0.193
155 S 0.123 0.035 0.041 0.038 0.016 0.028 0.043 0.056 0.022 0.037 0.052 0.046 0.017 0.039 0.026 0.153 0.097 0.009 0.07 0.051
156 F 0.045 0.019 0.016 0.017 0.013 0.012 0.02 0.025 0.014 0.095 0.117 0.021 0.027 0.28 0.012 0.027 0.033 0.013 0.064 0.131
157 L 0.039 0.021 0.015 0.016 0.013 0.013 0.019 0.023 0.013 0.095 0.253 0.022 0.037 0.216 0.012 0.024 0.029 0.011 0.052 0.078
158 L 0.044 0.024 0.014 0.015 0.016 0.017 0.02 0.021 0.01 0.112 0.377 0.025 0.057 0.053 0.014 0.024 0.033 0.007 0.022 0.094
159 L 0.061 0.025 0.025 0.024 0.016 0.019 0.027 0.032 0.012 0.125 0.153 0.031 0.03 0.097 0.018 0.07 0.074 0.008 0.031 0.123
160 L 0.053 0.023 0.019 0.019 0.096 0.017 0.022 0.026 0.01 0.124 0.226 0.027 0.035 0.04 0.017 0.038 0.074 0.006 0.019 0.109
161 V 0.057 0.021 0.015 0.017 0.017 0.015 0.021 0.022 0.008 0.191 0.182 0.025 0.035 0.04 0.015 0.028 0.043 0.006 0.02 0.22
162 L 0.051 0.023 0.019 0.019 0.015 0.017 0.021 0.105 0.011 0.153 0.221 0.027 0.06 0.043 0.015 0.03 0.035 0.006 0.02 0.108
163 I 0.132 0.022 0.018 0.021 0.098 0.017 0.025 0.04 0.01 0.148 0.108 0.029 0.026 0.031 0.019 0.046 0.043 0.005 0.018 0.144
164 L 0.047 0.02 0.014 0.016 0.016 0.014 0.018 0.021 0.009 0.222 0.237 0.024 0.04 0.046 0.014 0.025 0.037 0.006 0.021 0.154
165 E 0.054 0.052 0.04 0.081 0.007 0.091 0.278 0.035 0.026 0.022 0.038 0.076 0.014 0.016 0.025 0.054 0.037 0.005 0.017 0.031
166 F 0.048 0.026 0.025 0.022 0.011 0.019 0.028 0.031 0.029 0.048 0.08 0.029 0.02 0.219 0.016 0.063 0.035 0.019 0.182 0.048
167 I 0.045 0.018 0.015 0.017 0.014 0.013 0.019 0.022 0.011 0.192 0.14 0.022 0.031 0.161 0.013 0.026 0.036 0.009 0.042 0.152
168 A 0.117 0.043 0.038 0.095 0.013 0.03 0.051 0.052 0.017 0.036 0.061 0.083 0.021 0.027 0.023 0.09 0.046 0.088 0.025 0.044
169 P 0.053 0.025 0.021 0.028 0.011 0.019 0.033 0.033 0.012 0.04 0.095 0.038 0.016 0.019 0.424 0.04 0.035 0.003 0.014 0.041
170 N 0.056 0.039 0.15 0.098 0.01 0.035 0.094 0.051 0.029 0.027 0.039 0.052 0.013 0.036 0.022 0.092 0.048 0.008 0.069 0.033
171 L 0.057 0.025 0.03 0.087 0.015 0.02 0.036 0.032 0.012 0.129 0.193 0.032 0.032 0.037 0.018 0.065 0.044 0.006 0.019 0.111
172 L 0.042 0.023 0.014 0.015 0.015 0.015 0.02 0.021 0.011 0.104 0.344 0.024 0.044 0.111 0.013 0.024 0.031 0.009 0.033 0.087
173 S 0.119 0.035 0.089 0.045 0.016 0.028 0.043 0.059 0.018 0.073 0.063 0.046 0.018 0.024 0.025 0.149 0.063 0.005 0.017 0.065
174 L 0.056 0.023 0.018 0.021 0.015 0.017 0.026 0.027 0.01 0.099 0.184 0.03 0.03 0.034 0.179 0.033 0.039 0.005 0.018 0.137
175 F 0.034 0.018 0.016 0.017 0.011 0.011 0.018 0.024 0.016 0.077 0.115 0.019 0.026 0.378 0.011 0.025 0.026 0.016 0.082 0.062
176 H 0.041 0.045 0.052 0.037 0.007 0.037 0.052 0.037 0.371 0.022 0.037 0.045 0.015 0.03 0.019 0.041 0.026 0.007 0.056 0.022
177 L 0.046 0.042 0.073 0.031 0.013 0.027 0.034 0.033 0.016 0.081 0.24 0.076 0.059 0.04 0.017 0.038 0.037 0.006 0.02 0.072
178 S 0.084 0.038 0.096 0.05 0.016 0.031 0.046 0.057 0.019 0.035 0.047 0.05 0.016 0.021 0.027 0.161 0.136 0.005 0.017 0.048
179 L 0.05 0.029 0.019 0.019 0.016 0.025 0.026 0.026 0.015 0.13 0.187 0.033 0.157 0.046 0.015 0.033 0.039 0.007 0.023 0.104
180 D 0.047 0.03 0.055 0.303 0.009 0.031 0.108 0.04 0.017 0.045 0.045 0.045 0.013 0.018 0.021 0.048 0.037 0.004 0.013 0.068
181 G 0.073 0.027 0.038 0.042 0.01 0.026 0.073 0.441 0.015 0.019 0.029 0.04 0.01 0.016 0.02 0.051 0.03 0.005 0.011 0.025
182 Y 0.04 0.027 0.021 0.018 0.009 0.021 0.027 0.024 0.046 0.043 0.067 0.03 0.018 0.128 0.015 0.03 0.027 0.027 0.334 0.046
183 G 0.069 0.023 0.034 0.034 0.011 0.021 0.046 0.382 0.013 0.073 0.056 0.034 0.015 0.021 0.018 0.045 0.032 0.005 0.013 0.054
184 F 0.101 0.022 0.018 0.019 0.016 0.015 0.024 0.035 0.013 0.103 0.109 0.026 0.026 0.179 0.016 0.039 0.039 0.01 0.046 0.145
185 G 0.077 0.022 0.038 0.033 0.011 0.018 0.025 0.521 0.013 0.018 0.028 0.033 0.009 0.016 0.018 0.05 0.029 0.005 0.011 0.024
186 S 0.117 0.031 0.036 0.035 0.015 0.025 0.04 0.054 0.016 0.039 0.066 0.042 0.017 0.084 0.105 0.137 0.057 0.007 0.028 0.047
187 R 0.044 0.361 0.038 0.03 0.008 0.047 0.051 0.032 0.023 0.023 0.045 0.117 0.015 0.017 0.019 0.044 0.034 0.006 0.017 0.03
188 L 0.046 0.034 0.021 0.022 0.014 0.066 0.038 0.025 0.014 0.122 0.272 0.039 0.04 0.043 0.016 0.031 0.035 0.006 0.021 0.093
189 R 0.044 0.361 0.038 0.03 0.008 0.047 0.051 0.032 0.023 0.023 0.045 0.117 0.015 0.017 0.019 0.044 0.034 0.006 0.017 0.03
190 L 0.045 0.024 0.014 0.015 0.016 0.016 0.02 0.021 0.01 0.116 0.373 0.025 0.047 0.052 0.014 0.024 0.034 0.007 0.022 0.107
191 L 0.043 0.024 0.014 0.015 0.016 0.016 0.02 0.021 0.01 0.113 0.391 0.025 0.048 0.053 0.014 0.024 0.033 0.007 0.022 0.094
192 S 0.107 0.039 0.053 0.048 0.017 0.032 0.051 0.065 0.019 0.029 0.041 0.053 0.015 0.02 0.029 0.239 0.08 0.005 0.017 0.041
193 P 0.055 0.025 0.023 0.03 0.01 0.02 0.035 0.035 0.013 0.025 0.035 0.04 0.01 0.013 0.506 0.043 0.035 0.003 0.013 0.03
194 E 0.054 0.048 0.04 0.088 0.007 0.063 0.314 0.034 0.025 0.022 0.036 0.074 0.013 0.016 0.025 0.054 0.036 0.005 0.016 0.031
195 P 0.055 0.025 0.023 0.03 0.01 0.02 0.035 0.035 0.013 0.025 0.035 0.04 0.01 0.013 0.506 0.043 0.035 0.003 0.013 0.03
196 S 0.107 0.039 0.053 0.048 0.017 0.032 0.051 0.065 0.019 0.029 0.041 0.053 0.015 0.02 0.029 0.239 0.08 0.005 0.017 0.041
197 I 0.049 0.025 0.017 0.019 0.016 0.021 0.023 0.024 0.013 0.181 0.179 0.03 0.121 0.045 0.015 0.03 0.039 0.007 0.022 0.125
198 A 0.311 0.03 0.025 0.029 0.021 0.025 0.039 0.076 0.014 0.042 0.058 0.043 0.017 0.021 0.029 0.083 0.048 0.005 0.017 0.067
199 A 0.282 0.031 0.029 0.031 0.02 0.026 0.041 0.074 0.015 0.04 0.055 0.045 0.017 0.021 0.029 0.105 0.053 0.005 0.017 0.063
200 F 0.034 0.019 0.016 0.016 0.011 0.011 0.019 0.024 0.015 0.069 0.151 0.019 0.028 0.355 0.011 0.025 0.026 0.015 0.077 0.059
201 T 0.071 0.034 0.042 0.036 0.017 0.027 0.038 0.042 0.013 0.052 0.063 0.044 0.019 0.023 0.027 0.09 0.268 0.006 0.017 0.069
202 F 0.036 0.02 0.016 0.016 0.012 0.012 0.019 0.024 0.015 0.076 0.192 0.02 0.031 0.304 0.011 0.024 0.027 0.014 0.068 0.065
203 N 0.041 0.044 0.337 0.081 0.009 0.033 0.048 0.063 0.031 0.022 0.031 0.052 0.011 0.017 0.02 0.068 0.048 0.004 0.015 0.026
204 I 0.049 0.019 0.014 0.017 0.016 0.014 0.018 0.021 0.009 0.248 0.191 0.023 0.037 0.043 0.014 0.025 0.039 0.006 0.02 0.177
205 F 0.039 0.019 0.016 0.016 0.081 0.011 0.018 0.025 0.014 0.066 0.144 0.02 0.027 0.3 0.012 0.027 0.027 0.013 0.066 0.059
206 L 0.05 0.023 0.018 0.019 0.015 0.017 0.021 0.093 0.011 0.148 0.247 0.027 0.059 0.044 0.015 0.029 0.035 0.006 0.02 0.105
207 L 0.044 0.025 0.015 0.015 0.016 0.017 0.021 0.022 0.011 0.11 0.365 0.026 0.068 0.052 0.014 0.025 0.033 0.007 0.022 0.093
208 L 0.047 0.021 0.014 0.016 0.016 0.015 0.019 0.021 0.009 0.17 0.29 0.024 0.042 0.048 0.014 0.025 0.036 0.006 0.021 0.144
209 T 0.144 0.032 0.035 0.033 0.018 0.025 0.038 0.052 0.014 0.061 0.067 0.042 0.02 0.024 0.026 0.101 0.147 0.005 0.018 0.096
210 I 0.045 0.019 0.014 0.016 0.016 0.014 0.018 0.02 0.009 0.241 0.229 0.023 0.039 0.046 0.014 0.024 0.037 0.006 0.02 0.149
211 A 0.148 0.031 0.031 0.03 0.018 0.025 0.037 0.051 0.014 0.067 0.086 0.041 0.043 0.027 0.025 0.093 0.108 0.006 0.018 0.099
212 L 0.041 0.023 0.014 0.015 0.015 0.015 0.019 0.021 0.011 0.103 0.345 0.024 0.044 0.113 0.013 0.024 0.031 0.009 0.033 0.087
213 S 0.095 0.033 0.042 0.039 0.086 0.027 0.042 0.054 0.016 0.05 0.056 0.044 0.018 0.022 0.025 0.184 0.069 0.005 0.017 0.078
214 N 0.046 0.06 0.199 0.059 0.009 0.037 0.052 0.051 0.029 0.026 0.039 0.127 0.013 0.032 0.021 0.057 0.042 0.008 0.062 0.031
215 S 0.083 0.035 0.082 0.043 0.016 0.028 0.042 0.052 0.018 0.058 0.102 0.045 0.022 0.027 0.024 0.156 0.064 0.005 0.018 0.082
216 K 0.054 0.111 0.097 0.044 0.01 0.04 0.053 0.044 0.021 0.063 0.057 0.163 0.017 0.02 0.023 0.066 0.043 0.005 0.017 0.051
217 I 0.045 0.019 0.016 0.019 0.014 0.014 0.02 0.023 0.01 0.201 0.164 0.025 0.032 0.091 0.084 0.027 0.035 0.007 0.029 0.126
218 L 0.091 0.025 0.02 0.021 0.017 0.018 0.026 0.033 0.011 0.1 0.182 0.029 0.031 0.089 0.018 0.044 0.072 0.007 0.029 0.137
219 R 0.049 0.203 0.035 0.033 0.009 0.044 0.054 0.035 0.02 0.063 0.061 0.181 0.018 0.02 0.022 0.044 0.037 0.005 0.017 0.051
220 L 0.044 0.021 0.015 0.016 0.015 0.015 0.02 0.021 0.014 0.181 0.24 0.025 0.038 0.059 0.014 0.025 0.035 0.009 0.066 0.126
221 L 0.042 0.021 0.015 0.017 0.014 0.015 0.02 0.023 0.012 0.147 0.218 0.024 0.057 0.15 0.013 0.026 0.033 0.009 0.04 0.104
222 L 0.047 0.024 0.017 0.018 0.014 0.019 0.023 0.024 0.017 0.123 0.178 0.027 0.075 0.108 0.014 0.029 0.036 0.011 0.076 0.119
223 W 0.044 0.021 0.018 0.018 0.011 0.015 0.022 0.098 0.013 0.084 0.075 0.024 0.019 0.047 0.011 0.028 0.029 0.292 0.045 0.086
224 G 0.066 0.022 0.028 0.026 0.013 0.017 0.023 0.309 0.011 0.091 0.113 0.029 0.022 0.028 0.017 0.04 0.033 0.006 0.015 0.093
225 L 0.126 0.028 0.027 0.027 0.018 0.022 0.032 0.045 0.013 0.098 0.167 0.036 0.029 0.034 0.022 0.082 0.085 0.006 0.019 0.086
226 L 0.044 0.023 0.014 0.015 0.016 0.015 0.019 0.021 0.01 0.138 0.361 0.024 0.046 0.052 0.014 0.024 0.033 0.007 0.021 0.105
227 L 0.048 0.022 0.014 0.016 0.016 0.015 0.02 0.021 0.009 0.146 0.315 0.024 0.043 0.048 0.014 0.025 0.036 0.006 0.021 0.138
228 L 0.076 0.024 0.024 0.024 0.015 0.018 0.026 0.103 0.012 0.116 0.138 0.03 0.027 0.086 0.017 0.064 0.043 0.007 0.028 0.121
229 G 0.105 0.023 0.033 0.03 0.013 0.019 0.026 0.388 0.013 0.061 0.051 0.033 0.014 0.02 0.019 0.051 0.033 0.005 0.013 0.051
230 N 0.041 0.044 0.337 0.081 0.009 0.033 0.048 0.063 0.031 0.022 0.031 0.052 0.011 0.017 0.02 0.068 0.048 0.004 0.015 0.026
231 L 0.045 0.02 0.014 0.016 0.016 0.015 0.019 0.021 0.009 0.214 0.25 0.024 0.049 0.047 0.014 0.025 0.036 0.006 0.021 0.138
232 L 0.046 0.022 0.015 0.016 0.015 0.015 0.02 0.022 0.01 0.137 0.282 0.024 0.041 0.099 0.014 0.025 0.034 0.008 0.03 0.127
233 I 0.046 0.017 0.014 0.017 0.016 0.013 0.017 0.02 0.009 0.292 0.163 0.023 0.036 0.043 0.014 0.024 0.039 0.006 0.02 0.172
234 G 0.11 0.023 0.036 0.032 0.012 0.019 0.027 0.46 0.013 0.022 0.032 0.034 0.01 0.016 0.02 0.054 0.032 0.005 0.011 0.03
235 S 0.107 0.039 0.053 0.047 0.017 0.032 0.051 0.064 0.019 0.029 0.041 0.053 0.015 0.02 0.029 0.243 0.08 0.005 0.017 0.041
236 K 0.055 0.104 0.04 0.04 0.008 0.052 0.069 0.042 0.02 0.027 0.042 0.299 0.015 0.015 0.027 0.052 0.039 0.005 0.017 0.032
237 A 0.218 0.031 0.031 0.033 0.02 0.026 0.04 0.065 0.015 0.055 0.063 0.043 0.018 0.023 0.027 0.121 0.057 0.005 0.017 0.091
238 S 0.136 0.038 0.049 0.045 0.018 0.031 0.049 0.066 0.018 0.031 0.043 0.051 0.015 0.02 0.029 0.22 0.075 0.005 0.017 0.044
239 L 0.043 0.024 0.014 0.015 0.016 0.016 0.02 0.021 0.01 0.112 0.394 0.025 0.048 0.053 0.014 0.024 0.032 0.007 0.022 0.093
240 L 0.048 0.023 0.015 0.017 0.016 0.017 0.021 0.022 0.01 0.165 0.264 0.026 0.07 0.047 0.014 0.027 0.037 0.007 0.021 0.132
241 L 0.043 0.024 0.014 0.015 0.016 0.016 0.02 0.021 0.01 0.112 0.394 0.025 0.048 0.053 0.014 0.024 0.032 0.007 0.022 0.093
242 I 0.046 0.021 0.015 0.017 0.016 0.016 0.02 0.022 0.01 0.228 0.202 0.026 0.067 0.045 0.014 0.026 0.038 0.006 0.021 0.144
243 L 0.05 0.027 0.018 0.018 0.015 0.022 0.024 0.025 0.014 0.103 0.199 0.03 0.121 0.097 0.015 0.031 0.037 0.009 0.032 0.114
244 V 0.068 0.025 0.023 0.022 0.086 0.019 0.027 0.032 0.012 0.102 0.118 0.03 0.048 0.064 0.018 0.069 0.048 0.006 0.025 0.159
245 S 0.131 0.035 0.046 0.043 0.017 0.029 0.046 0.132 0.017 0.029 0.041 0.048 0.015 0.02 0.027 0.192 0.068 0.005 0.016 0.042
246 G 0.083 0.022 0.034 0.03 0.011 0.018 0.025 0.427 0.014 0.026 0.041 0.031 0.012 0.072 0.018 0.048 0.029 0.007 0.022 0.03
247 L 0.063 0.024 0.02 0.021 0.017 0.018 0.025 0.028 0.01 0.146 0.196 0.029 0.034 0.039 0.017 0.059 0.047 0.006 0.02 0.181
248 L 0.043 0.023 0.014 0.015 0.016 0.015 0.019 0.021 0.01 0.136 0.353 0.024 0.046 0.062 0.014 0.024 0.033 0.007 0.023 0.103
249 V 0.068 0.021 0.016 0.017 0.019 0.016 0.023 0.024 0.008 0.16 0.127 0.025 0.031 0.035 0.016 0.032 0.048 0.005 0.02 0.29
250 F 0.073 0.02 0.018 0.018 0.012 0.012 0.021 0.032 0.016 0.059 0.103 0.022 0.024 0.35 0.013 0.033 0.028 0.015 0.076 0.055
251 Y 0.043 0.026 0.02 0.018 0.01 0.02 0.027 0.024 0.04 0.059 0.075 0.03 0.02 0.114 0.015 0.031 0.03 0.024 0.292 0.08
252 F 0.036 0.02 0.016 0.016 0.012 0.012 0.019 0.024 0.015 0.076 0.192 0.02 0.031 0.304 0.011 0.024 0.027 0.014 0.068 0.065
253 N 0.051 0.043 0.296 0.076 0.01 0.033 0.048 0.063 0.029 0.023 0.032 0.052 0.011 0.018 0.021 0.093 0.052 0.004 0.015 0.028
254 L 0.052 0.031 0.022 0.021 0.016 0.026 0.028 0.028 0.014 0.093 0.202 0.035 0.142 0.044 0.017 0.041 0.071 0.007 0.022 0.087
255 S 0.071 0.041 0.088 0.054 0.013 0.036 0.085 0.05 0.071 0.032 0.044 0.052 0.015 0.021 0.025 0.123 0.11 0.006 0.022 0.042
256 L 0.04 0.025 0.061 0.025 0.013 0.017 0.023 0.028 0.015 0.085 0.261 0.027 0.036 0.148 0.014 0.03 0.032 0.009 0.039 0.072
257 L 0.051 0.024 0.019 0.02 0.016 0.018 0.023 0.026 0.012 0.147 0.18 0.028 0.055 0.093 0.016 0.036 0.07 0.008 0.03 0.132
258 R 0.045 0.343 0.039 0.031 0.008 0.049 0.052 0.033 0.023 0.023 0.047 0.121 0.016 0.017 0.019 0.045 0.035 0.006 0.017 0.031
259 Q 0.056 0.064 0.039 0.042 0.01 0.206 0.089 0.038 0.026 0.045 0.057 0.08 0.022 0.017 0.022 0.051 0.041 0.006 0.02 0.071
260 K 0.055 0.104 0.04 0.04 0.008 0.052 0.069 0.042 0.02 0.027 0.042 0.299 0.015 0.015 0.027 0.052 0.039 0.005 0.017 0.032
261 L 0.083 0.022 0.016 0.018 0.016 0.016 0.021 0.028 0.01 0.179 0.247 0.027 0.038 0.044 0.016 0.032 0.037 0.006 0.02 0.123
262 K 0.052 0.092 0.037 0.037 0.009 0.046 0.062 0.039 0.02 0.032 0.052 0.259 0.016 0.071 0.024 0.048 0.037 0.007 0.027 0.035
263 S 0.136 0.038 0.049 0.045 0.018 0.031 0.049 0.066 0.018 0.031 0.043 0.051 0.015 0.02 0.029 0.22 0.075 0.005 0.017 0.044
264 L 0.043 0.024 0.014 0.015 0.016 0.016 0.02 0.021 0.01 0.112 0.393 0.025 0.048 0.053 0.014 0.024 0.032 0.007 0.022 0.094
265 I 0.043 0.018 0.015 0.017 0.015 0.013 0.018 0.021 0.01 0.217 0.184 0.022 0.035 0.117 0.013 0.024 0.035 0.008 0.033 0.14
266 I 0.074 0.023 0.024 0.024 0.016 0.018 0.025 0.102 0.011 0.161 0.159 0.03 0.034 0.036 0.018 0.063 0.043 0.006 0.018 0.113
267 L 0.042 0.021 0.014 0.016 0.015 0.014 0.019 0.021 0.01 0.156 0.287 0.023 0.041 0.1 0.013 0.024 0.033 0.008 0.03 0.11
268 I 0.05 0.018 0.015 0.017 0.016 0.014 0.018 0.021 0.008 0.266 0.156 0.023 0.035 0.041 0.015 0.026 0.041 0.006 0.02 0.195
269 P 0.054 0.024 0.021 0.028 0.011 0.019 0.033 0.033 0.012 0.063 0.053 0.038 0.014 0.017 0.438 0.04 0.036 0.003 0.014 0.05
270 I 0.063 0.022 0.02 0.022 0.017 0.017 0.024 0.028 0.01 0.202 0.131 0.028 0.031 0.036 0.017 0.059 0.048 0.005 0.02 0.2
271 I 0.088 0.023 0.021 0.023 0.017 0.018 0.026 0.034 0.011 0.178 0.16 0.03 0.032 0.037 0.018 0.063 0.046 0.006 0.019 0.15
272 G 0.076 0.023 0.027 0.026 0.016 0.018 0.026 0.159 0.011 0.139 0.097 0.031 0.024 0.03 0.018 0.066 0.045 0.005 0.017 0.146
273 G 0.109 0.024 0.024 0.025 0.015 0.019 0.027 0.178 0.012 0.07 0.15 0.033 0.024 0.029 0.089 0.046 0.036 0.005 0.016 0.069
274 V 0.069 0.02 0.016 0.017 0.086 0.015 0.021 0.027 0.009 0.13 0.114 0.024 0.027 0.085 0.015 0.033 0.043 0.007 0.028 0.213
275 I 0.062 0.024 0.027 0.026 0.015 0.018 0.027 0.102 0.012 0.135 0.109 0.031 0.025 0.084 0.018 0.069 0.074 0.007 0.027 0.105
276 Y 0.038 0.026 0.02 0.018 0.009 0.02 0.026 0.024 0.041 0.045 0.073 0.029 0.019 0.167 0.014 0.029 0.027 0.026 0.302 0.046
277 I 0.056 0.019 0.016 0.018 0.017 0.015 0.02 0.022 0.008 0.229 0.145 0.025 0.033 0.039 0.015 0.029 0.049 0.006 0.02 0.219
278 F 0.043 0.02 0.019 0.02 0.013 0.014 0.021 0.026 0.013 0.135 0.121 0.024 0.028 0.226 0.014 0.034 0.065 0.011 0.054 0.1
279 L 0.046 0.021 0.015 0.016 0.015 0.015 0.02 0.022 0.01 0.147 0.263 0.024 0.044 0.098 0.014 0.025 0.035 0.008 0.03 0.131
280 N 0.051 0.043 0.231 0.066 0.01 0.034 0.049 0.057 0.107 0.023 0.034 0.051 0.012 0.021 0.021 0.087 0.047 0.005 0.025 0.027
281 D 0.041 0.03 0.069 0.395 0.008 0.03 0.092 0.047 0.019 0.022 0.028 0.045 0.009 0.015 0.022 0.052 0.036 0.004 0.011 0.024
282 T 0.065 0.038 0.08 0.04 0.016 0.028 0.039 0.043 0.015 0.061 0.066 0.057 0.019 0.023 0.024 0.076 0.192 0.005 0.017 0.092
283 V 0.096 0.021 0.017 0.019 0.018 0.016 0.023 0.03 0.009 0.181 0.127 0.027 0.03 0.035 0.017 0.037 0.045 0.005 0.02 0.224
284 L 0.044 0.025 0.015 0.015 0.016 0.017 0.021 0.022 0.011 0.11 0.365 0.026 0.068 0.052 0.014 0.025 0.033 0.007 0.022 0.093
285 P 0.055 0.025 0.023 0.03 0.01 0.02 0.035 0.035 0.013 0.025 0.035 0.04 0.01 0.013 0.508 0.043 0.035 0.003 0.013 0.03
286 A 0.282 0.031 0.029 0.031 0.02 0.026 0.041 0.074 0.015 0.04 0.055 0.045 0.017 0.021 0.029 0.105 0.053 0.005 0.017 0.063
287 L 0.043 0.024 0.014 0.015 0.016 0.016 0.02 0.021 0.01 0.112 0.394 0.025 0.048 0.053 0.014 0.024 0.032 0.007 0.022 0.093
288 A 0.145 0.028 0.027 0.027 0.018 0.022 0.032 0.047 0.012 0.12 0.097 0.037 0.033 0.029 0.023 0.066 0.114 0.006 0.018 0.099
289 V 0.06 0.069 0.019 0.019 0.016 0.02 0.026 0.024 0.01 0.167 0.122 0.038 0.029 0.034 0.016 0.032 0.044 0.005 0.02 0.229
290 D 0.04 0.029 0.067 0.415 0.007 0.029 0.089 0.045 0.018 0.022 0.027 0.043 0.009 0.014 0.022 0.051 0.034 0.004 0.011 0.024
291 V 0.058 0.02 0.015 0.017 0.017 0.015 0.02 0.022 0.008 0.217 0.142 0.024 0.033 0.038 0.015 0.029 0.044 0.006 0.02 0.239
292 E 0.05 0.043 0.047 0.18 0.007 0.058 0.246 0.037 0.023 0.022 0.034 0.065 0.012 0.016 0.024 0.053 0.035 0.005 0.015 0.029
293 K 0.059 0.119 0.084 0.046 0.01 0.072 0.065 0.046 0.023 0.026 0.041 0.172 0.015 0.016 0.024 0.081 0.045 0.005 0.017 0.032
294 F 0.034 0.02 0.017 0.017 0.01 0.012 0.02 0.025 0.021 0.059 0.105 0.02 0.024 0.365 0.011 0.025 0.025 0.018 0.122 0.052
295 T 0.077 0.035 0.044 0.038 0.017 0.028 0.04 0.046 0.014 0.048 0.059 0.046 0.018 0.023 0.027 0.116 0.236 0.006 0.017 0.064
296 S 0.107 0.039 0.053 0.047 0.017 0.032 0.051 0.064 0.019 0.029 0.041 0.053 0.015 0.02 0.029 0.243 0.08 0.005 0.017 0.041
297 V 0.063 0.021 0.016 0.017 0.017 0.015 0.022 0.024 0.009 0.146 0.124 0.024 0.03 0.088 0.015 0.031 0.045 0.007 0.029 0.256
298 S 0.136 0.038 0.049 0.045 0.018 0.031 0.049 0.066 0.018 0.031 0.043 0.051 0.015 0.02 0.029 0.22 0.075 0.005 0.017 0.044
299 T 0.071 0.034 0.042 0.036 0.017 0.027 0.038 0.042 0.013 0.052 0.063 0.044 0.019 0.023 0.027 0.09 0.268 0.006 0.017 0.069
300 R 0.043 0.364 0.038 0.03 0.008 0.047 0.051 0.032 0.023 0.023 0.045 0.117 0.015 0.017 0.019 0.043 0.034 0.006 0.017 0.03
301 L 0.048 0.024 0.018 0.018 0.015 0.017 0.021 0.093 0.011 0.098 0.33 0.026 0.05 0.047 0.015 0.028 0.032 0.007 0.02 0.083
302 I 0.049 0.018 0.015 0.017 0.016 0.013 0.018 0.021 0.008 0.273 0.158 0.023 0.035 0.042 0.015 0.025 0.04 0.006 0.02 0.189
303 T 0.071 0.034 0.042 0.036 0.017 0.027 0.038 0.042 0.013 0.052 0.063 0.044 0.019 0.023 0.027 0.09 0.268 0.006 0.017 0.069
304 A 0.189 0.035 0.039 0.038 0.019 0.028 0.044 0.066 0.016 0.038 0.051 0.047 0.017 0.021 0.029 0.152 0.093 0.005 0.017 0.056
305 L 0.044 0.022 0.014 0.015 0.016 0.015 0.019 0.02 0.009 0.164 0.328 0.024 0.045 0.05 0.014 0.024 0.034 0.007 0.021 0.116
306 W 0.07 0.023 0.016 0.017 0.009 0.016 0.025 0.036 0.015 0.031 0.052 0.025 0.015 0.053 0.01 0.031 0.026 0.435 0.059 0.035
307 A 0.311 0.03 0.025 0.029 0.021 0.025 0.039 0.076 0.014 0.042 0.058 0.043 0.017 0.021 0.029 0.083 0.048 0.005 0.017 0.067
308 L 0.048 0.021 0.015 0.016 0.016 0.015 0.02 0.022 0.01 0.147 0.253 0.024 0.039 0.097 0.014 0.026 0.036 0.008 0.03 0.146
309 L 0.05 0.02 0.015 0.016 0.154 0.014 0.018 0.024 0.009 0.144 0.233 0.023 0.035 0.041 0.015 0.028 0.035 0.006 0.018 0.105
310 S 0.107 0.039 0.053 0.047 0.017 0.032 0.051 0.064 0.019 0.029 0.041 0.053 0.015 0.02 0.029 0.243 0.08 0.005 0.017 0.041
311 L 0.043 0.024 0.014 0.015 0.016 0.016 0.02 0.021 0.01 0.112 0.394 0.025 0.048 0.053 0.014 0.024 0.032 0.007 0.022 0.093
312 F 0.04 0.019 0.015 0.016 0.014 0.012 0.018 0.022 0.012 0.169 0.182 0.021 0.033 0.189 0.013 0.024 0.032 0.01 0.047 0.111
313 Y 0.039 0.027 0.021 0.018 0.009 0.021 0.027 0.024 0.045 0.043 0.068 0.03 0.018 0.135 0.015 0.03 0.027 0.027 0.33 0.046
314 Y 0.038 0.026 0.02 0.018 0.009 0.02 0.026 0.024 0.041 0.045 0.073 0.029 0.019 0.167 0.014 0.029 0.027 0.026 0.302 0.046
315 P 0.055 0.025 0.023 0.03 0.01 0.02 0.035 0.035 0.013 0.025 0.035 0.04 0.01 0.013 0.508 0.043 0.035 0.003 0.013 0.03
316 L 0.042 0.023 0.014 0.015 0.015 0.015 0.019 0.021 0.011 0.105 0.353 0.024 0.045 0.103 0.013 0.024 0.031 0.008 0.031 0.088
317 G 0.076 0.022 0.038 0.033 0.01 0.018 0.025 0.524 0.013 0.018 0.027 0.033 0.009 0.016 0.018 0.05 0.029 0.005 0.01 0.024
318 E 0.054 0.048 0.039 0.088 0.007 0.063 0.317 0.034 0.025 0.021 0.036 0.073 0.013 0.016 0.025 0.054 0.036 0.005 0.016 0.03
319 G 0.076 0.022 0.038 0.033 0.01 0.018 0.025 0.524 0.013 0.018 0.027 0.033 0.009 0.016 0.018 0.05 0.029 0.005 0.01 0.024
320 Y 0.039 0.027 0.021 0.018 0.009 0.021 0.027 0.024 0.045 0.042 0.067 0.03 0.018 0.127 0.015 0.03 0.027 0.027 0.338 0.045
