#Seq2Logo.py -f /work3/idamei/wzy_ssn/run/1e-50/run/150/MSAs/0014_18.afa -o /work3/idamei/wzy_ssn/run/1e-50/run/150/logos/0014_18.logo
#Position Specific Frequency Matrix
A R N D C Q E G H I L K M F P S T W Y V
0 M 0.05 0.031 0.019 0.019 0.015 0.027 0.027 0.027 0.015 0.096 0.187 0.034 0.201 0.046 0.015 0.034 0.038 0.008 0.023 0.088
1 R 0.045 0.345 0.039 0.031 0.008 0.048 0.052 0.033 0.023 0.023 0.047 0.12 0.016 0.017 0.019 0.045 0.035 0.006 0.017 0.031
2 S 0.11 0.04 0.054 0.049 0.018 0.033 0.052 0.066 0.019 0.03 0.042 0.054 0.016 0.021 0.03 0.22 0.082 0.005 0.018 0.042
3 P 0.057 0.026 0.023 0.031 0.01 0.021 0.036 0.036 0.013 0.026 0.036 0.041 0.01 0.013 0.494 0.044 0.036 0.003 0.013 0.031
4 T 0.073 0.036 0.043 0.038 0.018 0.028 0.039 0.043 0.014 0.053 0.065 0.045 0.02 0.024 0.028 0.093 0.246 0.006 0.018 0.071
5 G 0.078 0.023 0.039 0.034 0.011 0.019 0.026 0.51 0.014 0.019 0.028 0.034 0.009 0.016 0.019 0.051 0.03 0.005 0.011 0.024
6 Q 0.056 0.074 0.044 0.047 0.009 0.215 0.103 0.041 0.029 0.026 0.047 0.091 0.021 0.015 0.024 0.056 0.041 0.006 0.021 0.035
7 L 0.045 0.024 0.014 0.015 0.016 0.016 0.02 0.021 0.01 0.115 0.375 0.025 0.05 0.055 0.014 0.024 0.033 0.007 0.022 0.096
8 F 0.034 0.019 0.017 0.017 0.011 0.011 0.019 0.025 0.017 0.063 0.114 0.019 0.025 0.387 0.011 0.025 0.025 0.017 0.089 0.055
9 L 0.045 0.024 0.014 0.015 0.016 0.016 0.02 0.021 0.01 0.115 0.375 0.025 0.05 0.055 0.014 0.024 0.033 0.007 0.022 0.096
10 P 0.057 0.026 0.023 0.031 0.01 0.021 0.036 0.036 0.013 0.026 0.036 0.041 0.01 0.013 0.494 0.044 0.036 0.003 0.013 0.031
11 R 0.045 0.345 0.039 0.031 0.008 0.048 0.052 0.033 0.023 0.023 0.047 0.12 0.016 0.017 0.019 0.045 0.035 0.006 0.017 0.031
12 Y 0.04 0.028 0.022 0.019 0.009 0.022 0.028 0.025 0.047 0.044 0.068 0.031 0.019 0.131 0.016 0.031 0.028 0.028 0.318 0.047
13 D 0.041 0.03 0.069 0.397 0.008 0.03 0.091 0.047 0.019 0.022 0.028 0.045 0.009 0.015 0.022 0.052 0.035 0.004 0.011 0.024
14 Q 0.056 0.074 0.044 0.047 0.009 0.215 0.103 0.041 0.029 0.026 0.047 0.091 0.021 0.015 0.024 0.056 0.041 0.006 0.021 0.035
15 P 0.057 0.026 0.023 0.031 0.01 0.021 0.036 0.036 0.013 0.026 0.036 0.041 0.01 0.013 0.494 0.044 0.036 0.003 0.013 0.031
16 L 0.045 0.024 0.014 0.015 0.016 0.016 0.02 0.021 0.01 0.115 0.375 0.025 0.05 0.055 0.014 0.024 0.033 0.007 0.022 0.096
17 I 0.047 0.018 0.015 0.018 0.016 0.013 0.018 0.021 0.009 0.271 0.168 0.024 0.037 0.044 0.015 0.025 0.04 0.006 0.021 0.177
18 A 0.29 0.031 0.026 0.03 0.022 0.026 0.04 0.078 0.015 0.043 0.059 0.045 0.018 0.022 0.03 0.085 0.05 0.005 0.018 0.069
19 C 0.065 0.016 0.016 0.016 0.484 0.012 0.016 0.032 0.008 0.045 0.065 0.02 0.016 0.02 0.016 0.041 0.037 0.004 0.012 0.057
20 T 0.073 0.036 0.043 0.038 0.018 0.028 0.039 0.043 0.014 0.053 0.065 0.045 0.02 0.024 0.028 0.093 0.246 0.006 0.018 0.071
21 L 0.045 0.024 0.014 0.015 0.016 0.016 0.02 0.021 0.01 0.115 0.375 0.025 0.05 0.055 0.014 0.024 0.033 0.007 0.022 0.096
22 D 0.041 0.03 0.069 0.397 0.008 0.03 0.091 0.047 0.019 0.022 0.028 0.045 0.009 0.015 0.022 0.052 0.035 0.004 0.011 0.024
23 T 0.073 0.036 0.043 0.038 0.018 0.028 0.039 0.043 0.014 0.053 0.065 0.045 0.02 0.024 0.028 0.093 0.246 0.006 0.018 0.071
24 L 0.052 0.032 0.02 0.02 0.016 0.028 0.028 0.028 0.016 0.1 0.197 0.036 0.161 0.048 0.016 0.036 0.04 0.008 0.024 0.092
25 G 0.078 0.023 0.039 0.034 0.011 0.019 0.026 0.51 0.014 0.019 0.028 0.034 0.009 0.016 0.019 0.051 0.03 0.005 0.011 0.024
26 E 0.055 0.05 0.04 0.09 0.007 0.064 0.296 0.035 0.026 0.022 0.037 0.076 0.013 0.017 0.026 0.055 0.037 0.006 0.017 0.031
27 K 0.057 0.107 0.042 0.042 0.009 0.054 0.071 0.043 0.021 0.028 0.043 0.278 0.016 0.016 0.028 0.054 0.04 0.005 0.017 0.033
28 L 0.052 0.032 0.02 0.02 0.016 0.028 0.028 0.028 0.016 0.1 0.197 0.036 0.161 0.048 0.016 0.036 0.04 0.008 0.024 0.092
29 A 0.103 0.071 0.092 0.041 0.012 0.031 0.043 0.094 0.055 0.028 0.042 0.074 0.014 0.028 0.067 0.073 0.041 0.007 0.049 0.037
30 Y 0.041 0.028 0.022 0.019 0.009 0.022 0.028 0.025 0.047 0.044 0.069 0.031 0.019 0.131 0.016 0.031 0.028 0.028 0.316 0.047
31 G 0.078 0.023 0.039 0.034 0.011 0.019 0.026 0.509 0.014 0.019 0.028 0.034 0.009 0.016 0.019 0.051 0.03 0.005 0.011 0.024
32 I 0.047 0.018 0.015 0.018 0.016 0.013 0.018 0.021 0.009 0.269 0.168 0.024 0.037 0.044 0.015 0.025 0.04 0.006 0.021 0.177
33 L 0.052 0.032 0.02 0.02 0.016 0.028 0.028 0.028 0.016 0.101 0.197 0.036 0.158 0.048 0.016 0.036 0.04 0.008 0.024 0.093
34 R 0.045 0.343 0.039 0.031 0.008 0.049 0.052 0.033 0.023 0.023 0.047 0.121 0.016 0.017 0.019 0.045 0.035 0.006 0.017 0.031
35 V 0.1 0.029 0.032 0.031 0.017 0.023 0.035 0.044 0.013 0.096 0.111 0.038 0.024 0.029 0.023 0.113 0.101 0.005 0.018 0.118
36 L 0.093 0.035 0.027 0.028 0.015 0.024 0.036 0.04 0.013 0.092 0.145 0.066 0.026 0.03 0.076 0.087 0.047 0.005 0.018 0.096
37 L 0.053 0.031 0.06 0.034 0.012 0.024 0.053 0.034 0.019 0.086 0.112 0.046 0.023 0.081 0.073 0.061 0.041 0.009 0.061 0.087
38 N 0.063 0.033 0.121 0.045 0.015 0.026 0.037 0.045 0.018 0.09 0.074 0.042 0.02 0.025 0.022 0.088 0.115 0.005 0.017 0.099
39 P 0.097 0.032 0.035 0.035 0.015 0.026 0.039 0.047 0.015 0.043 0.066 0.044 0.039 0.022 0.164 0.112 0.094 0.005 0.017 0.052
40 V 0.07 0.022 0.016 0.018 0.019 0.016 0.023 0.025 0.008 0.165 0.13 0.026 0.032 0.036 0.016 0.033 0.049 0.006 0.021 0.269
41 E 0.055 0.05 0.04 0.09 0.007 0.064 0.296 0.035 0.026 0.022 0.037 0.076 0.013 0.017 0.026 0.055 0.037 0.006 0.017 0.031
42 D 0.041 0.03 0.069 0.397 0.008 0.03 0.091 0.047 0.019 0.022 0.028 0.045 0.009 0.015 0.022 0.052 0.035 0.004 0.011 0.024
43 V 0.07 0.022 0.016 0.018 0.019 0.016 0.023 0.025 0.008 0.165 0.13 0.026 0.032 0.036 0.016 0.033 0.049 0.006 0.021 0.269
44 H 0.042 0.046 0.053 0.038 0.008 0.038 0.053 0.038 0.355 0.023 0.038 0.046 0.015 0.03 0.019 0.042 0.027 0.008 0.057 0.023
45 R 0.073 0.135 0.042 0.04 0.012 0.064 0.055 0.047 0.02 0.026 0.042 0.074 0.015 0.017 0.094 0.131 0.054 0.005 0.017 0.035
46 V 0.07 0.022 0.016 0.018 0.019 0.016 0.023 0.025 0.008 0.165 0.13 0.026 0.032 0.036 0.016 0.033 0.049 0.006 0.021 0.269
47 T 0.073 0.036 0.043 0.038 0.018 0.028 0.039 0.043 0.014 0.053 0.065 0.045 0.02 0.024 0.028 0.093 0.246 0.006 0.018 0.071
48 S 0.11 0.04 0.054 0.049 0.018 0.033 0.052 0.066 0.019 0.03 0.042 0.054 0.016 0.021 0.03 0.22 0.082 0.005 0.018 0.042
49 P 0.057 0.026 0.023 0.031 0.01 0.021 0.036 0.036 0.013 0.026 0.036 0.041 0.01 0.013 0.494 0.044 0.036 0.003 0.013 0.031
50 P 0.057 0.026 0.023 0.031 0.01 0.021 0.036 0.036 0.013 0.026 0.036 0.041 0.01 0.013 0.494 0.044 0.036 0.003 0.013 0.031
51 A 0.141 0.053 0.028 0.029 0.016 0.032 0.044 0.048 0.014 0.078 0.077 0.118 0.021 0.024 0.024 0.057 0.046 0.005 0.018 0.126
52 R 0.077 0.194 0.046 0.04 0.013 0.041 0.052 0.049 0.021 0.026 0.044 0.087 0.016 0.019 0.024 0.134 0.058 0.005 0.017 0.036
53 D 0.041 0.03 0.069 0.397 0.008 0.03 0.091 0.047 0.019 0.022 0.028 0.045 0.009 0.015 0.022 0.052 0.035 0.004 0.011 0.024
54 E 0.055 0.05 0.04 0.09 0.007 0.064 0.296 0.035 0.026 0.022 0.037 0.076 0.013 0.017 0.026 0.055 0.037 0.006 0.017 0.031
55 D 0.044 0.024 0.042 0.209 0.012 0.021 0.054 0.033 0.014 0.148 0.097 0.034 0.023 0.029 0.018 0.038 0.037 0.005 0.016 0.1
56 A 0.294 0.031 0.025 0.03 0.021 0.025 0.04 0.078 0.015 0.043 0.059 0.044 0.017 0.021 0.03 0.085 0.05 0.005 0.017 0.068
57 H 0.076 0.043 0.053 0.043 0.012 0.036 0.053 0.052 0.189 0.026 0.04 0.05 0.015 0.026 0.024 0.133 0.054 0.006 0.037 0.032
58 V 0.09 0.031 0.035 0.033 0.018 0.025 0.038 0.045 0.014 0.097 0.086 0.04 0.024 0.028 0.023 0.128 0.065 0.005 0.019 0.157
59 L 0.109 0.031 0.026 0.04 0.014 0.03 0.104 0.103 0.015 0.071 0.129 0.043 0.024 0.028 0.021 0.049 0.039 0.006 0.017 0.101
60 F 0.105 0.025 0.028 0.026 0.014 0.019 0.028 0.138 0.017 0.046 0.071 0.032 0.018 0.155 0.019 0.055 0.079 0.011 0.06 0.053
61 S 0.11 0.04 0.054 0.049 0.018 0.033 0.052 0.066 0.019 0.03 0.042 0.054 0.016 0.021 0.03 0.22 0.082 0.005 0.018 0.042
62 P 0.057 0.026 0.023 0.031 0.01 0.021 0.036 0.036 0.013 0.026 0.036 0.041 0.01 0.013 0.494 0.044 0.036 0.003 0.013 0.031
63 C 0.065 0.016 0.016 0.016 0.484 0.012 0.016 0.032 0.008 0.045 0.065 0.02 0.016 0.02 0.016 0.041 0.037 0.004 0.012 0.057
64 F 0.034 0.019 0.017 0.017 0.011 0.011 0.019 0.025 0.017 0.063 0.114 0.019 0.025 0.387 0.011 0.025 0.025 0.017 0.089 0.055
65 N 0.127 0.04 0.224 0.065 0.013 0.031 0.046 0.069 0.026 0.029 0.04 0.05 0.013 0.019 0.023 0.074 0.049 0.005 0.016 0.041
66 S 0.099 0.037 0.075 0.085 0.014 0.052 0.053 0.052 0.018 0.042 0.049 0.049 0.016 0.019 0.079 0.12 0.054 0.005 0.016 0.066
67 F 0.034 0.019 0.017 0.017 0.011 0.011 0.019 0.025 0.017 0.063 0.114 0.019 0.025 0.387 0.011 0.025 0.025 0.017 0.089 0.055
68 K 0.081 0.134 0.034 0.035 0.01 0.062 0.057 0.041 0.019 0.027 0.043 0.152 0.015 0.015 0.133 0.051 0.038 0.005 0.016 0.035
69 G 0.102 0.063 0.068 0.039 0.012 0.028 0.041 0.158 0.017 0.026 0.038 0.077 0.012 0.016 0.132 0.077 0.042 0.004 0.014 0.035
70 G 0.058 0.032 0.028 0.026 0.013 0.021 0.028 0.195 0.012 0.085 0.172 0.06 0.027 0.032 0.018 0.042 0.059 0.006 0.017 0.068
71 D 0.075 0.029 0.05 0.266 0.011 0.027 0.066 0.045 0.016 0.04 0.085 0.041 0.033 0.022 0.021 0.069 0.04 0.005 0.014 0.042
72 L 0.083 0.024 0.022 0.023 0.015 0.018 0.026 0.083 0.011 0.131 0.184 0.031 0.03 0.035 0.067 0.057 0.04 0.005 0.018 0.098
73 Y 0.04 0.028 0.022 0.019 0.009 0.022 0.028 0.025 0.047 0.044 0.068 0.031 0.019 0.131 0.016 0.031 0.028 0.028 0.318 0.047
74 I 0.08 0.022 0.021 0.022 0.065 0.016 0.024 0.032 0.011 0.133 0.105 0.028 0.025 0.107 0.018 0.045 0.086 0.007 0.031 0.121
75 P 0.061 0.027 0.029 0.031 0.011 0.022 0.035 0.086 0.05 0.037 0.043 0.039 0.013 0.017 0.318 0.063 0.039 0.004 0.018 0.057
76 L 0.068 0.02 0.016 0.017 0.014 0.014 0.02 0.027 0.012 0.147 0.208 0.024 0.034 0.155 0.014 0.029 0.033 0.009 0.039 0.1
77 L 0.043 0.022 0.014 0.015 0.015 0.014 0.019 0.021 0.011 0.105 0.317 0.023 0.041 0.123 0.013 0.024 0.032 0.008 0.034 0.105
78 L 0.045 0.024 0.014 0.015 0.016 0.016 0.02 0.021 0.01 0.115 0.375 0.025 0.05 0.055 0.014 0.024 0.033 0.007 0.022 0.096
79 L 0.043 0.023 0.017 0.017 0.013 0.017 0.022 0.024 0.019 0.102 0.219 0.026 0.05 0.137 0.014 0.034 0.032 0.013 0.099 0.08
80 L 0.071 0.022 0.015 0.017 0.015 0.015 0.021 0.027 0.011 0.119 0.268 0.025 0.037 0.107 0.015 0.03 0.034 0.008 0.031 0.111
81 G 0.149 0.026 0.03 0.029 0.016 0.021 0.031 0.231 0.013 0.057 0.059 0.036 0.017 0.022 0.022 0.077 0.044 0.005 0.015 0.099
82 L 0.087 0.023 0.017 0.018 0.016 0.017 0.023 0.062 0.01 0.104 0.277 0.027 0.037 0.042 0.016 0.034 0.037 0.006 0.02 0.126
83 F 0.079 0.021 0.023 0.022 0.012 0.014 0.022 0.157 0.015 0.048 0.083 0.025 0.02 0.262 0.015 0.038 0.028 0.012 0.058 0.047
84 L 0.052 0.022 0.015 0.016 0.017 0.015 0.02 0.022 0.009 0.152 0.267 0.024 0.04 0.045 0.015 0.027 0.039 0.006 0.021 0.179
85 I 0.13 0.023 0.02 0.022 0.017 0.018 0.025 0.1 0.011 0.153 0.141 0.03 0.028 0.033 0.019 0.045 0.04 0.006 0.018 0.122
86 G 0.09 0.022 0.022 0.022 0.015 0.016 0.023 0.156 0.011 0.108 0.129 0.028 0.025 0.078 0.017 0.039 0.037 0.007 0.026 0.128
87 I 0.052 0.019 0.017 0.019 0.016 0.015 0.02 0.023 0.009 0.25 0.143 0.025 0.032 0.039 0.016 0.032 0.064 0.006 0.019 0.185
88 L 0.051 0.023 0.017 0.018 0.016 0.017 0.022 0.024 0.01 0.151 0.244 0.027 0.054 0.043 0.016 0.033 0.062 0.006 0.02 0.147
89 L 0.087 0.025 0.022 0.022 0.017 0.019 0.027 0.033 0.011 0.123 0.19 0.031 0.032 0.036 0.018 0.061 0.068 0.006 0.019 0.152
90 A 0.16 0.031 0.037 0.035 0.017 0.025 0.039 0.157 0.015 0.043 0.051 0.042 0.016 0.021 0.025 0.14 0.056 0.005 0.016 0.071
91 T 0.062 0.034 0.032 0.029 0.017 0.028 0.034 0.036 0.015 0.076 0.13 0.041 0.092 0.036 0.022 0.064 0.145 0.007 0.021 0.081
92 A 0.169 0.027 0.025 0.026 0.018 0.022 0.032 0.049 0.012 0.097 0.114 0.036 0.024 0.029 0.023 0.078 0.071 0.005 0.018 0.124
93 A 0.113 0.04 0.067 0.049 0.013 0.056 0.103 0.049 0.022 0.034 0.049 0.054 0.016 0.029 0.024 0.085 0.092 0.007 0.05 0.047
94 L 0.053 0.024 0.022 0.021 0.015 0.017 0.025 0.028 0.015 0.126 0.184 0.028 0.031 0.098 0.016 0.055 0.063 0.009 0.061 0.111
95 G 0.064 0.026 0.036 0.077 0.01 0.024 0.065 0.269 0.015 0.021 0.03 0.04 0.01 0.015 0.169 0.054 0.033 0.004 0.012 0.026
96 G 0.079 0.032 0.045 0.077 0.014 0.026 0.044 0.147 0.015 0.03 0.041 0.044 0.014 0.018 0.074 0.133 0.107 0.005 0.014 0.04
97 L 0.083 0.027 0.023 0.029 0.015 0.023 0.057 0.034 0.013 0.125 0.156 0.036 0.033 0.033 0.069 0.061 0.05 0.005 0.018 0.11
98 A 0.161 0.025 0.019 0.021 0.018 0.019 0.028 0.043 0.012 0.092 0.152 0.031 0.028 0.07 0.02 0.049 0.042 0.007 0.025 0.141
99 H 0.044 0.032 0.034 0.028 0.012 0.026 0.035 0.029 0.183 0.149 0.103 0.035 0.026 0.037 0.017 0.033 0.033 0.007 0.039 0.099
100 L 0.061 0.034 0.031 0.03 0.013 0.066 0.041 0.133 0.015 0.093 0.138 0.043 0.031 0.029 0.019 0.065 0.063 0.006 0.018 0.072
101 L 0.044 0.022 0.014 0.015 0.015 0.015 0.019 0.021 0.01 0.129 0.322 0.023 0.042 0.086 0.013 0.024 0.033 0.007 0.027 0.117
102 L 0.157 0.027 0.023 0.025 0.018 0.021 0.031 0.047 0.012 0.104 0.162 0.035 0.028 0.033 0.021 0.075 0.047 0.006 0.019 0.111
103 A 0.149 0.027 0.024 0.025 0.018 0.021 0.032 0.046 0.016 0.083 0.119 0.035 0.025 0.042 0.021 0.074 0.047 0.008 0.059 0.131
104 L 0.054 0.023 0.019 0.019 0.016 0.016 0.023 0.025 0.01 0.134 0.186 0.027 0.033 0.085 0.016 0.037 0.078 0.007 0.028 0.162
105 L 0.045 0.024 0.014 0.015 0.016 0.016 0.02 0.021 0.01 0.115 0.375 0.025 0.05 0.055 0.014 0.024 0.033 0.007 0.022 0.096
106 F 0.121 0.025 0.023 0.023 0.014 0.018 0.027 0.09 0.017 0.056 0.108 0.031 0.022 0.153 0.018 0.049 0.058 0.011 0.07 0.066
107 G 0.144 0.027 0.033 0.031 0.016 0.022 0.033 0.185 0.013 0.068 0.061 0.038 0.017 0.022 0.023 0.095 0.068 0.005 0.015 0.08
108 L 0.072 0.022 0.018 0.019 0.015 0.015 0.023 0.029 0.012 0.116 0.189 0.026 0.032 0.142 0.015 0.036 0.057 0.009 0.037 0.118
109 L 0.126 0.026 0.02 0.021 0.017 0.02 0.027 0.083 0.012 0.084 0.211 0.032 0.062 0.037 0.018 0.044 0.038 0.006 0.019 0.097
110 L 0.038 0.02 0.015 0.016 0.013 0.013 0.018 0.022 0.012 0.123 0.226 0.021 0.035 0.216 0.012 0.024 0.029 0.011 0.05 0.088
111 A 0.131 0.021 0.018 0.02 0.114 0.016 0.024 0.04 0.012 0.109 0.096 0.027 0.023 0.105 0.018 0.045 0.039 0.007 0.03 0.105
112 T 0.1 0.031 0.037 0.034 0.017 0.025 0.037 0.092 0.014 0.056 0.089 0.041 0.02 0.025 0.024 0.119 0.138 0.005 0.017 0.079
113 L 0.054 0.023 0.018 0.018 0.016 0.016 0.022 0.025 0.01 0.149 0.259 0.026 0.038 0.043 0.015 0.047 0.041 0.006 0.02 0.152
114 V 0.08 0.021 0.016 0.018 0.017 0.016 0.022 0.027 0.009 0.171 0.176 0.026 0.033 0.038 0.016 0.034 0.049 0.006 0.02 0.204
115 V 0.09 0.025 0.024 0.024 0.018 0.019 0.028 0.034 0.01 0.142 0.106 0.032 0.026 0.031 0.02 0.065 0.091 0.005 0.019 0.191
116 P 0.079 0.028 0.023 0.025 0.013 0.04 0.034 0.078 0.016 0.067 0.123 0.037 0.022 0.035 0.154 0.041 0.037 0.007 0.047 0.095
117 L 0.044 0.024 0.014 0.015 0.016 0.016 0.02 0.021 0.01 0.115 0.38 0.025 0.049 0.054 0.014 0.024 0.033 0.007 0.022 0.096
118 N 0.054 0.037 0.227 0.066 0.01 0.029 0.041 0.214 0.025 0.021 0.03 0.047 0.011 0.017 0.02 0.063 0.043 0.005 0.014 0.026
119 L 0.067 0.023 0.019 0.019 0.013 0.016 0.023 0.029 0.018 0.09 0.177 0.027 0.029 0.158 0.015 0.036 0.054 0.013 0.097 0.075
120 L 0.099 0.029 0.052 0.033 0.014 0.024 0.056 0.038 0.02 0.103 0.111 0.037 0.023 0.047 0.019 0.048 0.061 0.009 0.078 0.098
121 S 0.103 0.04 0.045 0.041 0.014 0.052 0.052 0.054 0.091 0.028 0.041 0.052 0.015 0.021 0.074 0.152 0.057 0.005 0.024 0.037
122 V 0.087 0.095 0.027 0.026 0.016 0.025 0.033 0.035 0.013 0.124 0.094 0.049 0.024 0.028 0.02 0.065 0.069 0.005 0.018 0.147
123 L 0.11 0.037 0.061 0.032 0.014 0.024 0.036 0.045 0.017 0.055 0.131 0.065 0.03 0.113 0.02 0.07 0.042 0.008 0.033 0.058
124 A 0.133 0.028 0.054 0.03 0.016 0.022 0.031 0.091 0.014 0.092 0.115 0.036 0.039 0.029 0.02 0.069 0.045 0.005 0.018 0.113
125 G 0.088 0.066 0.038 0.077 0.012 0.052 0.09 0.102 0.018 0.063 0.057 0.054 0.017 0.021 0.022 0.086 0.045 0.005 0.016 0.071
126 R 0.055 0.125 0.099 0.083 0.01 0.038 0.076 0.089 0.032 0.025 0.038 0.089 0.013 0.017 0.022 0.073 0.062 0.005 0.016 0.032
127 R 0.082 0.138 0.076 0.044 0.01 0.038 0.072 0.135 0.02 0.024 0.039 0.106 0.013 0.017 0.022 0.072 0.04 0.005 0.015 0.032
128 A 0.125 0.074 0.034 0.067 0.012 0.031 0.047 0.091 0.049 0.036 0.075 0.095 0.017 0.021 0.068 0.054 0.037 0.005 0.019 0.043
129 D 0.119 0.032 0.05 0.256 0.011 0.033 0.118 0.051 0.018 0.027 0.036 0.048 0.012 0.016 0.024 0.059 0.038 0.004 0.013 0.036
130 L 0.077 0.028 0.08 0.031 0.015 0.021 0.029 0.037 0.015 0.119 0.182 0.034 0.045 0.036 0.018 0.059 0.043 0.006 0.019 0.105
131 S 0.141 0.036 0.046 0.042 0.017 0.03 0.047 0.063 0.017 0.033 0.045 0.049 0.016 0.02 0.028 0.21 0.091 0.005 0.017 0.047
132 F 0.049 0.02 0.02 0.02 0.012 0.014 0.022 0.117 0.013 0.071 0.117 0.024 0.023 0.204 0.059 0.031 0.031 0.01 0.047 0.094
133 F 0.035 0.02 0.017 0.016 0.01 0.012 0.02 0.024 0.021 0.079 0.105 0.021 0.024 0.329 0.011 0.025 0.026 0.017 0.127 0.061
134 L 0.072 0.023 0.015 0.016 0.016 0.016 0.022 0.026 0.01 0.112 0.322 0.026 0.041 0.046 0.015 0.03 0.036 0.006 0.021 0.128
135 L 0.145 0.024 0.018 0.02 0.017 0.018 0.026 0.04 0.011 0.121 0.234 0.03 0.034 0.039 0.019 0.044 0.039 0.006 0.019 0.096
136 L 0.05 0.02 0.015 0.016 0.015 0.014 0.02 0.022 0.01 0.154 0.204 0.023 0.035 0.11 0.014 0.026 0.037 0.008 0.032 0.176
137 P 0.054 0.025 0.022 0.03 0.01 0.02 0.034 0.034 0.012 0.025 0.034 0.039 0.01 0.012 0.518 0.042 0.034 0.002 0.012 0.03
138 T 0.065 0.028 0.03 0.028 0.017 0.021 0.03 0.034 0.011 0.12 0.12 0.035 0.026 0.031 0.021 0.076 0.154 0.006 0.018 0.129
139 V 0.053 0.021 0.016 0.017 0.016 0.016 0.021 0.023 0.01 0.191 0.147 0.025 0.062 0.074 0.015 0.029 0.04 0.007 0.026 0.192
140 L 0.046 0.022 0.015 0.017 0.015 0.017 0.02 0.022 0.011 0.195 0.234 0.026 0.084 0.046 0.014 0.027 0.036 0.006 0.021 0.125
141 S 0.105 0.038 0.052 0.047 0.017 0.032 0.05 0.063 0.018 0.028 0.04 0.052 0.015 0.02 0.028 0.257 0.078 0.005 0.017 0.04
142 A 0.257 0.028 0.025 0.028 0.064 0.023 0.036 0.065 0.013 0.051 0.062 0.04 0.018 0.022 0.026 0.089 0.049 0.005 0.016 0.084
143 F 0.053 0.026 0.028 0.026 0.014 0.018 0.028 0.034 0.015 0.058 0.112 0.031 0.023 0.204 0.018 0.069 0.124 0.01 0.048 0.06
144 Q 0.053 0.07 0.042 0.045 0.008 0.252 0.098 0.039 0.028 0.025 0.045 0.087 0.02 0.014 0.022 0.053 0.039 0.006 0.02 0.034
145 N 0.041 0.043 0.349 0.079 0.009 0.032 0.047 0.062 0.03 0.021 0.03 0.051 0.011 0.017 0.019 0.066 0.047 0.004 0.015 0.026
146 V 0.056 0.021 0.015 0.016 0.017 0.015 0.02 0.022 0.008 0.171 0.207 0.024 0.036 0.04 0.015 0.028 0.041 0.006 0.02 0.221
147 Y 0.039 0.027 0.021 0.018 0.009 0.021 0.027 0.024 0.044 0.042 0.065 0.03 0.018 0.125 0.015 0.03 0.027 0.027 0.35 0.044
148 L 0.042 0.023 0.014 0.014 0.015 0.015 0.019 0.02 0.01 0.11 0.405 0.024 0.047 0.052 0.014 0.023 0.032 0.007 0.021 0.092
149 G 0.071 0.026 0.034 0.03 0.013 0.021 0.029 0.263 0.013 0.048 0.136 0.034 0.021 0.027 0.019 0.083 0.061 0.006 0.015 0.049
150 L 0.053 0.023 0.018 0.019 0.014 0.016 0.023 0.026 0.012 0.098 0.23 0.027 0.032 0.107 0.106 0.032 0.047 0.007 0.031 0.078
151 V 0.086 0.022 0.02 0.02 0.016 0.016 0.023 0.121 0.01 0.108 0.124 0.027 0.026 0.066 0.017 0.038 0.04 0.006 0.024 0.189
152 A 0.281 0.031 0.028 0.031 0.02 0.025 0.04 0.071 0.014 0.041 0.056 0.043 0.017 0.021 0.028 0.098 0.072 0.005 0.017 0.063
153 G 0.049 0.032 0.099 0.14 0.008 0.029 0.075 0.147 0.052 0.022 0.032 0.043 0.011 0.02 0.064 0.049 0.033 0.051 0.021 0.025
154 D 0.066 0.101 0.045 0.11 0.009 0.056 0.083 0.041 0.089 0.026 0.042 0.062 0.014 0.029 0.021 0.067 0.045 0.007 0.053 0.033
155 L 0.074 0.023 0.016 0.017 0.016 0.017 0.022 0.026 0.01 0.146 0.251 0.027 0.058 0.043 0.016 0.031 0.038 0.006 0.02 0.141
156 D 0.079 0.034 0.101 0.154 0.012 0.031 0.08 0.05 0.019 0.029 0.039 0.047 0.013 0.017 0.069 0.081 0.087 0.004 0.014 0.038
157 P 0.094 0.035 0.05 0.074 0.013 0.046 0.049 0.094 0.017 0.031 0.042 0.048 0.014 0.018 0.115 0.109 0.091 0.005 0.015 0.041
158 A 0.115 0.028 0.034 0.066 0.015 0.022 0.038 0.077 0.015 0.072 0.072 0.037 0.019 0.095 0.021 0.11 0.049 0.007 0.029 0.08
159 A 0.153 0.067 0.06 0.04 0.06 0.05 0.07 0.053 0.018 0.036 0.051 0.055 0.016 0.019 0.024 0.069 0.086 0.005 0.016 0.052
160 L 0.045 0.023 0.014 0.015 0.016 0.016 0.02 0.021 0.01 0.131 0.338 0.025 0.059 0.049 0.014 0.025 0.034 0.007 0.021 0.118
161 Q 0.053 0.069 0.042 0.045 0.008 0.246 0.097 0.039 0.039 0.025 0.045 0.086 0.019 0.014 0.022 0.053 0.039 0.006 0.021 0.033
162 V 0.077 0.022 0.017 0.018 0.016 0.016 0.023 0.028 0.011 0.11 0.145 0.025 0.044 0.14 0.015 0.033 0.039 0.009 0.038 0.175
163 L 0.075 0.023 0.016 0.017 0.016 0.017 0.022 0.027 0.011 0.128 0.228 0.026 0.051 0.076 0.015 0.032 0.038 0.007 0.026 0.15
164 L 0.048 0.02 0.014 0.016 0.016 0.014 0.019 0.021 0.009 0.19 0.265 0.024 0.04 0.045 0.014 0.025 0.037 0.006 0.02 0.158
165 I 0.06 0.024 0.024 0.024 0.016 0.019 0.026 0.031 0.011 0.199 0.128 0.031 0.045 0.036 0.018 0.074 0.068 0.006 0.019 0.141
166 L 0.051 0.023 0.019 0.019 0.016 0.016 0.023 0.025 0.01 0.139 0.22 0.027 0.035 0.075 0.016 0.037 0.081 0.007 0.026 0.136
167 N 0.049 0.041 0.24 0.064 0.009 0.032 0.046 0.1 0.092 0.022 0.032 0.048 0.012 0.019 0.02 0.077 0.044 0.005 0.022 0.026
168 F 0.037 0.019 0.015 0.016 0.011 0.012 0.019 0.024 0.014 0.108 0.109 0.02 0.025 0.248 0.011 0.024 0.028 0.104 0.063 0.092
169 L 0.123 0.023 0.017 0.02 0.017 0.018 0.025 0.036 0.011 0.153 0.19 0.03 0.048 0.038 0.018 0.041 0.04 0.006 0.02 0.127
170 L 0.046 0.02 0.014 0.017 0.016 0.014 0.018 0.021 0.009 0.222 0.238 0.024 0.041 0.047 0.014 0.025 0.037 0.006 0.021 0.149
171 F 0.039 0.022 0.022 0.054 0.011 0.015 0.027 0.025 0.023 0.083 0.095 0.025 0.023 0.231 0.013 0.029 0.029 0.016 0.139 0.081
172 A 0.178 0.034 0.04 0.038 0.018 0.028 0.044 0.063 0.016 0.037 0.05 0.047 0.016 0.021 0.028 0.162 0.104 0.005 0.017 0.054
173 L 0.079 0.021 0.018 0.019 0.016 0.016 0.022 0.073 0.01 0.142 0.174 0.026 0.031 0.071 0.016 0.034 0.038 0.007 0.025 0.164
174 L 0.106 0.024 0.021 0.022 0.017 0.019 0.026 0.035 0.01 0.135 0.158 0.031 0.03 0.034 0.019 0.048 0.085 0.006 0.019 0.154
175 L 0.05 0.025 0.019 0.019 0.016 0.017 0.023 0.024 0.01 0.103 0.317 0.028 0.041 0.045 0.016 0.036 0.079 0.006 0.02 0.107
176 L 0.043 0.022 0.016 0.016 0.013 0.015 0.021 0.023 0.017 0.092 0.211 0.024 0.032 0.161 0.013 0.026 0.032 0.013 0.098 0.111
177 L 0.072 0.024 0.018 0.018 0.016 0.017 0.023 0.028 0.011 0.099 0.281 0.027 0.038 0.077 0.016 0.035 0.057 0.007 0.026 0.109
178 G 0.061 0.023 0.024 0.023 0.015 0.018 0.023 0.163 0.011 0.127 0.13 0.029 0.041 0.032 0.017 0.039 0.059 0.006 0.017 0.142
179 L 0.045 0.022 0.014 0.015 0.016 0.015 0.019 0.02 0.009 0.15 0.335 0.024 0.043 0.049 0.014 0.024 0.034 0.006 0.021 0.125
180 A 0.128 0.027 0.024 0.024 0.016 0.021 0.03 0.042 0.016 0.097 0.122 0.034 0.04 0.075 0.02 0.068 0.064 0.009 0.055 0.087
181 L 0.102 0.025 0.023 0.023 0.017 0.019 0.027 0.081 0.011 0.112 0.175 0.031 0.029 0.034 0.019 0.065 0.044 0.006 0.018 0.14
182 I 0.062 0.077 0.086 0.036 0.058 0.027 0.036 0.038 0.016 0.095 0.075 0.07 0.02 0.024 0.02 0.054 0.092 0.005 0.017 0.091
183 A 0.29 0.031 0.026 0.03 0.022 0.026 0.04 0.078 0.015 0.043 0.059 0.045 0.018 0.022 0.03 0.085 0.05 0.005 0.018 0.069
184 G 0.078 0.023 0.039 0.034 0.011 0.019 0.026 0.51 0.014 0.019 0.028 0.034 0.009 0.016 0.019 0.051 0.03 0.005 0.011 0.024
185 R 0.05 0.235 0.041 0.071 0.009 0.04 0.052 0.085 0.02 0.025 0.042 0.118 0.014 0.017 0.021 0.05 0.058 0.005 0.015 0.032
186 P 0.053 0.032 0.03 0.067 0.011 0.022 0.038 0.084 0.014 0.047 0.06 0.061 0.016 0.097 0.168 0.044 0.058 0.006 0.028 0.064
187 P 0.057 0.108 0.032 0.032 0.011 0.052 0.046 0.036 0.017 0.044 0.058 0.084 0.017 0.058 0.12 0.067 0.064 0.006 0.023 0.065
188 K 0.101 0.082 0.065 0.039 0.012 0.034 0.047 0.093 0.018 0.03 0.043 0.123 0.014 0.017 0.069 0.078 0.072 0.005 0.016 0.04
189 F 0.069 0.029 0.031 0.029 0.015 0.022 0.033 0.04 0.016 0.066 0.094 0.036 0.045 0.137 0.043 0.113 0.051 0.009 0.038 0.087
190 D 0.056 0.035 0.084 0.147 0.01 0.034 0.109 0.125 0.019 0.028 0.038 0.049 0.012 0.017 0.023 0.063 0.095 0.005 0.014 0.036
191 N 0.051 0.039 0.25 0.07 0.009 0.03 0.043 0.177 0.027 0.021 0.031 0.049 0.011 0.017 0.02 0.065 0.044 0.005 0.014 0.026
192 P 0.091 0.083 0.035 0.042 0.011 0.061 0.085 0.044 0.034 0.027 0.041 0.073 0.014 0.016 0.167 0.076 0.042 0.005 0.017 0.036
193 A 0.178 0.144 0.032 0.039 0.014 0.039 0.089 0.054 0.019 0.032 0.05 0.073 0.016 0.019 0.025 0.065 0.042 0.005 0.017 0.049
194 V 0.058 0.087 0.024 0.024 0.015 0.058 0.04 0.027 0.014 0.107 0.144 0.051 0.029 0.031 0.017 0.036 0.042 0.006 0.02 0.171
195 P 0.051 0.186 0.031 0.031 0.009 0.034 0.044 0.034 0.018 0.025 0.041 0.081 0.013 0.015 0.257 0.044 0.035 0.004 0.015 0.031
196 D 0.041 0.03 0.069 0.398 0.007 0.03 0.091 0.047 0.019 0.022 0.028 0.045 0.009 0.015 0.022 0.052 0.035 0.004 0.011 0.024
197 P 0.051 0.025 0.019 0.023 0.013 0.018 0.028 0.029 0.011 0.07 0.206 0.033 0.03 0.034 0.254 0.034 0.035 0.005 0.018 0.063
198 A 0.181 0.026 0.021 0.024 0.02 0.021 0.032 0.051 0.011 0.104 0.095 0.035 0.025 0.029 0.023 0.059 0.05 0.005 0.019 0.169
199 A 0.2 0.035 0.04 0.039 0.02 0.029 0.046 0.072 0.017 0.036 0.051 0.049 0.017 0.021 0.03 0.153 0.066 0.005 0.017 0.055
200 D 0.043 0.188 0.054 0.215 0.008 0.039 0.072 0.04 0.021 0.023 0.037 0.082 0.012 0.016 0.021 0.048 0.035 0.005 0.014 0.028
201 P 0.083 0.033 0.039 0.04 0.014 0.027 0.044 0.051 0.016 0.028 0.039 0.048 0.013 0.017 0.262 0.133 0.059 0.004 0.015 0.036
202 R 0.045 0.346 0.039 0.031 0.008 0.048 0.052 0.033 0.023 0.023 0.046 0.12 0.015 0.017 0.019 0.045 0.035 0.006 0.017 0.031
203 R 0.045 0.343 0.039 0.031 0.008 0.049 0.052 0.033 0.023 0.023 0.047 0.121 0.016 0.017 0.019 0.045 0.035 0.006 0.017 0.031
204 R 0.045 0.343 0.039 0.031 0.008 0.049 0.052 0.033 0.023 0.023 0.047 0.121 0.016 0.017 0.019 0.045 0.035 0.006 0.017 0.031
205 H 0.042 0.046 0.054 0.038 0.008 0.038 0.054 0.038 0.353 0.023 0.038 0.046 0.015 0.031 0.019 0.042 0.027 0.008 0.057 0.023
206 A 0.288 0.031 0.026 0.03 0.022 0.026 0.041 0.079 0.015 0.043 0.06 0.045 0.018 0.022 0.03 0.085 0.05 0.005 0.018 0.069
207 G 0.079 0.023 0.039 0.034 0.011 0.019 0.026 0.508 0.014 0.019 0.028 0.034 0.009 0.016 0.019 0.051 0.03 0.005 0.011 0.024
208 G 0.059 0.092 0.045 0.099 0.011 0.064 0.057 0.121 0.018 0.032 0.045 0.062 0.015 0.018 0.023 0.063 0.112 0.005 0.015 0.042
209 K 0.083 0.119 0.035 0.034 0.012 0.076 0.057 0.041 0.019 0.051 0.059 0.135 0.019 0.019 0.023 0.068 0.043 0.005 0.018 0.085
210 L 0.073 0.036 0.024 0.033 0.014 0.029 0.084 0.031 0.014 0.075 0.242 0.062 0.033 0.037 0.019 0.042 0.057 0.006 0.019 0.07
211 F 0.096 0.031 0.021 0.022 0.013 0.02 0.03 0.035 0.019 0.083 0.111 0.055 0.023 0.116 0.063 0.04 0.035 0.011 0.09 0.086
212 R 0.053 0.2 0.066 0.038 0.01 0.078 0.056 0.039 0.022 0.049 0.053 0.1 0.017 0.019 0.021 0.071 0.042 0.005 0.017 0.044
213 W 0.064 0.101 0.025 0.024 0.011 0.028 0.037 0.034 0.015 0.076 0.071 0.094 0.019 0.033 0.017 0.043 0.036 0.145 0.031 0.095
214 L 0.088 0.027 0.028 0.026 0.016 0.021 0.03 0.082 0.012 0.08 0.161 0.034 0.027 0.032 0.02 0.071 0.108 0.006 0.018 0.11
215 L 0.104 0.025 0.021 0.022 0.017 0.019 0.027 0.035 0.011 0.095 0.176 0.031 0.03 0.069 0.019 0.048 0.084 0.007 0.025 0.137
216 L 0.08 0.023 0.019 0.02 0.014 0.016 0.023 0.077 0.012 0.095 0.174 0.027 0.028 0.107 0.016 0.037 0.048 0.054 0.035 0.094
217 V 0.08 0.027 0.027 0.026 0.076 0.021 0.03 0.053 0.015 0.084 0.089 0.034 0.038 0.037 0.019 0.096 0.051 0.007 0.048 0.143
218 L 0.046 0.021 0.016 0.017 0.015 0.015 0.019 0.067 0.009 0.173 0.282 0.024 0.039 0.045 0.014 0.026 0.034 0.006 0.02 0.113
219 A 0.166 0.024 0.019 0.021 0.018 0.019 0.028 0.044 0.012 0.104 0.148 0.031 0.027 0.067 0.02 0.05 0.042 0.006 0.025 0.129
220 V 0.06 0.023 0.019 0.024 0.016 0.019 0.049 0.07 0.01 0.147 0.138 0.029 0.029 0.045 0.016 0.033 0.041 0.006 0.021 0.206
221 L 0.046 0.022 0.014 0.016 0.016 0.016 0.02 0.021 0.01 0.166 0.293 0.025 0.056 0.047 0.014 0.025 0.035 0.006 0.021 0.131
222 L 0.086 0.023 0.018 0.019 0.017 0.017 0.023 0.029 0.01 0.161 0.197 0.028 0.033 0.038 0.017 0.038 0.062 0.006 0.019 0.159
223 L 0.056 0.022 0.02 0.02 0.015 0.016 0.023 0.072 0.011 0.116 0.185 0.026 0.031 0.106 0.015 0.049 0.039 0.008 0.031 0.138
224 Y 0.041 0.037 0.026 0.025 0.009 0.082 0.045 0.028 0.035 0.041 0.068 0.043 0.019 0.147 0.016 0.035 0.03 0.019 0.212 0.043
225 G 0.088 0.03 0.044 0.039 0.014 0.025 0.037 0.275 0.015 0.026 0.036 0.042 0.013 0.018 0.023 0.147 0.074 0.005 0.014 0.035
226 A 0.15 0.025 0.021 0.022 0.017 0.019 0.028 0.043 0.012 0.097 0.12 0.031 0.025 0.1 0.02 0.052 0.062 0.007 0.03 0.118
227 L 0.149 0.023 0.018 0.021 0.017 0.018 0.026 0.041 0.011 0.125 0.156 0.03 0.029 0.069 0.019 0.046 0.041 0.007 0.025 0.131
228 L 0.055 0.027 0.026 0.024 0.016 0.02 0.026 0.075 0.011 0.08 0.246 0.032 0.033 0.038 0.019 0.049 0.123 0.006 0.019 0.077
229 L 0.056 0.024 0.021 0.021 0.015 0.019 0.024 0.073 0.012 0.113 0.198 0.029 0.062 0.074 0.016 0.05 0.04 0.007 0.025 0.122
230 L 0.102 0.022 0.017 0.018 0.017 0.016 0.024 0.032 0.01 0.128 0.19 0.027 0.032 0.072 0.017 0.037 0.04 0.007 0.025 0.167
231 L 0.044 0.021 0.015 0.015 0.014 0.014 0.019 0.022 0.011 0.105 0.273 0.023 0.038 0.148 0.013 0.025 0.033 0.009 0.038 0.119
232 F 0.042 0.025 0.024 0.021 0.011 0.018 0.026 0.029 0.055 0.054 0.095 0.027 0.037 0.258 0.014 0.049 0.031 0.015 0.118 0.05
233 G 0.061 0.095 0.063 0.038 0.01 0.047 0.043 0.176 0.018 0.022 0.035 0.058 0.012 0.015 0.156 0.067 0.038 0.004 0.014 0.029
234 A 0.181 0.032 0.061 0.036 0.016 0.026 0.038 0.103 0.038 0.038 0.051 0.042 0.016 0.021 0.04 0.075 0.108 0.005 0.018 0.055
235 S 0.064 0.039 0.101 0.091 0.011 0.036 0.101 0.049 0.054 0.026 0.037 0.052 0.013 0.019 0.069 0.112 0.07 0.005 0.019 0.034
236 P 0.048 0.023 0.02 0.023 0.013 0.017 0.026 0.028 0.012 0.1 0.141 0.03 0.025 0.099 0.197 0.036 0.055 0.007 0.029 0.074
237 V 0.092 0.025 0.025 0.025 0.017 0.02 0.028 0.035 0.011 0.139 0.099 0.033 0.025 0.029 0.066 0.054 0.115 0.005 0.018 0.141
238 A 0.219 0.03 0.034 0.034 0.018 0.025 0.039 0.155 0.015 0.033 0.047 0.043 0.015 0.019 0.026 0.123 0.052 0.005 0.016 0.051
239 A 0.222 0.029 0.022 0.024 0.017 0.023 0.034 0.056 0.019 0.052 0.102 0.038 0.036 0.045 0.023 0.062 0.041 0.009 0.078 0.066
240 L 0.06 0.022 0.015 0.016 0.015 0.015 0.02 0.025 0.011 0.107 0.297 0.024 0.039 0.114 0.014 0.028 0.033 0.008 0.032 0.105
241 A 0.241 0.031 0.033 0.034 0.019 0.026 0.04 0.113 0.015 0.036 0.049 0.044 0.015 0.02 0.027 0.126 0.054 0.005 0.016 0.055
242 S 0.101 0.038 0.051 0.046 0.017 0.031 0.049 0.061 0.018 0.03 0.042 0.051 0.015 0.02 0.028 0.242 0.097 0.005 0.017 0.042
243 L 0.1 0.025 0.023 0.023 0.015 0.019 0.027 0.038 0.014 0.088 0.154 0.031 0.043 0.139 0.018 0.062 0.061 0.009 0.037 0.076
244 R 0.042 0.376 0.037 0.03 0.007 0.046 0.05 0.031 0.022 0.022 0.044 0.114 0.015 0.017 0.018 0.042 0.033 0.006 0.017 0.03
245 N 0.041 0.043 0.349 0.079 0.009 0.032 0.047 0.062 0.03 0.021 0.03 0.051 0.011 0.017 0.019 0.066 0.047 0.004 0.015 0.026
246 L 0.046 0.02 0.014 0.016 0.016 0.014 0.018 0.02 0.009 0.203 0.268 0.023 0.04 0.046 0.014 0.024 0.036 0.006 0.02 0.146
247 L 0.109 0.027 0.023 0.023 0.017 0.021 0.029 0.037 0.012 0.096 0.181 0.033 0.045 0.035 0.019 0.064 0.066 0.006 0.019 0.138
248 A 0.211 0.032 0.033 0.033 0.019 0.026 0.039 0.061 0.014 0.043 0.057 0.044 0.017 0.021 0.028 0.1 0.136 0.005 0.017 0.064
249 P 0.055 0.024 0.022 0.028 0.055 0.019 0.033 0.034 0.012 0.026 0.037 0.038 0.01 0.013 0.472 0.042 0.035 0.003 0.012 0.032
250 L 0.042 0.024 0.016 0.017 0.014 0.018 0.022 0.024 0.013 0.106 0.218 0.026 0.095 0.116 0.013 0.027 0.032 0.055 0.037 0.084
251 L 0.043 0.023 0.014 0.015 0.015 0.015 0.019 0.02 0.01 0.128 0.383 0.024 0.046 0.051 0.014 0.023 0.032 0.007 0.021 0.099
252 F 0.036 0.018 0.016 0.016 0.012 0.011 0.018 0.023 0.014 0.127 0.123 0.019 0.027 0.314 0.011 0.024 0.028 0.013 0.067 0.084
253 L 0.041 0.023 0.018 0.017 0.013 0.015 0.021 0.024 0.015 0.08 0.235 0.024 0.034 0.188 0.014 0.03 0.051 0.012 0.074 0.071
254 L 0.044 0.023 0.014 0.015 0.06 0.016 0.02 0.022 0.013 0.098 0.343 0.024 0.042 0.056 0.014 0.025 0.032 0.008 0.05 0.084
255 L 0.045 0.02 0.015 0.016 0.014 0.014 0.019 0.022 0.013 0.174 0.18 0.023 0.033 0.118 0.014 0.026 0.035 0.01 0.062 0.147
256 G 0.08 0.025 0.04 0.035 0.011 0.02 0.029 0.448 0.014 0.02 0.029 0.036 0.01 0.016 0.02 0.087 0.037 0.005 0.011 0.026
257 L 0.044 0.021 0.015 0.016 0.015 0.015 0.019 0.021 0.013 0.157 0.255 0.024 0.038 0.087 0.014 0.025 0.034 0.009 0.056 0.124
258 L 0.043 0.028 0.023 0.02 0.012 0.021 0.028 0.025 0.091 0.073 0.189 0.03 0.029 0.073 0.015 0.029 0.03 0.014 0.147 0.081
259 A 0.236 0.03 0.03 0.031 0.018 0.025 0.038 0.11 0.015 0.042 0.063 0.042 0.032 0.022 0.026 0.106 0.05 0.005 0.017 0.059
260 S 0.097 0.032 0.065 0.039 0.015 0.025 0.039 0.051 0.017 0.062 0.066 0.041 0.019 0.094 0.023 0.145 0.078 0.007 0.029 0.057
261 R 0.079 0.175 0.035 0.032 0.056 0.039 0.048 0.04 0.018 0.035 0.051 0.14 0.016 0.018 0.022 0.06 0.068 0.005 0.016 0.049
262 R 0.05 0.102 0.088 0.038 0.011 0.049 0.044 0.039 0.02 0.065 0.065 0.079 0.019 0.061 0.018 0.062 0.041 0.053 0.028 0.07
263 V 0.155 0.024 0.021 0.023 0.018 0.019 0.028 0.043 0.011 0.146 0.104 0.032 0.026 0.03 0.021 0.053 0.066 0.005 0.018 0.159
264 D 0.058 0.081 0.082 0.145 0.1 0.031 0.056 0.046 0.018 0.027 0.04 0.082 0.013 0.017 0.022 0.087 0.044 0.004 0.014 0.034
265 L 0.074 0.025 0.021 0.02 0.015 0.018 0.025 0.045 0.034 0.09 0.203 0.028 0.031 0.107 0.016 0.038 0.057 0.008 0.033 0.112
266 R 0.071 0.112 0.07 0.075 0.01 0.056 0.057 0.089 0.053 0.028 0.041 0.109 0.014 0.018 0.022 0.07 0.04 0.005 0.019 0.039
267 R 0.076 0.131 0.06 0.032 0.012 0.032 0.041 0.038 0.02 0.051 0.089 0.083 0.02 0.033 0.021 0.053 0.082 0.007 0.048 0.071
268 Y 0.037 0.024 0.019 0.017 0.01 0.017 0.024 0.024 0.034 0.053 0.108 0.026 0.022 0.197 0.013 0.028 0.026 0.022 0.248 0.051
269 L 0.044 0.024 0.018 0.017 0.013 0.017 0.022 0.068 0.019 0.083 0.278 0.026 0.036 0.069 0.014 0.027 0.03 0.012 0.11 0.073
270 K 0.05 0.187 0.036 0.033 0.008 0.042 0.053 0.081 0.02 0.027 0.047 0.188 0.015 0.052 0.021 0.045 0.034 0.006 0.022 0.032
271 Y 0.069 0.026 0.021 0.019 0.012 0.02 0.026 0.075 0.027 0.056 0.133 0.03 0.039 0.079 0.015 0.035 0.03 0.062 0.174 0.056
272 L 0.05 0.021 0.015 0.016 0.016 0.016 0.02 0.022 0.009 0.175 0.242 0.025 0.053 0.044 0.014 0.027 0.038 0.006 0.021 0.17
273 V 0.09 0.025 0.025 0.025 0.106 0.019 0.028 0.038 0.012 0.075 0.083 0.031 0.021 0.096 0.019 0.082 0.068 0.007 0.029 0.122
274 A 0.1 0.059 0.053 0.028 0.014 0.024 0.032 0.041 0.019 0.077 0.084 0.041 0.036 0.074 0.018 0.063 0.041 0.055 0.059 0.083
275 L 0.046 0.022 0.016 0.017 0.016 0.016 0.02 0.022 0.01 0.158 0.307 0.025 0.041 0.047 0.015 0.029 0.056 0.006 0.02 0.11
276 G 0.123 0.026 0.035 0.033 0.014 0.021 0.031 0.318 0.014 0.05 0.047 0.037 0.014 0.02 0.021 0.09 0.042 0.005 0.013 0.047
277 I 0.069 0.021 0.016 0.017 0.014 0.015 0.022 0.028 0.014 0.14 0.133 0.025 0.027 0.084 0.014 0.03 0.035 0.101 0.064 0.129
278 V 0.084 0.021 0.016 0.018 0.06 0.015 0.022 0.03 0.011 0.115 0.135 0.024 0.028 0.138 0.015 0.035 0.038 0.008 0.036 0.152
279 V 0.115 0.025 0.023 0.023 0.018 0.019 0.029 0.038 0.01 0.128 0.102 0.032 0.026 0.03 0.02 0.065 0.071 0.005 0.019 0.203
280 I 0.053 0.02 0.015 0.016 0.017 0.014 0.019 0.021 0.008 0.211 0.19 0.024 0.035 0.041 0.015 0.027 0.04 0.006 0.02 0.208
281 L 0.128 0.025 0.021 0.022 0.017 0.019 0.027 0.04 0.012 0.11 0.178 0.031 0.03 0.07 0.019 0.062 0.043 0.007 0.025 0.118
282 F 0.032 0.018 0.016 0.016 0.01 0.01 0.018 0.024 0.016 0.06 0.109 0.018 0.024 0.416 0.01 0.024 0.024 0.016 0.085 0.052
283 G 0.097 0.023 0.036 0.032 0.011 0.019 0.026 0.492 0.013 0.02 0.03 0.033 0.01 0.016 0.019 0.052 0.03 0.005 0.011 0.027
284 F 0.039 0.019 0.015 0.016 0.012 0.012 0.018 0.023 0.013 0.118 0.146 0.02 0.029 0.28 0.012 0.025 0.029 0.012 0.061 0.1
285 L 0.045 0.02 0.015 0.016 0.014 0.014 0.02 0.022 0.013 0.157 0.202 0.023 0.034 0.119 0.014 0.026 0.034 0.01 0.062 0.14
286 E 0.053 0.047 0.039 0.086 0.007 0.061 0.33 0.033 0.025 0.021 0.035 0.072 0.012 0.016 0.025 0.053 0.035 0.005 0.016 0.03
287 Y 0.071 0.09 0.025 0.023 0.011 0.025 0.032 0.033 0.026 0.048 0.119 0.047 0.022 0.067 0.017 0.055 0.035 0.06 0.143 0.05
288 F 0.044 0.026 0.08 0.03 0.012 0.018 0.027 0.033 0.02 0.08 0.143 0.03 0.025 0.181 0.015 0.053 0.036 0.011 0.072 0.063
289 L 0.048 0.024 0.02 0.02 0.015 0.018 0.023 0.025 0.016 0.149 0.206 0.028 0.034 0.057 0.016 0.036 0.072 0.01 0.072 0.108
290 G 0.088 0.026 0.033 0.064 0.015 0.021 0.033 0.173 0.012 0.071 0.094 0.034 0.02 0.025 0.02 0.055 0.096 0.005 0.015 0.099
291 P 0.052 0.036 0.084 0.039 0.011 0.025 0.039 0.039 0.016 0.034 0.07 0.065 0.015 0.018 0.292 0.05 0.059 0.004 0.014 0.038
292 D 0.058 0.046 0.079 0.173 0.01 0.071 0.07 0.092 0.032 0.023 0.034 0.077 0.013 0.016 0.023 0.089 0.044 0.005 0.016 0.029
293 F 0.041 0.019 0.015 0.016 0.013 0.012 0.019 0.023 0.013 0.109 0.17 0.021 0.03 0.246 0.012 0.025 0.031 0.011 0.055 0.116
294 W 0.029 0.022 0.014 0.014 0.007 0.014 0.022 0.029 0.014 0.029 0.05 0.022 0.014 0.058 0.007 0.022 0.022 0.517 0.065 0.029
295 E 0.052 0.041 0.032 0.058 0.011 0.087 0.128 0.032 0.019 0.085 0.096 0.056 0.022 0.024 0.066 0.047 0.059 0.005 0.018 0.065
296 A 0.129 0.093 0.035 0.066 0.014 0.028 0.043 0.048 0.019 0.038 0.056 0.053 0.017 0.065 0.023 0.084 0.079 0.008 0.053 0.049
297 L 0.119 0.023 0.017 0.019 0.016 0.017 0.024 0.035 0.011 0.122 0.239 0.028 0.035 0.075 0.017 0.039 0.037 0.007 0.025 0.095
298 G 0.053 0.035 0.227 0.073 0.009 0.027 0.04 0.233 0.023 0.02 0.029 0.044 0.01 0.016 0.019 0.06 0.04 0.005 0.013 0.025
299 L 0.044 0.02 0.014 0.016 0.015 0.014 0.018 0.02 0.009 0.199 0.294 0.023 0.042 0.048 0.014 0.023 0.035 0.006 0.021 0.126
300 R 0.086 0.107 0.04 0.041 0.011 0.057 0.078 0.044 0.053 0.028 0.044 0.088 0.015 0.018 0.069 0.092 0.066 0.005 0.02 0.038
301 K 0.076 0.079 0.042 0.086 0.011 0.038 0.078 0.056 0.085 0.034 0.054 0.1 0.031 0.022 0.022 0.059 0.058 0.006 0.023 0.04
302 L 0.042 0.023 0.014 0.014 0.015 0.015 0.019 0.02 0.01 0.11 0.405 0.024 0.047 0.052 0.014 0.023 0.032 0.007 0.021 0.092
303 W 0.029 0.022 0.014 0.014 0.007 0.014 0.022 0.029 0.014 0.029 0.05 0.022 0.014 0.058 0.007 0.022 0.022 0.517 0.065 0.029
304 E 0.109 0.039 0.043 0.13 0.011 0.043 0.182 0.048 0.02 0.026 0.038 0.058 0.013 0.017 0.025 0.094 0.045 0.005 0.015 0.037
305 L 0.098 0.055 0.055 0.032 0.013 0.031 0.043 0.042 0.016 0.059 0.175 0.135 0.027 0.03 0.021 0.048 0.038 0.006 0.018 0.059
306 K 0.054 0.102 0.04 0.04 0.008 0.051 0.067 0.041 0.02 0.026 0.041 0.312 0.015 0.015 0.026 0.051 0.038 0.005 0.016 0.031
307 G 0.075 0.022 0.037 0.032 0.01 0.018 0.024 0.533 0.013 0.018 0.027 0.032 0.009 0.015 0.018 0.049 0.028 0.005 0.01 0.023
308 L 0.044 0.02 0.014 0.016 0.015 0.015 0.019 0.021 0.009 0.215 0.252 0.024 0.055 0.046 0.014 0.025 0.036 0.006 0.021 0.133
309 P 0.11 0.06 0.031 0.036 0.012 0.028 0.063 0.135 0.015 0.026 0.039 0.049 0.012 0.016 0.203 0.071 0.04 0.004 0.014 0.036
310 L 0.052 0.024 0.047 0.024 0.016 0.017 0.024 0.027 0.011 0.163 0.196 0.028 0.033 0.039 0.016 0.035 0.062 0.006 0.019 0.162
311 N 0.104 0.045 0.12 0.051 0.013 0.053 0.074 0.052 0.021 0.055 0.053 0.075 0.016 0.02 0.023 0.081 0.068 0.005 0.017 0.053
312 A 0.161 0.04 0.035 0.088 0.013 0.075 0.093 0.054 0.019 0.031 0.045 0.056 0.015 0.017 0.086 0.064 0.041 0.005 0.016 0.045
313 G 0.081 0.029 0.09 0.077 0.012 0.025 0.062 0.177 0.017 0.05 0.056 0.039 0.015 0.056 0.019 0.05 0.038 0.006 0.021 0.082
314 T 0.066 0.093 0.037 0.033 0.014 0.028 0.037 0.085 0.015 0.06 0.059 0.053 0.018 0.025 0.022 0.095 0.131 0.052 0.021 0.057
315 G 0.066 0.022 0.03 0.027 0.012 0.017 0.024 0.348 0.012 0.048 0.105 0.031 0.018 0.023 0.062 0.042 0.031 0.005 0.013 0.062
316 L 0.047 0.022 0.014 0.015 0.016 0.015 0.02 0.021 0.009 0.136 0.332 0.024 0.043 0.048 0.014 0.025 0.035 0.006 0.021 0.137
317 P 0.054 0.025 0.022 0.03 0.01 0.02 0.034 0.034 0.012 0.025 0.034 0.039 0.01 0.012 0.518 0.042 0.034 0.002 0.012 0.03
318 G 0.09 0.064 0.034 0.032 0.012 0.025 0.035 0.267 0.015 0.031 0.069 0.068 0.015 0.019 0.066 0.067 0.037 0.005 0.014 0.037
319 N 0.041 0.043 0.349 0.079 0.009 0.032 0.047 0.062 0.03 0.021 0.03 0.051 0.011 0.017 0.019 0.066 0.047 0.004 0.015 0.026
320 F 0.031 0.019 0.016 0.016 0.009 0.011 0.019 0.025 0.016 0.052 0.093 0.019 0.022 0.318 0.009 0.023 0.023 0.153 0.079 0.046
