#Seq2Logo.py -f /work3/idamei/wzy_ssn/run/1e-50/run/150/MSAs/0015_26.afa -o /work3/idamei/wzy_ssn/run/1e-50/run/150/logos/0015_26.logo
#Position Specific Frequency Matrix
A R N D C Q E G H I L K M F P S T W Y V
0 M 0.05 0.031 0.019 0.019 0.015 0.027 0.027 0.027 0.015 0.096 0.187 0.034 0.201 0.046 0.015 0.034 0.038 0.008 0.023 0.088
1 L 0.05 0.063 0.062 0.075 0.012 0.027 0.066 0.034 0.017 0.112 0.114 0.045 0.023 0.067 0.018 0.061 0.048 0.006 0.024 0.076
2 R 0.052 0.123 0.066 0.034 0.011 0.033 0.042 0.092 0.017 0.07 0.1 0.115 0.021 0.024 0.019 0.043 0.037 0.005 0.017 0.078
3 G 0.084 0.041 0.07 0.08 0.013 0.028 0.044 0.1 0.018 0.069 0.073 0.08 0.037 0.028 0.021 0.055 0.066 0.006 0.029 0.06
4 L 0.085 0.037 0.031 0.073 0.013 0.027 0.043 0.04 0.02 0.053 0.106 0.068 0.039 0.042 0.078 0.067 0.041 0.008 0.067 0.061
5 S 0.075 0.037 0.089 0.045 0.051 0.03 0.044 0.052 0.072 0.045 0.049 0.046 0.016 0.023 0.024 0.139 0.09 0.005 0.022 0.047
6 L 0.05 0.085 0.023 0.024 0.014 0.056 0.039 0.027 0.014 0.118 0.184 0.062 0.032 0.035 0.017 0.034 0.038 0.006 0.02 0.124
7 D 0.041 0.03 0.069 0.397 0.008 0.03 0.091 0.047 0.019 0.022 0.028 0.045 0.009 0.015 0.022 0.052 0.035 0.004 0.011 0.024
8 F 0.034 0.019 0.017 0.017 0.011 0.011 0.019 0.025 0.017 0.063 0.114 0.019 0.025 0.387 0.011 0.025 0.025 0.017 0.089 0.055
9 S 0.11 0.04 0.054 0.049 0.018 0.033 0.052 0.066 0.019 0.03 0.042 0.054 0.016 0.021 0.03 0.22 0.082 0.005 0.018 0.042
10 R 0.045 0.345 0.039 0.031 0.008 0.048 0.052 0.033 0.023 0.023 0.047 0.12 0.016 0.017 0.019 0.045 0.035 0.006 0.017 0.031
11 R 0.045 0.345 0.039 0.031 0.008 0.048 0.052 0.033 0.023 0.023 0.047 0.12 0.016 0.017 0.019 0.045 0.035 0.006 0.017 0.031
12 R 0.045 0.345 0.039 0.031 0.008 0.048 0.052 0.033 0.023 0.023 0.047 0.12 0.016 0.017 0.019 0.045 0.035 0.006 0.017 0.031
13 Q 0.056 0.074 0.044 0.047 0.009 0.215 0.103 0.041 0.029 0.026 0.047 0.091 0.021 0.015 0.024 0.056 0.041 0.006 0.021 0.035
14 K 0.057 0.107 0.042 0.042 0.009 0.054 0.071 0.043 0.021 0.028 0.043 0.278 0.016 0.016 0.028 0.054 0.04 0.005 0.017 0.033
15 P 0.057 0.026 0.023 0.031 0.01 0.021 0.036 0.036 0.013 0.026 0.036 0.041 0.01 0.013 0.494 0.044 0.036 0.003 0.013 0.031
16 L 0.054 0.024 0.022 0.021 0.039 0.018 0.023 0.101 0.011 0.126 0.199 0.029 0.055 0.039 0.016 0.038 0.064 0.006 0.019 0.094
17 R 0.169 0.19 0.032 0.03 0.015 0.037 0.046 0.055 0.019 0.033 0.053 0.082 0.016 0.019 0.024 0.064 0.042 0.006 0.017 0.05
18 A 0.29 0.031 0.026 0.03 0.022 0.026 0.04 0.078 0.015 0.043 0.059 0.045 0.018 0.022 0.03 0.085 0.05 0.005 0.018 0.069
19 G 0.078 0.023 0.039 0.034 0.011 0.019 0.026 0.51 0.014 0.019 0.028 0.034 0.009 0.016 0.019 0.051 0.03 0.005 0.011 0.024
20 G 0.078 0.023 0.039 0.034 0.011 0.019 0.026 0.51 0.014 0.019 0.028 0.034 0.009 0.016 0.019 0.051 0.03 0.005 0.011 0.024
21 W 0.07 0.031 0.035 0.032 0.013 0.024 0.037 0.048 0.017 0.03 0.047 0.038 0.015 0.041 0.019 0.122 0.052 0.249 0.043 0.036
22 H 0.091 0.037 0.039 0.031 0.011 0.03 0.043 0.041 0.221 0.047 0.055 0.04 0.017 0.047 0.02 0.046 0.031 0.011 0.099 0.044
23 C 0.065 0.016 0.016 0.016 0.484 0.012 0.016 0.032 0.008 0.045 0.065 0.02 0.016 0.02 0.016 0.041 0.037 0.004 0.012 0.057
24 T 0.073 0.036 0.043 0.038 0.018 0.028 0.039 0.043 0.014 0.053 0.065 0.045 0.02 0.024 0.028 0.093 0.246 0.006 0.018 0.071
25 V 0.07 0.022 0.016 0.018 0.019 0.016 0.023 0.025 0.008 0.165 0.13 0.026 0.032 0.036 0.016 0.033 0.049 0.006 0.021 0.269
26 G 0.069 0.053 0.049 0.126 0.011 0.035 0.06 0.159 0.018 0.024 0.035 0.12 0.012 0.016 0.024 0.094 0.045 0.005 0.014 0.03
27 L 0.057 0.024 0.022 0.022 0.105 0.017 0.025 0.032 0.015 0.07 0.191 0.028 0.03 0.111 0.016 0.068 0.04 0.009 0.051 0.066
28 G 0.06 0.045 0.036 0.096 0.013 0.023 0.04 0.122 0.016 0.12 0.081 0.039 0.02 0.032 0.019 0.074 0.042 0.006 0.035 0.08
29 I 0.05 0.025 0.025 0.025 0.013 0.02 0.029 0.028 0.075 0.172 0.124 0.032 0.027 0.034 0.103 0.043 0.038 0.005 0.025 0.108
30 D 0.043 0.026 0.055 0.3 0.008 0.024 0.069 0.098 0.017 0.028 0.042 0.038 0.012 0.084 0.019 0.046 0.032 0.006 0.024 0.029
31 K 0.097 0.053 0.037 0.099 0.011 0.032 0.053 0.102 0.017 0.038 0.078 0.129 0.017 0.054 0.023 0.052 0.037 0.006 0.022 0.043
32 P 0.059 0.028 0.036 0.099 0.07 0.023 0.043 0.039 0.013 0.036 0.047 0.04 0.014 0.017 0.195 0.06 0.118 0.004 0.014 0.046
33 L 0.118 0.029 0.059 0.032 0.017 0.023 0.034 0.047 0.015 0.096 0.144 0.037 0.027 0.032 0.021 0.089 0.051 0.006 0.019 0.106
34 L 0.054 0.043 0.026 0.025 0.015 0.026 0.034 0.03 0.013 0.097 0.212 0.088 0.033 0.036 0.02 0.045 0.086 0.006 0.019 0.095
35 L 0.049 0.033 0.067 0.029 0.012 0.052 0.037 0.032 0.02 0.078 0.12 0.038 0.024 0.048 0.016 0.037 0.038 0.081 0.072 0.117
36 N 0.048 0.122 0.139 0.048 0.009 0.058 0.05 0.098 0.023 0.032 0.077 0.093 0.017 0.02 0.02 0.051 0.038 0.005 0.016 0.035
37 F 0.039 0.02 0.016 0.017 0.013 0.013 0.019 0.022 0.016 0.154 0.16 0.022 0.031 0.192 0.013 0.025 0.031 0.012 0.085 0.101
38 L 0.081 0.023 0.02 0.02 0.086 0.017 0.024 0.031 0.01 0.122 0.183 0.028 0.031 0.036 0.018 0.043 0.072 0.006 0.019 0.131
39 L 0.079 0.033 0.021 0.022 0.015 0.021 0.029 0.032 0.012 0.104 0.189 0.06 0.03 0.039 0.018 0.041 0.063 0.062 0.024 0.104
40 L 0.063 0.079 0.034 0.032 0.014 0.031 0.042 0.038 0.015 0.056 0.155 0.1 0.025 0.029 0.022 0.091 0.093 0.006 0.018 0.058
41 L 0.05 0.022 0.019 0.019 0.014 0.015 0.022 0.027 0.012 0.13 0.154 0.025 0.029 0.135 0.014 0.048 0.038 0.059 0.04 0.128
42 L 0.072 0.025 0.019 0.02 0.014 0.038 0.029 0.029 0.013 0.124 0.168 0.03 0.03 0.151 0.015 0.033 0.035 0.009 0.039 0.108
43 L 0.047 0.021 0.016 0.016 0.015 0.016 0.021 0.021 0.016 0.164 0.207 0.025 0.034 0.06 0.014 0.026 0.036 0.01 0.086 0.148
44 Y 0.069 0.027 0.028 0.025 0.063 0.022 0.03 0.035 0.025 0.074 0.073 0.034 0.02 0.065 0.019 0.083 0.067 0.014 0.15 0.077
45 L 0.079 0.022 0.016 0.018 0.017 0.017 0.022 0.027 0.01 0.167 0.192 0.027 0.056 0.04 0.016 0.033 0.04 0.006 0.02 0.173
46 V 0.07 0.022 0.016 0.018 0.019 0.016 0.023 0.025 0.008 0.165 0.13 0.026 0.032 0.036 0.016 0.033 0.049 0.006 0.021 0.269
47 F 0.041 0.019 0.015 0.016 0.013 0.012 0.018 0.022 0.012 0.152 0.175 0.021 0.032 0.205 0.012 0.025 0.032 0.01 0.048 0.119
48 G 0.096 0.025 0.033 0.03 0.012 0.02 0.028 0.338 0.016 0.033 0.073 0.034 0.015 0.031 0.019 0.068 0.035 0.007 0.047 0.038
49 L 0.048 0.027 0.021 0.021 0.064 0.04 0.029 0.025 0.048 0.149 0.196 0.031 0.033 0.038 0.015 0.03 0.036 0.006 0.023 0.119
50 L 0.083 0.023 0.019 0.02 0.017 0.017 0.024 0.03 0.01 0.176 0.188 0.028 0.033 0.038 0.017 0.054 0.043 0.006 0.019 0.154
51 F 0.053 0.024 0.024 0.023 0.014 0.017 0.026 0.031 0.013 0.094 0.129 0.028 0.026 0.186 0.016 0.061 0.086 0.01 0.045 0.095
52 I 0.046 0.02 0.016 0.017 0.014 0.014 0.02 0.022 0.014 0.166 0.158 0.023 0.031 0.133 0.014 0.026 0.035 0.01 0.071 0.15
53 W 0.105 0.023 0.018 0.019 0.068 0.017 0.025 0.037 0.016 0.061 0.109 0.027 0.022 0.089 0.016 0.039 0.034 0.122 0.072 0.082
54 L 0.06 0.025 0.024 0.023 0.016 0.019 0.026 0.079 0.011 0.114 0.194 0.031 0.048 0.037 0.017 0.058 0.065 0.006 0.019 0.127
55 A 0.161 0.065 0.028 0.027 0.016 0.026 0.036 0.049 0.051 0.057 0.156 0.045 0.025 0.03 0.022 0.073 0.042 0.006 0.022 0.063
56 Y 0.044 0.028 0.025 0.021 0.011 0.021 0.029 0.027 0.069 0.054 0.072 0.031 0.019 0.125 0.016 0.036 0.054 0.019 0.228 0.071
57 L 0.09 0.025 0.05 0.024 0.015 0.018 0.025 0.035 0.013 0.086 0.213 0.029 0.032 0.114 0.016 0.038 0.036 0.008 0.032 0.101
58 F 0.084 0.026 0.031 0.104 0.013 0.021 0.039 0.039 0.016 0.07 0.098 0.033 0.055 0.145 0.018 0.062 0.038 0.009 0.037 0.062
59 G 0.082 0.031 0.075 0.116 0.011 0.027 0.048 0.145 0.09 0.052 0.047 0.04 0.014 0.022 0.02 0.071 0.039 0.005 0.022 0.044
60 F 0.119 0.024 0.019 0.02 0.015 0.019 0.027 0.037 0.019 0.092 0.101 0.03 0.04 0.127 0.018 0.042 0.037 0.012 0.098 0.103
61 P 0.066 0.027 0.035 0.07 0.062 0.022 0.038 0.09 0.017 0.059 0.055 0.038 0.016 0.03 0.104 0.095 0.068 0.007 0.048 0.052
62 N 0.081 0.033 0.129 0.085 0.012 0.026 0.044 0.05 0.019 0.036 0.075 0.044 0.016 0.021 0.121 0.078 0.068 0.004 0.015 0.042
63 F 0.059 0.031 0.022 0.023 0.013 0.02 0.03 0.031 0.014 0.067 0.142 0.057 0.025 0.145 0.116 0.048 0.036 0.008 0.037 0.078
64 H 0.043 0.03 0.029 0.025 0.01 0.023 0.033 0.031 0.128 0.066 0.094 0.033 0.02 0.046 0.066 0.037 0.053 0.11 0.071 0.052
65 L 0.069 0.023 0.017 0.017 0.014 0.017 0.023 0.027 0.018 0.103 0.19 0.026 0.046 0.126 0.015 0.032 0.033 0.012 0.092 0.099
66 F 0.032 0.019 0.016 0.016 0.01 0.011 0.019 0.025 0.018 0.056 0.099 0.019 0.023 0.358 0.01 0.024 0.024 0.063 0.107 0.049
67 V 0.091 0.026 0.025 0.024 0.062 0.02 0.029 0.036 0.014 0.094 0.088 0.032 0.023 0.036 0.02 0.067 0.09 0.007 0.048 0.17
68 I 0.08 0.021 0.019 0.02 0.061 0.016 0.023 0.031 0.011 0.157 0.114 0.026 0.027 0.103 0.016 0.053 0.042 0.007 0.03 0.145
69 F 0.046 0.021 0.019 0.019 0.058 0.014 0.021 0.028 0.014 0.073 0.154 0.023 0.027 0.244 0.013 0.047 0.033 0.011 0.054 0.081
70 Y 0.047 0.022 0.02 0.02 0.057 0.017 0.023 0.027 0.024 0.116 0.096 0.027 0.023 0.136 0.015 0.049 0.035 0.015 0.151 0.08
71 F 0.07 0.021 0.021 0.021 0.014 0.015 0.023 0.03 0.013 0.147 0.114 0.026 0.026 0.173 0.016 0.041 0.078 0.009 0.042 0.098
72 L 0.084 0.023 0.021 0.022 0.062 0.018 0.025 0.033 0.01 0.138 0.158 0.029 0.029 0.034 0.018 0.059 0.066 0.005 0.018 0.147
73 L 0.058 0.027 0.026 0.024 0.016 0.021 0.029 0.03 0.045 0.127 0.161 0.033 0.045 0.036 0.018 0.06 0.086 0.006 0.023 0.129
74 F 0.042 0.022 0.018 0.018 0.013 0.015 0.022 0.024 0.018 0.104 0.167 0.025 0.029 0.182 0.014 0.031 0.053 0.013 0.102 0.088
75 L 0.074 0.022 0.016 0.017 0.061 0.016 0.021 0.028 0.01 0.136 0.2 0.025 0.048 0.074 0.015 0.032 0.037 0.007 0.025 0.135
76 L 0.059 0.024 0.024 0.023 0.06 0.018 0.026 0.032 0.012 0.116 0.161 0.029 0.029 0.092 0.017 0.074 0.065 0.007 0.028 0.104
77 N 0.096 0.032 0.143 0.044 0.012 0.024 0.036 0.05 0.022 0.043 0.089 0.039 0.019 0.113 0.019 0.071 0.042 0.009 0.051 0.047
78 L 0.05 0.063 0.023 0.024 0.013 0.024 0.032 0.029 0.013 0.087 0.141 0.064 0.04 0.033 0.108 0.038 0.057 0.052 0.022 0.087
79 P 0.054 0.025 0.022 0.029 0.01 0.02 0.034 0.034 0.012 0.025 0.034 0.039 0.01 0.012 0.519 0.042 0.034 0.002 0.012 0.029
80 K 0.06 0.153 0.04 0.036 0.011 0.041 0.053 0.04 0.018 0.032 0.047 0.162 0.016 0.018 0.024 0.078 0.107 0.005 0.017 0.041
81 Y 0.04 0.097 0.031 0.06 0.009 0.028 0.04 0.029 0.059 0.043 0.092 0.071 0.02 0.123 0.016 0.035 0.029 0.013 0.124 0.042
82 L 0.077 0.023 0.018 0.019 0.017 0.018 0.023 0.028 0.01 0.152 0.203 0.028 0.049 0.04 0.017 0.037 0.062 0.006 0.02 0.153
83 L 0.044 0.02 0.015 0.016 0.014 0.013 0.019 0.022 0.011 0.141 0.229 0.022 0.036 0.147 0.013 0.025 0.034 0.009 0.038 0.134
84 S 0.104 0.038 0.051 0.046 0.017 0.032 0.05 0.063 0.018 0.028 0.04 0.051 0.015 0.02 0.028 0.259 0.078 0.005 0.017 0.04
85 P 0.054 0.025 0.022 0.029 0.01 0.02 0.034 0.034 0.012 0.025 0.034 0.039 0.01 0.012 0.519 0.042 0.034 0.002 0.012 0.029
86 L 0.069 0.095 0.021 0.021 0.014 0.025 0.031 0.029 0.013 0.098 0.253 0.068 0.034 0.038 0.017 0.034 0.035 0.006 0.019 0.079
87 N 0.089 0.039 0.183 0.058 0.013 0.03 0.045 0.06 0.022 0.03 0.041 0.049 0.014 0.019 0.024 0.124 0.099 0.005 0.016 0.041
88 L 0.049 0.021 0.016 0.017 0.015 0.016 0.021 0.023 0.011 0.165 0.168 0.025 0.063 0.11 0.014 0.028 0.037 0.008 0.032 0.163
89 L 0.042 0.021 0.014 0.015 0.014 0.014 0.019 0.022 0.011 0.118 0.277 0.022 0.038 0.149 0.013 0.024 0.032 0.009 0.038 0.107
90 Y 0.036 0.023 0.019 0.017 0.009 0.017 0.023 0.024 0.034 0.048 0.081 0.025 0.02 0.231 0.013 0.028 0.026 0.023 0.255 0.047
91 A 0.18 0.024 0.023 0.025 0.017 0.019 0.029 0.139 0.012 0.102 0.108 0.034 0.023 0.028 0.021 0.055 0.041 0.005 0.017 0.101
92 Y 0.038 0.027 0.021 0.018 0.009 0.021 0.027 0.024 0.044 0.041 0.065 0.03 0.018 0.124 0.015 0.03 0.027 0.027 0.352 0.044
93 Y 0.039 0.028 0.023 0.019 0.009 0.022 0.029 0.025 0.076 0.04 0.062 0.031 0.017 0.116 0.015 0.031 0.026 0.025 0.325 0.042
94 G 0.065 0.022 0.031 0.027 0.011 0.017 0.023 0.395 0.013 0.038 0.103 0.029 0.017 0.059 0.016 0.042 0.028 0.006 0.019 0.038
95 L 0.094 0.024 0.016 0.017 0.016 0.017 0.022 0.03 0.01 0.115 0.321 0.027 0.04 0.045 0.016 0.034 0.035 0.006 0.02 0.094
96 W 0.029 0.021 0.015 0.015 0.008 0.014 0.021 0.028 0.015 0.035 0.061 0.021 0.016 0.123 0.008 0.022 0.022 0.427 0.068 0.033
97 F 0.034 0.021 0.018 0.017 0.01 0.014 0.021 0.024 0.026 0.053 0.093 0.022 0.022 0.311 0.012 0.026 0.025 0.02 0.182 0.049
98 G 0.055 0.02 0.021 0.02 0.014 0.015 0.02 0.161 0.01 0.143 0.157 0.025 0.028 0.069 0.015 0.032 0.035 0.007 0.023 0.129
99 L 0.075 0.022 0.015 0.017 0.017 0.016 0.021 0.026 0.009 0.152 0.253 0.026 0.037 0.042 0.016 0.031 0.038 0.006 0.02 0.161
100 A 0.256 0.029 0.026 0.03 0.018 0.024 0.039 0.066 0.014 0.037 0.051 0.043 0.015 0.019 0.117 0.09 0.048 0.005 0.016 0.057
101 P 0.054 0.024 0.021 0.027 0.011 0.019 0.032 0.032 0.012 0.044 0.076 0.037 0.015 0.018 0.427 0.039 0.035 0.003 0.014 0.06
102 L 0.044 0.027 0.017 0.018 0.014 0.039 0.027 0.024 0.013 0.128 0.256 0.031 0.068 0.046 0.014 0.028 0.034 0.053 0.025 0.094
103 F 0.038 0.019 0.018 0.017 0.011 0.012 0.019 0.07 0.015 0.065 0.155 0.02 0.027 0.314 0.011 0.026 0.026 0.013 0.066 0.057
104 A 0.28 0.028 0.027 0.029 0.019 0.023 0.036 0.158 0.014 0.037 0.051 0.04 0.015 0.02 0.026 0.075 0.044 0.005 0.015 0.058
105 E 0.062 0.052 0.044 0.093 0.01 0.084 0.165 0.042 0.022 0.026 0.04 0.088 0.015 0.017 0.025 0.093 0.066 0.005 0.016 0.035
106 R 0.049 0.289 0.038 0.031 0.009 0.042 0.048 0.079 0.02 0.025 0.044 0.118 0.015 0.017 0.02 0.048 0.056 0.005 0.016 0.032
107 Y 0.037 0.025 0.02 0.017 0.009 0.019 0.025 0.024 0.039 0.045 0.073 0.028 0.019 0.178 0.014 0.029 0.026 0.025 0.303 0.046
108 A 0.12 0.041 0.068 0.081 0.014 0.071 0.082 0.052 0.02 0.038 0.049 0.055 0.016 0.019 0.024 0.099 0.071 0.005 0.017 0.059
109 G 0.052 0.032 0.102 0.16 0.009 0.045 0.054 0.209 0.022 0.022 0.032 0.043 0.011 0.025 0.019 0.051 0.034 0.006 0.043 0.026
110 G 0.051 0.028 0.026 0.03 0.011 0.024 0.061 0.151 0.023 0.052 0.115 0.035 0.041 0.101 0.016 0.037 0.03 0.013 0.106 0.051
111 L 0.059 0.027 0.036 0.134 0.014 0.023 0.044 0.036 0.013 0.091 0.141 0.035 0.041 0.031 0.019 0.076 0.045 0.005 0.017 0.113
112 L 0.04 0.025 0.047 0.022 0.012 0.018 0.024 0.027 0.021 0.073 0.189 0.028 0.06 0.161 0.014 0.031 0.031 0.013 0.098 0.066
113 D 0.059 0.042 0.125 0.157 0.011 0.071 0.067 0.051 0.022 0.026 0.037 0.055 0.013 0.017 0.023 0.102 0.07 0.005 0.015 0.033
114 L 0.076 0.063 0.066 0.12 0.013 0.028 0.064 0.042 0.017 0.051 0.14 0.047 0.022 0.027 0.021 0.069 0.062 0.005 0.016 0.052
115 P 0.052 0.042 0.059 0.073 0.011 0.03 0.07 0.036 0.016 0.056 0.085 0.09 0.018 0.021 0.156 0.044 0.038 0.004 0.016 0.085
116 E 0.08 0.041 0.034 0.055 0.011 0.061 0.174 0.038 0.023 0.055 0.056 0.057 0.017 0.032 0.023 0.065 0.061 0.008 0.057 0.052
117 Y 0.045 0.027 0.021 0.024 0.011 0.023 0.053 0.024 0.033 0.085 0.082 0.032 0.021 0.091 0.016 0.031 0.032 0.019 0.231 0.102
118 D 0.065 0.069 0.101 0.115 0.011 0.05 0.056 0.047 0.023 0.031 0.043 0.055 0.014 0.027 0.022 0.09 0.089 0.007 0.046 0.039
119 L 0.048 0.03 0.017 0.018 0.015 0.019 0.025 0.023 0.013 0.122 0.268 0.051 0.037 0.051 0.015 0.028 0.035 0.008 0.05 0.128
120 A 0.205 0.034 0.039 0.038 0.018 0.028 0.045 0.068 0.016 0.034 0.047 0.047 0.016 0.02 0.028 0.178 0.064 0.005 0.017 0.051
121 F 0.065 0.023 0.018 0.018 0.013 0.017 0.023 0.028 0.022 0.106 0.135 0.026 0.042 0.166 0.015 0.032 0.031 0.014 0.128 0.079
122 L 0.126 0.023 0.018 0.02 0.039 0.018 0.025 0.06 0.011 0.098 0.171 0.029 0.028 0.036 0.018 0.042 0.039 0.052 0.023 0.124
123 L 0.045 0.026 0.016 0.016 0.015 0.02 0.023 0.023 0.015 0.098 0.296 0.028 0.101 0.056 0.014 0.028 0.034 0.009 0.052 0.086
124 L 0.124 0.024 0.017 0.019 0.017 0.017 0.025 0.036 0.011 0.096 0.224 0.029 0.033 0.073 0.018 0.041 0.039 0.007 0.025 0.126
125 F 0.054 0.027 0.028 0.026 0.012 0.02 0.03 0.034 0.024 0.048 0.076 0.032 0.02 0.193 0.018 0.08 0.082 0.015 0.133 0.051
126 T 0.075 0.03 0.036 0.032 0.017 0.023 0.034 0.085 0.013 0.077 0.073 0.039 0.02 0.025 0.023 0.1 0.158 0.005 0.017 0.119
127 T 0.07 0.033 0.095 0.042 0.015 0.026 0.038 0.061 0.016 0.059 0.062 0.042 0.018 0.023 0.023 0.104 0.153 0.005 0.017 0.097
128 F 0.035 0.021 0.016 0.016 0.011 0.013 0.02 0.023 0.02 0.067 0.164 0.021 0.028 0.287 0.012 0.025 0.026 0.016 0.12 0.059
129 G 0.068 0.023 0.03 0.028 0.014 0.019 0.026 0.26 0.012 0.095 0.099 0.032 0.02 0.026 0.018 0.063 0.06 0.005 0.015 0.087
130 I 0.058 0.023 0.02 0.021 0.016 0.017 0.024 0.027 0.01 0.182 0.175 0.028 0.033 0.038 0.017 0.053 0.065 0.006 0.019 0.171
131 G 0.072 0.025 0.032 0.029 0.103 0.02 0.027 0.264 0.013 0.04 0.085 0.033 0.032 0.023 0.019 0.081 0.04 0.005 0.014 0.044
132 L 0.077 0.022 0.016 0.017 0.016 0.016 0.022 0.027 0.012 0.15 0.196 0.026 0.033 0.047 0.016 0.032 0.039 0.008 0.05 0.176
133 L 0.05 0.02 0.015 0.016 0.06 0.015 0.02 0.023 0.012 0.142 0.195 0.023 0.033 0.082 0.014 0.028 0.036 0.009 0.055 0.152
134 V 0.07 0.022 0.016 0.018 0.019 0.016 0.023 0.025 0.008 0.165 0.13 0.026 0.032 0.036 0.016 0.033 0.049 0.006 0.021 0.269
135 A 0.157 0.028 0.029 0.028 0.016 0.021 0.033 0.095 0.014 0.049 0.095 0.036 0.02 0.095 0.022 0.08 0.086 0.007 0.029 0.06
136 L 0.044 0.023 0.015 0.016 0.015 0.017 0.02 0.021 0.01 0.161 0.299 0.025 0.072 0.048 0.014 0.025 0.035 0.007 0.021 0.112
137 F 0.047 0.046 0.056 0.03 0.056 0.027 0.037 0.034 0.022 0.064 0.071 0.107 0.019 0.112 0.018 0.043 0.056 0.011 0.09 0.055
138 F 0.066 0.023 0.024 0.056 0.013 0.017 0.029 0.03 0.047 0.11 0.128 0.027 0.026 0.173 0.015 0.034 0.032 0.009 0.045 0.096
139 G 0.112 0.031 0.043 0.037 0.012 0.025 0.058 0.315 0.015 0.027 0.041 0.054 0.012 0.053 0.02 0.053 0.033 0.006 0.019 0.035
140 E 0.053 0.048 0.037 0.071 0.009 0.053 0.252 0.033 0.022 0.05 0.049 0.087 0.015 0.019 0.024 0.053 0.058 0.005 0.016 0.046
141 R 0.048 0.134 0.044 0.059 0.01 0.054 0.074 0.034 0.019 0.044 0.062 0.088 0.018 0.091 0.019 0.046 0.057 0.007 0.029 0.062
142 I 0.067 0.022 0.017 0.018 0.013 0.017 0.023 0.028 0.017 0.149 0.141 0.027 0.043 0.08 0.03 0.031 0.034 0.057 0.088 0.098
143 G 0.107 0.052 0.031 0.035 0.012 0.052 0.064 0.222 0.016 0.054 0.056 0.047 0.016 0.055 0.02 0.051 0.034 0.006 0.021 0.049
144 K 0.086 0.102 0.042 0.038 0.011 0.04 0.054 0.046 0.074 0.029 0.044 0.152 0.015 0.019 0.025 0.092 0.066 0.005 0.022 0.038
145 K 0.057 0.107 0.042 0.042 0.009 0.054 0.071 0.043 0.021 0.028 0.043 0.278 0.016 0.016 0.028 0.054 0.04 0.005 0.017 0.033
146 K 0.082 0.119 0.036 0.034 0.011 0.037 0.049 0.043 0.019 0.033 0.055 0.151 0.017 0.09 0.022 0.085 0.043 0.007 0.029 0.039
147 K 0.067 0.084 0.038 0.036 0.012 0.054 0.051 0.087 0.018 0.059 0.084 0.125 0.019 0.022 0.023 0.102 0.047 0.005 0.017 0.051
148 V 0.071 0.029 0.03 0.028 0.018 0.022 0.031 0.034 0.011 0.109 0.097 0.036 0.026 0.03 0.022 0.063 0.149 0.006 0.019 0.171
149 I 0.047 0.018 0.015 0.018 0.016 0.013 0.018 0.021 0.009 0.269 0.168 0.024 0.037 0.044 0.015 0.025 0.04 0.006 0.021 0.177
150 N 0.087 0.049 0.134 0.048 0.011 0.034 0.048 0.051 0.085 0.03 0.044 0.086 0.015 0.038 0.022 0.057 0.04 0.009 0.075 0.037
151 H 0.042 0.046 0.054 0.038 0.008 0.038 0.054 0.038 0.353 0.023 0.038 0.046 0.015 0.031 0.019 0.042 0.027 0.008 0.057 0.023
152 Y 0.041 0.028 0.022 0.019 0.009 0.022 0.028 0.025 0.047 0.044 0.069 0.031 0.019 0.131 0.016 0.031 0.028 0.028 0.316 0.047
153 L 0.045 0.024 0.014 0.015 0.016 0.016 0.02 0.021 0.01 0.116 0.374 0.025 0.05 0.055 0.014 0.024 0.033 0.007 0.022 0.096
154 L 0.049 0.061 0.057 0.053 0.013 0.022 0.033 0.031 0.018 0.08 0.143 0.039 0.026 0.079 0.017 0.04 0.061 0.009 0.058 0.113
155 S 0.067 0.102 0.039 0.04 0.013 0.035 0.07 0.042 0.017 0.055 0.055 0.083 0.017 0.02 0.069 0.11 0.092 0.005 0.016 0.052
156 K 0.05 0.044 0.063 0.075 0.011 0.031 0.07 0.037 0.02 0.041 0.083 0.09 0.018 0.066 0.066 0.051 0.08 0.008 0.053 0.045
157 Y 0.048 0.067 0.031 0.03 0.009 0.037 0.049 0.034 0.033 0.035 0.055 0.158 0.017 0.072 0.021 0.042 0.034 0.016 0.171 0.039
158 L 0.059 0.059 0.026 0.03 0.014 0.025 0.057 0.032 0.014 0.117 0.13 0.042 0.042 0.067 0.018 0.073 0.044 0.007 0.025 0.12
159 D 0.06 0.069 0.042 0.111 0.011 0.071 0.083 0.085 0.019 0.039 0.051 0.057 0.016 0.054 0.021 0.084 0.043 0.006 0.022 0.058
160 R 0.045 0.345 0.039 0.031 0.008 0.048 0.052 0.033 0.023 0.023 0.047 0.12 0.016 0.017 0.019 0.045 0.035 0.006 0.017 0.031
161 P 0.057 0.026 0.023 0.031 0.01 0.021 0.036 0.036 0.013 0.026 0.036 0.041 0.01 0.013 0.494 0.044 0.036 0.003 0.013 0.031
162 V 0.07 0.022 0.016 0.018 0.019 0.016 0.023 0.025 0.008 0.165 0.13 0.026 0.032 0.036 0.016 0.033 0.049 0.006 0.021 0.269
163 G 0.078 0.023 0.039 0.034 0.011 0.019 0.026 0.51 0.014 0.019 0.028 0.034 0.009 0.016 0.019 0.051 0.03 0.005 0.011 0.024
164 E 0.055 0.05 0.04 0.09 0.007 0.064 0.296 0.035 0.026 0.022 0.037 0.076 0.013 0.017 0.026 0.055 0.037 0.006 0.017 0.031
165 R 0.045 0.345 0.039 0.031 0.008 0.048 0.052 0.033 0.023 0.023 0.047 0.12 0.016 0.017 0.019 0.045 0.035 0.006 0.017 0.031
166 L 0.045 0.024 0.014 0.015 0.016 0.016 0.02 0.021 0.01 0.115 0.375 0.025 0.05 0.055 0.014 0.024 0.033 0.007 0.022 0.096
167 G 0.078 0.023 0.039 0.034 0.011 0.019 0.026 0.51 0.014 0.019 0.028 0.034 0.009 0.016 0.019 0.051 0.03 0.005 0.011 0.024
168 G 0.083 0.041 0.035 0.034 0.012 0.028 0.04 0.148 0.018 0.039 0.047 0.089 0.015 0.028 0.09 0.097 0.045 0.007 0.045 0.059
169 L 0.054 0.036 0.056 0.033 0.013 0.045 0.047 0.033 0.049 0.115 0.143 0.055 0.027 0.032 0.018 0.057 0.042 0.006 0.022 0.116
170 N 0.048 0.035 0.152 0.089 0.009 0.03 0.07 0.091 0.055 0.028 0.041 0.045 0.013 0.054 0.065 0.055 0.059 0.006 0.024 0.032
171 V 0.081 0.033 0.025 0.029 0.014 0.025 0.057 0.079 0.016 0.091 0.079 0.059 0.021 0.038 0.019 0.045 0.06 0.054 0.052 0.125
172 D 0.041 0.03 0.069 0.395 0.008 0.03 0.092 0.047 0.019 0.022 0.028 0.045 0.009 0.015 0.022 0.052 0.036 0.004 0.011 0.024
173 L 0.051 0.127 0.028 0.03 0.012 0.032 0.064 0.078 0.015 0.084 0.145 0.083 0.025 0.029 0.018 0.037 0.035 0.006 0.018 0.085
174 I 0.054 0.031 0.029 0.066 0.012 0.022 0.036 0.083 0.014 0.119 0.095 0.06 0.039 0.066 0.068 0.058 0.039 0.006 0.023 0.079
175 D 0.074 0.028 0.094 0.145 0.011 0.024 0.048 0.089 0.016 0.062 0.052 0.039 0.014 0.019 0.111 0.05 0.039 0.004 0.014 0.067
176 Q 0.056 0.074 0.044 0.047 0.009 0.212 0.103 0.041 0.029 0.027 0.047 0.092 0.021 0.015 0.024 0.056 0.041 0.006 0.021 0.035
177 R 0.045 0.343 0.039 0.031 0.008 0.049 0.052 0.033 0.023 0.023 0.047 0.121 0.016 0.017 0.019 0.045 0.035 0.006 0.017 0.031
178 R 0.045 0.343 0.039 0.031 0.008 0.049 0.052 0.033 0.023 0.023 0.047 0.121 0.016 0.017 0.019 0.045 0.035 0.006 0.017 0.031
179 L 0.104 0.064 0.026 0.026 0.014 0.024 0.033 0.085 0.015 0.061 0.129 0.064 0.024 0.098 0.019 0.063 0.039 0.007 0.029 0.077
180 R 0.055 0.212 0.04 0.036 0.009 0.063 0.058 0.038 0.021 0.027 0.045 0.154 0.016 0.017 0.023 0.069 0.062 0.005 0.017 0.035
181 I 0.054 0.036 0.034 0.072 0.012 0.026 0.041 0.09 0.055 0.093 0.082 0.064 0.038 0.032 0.018 0.061 0.038 0.062 0.027 0.067
182 F 0.034 0.019 0.017 0.017 0.011 0.011 0.019 0.025 0.017 0.063 0.114 0.019 0.025 0.39 0.011 0.025 0.025 0.017 0.088 0.055
183 L 0.044 0.024 0.014 0.015 0.016 0.016 0.02 0.021 0.01 0.115 0.379 0.025 0.049 0.054 0.014 0.024 0.033 0.007 0.022 0.096
184 I 0.078 0.029 0.034 0.033 0.017 0.023 0.035 0.043 0.014 0.152 0.104 0.039 0.026 0.032 0.022 0.124 0.061 0.006 0.019 0.109
185 L 0.06 0.076 0.036 0.032 0.013 0.032 0.043 0.038 0.052 0.047 0.113 0.096 0.022 0.035 0.022 0.087 0.086 0.008 0.051 0.05
186 L 0.045 0.022 0.015 0.016 0.015 0.016 0.02 0.021 0.013 0.16 0.263 0.025 0.054 0.054 0.014 0.026 0.035 0.008 0.051 0.127
187 L 0.067 0.025 0.024 0.024 0.016 0.018 0.027 0.032 0.012 0.141 0.178 0.03 0.031 0.071 0.018 0.075 0.066 0.007 0.025 0.116
188 A 0.288 0.031 0.026 0.03 0.022 0.026 0.041 0.078 0.015 0.043 0.06 0.045 0.018 0.022 0.03 0.085 0.05 0.005 0.018 0.069
189 F 0.053 0.027 0.018 0.019 0.013 0.017 0.024 0.026 0.012 0.126 0.158 0.049 0.03 0.175 0.014 0.029 0.034 0.009 0.043 0.124
190 L 0.043 0.023 0.016 0.017 0.015 0.015 0.021 0.023 0.011 0.095 0.321 0.025 0.04 0.116 0.014 0.029 0.053 0.008 0.032 0.082
191 Y 0.047 0.026 0.023 0.021 0.012 0.019 0.027 0.028 0.028 0.057 0.132 0.03 0.024 0.146 0.016 0.054 0.055 0.017 0.182 0.056
192 L 0.096 0.023 0.018 0.019 0.015 0.017 0.024 0.033 0.013 0.102 0.182 0.027 0.046 0.142 0.016 0.043 0.036 0.009 0.037 0.101
193 I 0.048 0.019 0.015 0.016 0.015 0.013 0.019 0.022 0.01 0.197 0.17 0.022 0.033 0.109 0.014 0.026 0.037 0.008 0.032 0.175
194 S 0.11 0.04 0.054 0.049 0.018 0.033 0.052 0.066 0.019 0.03 0.042 0.054 0.016 0.021 0.03 0.22 0.082 0.005 0.018 0.042
195 S 0.11 0.04 0.054 0.049 0.018 0.033 0.052 0.066 0.019 0.03 0.042 0.054 0.016 0.021 0.03 0.22 0.082 0.005 0.018 0.042
196 L 0.045 0.024 0.014 0.015 0.016 0.016 0.02 0.021 0.01 0.115 0.375 0.025 0.05 0.055 0.014 0.024 0.033 0.007 0.022 0.096
197 R 0.045 0.345 0.039 0.031 0.008 0.048 0.052 0.033 0.023 0.023 0.047 0.12 0.016 0.017 0.019 0.045 0.035 0.006 0.017 0.031
198 L 0.045 0.024 0.014 0.015 0.016 0.016 0.02 0.021 0.01 0.115 0.375 0.025 0.05 0.055 0.014 0.024 0.033 0.007 0.022 0.096
199 C 0.065 0.016 0.016 0.016 0.484 0.012 0.016 0.032 0.008 0.045 0.065 0.02 0.016 0.02 0.016 0.041 0.037 0.004 0.012 0.057
200 C 0.065 0.016 0.016 0.016 0.484 0.012 0.016 0.032 0.008 0.045 0.065 0.02 0.016 0.02 0.016 0.041 0.037 0.004 0.012 0.057
201 V 0.07 0.022 0.016 0.018 0.019 0.016 0.023 0.025 0.008 0.165 0.13 0.026 0.032 0.036 0.016 0.033 0.049 0.006 0.021 0.269
202 K 0.057 0.107 0.042 0.042 0.009 0.054 0.071 0.043 0.021 0.028 0.043 0.278 0.016 0.016 0.028 0.054 0.04 0.005 0.017 0.033
203 E 0.055 0.05 0.04 0.09 0.007 0.064 0.296 0.035 0.026 0.022 0.037 0.076 0.013 0.017 0.026 0.055 0.037 0.006 0.017 0.031
204 L 0.045 0.024 0.014 0.015 0.016 0.016 0.02 0.021 0.01 0.115 0.375 0.025 0.05 0.055 0.014 0.024 0.033 0.007 0.022 0.096
205 S 0.11 0.04 0.054 0.049 0.018 0.033 0.052 0.066 0.019 0.03 0.042 0.054 0.016 0.021 0.03 0.22 0.082 0.005 0.018 0.042
206 T 0.073 0.036 0.043 0.038 0.018 0.028 0.039 0.043 0.014 0.053 0.065 0.045 0.02 0.024 0.028 0.093 0.246 0.006 0.018 0.071
207 S 0.11 0.04 0.054 0.049 0.018 0.033 0.052 0.066 0.019 0.03 0.042 0.054 0.016 0.021 0.03 0.22 0.082 0.005 0.018 0.042
208 S 0.11 0.04 0.054 0.049 0.018 0.033 0.052 0.066 0.019 0.03 0.042 0.054 0.016 0.021 0.03 0.22 0.082 0.005 0.018 0.042
209 F 0.034 0.019 0.017 0.017 0.011 0.011 0.019 0.025 0.017 0.063 0.114 0.019 0.025 0.387 0.011 0.025 0.025 0.017 0.089 0.055
210 I 0.047 0.018 0.015 0.018 0.016 0.013 0.018 0.021 0.009 0.271 0.168 0.024 0.037 0.044 0.015 0.025 0.04 0.006 0.021 0.177
211 S 0.11 0.04 0.054 0.049 0.018 0.033 0.052 0.066 0.019 0.03 0.042 0.054 0.016 0.021 0.03 0.22 0.082 0.005 0.018 0.042
212 Q 0.056 0.074 0.044 0.047 0.009 0.215 0.103 0.041 0.029 0.026 0.047 0.091 0.021 0.015 0.024 0.056 0.041 0.006 0.021 0.035
213 T 0.073 0.036 0.043 0.038 0.018 0.028 0.039 0.043 0.014 0.053 0.065 0.045 0.02 0.024 0.028 0.093 0.246 0.006 0.018 0.071
214 V 0.07 0.022 0.016 0.018 0.019 0.016 0.023 0.025 0.008 0.165 0.13 0.026 0.032 0.036 0.016 0.033 0.049 0.006 0.021 0.269
215 T 0.073 0.036 0.043 0.038 0.018 0.028 0.039 0.043 0.014 0.053 0.065 0.045 0.02 0.024 0.028 0.093 0.246 0.006 0.018 0.071
216 S 0.11 0.04 0.054 0.049 0.018 0.033 0.052 0.066 0.019 0.03 0.042 0.054 0.016 0.021 0.03 0.22 0.082 0.005 0.018 0.042
217 P 0.057 0.026 0.023 0.031 0.01 0.021 0.036 0.036 0.013 0.026 0.036 0.041 0.01 0.013 0.494 0.044 0.036 0.003 0.013 0.031
218 L 0.045 0.024 0.014 0.015 0.016 0.016 0.02 0.021 0.01 0.115 0.375 0.025 0.05 0.055 0.014 0.024 0.033 0.007 0.022 0.096
219 K 0.057 0.107 0.042 0.042 0.009 0.054 0.071 0.043 0.021 0.028 0.043 0.278 0.016 0.016 0.028 0.054 0.04 0.005 0.017 0.033
220 P 0.057 0.026 0.023 0.031 0.01 0.021 0.036 0.036 0.013 0.026 0.036 0.041 0.01 0.013 0.494 0.044 0.036 0.003 0.013 0.031
221 Y 0.04 0.028 0.022 0.019 0.009 0.022 0.028 0.025 0.047 0.044 0.068 0.031 0.019 0.131 0.016 0.031 0.028 0.028 0.318 0.047
222 R 0.045 0.345 0.039 0.031 0.008 0.048 0.052 0.033 0.023 0.023 0.047 0.12 0.016 0.017 0.019 0.045 0.035 0.006 0.017 0.031
223 L 0.045 0.024 0.014 0.015 0.016 0.016 0.02 0.021 0.01 0.115 0.375 0.025 0.05 0.055 0.014 0.024 0.033 0.007 0.022 0.096
224 V 0.07 0.022 0.016 0.018 0.019 0.016 0.023 0.025 0.008 0.165 0.13 0.026 0.032 0.036 0.016 0.033 0.049 0.006 0.021 0.269
225 D 0.041 0.03 0.069 0.397 0.008 0.03 0.091 0.047 0.019 0.022 0.028 0.045 0.009 0.015 0.022 0.052 0.035 0.004 0.011 0.024
226 S 0.11 0.04 0.054 0.049 0.018 0.033 0.052 0.066 0.019 0.03 0.042 0.054 0.016 0.021 0.03 0.22 0.082 0.005 0.018 0.042
227 W 0.03 0.023 0.015 0.015 0.008 0.015 0.023 0.03 0.015 0.03 0.053 0.023 0.015 0.061 0.008 0.023 0.023 0.492 0.068 0.03
228 S 0.11 0.04 0.054 0.049 0.018 0.033 0.052 0.066 0.019 0.03 0.042 0.054 0.016 0.021 0.03 0.22 0.082 0.005 0.018 0.042
229 Q 0.056 0.074 0.044 0.047 0.009 0.215 0.103 0.041 0.029 0.026 0.047 0.091 0.021 0.015 0.024 0.056 0.041 0.006 0.021 0.035
230 R 0.045 0.345 0.039 0.031 0.008 0.048 0.052 0.033 0.023 0.023 0.047 0.12 0.016 0.017 0.019 0.045 0.035 0.006 0.017 0.031
231 R 0.045 0.345 0.039 0.031 0.008 0.048 0.052 0.033 0.023 0.023 0.047 0.12 0.016 0.017 0.019 0.045 0.035 0.006 0.017 0.031
232 V 0.07 0.022 0.016 0.018 0.019 0.016 0.023 0.025 0.008 0.165 0.13 0.026 0.032 0.036 0.016 0.033 0.049 0.006 0.021 0.269
233 L 0.045 0.024 0.014 0.015 0.016 0.016 0.02 0.021 0.01 0.115 0.375 0.025 0.05 0.055 0.014 0.024 0.033 0.007 0.022 0.096
234 F 0.034 0.019 0.017 0.017 0.011 0.011 0.019 0.025 0.017 0.063 0.114 0.019 0.025 0.387 0.011 0.025 0.025 0.017 0.089 0.055
235 C 0.065 0.016 0.016 0.016 0.484 0.012 0.016 0.032 0.008 0.045 0.065 0.02 0.016 0.02 0.016 0.041 0.037 0.004 0.012 0.057
236 I 0.047 0.018 0.015 0.018 0.016 0.013 0.018 0.021 0.009 0.271 0.168 0.024 0.037 0.044 0.015 0.025 0.04 0.006 0.021 0.177
237 L 0.045 0.024 0.014 0.015 0.016 0.016 0.02 0.021 0.01 0.115 0.375 0.025 0.05 0.055 0.014 0.024 0.033 0.007 0.022 0.096
238 A 0.29 0.031 0.026 0.03 0.022 0.026 0.04 0.078 0.015 0.043 0.059 0.045 0.018 0.022 0.03 0.085 0.05 0.005 0.018 0.069
239 P 0.057 0.026 0.023 0.031 0.01 0.021 0.036 0.036 0.013 0.026 0.036 0.041 0.01 0.013 0.494 0.044 0.036 0.003 0.013 0.031
240 I 0.047 0.018 0.015 0.018 0.016 0.013 0.018 0.021 0.009 0.271 0.168 0.024 0.037 0.044 0.015 0.025 0.04 0.006 0.021 0.177
241 L 0.045 0.024 0.014 0.015 0.016 0.016 0.02 0.021 0.01 0.115 0.375 0.025 0.05 0.055 0.014 0.024 0.033 0.007 0.022 0.096
242 R 0.045 0.345 0.039 0.031 0.008 0.048 0.052 0.033 0.023 0.023 0.047 0.12 0.016 0.017 0.019 0.045 0.035 0.006 0.017 0.031
243 G 0.078 0.023 0.039 0.034 0.011 0.019 0.026 0.51 0.014 0.019 0.028 0.034 0.009 0.016 0.019 0.051 0.03 0.005 0.011 0.024
244 F 0.034 0.019 0.017 0.017 0.011 0.011 0.019 0.025 0.017 0.063 0.114 0.019 0.025 0.387 0.011 0.025 0.025 0.017 0.089 0.055
245 T 0.073 0.036 0.043 0.038 0.018 0.028 0.039 0.043 0.014 0.053 0.065 0.045 0.02 0.024 0.028 0.093 0.246 0.006 0.018 0.071
246 I 0.047 0.018 0.015 0.018 0.016 0.013 0.018 0.021 0.009 0.271 0.168 0.024 0.037 0.044 0.015 0.025 0.04 0.006 0.021 0.177
247 T 0.073 0.036 0.043 0.038 0.018 0.028 0.039 0.043 0.014 0.053 0.065 0.045 0.02 0.024 0.028 0.093 0.246 0.006 0.018 0.071
248 Q 0.056 0.074 0.044 0.047 0.009 0.215 0.103 0.041 0.029 0.026 0.047 0.091 0.021 0.015 0.024 0.056 0.041 0.006 0.021 0.035
249 Q 0.056 0.074 0.044 0.047 0.009 0.215 0.103 0.041 0.029 0.026 0.047 0.091 0.021 0.015 0.024 0.056 0.041 0.006 0.021 0.035
250 G 0.097 0.033 0.048 0.043 0.015 0.027 0.041 0.245 0.017 0.025 0.036 0.046 0.013 0.019 0.025 0.156 0.061 0.005 0.015 0.035
251 S 0.135 0.033 0.041 0.039 0.062 0.027 0.043 0.059 0.016 0.034 0.047 0.046 0.015 0.02 0.049 0.181 0.085 0.005 0.016 0.048
252 T 0.067 0.03 0.034 0.031 0.015 0.023 0.034 0.04 0.014 0.075 0.105 0.037 0.023 0.098 0.022 0.111 0.135 0.007 0.03 0.068
253 L 0.078 0.024 0.018 0.019 0.016 0.017 0.024 0.03 0.01 0.122 0.268 0.028 0.037 0.042 0.017 0.051 0.041 0.006 0.02 0.13
254 F 0.093 0.025 0.018 0.019 0.014 0.019 0.025 0.034 0.015 0.074 0.155 0.029 0.09 0.177 0.016 0.038 0.034 0.01 0.044 0.071
255 V 0.08 0.02 0.016 0.017 0.062 0.015 0.021 0.028 0.009 0.15 0.143 0.025 0.029 0.069 0.016 0.034 0.041 0.006 0.025 0.193
256 L 0.05 0.021 0.016 0.017 0.015 0.016 0.021 0.022 0.013 0.16 0.183 0.025 0.048 0.083 0.014 0.027 0.037 0.009 0.056 0.167
257 L 0.073 0.026 0.018 0.019 0.015 0.02 0.023 0.074 0.012 0.091 0.28 0.029 0.083 0.044 0.016 0.034 0.035 0.007 0.02 0.082
258 I 0.043 0.019 0.015 0.016 0.014 0.014 0.018 0.02 0.013 0.225 0.191 0.023 0.035 0.085 0.014 0.024 0.034 0.009 0.056 0.132
259 V 0.062 0.021 0.015 0.017 0.018 0.015 0.021 0.023 0.008 0.166 0.153 0.025 0.032 0.036 0.015 0.03 0.045 0.005 0.02 0.273
260 L 0.059 0.063 0.053 0.033 0.011 0.045 0.061 0.032 0.02 0.077 0.144 0.045 0.025 0.109 0.017 0.039 0.034 0.009 0.061 0.063
261 N 0.091 0.044 0.154 0.053 0.013 0.032 0.047 0.058 0.025 0.028 0.04 0.072 0.014 0.028 0.024 0.133 0.056 0.007 0.046 0.037
262 S 0.092 0.037 0.048 0.043 0.017 0.03 0.045 0.055 0.016 0.036 0.048 0.048 0.016 0.021 0.027 0.197 0.153 0.005 0.017 0.05
263 G 0.074 0.022 0.037 0.032 0.01 0.018 0.024 0.535 0.013 0.018 0.027 0.032 0.009 0.015 0.018 0.049 0.028 0.005 0.01 0.023
264 G 0.074 0.022 0.037 0.032 0.01 0.018 0.024 0.535 0.013 0.018 0.027 0.032 0.009 0.015 0.018 0.049 0.028 0.005 0.01 0.023
265 L 0.041 0.019 0.014 0.016 0.014 0.013 0.018 0.021 0.011 0.186 0.213 0.022 0.035 0.147 0.013 0.024 0.032 0.009 0.038 0.115
266 A 0.116 0.043 0.071 0.079 0.013 0.089 0.062 0.1 0.021 0.028 0.041 0.057 0.015 0.017 0.024 0.115 0.05 0.005 0.016 0.038
267 Y 0.051 0.072 0.027 0.025 0.011 0.028 0.038 0.03 0.056 0.065 0.069 0.09 0.019 0.051 0.064 0.037 0.035 0.011 0.112 0.108
268 W 0.029 0.022 0.014 0.014 0.007 0.014 0.022 0.029 0.014 0.029 0.05 0.022 0.014 0.058 0.007 0.022 0.022 0.518 0.065 0.029
269 I 0.046 0.023 0.017 0.023 0.015 0.02 0.048 0.022 0.011 0.207 0.198 0.029 0.066 0.042 0.015 0.028 0.037 0.006 0.02 0.127
270 A 0.155 0.035 0.036 0.082 0.014 0.036 0.123 0.051 0.051 0.041 0.051 0.05 0.016 0.021 0.025 0.078 0.043 0.005 0.02 0.067
271 D 0.052 0.037 0.193 0.2 0.01 0.031 0.062 0.056 0.023 0.023 0.031 0.048 0.011 0.017 0.022 0.095 0.048 0.004 0.014 0.027
272 P 0.058 0.025 0.024 0.03 0.011 0.02 0.034 0.036 0.012 0.051 0.046 0.039 0.013 0.016 0.428 0.06 0.039 0.003 0.013 0.043
273 G 0.071 0.023 0.04 0.068 0.011 0.02 0.031 0.445 0.013 0.021 0.03 0.034 0.01 0.016 0.019 0.052 0.052 0.005 0.011 0.027
274 D 0.042 0.096 0.054 0.283 0.008 0.052 0.076 0.04 0.019 0.029 0.046 0.059 0.028 0.017 0.02 0.047 0.034 0.004 0.014 0.031
275 A 0.302 0.03 0.026 0.029 0.02 0.024 0.038 0.071 0.014 0.042 0.057 0.042 0.017 0.021 0.028 0.081 0.069 0.005 0.017 0.066
276 F 0.033 0.019 0.016 0.016 0.01 0.011 0.019 0.024 0.019 0.059 0.105 0.019 0.024 0.391 0.011 0.025 0.024 0.017 0.109 0.052
277 L 0.043 0.023 0.014 0.015 0.015 0.015 0.019 0.02 0.009 0.128 0.384 0.024 0.046 0.051 0.014 0.023 0.032 0.007 0.021 0.098
278 N 0.05 0.069 0.237 0.062 0.01 0.03 0.042 0.143 0.025 0.023 0.034 0.053 0.011 0.017 0.02 0.063 0.064 0.005 0.014 0.029
279 R 0.042 0.378 0.037 0.029 0.007 0.046 0.05 0.031 0.022 0.022 0.044 0.114 0.015 0.017 0.018 0.042 0.033 0.006 0.017 0.029
280 A 0.162 0.069 0.036 0.044 0.014 0.055 0.099 0.1 0.019 0.03 0.045 0.059 0.015 0.018 0.025 0.099 0.047 0.005 0.016 0.044
281 G 0.074 0.022 0.037 0.032 0.01 0.018 0.024 0.535 0.013 0.018 0.027 0.032 0.009 0.015 0.018 0.049 0.028 0.005 0.01 0.023
282 S 0.136 0.033 0.043 0.04 0.016 0.027 0.042 0.149 0.016 0.031 0.042 0.045 0.014 0.019 0.026 0.173 0.082 0.005 0.015 0.044
283 G 0.074 0.022 0.037 0.032 0.01 0.018 0.024 0.535 0.013 0.018 0.027 0.032 0.009 0.015 0.018 0.049 0.028 0.005 0.01 0.023
284 V 0.056 0.022 0.019 0.02 0.016 0.017 0.024 0.024 0.043 0.172 0.126 0.027 0.029 0.034 0.061 0.031 0.041 0.005 0.022 0.211
285 Y 0.037 0.024 0.019 0.017 0.009 0.018 0.024 0.024 0.037 0.047 0.077 0.026 0.02 0.204 0.014 0.028 0.026 0.024 0.279 0.047
286 V 0.062 0.024 0.02 0.02 0.016 0.018 0.026 0.027 0.019 0.113 0.1 0.029 0.025 0.057 0.017 0.052 0.044 0.011 0.11 0.21
287 I 0.048 0.019 0.014 0.016 0.016 0.014 0.018 0.02 0.008 0.244 0.198 0.023 0.036 0.042 0.014 0.025 0.038 0.006 0.02 0.179
288 L 0.048 0.022 0.018 0.018 0.014 0.016 0.02 0.114 0.01 0.111 0.315 0.025 0.039 0.044 0.014 0.028 0.032 0.006 0.019 0.086
289 S 0.08 0.032 0.038 0.035 0.015 0.025 0.038 0.048 0.016 0.049 0.119 0.04 0.022 0.098 0.022 0.173 0.06 0.007 0.03 0.051
290 H 0.05 0.039 0.044 0.034 0.01 0.032 0.044 0.037 0.251 0.04 0.086 0.042 0.035 0.031 0.019 0.062 0.055 0.007 0.042 0.04
291 F 0.035 0.022 0.02 0.018 0.01 0.014 0.022 0.026 0.053 0.06 0.11 0.022 0.041 0.339 0.011 0.027 0.026 0.014 0.076 0.053
292 S 0.098 0.036 0.048 0.044 0.016 0.03 0.047 0.059 0.018 0.032 0.047 0.048 0.016 0.059 0.027 0.232 0.073 0.006 0.024 0.041
293 S 0.116 0.035 0.044 0.041 0.016 0.028 0.044 0.058 0.017 0.035 0.051 0.047 0.016 0.06 0.026 0.198 0.09 0.006 0.024 0.047
294 L 0.052 0.024 0.019 0.02 0.015 0.019 0.024 0.026 0.012 0.152 0.193 0.028 0.08 0.076 0.015 0.049 0.04 0.007 0.026 0.122
295 L 0.121 0.023 0.018 0.021 0.016 0.017 0.025 0.037 0.012 0.114 0.152 0.029 0.027 0.103 0.063 0.042 0.037 0.007 0.03 0.105
296 L 0.066 0.023 0.016 0.016 0.014 0.016 0.021 0.026 0.014 0.088 0.29 0.025 0.038 0.122 0.014 0.029 0.031 0.01 0.062 0.078
297 A 0.277 0.028 0.023 0.027 0.064 0.023 0.036 0.067 0.013 0.04 0.055 0.04 0.016 0.02 0.072 0.073 0.045 0.005 0.016 0.061
298 A 0.163 0.028 0.025 0.026 0.018 0.022 0.033 0.049 0.012 0.083 0.135 0.036 0.026 0.03 0.022 0.089 0.05 0.005 0.018 0.131
299 L 0.07 0.021 0.015 0.017 0.06 0.015 0.02 0.027 0.011 0.111 0.241 0.024 0.035 0.11 0.015 0.031 0.034 0.008 0.031 0.105
300 I 0.091 0.026 0.027 0.027 0.062 0.02 0.029 0.038 0.011 0.134 0.095 0.033 0.024 0.029 0.021 0.086 0.092 0.005 0.018 0.132
301 G 0.071 0.021 0.035 0.031 0.01 0.017 0.024 0.488 0.013 0.022 0.034 0.031 0.01 0.052 0.017 0.047 0.028 0.006 0.017 0.026
302 Y 0.04 0.027 0.024 0.02 0.01 0.021 0.028 0.027 0.064 0.047 0.096 0.03 0.021 0.12 0.015 0.034 0.05 0.065 0.214 0.048
303 Y 0.042 0.03 0.056 0.028 0.01 0.023 0.031 0.03 0.086 0.063 0.07 0.033 0.019 0.11 0.016 0.039 0.052 0.017 0.191 0.053
304 A 0.18 0.058 0.026 0.026 0.107 0.023 0.033 0.052 0.013 0.066 0.067 0.043 0.018 0.022 0.023 0.066 0.086 0.005 0.016 0.07
305 Y 0.047 0.029 0.024 0.022 0.011 0.041 0.033 0.029 0.032 0.053 0.074 0.034 0.02 0.15 0.016 0.052 0.034 0.019 0.212 0.068
306 R 0.056 0.106 0.059 0.038 0.012 0.034 0.068 0.035 0.017 0.082 0.099 0.102 0.022 0.025 0.02 0.061 0.042 0.005 0.018 0.099
307 K 0.058 0.094 0.037 0.034 0.01 0.038 0.05 0.084 0.023 0.03 0.046 0.17 0.015 0.036 0.023 0.068 0.06 0.009 0.077 0.037
308 K 0.053 0.157 0.039 0.035 0.008 0.042 0.053 0.128 0.053 0.023 0.039 0.184 0.014 0.017 0.022 0.047 0.034 0.005 0.019 0.028
309 S 0.08 0.046 0.101 0.049 0.014 0.052 0.053 0.055 0.02 0.038 0.046 0.076 0.016 0.02 0.025 0.166 0.062 0.005 0.017 0.06
310 K 0.046 0.082 0.026 0.026 0.011 0.029 0.039 0.03 0.016 0.08 0.111 0.136 0.023 0.132 0.018 0.036 0.034 0.008 0.036 0.08
311 L 0.059 0.038 0.027 0.027 0.014 0.025 0.034 0.034 0.014 0.109 0.148 0.079 0.042 0.065 0.019 0.074 0.064 0.007 0.024 0.098
312 L 0.079 0.027 0.025 0.026 0.015 0.021 0.031 0.036 0.012 0.081 0.158 0.035 0.04 0.03 0.145 0.064 0.081 0.005 0.017 0.071
313 L 0.044 0.022 0.015 0.016 0.014 0.015 0.021 0.022 0.016 0.128 0.207 0.024 0.033 0.09 0.013 0.026 0.033 0.053 0.085 0.124
314 V 0.079 0.023 0.019 0.02 0.084 0.017 0.024 0.032 0.012 0.105 0.13 0.027 0.041 0.099 0.016 0.053 0.041 0.008 0.038 0.132
315 L 0.074 0.023 0.021 0.021 0.015 0.017 0.024 0.031 0.012 0.138 0.183 0.028 0.031 0.101 0.017 0.054 0.059 0.007 0.03 0.113
316 F 0.06 0.025 0.019 0.02 0.011 0.034 0.028 0.029 0.021 0.057 0.116 0.028 0.024 0.272 0.014 0.032 0.028 0.015 0.113 0.054
317 L 0.052 0.024 0.021 0.021 0.015 0.018 0.024 0.028 0.012 0.114 0.244 0.028 0.049 0.106 0.016 0.064 0.039 0.008 0.031 0.086
318 L 0.069 0.021 0.016 0.018 0.015 0.015 0.02 0.067 0.01 0.163 0.264 0.026 0.037 0.043 0.015 0.03 0.035 0.006 0.019 0.109
319 W 0.038 0.022 0.017 0.017 0.01 0.015 0.022 0.028 0.013 0.071 0.096 0.024 0.02 0.051 0.011 0.028 0.048 0.348 0.05 0.072
320 L 0.046 0.022 0.014 0.015 0.016 0.015 0.019 0.021 0.009 0.134 0.34 0.024 0.043 0.048 0.014 0.024 0.035 0.006 0.021 0.134
