#Seq2Logo.py -f /work3/idamei/wzy_ssn/run/1e-50/run/150/MSAs/0015_99.afa -o /work3/idamei/wzy_ssn/run/1e-50/run/150/logos/0015_99.logo
#Position Specific Frequency Matrix
A R N D C Q E G H I L K M F P S T W Y V
0 L 0.052 0.032 0.02 0.02 0.016 0.028 0.028 0.028 0.016 0.1 0.196 0.036 0.163 0.048 0.016 0.036 0.04 0.008 0.024 0.092
1 N 0.049 0.059 0.181 0.065 0.009 0.125 0.076 0.053 0.03 0.024 0.039 0.072 0.016 0.016 0.022 0.063 0.045 0.005 0.018 0.031
2 D 0.166 0.03 0.047 0.214 0.015 0.028 0.066 0.062 0.017 0.033 0.044 0.045 0.013 0.018 0.026 0.068 0.043 0.005 0.014 0.046
3 D 0.044 0.024 0.042 0.208 0.012 0.022 0.054 0.034 0.014 0.148 0.098 0.034 0.023 0.029 0.019 0.039 0.038 0.005 0.016 0.1
4 R 0.045 0.343 0.039 0.031 0.008 0.049 0.052 0.033 0.023 0.023 0.047 0.121 0.016 0.017 0.019 0.045 0.035 0.006 0.017 0.031
5 R 0.045 0.343 0.039 0.031 0.008 0.049 0.052 0.033 0.023 0.023 0.047 0.121 0.016 0.017 0.019 0.045 0.035 0.006 0.017 0.031
6 K 0.057 0.107 0.042 0.042 0.009 0.054 0.071 0.043 0.021 0.028 0.043 0.276 0.016 0.016 0.028 0.054 0.04 0.005 0.017 0.033
7 T 0.073 0.036 0.044 0.038 0.018 0.028 0.039 0.044 0.014 0.053 0.065 0.046 0.02 0.024 0.028 0.093 0.245 0.006 0.018 0.071
8 F 0.034 0.019 0.017 0.017 0.011 0.011 0.019 0.025 0.017 0.064 0.114 0.019 0.025 0.385 0.011 0.025 0.025 0.017 0.089 0.055
9 G 0.078 0.023 0.039 0.034 0.011 0.019 0.026 0.509 0.014 0.019 0.028 0.034 0.009 0.016 0.019 0.051 0.03 0.005 0.011 0.024
10 K 0.057 0.107 0.042 0.042 0.009 0.054 0.071 0.043 0.021 0.028 0.043 0.276 0.016 0.016 0.028 0.054 0.04 0.005 0.017 0.033
11 L 0.049 0.03 0.019 0.019 0.015 0.026 0.026 0.026 0.015 0.098 0.213 0.034 0.177 0.047 0.015 0.033 0.038 0.008 0.023 0.089
12 R 0.055 0.159 0.034 0.031 0.012 0.037 0.045 0.034 0.017 0.064 0.071 0.122 0.029 0.023 0.021 0.052 0.09 0.006 0.018 0.079
13 I 0.047 0.018 0.015 0.018 0.016 0.013 0.018 0.021 0.009 0.268 0.169 0.024 0.037 0.044 0.015 0.025 0.04 0.006 0.021 0.177
14 V 0.07 0.022 0.017 0.018 0.019 0.017 0.023 0.025 0.008 0.165 0.131 0.026 0.032 0.036 0.017 0.033 0.05 0.006 0.021 0.266
15 I 0.048 0.028 0.017 0.019 0.015 0.018 0.024 0.023 0.01 0.211 0.197 0.055 0.035 0.041 0.016 0.028 0.038 0.006 0.02 0.151
16 V 0.058 0.02 0.016 0.018 0.018 0.015 0.02 0.023 0.008 0.218 0.149 0.025 0.034 0.04 0.016 0.029 0.045 0.006 0.021 0.223
17 K 0.057 0.107 0.041 0.041 0.009 0.053 0.071 0.043 0.021 0.028 0.043 0.279 0.015 0.015 0.028 0.053 0.04 0.005 0.017 0.033
18 R 0.051 0.226 0.04 0.036 0.008 0.051 0.061 0.038 0.022 0.025 0.045 0.199 0.015 0.016 0.023 0.049 0.037 0.005 0.017 0.032
19 K 0.056 0.182 0.04 0.04 0.009 0.048 0.074 0.04 0.021 0.025 0.042 0.201 0.015 0.016 0.024 0.071 0.041 0.005 0.017 0.032
20 I 0.05 0.02 0.016 0.018 0.016 0.015 0.02 0.022 0.009 0.22 0.203 0.025 0.036 0.042 0.015 0.029 0.052 0.006 0.02 0.168
21 N 0.047 0.039 0.258 0.087 0.011 0.03 0.046 0.055 0.025 0.04 0.044 0.047 0.014 0.02 0.02 0.065 0.072 0.005 0.016 0.061
22 I 0.047 0.018 0.015 0.018 0.016 0.013 0.018 0.021 0.009 0.271 0.168 0.024 0.037 0.044 0.015 0.025 0.04 0.006 0.021 0.177
23 K 0.056 0.1 0.112 0.069 0.009 0.04 0.056 0.074 0.023 0.025 0.039 0.155 0.013 0.021 0.023 0.075 0.043 0.006 0.03 0.031
24 L 0.047 0.036 0.061 0.03 0.012 0.024 0.032 0.086 0.055 0.086 0.169 0.061 0.034 0.076 0.017 0.037 0.034 0.007 0.03 0.067
25 F 0.053 0.025 0.025 0.024 0.014 0.017 0.026 0.032 0.014 0.079 0.128 0.029 0.026 0.2 0.017 0.064 0.089 0.01 0.048 0.079
26 F 0.044 0.023 0.02 0.02 0.012 0.016 0.024 0.028 0.017 0.081 0.121 0.027 0.024 0.172 0.069 0.043 0.045 0.068 0.082 0.064
27 V 0.059 0.022 0.017 0.018 0.017 0.016 0.022 0.024 0.009 0.172 0.19 0.026 0.034 0.039 0.016 0.04 0.044 0.006 0.02 0.209
28 F 0.084 0.021 0.022 0.022 0.149 0.015 0.024 0.091 0.013 0.043 0.069 0.027 0.017 0.149 0.072 0.052 0.035 0.008 0.037 0.048
29 L 0.046 0.022 0.014 0.015 0.016 0.015 0.019 0.021 0.009 0.158 0.316 0.024 0.043 0.048 0.014 0.024 0.035 0.006 0.021 0.132
30 A 0.17 0.034 0.039 0.038 0.018 0.028 0.043 0.063 0.016 0.052 0.061 0.046 0.027 0.023 0.027 0.169 0.064 0.005 0.017 0.059
31 F 0.034 0.018 0.016 0.016 0.011 0.01 0.018 0.024 0.015 0.087 0.116 0.019 0.026 0.37 0.011 0.024 0.026 0.015 0.078 0.066
32 F 0.045 0.024 0.021 0.021 0.012 0.018 0.025 0.029 0.02 0.063 0.115 0.027 0.06 0.255 0.014 0.052 0.034 0.014 0.093 0.059
33 G 0.061 0.021 0.025 0.023 0.04 0.016 0.022 0.248 0.011 0.089 0.142 0.027 0.024 0.051 0.016 0.037 0.033 0.006 0.019 0.089
34 I 0.048 0.019 0.017 0.019 0.016 0.014 0.019 0.022 0.009 0.261 0.164 0.025 0.034 0.041 0.015 0.031 0.064 0.006 0.02 0.154
35 T 0.066 0.028 0.03 0.028 0.017 0.021 0.03 0.033 0.011 0.114 0.094 0.035 0.025 0.029 0.022 0.063 0.173 0.006 0.018 0.156
36 L 0.046 0.021 0.014 0.016 0.016 0.015 0.019 0.021 0.009 0.179 0.29 0.024 0.042 0.047 0.014 0.025 0.036 0.006 0.021 0.141
37 G 0.092 0.031 0.046 0.041 0.014 0.026 0.039 0.271 0.016 0.024 0.034 0.043 0.012 0.018 0.024 0.161 0.056 0.005 0.014 0.033
38 N 0.058 0.039 0.244 0.067 0.01 0.03 0.044 0.141 0.025 0.022 0.031 0.049 0.011 0.017 0.021 0.095 0.05 0.005 0.015 0.028
39 S 0.106 0.039 0.052 0.047 0.017 0.032 0.05 0.064 0.018 0.029 0.04 0.052 0.015 0.02 0.029 0.25 0.079 0.005 0.017 0.04
40 Q 0.07 0.055 0.042 0.042 0.012 0.148 0.074 0.046 0.023 0.036 0.083 0.069 0.021 0.02 0.024 0.116 0.052 0.006 0.019 0.043
41 F 0.06 0.023 0.018 0.018 0.013 0.016 0.023 0.027 0.023 0.081 0.097 0.025 0.024 0.189 0.014 0.031 0.033 0.016 0.15 0.119
42 L 0.047 0.021 0.016 0.017 0.015 0.015 0.02 0.023 0.012 0.137 0.195 0.024 0.051 0.146 0.013 0.027 0.035 0.009 0.039 0.139
43 V 0.059 0.027 0.043 0.028 0.016 0.02 0.028 0.032 0.012 0.135 0.134 0.033 0.028 0.033 0.02 0.053 0.132 0.006 0.019 0.142
44 N 0.114 0.053 0.139 0.057 0.012 0.038 0.081 0.058 0.022 0.028 0.04 0.109 0.014 0.018 0.025 0.086 0.048 0.005 0.016 0.038
45 L 0.077 0.032 0.022 0.022 0.014 0.021 0.029 0.032 0.016 0.129 0.165 0.06 0.029 0.067 0.018 0.041 0.062 0.009 0.059 0.094
46 G 0.089 0.022 0.037 0.032 0.011 0.019 0.025 0.504 0.013 0.019 0.029 0.033 0.009 0.016 0.019 0.051 0.03 0.005 0.011 0.026
47 L 0.048 0.031 0.019 0.02 0.015 0.02 0.026 0.025 0.011 0.16 0.26 0.057 0.038 0.043 0.016 0.039 0.037 0.006 0.02 0.109
48 D 0.111 0.038 0.114 0.175 0.012 0.053 0.065 0.057 0.021 0.027 0.038 0.051 0.013 0.017 0.024 0.084 0.046 0.004 0.015 0.037
49 D 0.068 0.036 0.098 0.137 0.012 0.033 0.085 0.051 0.02 0.055 0.049 0.049 0.015 0.02 0.023 0.128 0.054 0.005 0.015 0.047
50 L 0.053 0.039 0.022 0.023 0.014 0.023 0.032 0.028 0.012 0.155 0.159 0.088 0.03 0.056 0.018 0.044 0.04 0.006 0.023 0.134
51 L 0.047 0.019 0.015 0.016 0.015 0.014 0.019 0.022 0.01 0.188 0.198 0.023 0.035 0.104 0.014 0.026 0.037 0.008 0.031 0.16
52 E 0.055 0.057 0.038 0.054 0.01 0.112 0.154 0.036 0.022 0.057 0.056 0.095 0.018 0.019 0.023 0.054 0.064 0.005 0.018 0.051
53 Y 0.041 0.028 0.021 0.018 0.01 0.022 0.027 0.025 0.038 0.054 0.093 0.031 0.057 0.108 0.015 0.031 0.03 0.023 0.273 0.055
54 L 0.078 0.024 0.018 0.019 0.016 0.017 0.023 0.029 0.01 0.131 0.269 0.028 0.038 0.043 0.017 0.038 0.063 0.006 0.02 0.111
55 G 0.098 0.029 0.043 0.038 0.013 0.024 0.036 0.323 0.015 0.023 0.034 0.041 0.012 0.018 0.023 0.131 0.05 0.005 0.013 0.032
56 Y 0.041 0.026 0.02 0.018 0.01 0.021 0.026 0.024 0.038 0.077 0.09 0.03 0.039 0.108 0.015 0.03 0.029 0.022 0.272 0.064
57 F 0.057 0.024 0.026 0.025 0.013 0.017 0.026 0.088 0.014 0.087 0.155 0.029 0.027 0.159 0.016 0.077 0.04 0.009 0.04 0.069
58 L 0.047 0.02 0.015 0.017 0.016 0.015 0.019 0.021 0.009 0.22 0.223 0.024 0.049 0.045 0.014 0.025 0.038 0.006 0.02 0.158
59 L 0.044 0.023 0.014 0.015 0.016 0.015 0.019 0.021 0.01 0.124 0.371 0.024 0.046 0.051 0.014 0.024 0.033 0.007 0.021 0.108
60 L 0.044 0.023 0.015 0.016 0.015 0.017 0.02 0.022 0.011 0.158 0.28 0.025 0.069 0.069 0.014 0.026 0.035 0.007 0.025 0.111
61 L 0.086 0.026 0.022 0.022 0.016 0.019 0.027 0.035 0.013 0.088 0.227 0.031 0.042 0.081 0.018 0.069 0.043 0.007 0.027 0.099
62 C 0.071 0.033 0.029 0.028 0.231 0.023 0.031 0.094 0.013 0.041 0.065 0.062 0.034 0.022 0.02 0.088 0.045 0.005 0.015 0.049
63 I 0.048 0.018 0.014 0.017 0.016 0.013 0.018 0.02 0.008 0.282 0.157 0.023 0.035 0.042 0.014 0.025 0.039 0.006 0.02 0.185
64 F 0.048 0.021 0.019 0.02 0.014 0.015 0.022 0.027 0.013 0.116 0.161 0.025 0.03 0.204 0.014 0.05 0.037 0.01 0.049 0.105
65 L 0.048 0.033 0.055 0.026 0.014 0.021 0.029 0.028 0.017 0.131 0.17 0.059 0.03 0.063 0.016 0.034 0.038 0.008 0.058 0.123
66 C 0.058 0.039 0.072 0.083 0.12 0.03 0.061 0.042 0.057 0.046 0.051 0.07 0.015 0.021 0.021 0.074 0.067 0.005 0.019 0.047
67 L 0.038 0.06 0.018 0.017 0.012 0.018 0.023 0.024 0.018 0.074 0.21 0.033 0.032 0.196 0.013 0.027 0.029 0.013 0.082 0.065
68 L 0.044 0.032 0.018 0.019 0.013 0.02 0.026 0.024 0.016 0.118 0.227 0.056 0.052 0.094 0.015 0.029 0.033 0.01 0.064 0.089
69 K 0.059 0.089 0.055 0.039 0.011 0.04 0.054 0.095 0.018 0.037 0.048 0.191 0.016 0.018 0.024 0.057 0.077 0.005 0.016 0.051
70 N 0.073 0.042 0.274 0.075 0.01 0.035 0.077 0.061 0.028 0.024 0.034 0.053 0.012 0.018 0.021 0.067 0.046 0.005 0.015 0.031
71 P 0.052 0.086 0.099 0.039 0.011 0.026 0.036 0.094 0.018 0.049 0.072 0.051 0.017 0.064 0.101 0.057 0.054 0.006 0.023 0.045
72 H 0.042 0.046 0.054 0.038 0.008 0.038 0.054 0.038 0.353 0.023 0.038 0.046 0.015 0.031 0.019 0.042 0.027 0.008 0.057 0.023
73 K 0.09 0.06 0.053 0.037 0.013 0.035 0.049 0.046 0.017 0.043 0.089 0.144 0.019 0.022 0.047 0.08 0.083 0.005 0.017 0.05
74 R 0.048 0.117 0.109 0.06 0.01 0.034 0.047 0.042 0.061 0.057 0.057 0.087 0.017 0.043 0.02 0.06 0.052 0.006 0.025 0.048
75 R 0.065 0.121 0.065 0.032 0.012 0.03 0.038 0.035 0.019 0.111 0.084 0.087 0.022 0.032 0.019 0.043 0.039 0.007 0.038 0.101
76 K 0.057 0.107 0.042 0.042 0.009 0.054 0.071 0.043 0.021 0.028 0.043 0.278 0.016 0.016 0.028 0.054 0.04 0.005 0.017 0.033
77 K 0.053 0.086 0.065 0.035 0.011 0.054 0.047 0.037 0.019 0.079 0.075 0.108 0.021 0.07 0.02 0.054 0.041 0.007 0.026 0.092
78 V 0.084 0.031 0.022 0.022 0.015 0.02 0.028 0.087 0.012 0.109 0.129 0.058 0.026 0.094 0.017 0.038 0.038 0.007 0.029 0.134
79 K 0.055 0.058 0.074 0.04 0.009 0.036 0.049 0.123 0.103 0.025 0.039 0.129 0.014 0.031 0.021 0.059 0.036 0.008 0.06 0.029
80 R 0.045 0.189 0.064 0.032 0.01 0.036 0.043 0.033 0.019 0.051 0.138 0.1 0.042 0.028 0.018 0.041 0.036 0.006 0.018 0.05
81 L 0.074 0.023 0.052 0.024 0.015 0.017 0.024 0.031 0.012 0.177 0.215 0.029 0.035 0.041 0.016 0.035 0.038 0.006 0.019 0.117
82 G 0.084 0.025 0.031 0.029 0.015 0.02 0.029 0.203 0.013 0.087 0.089 0.034 0.021 0.047 0.019 0.086 0.045 0.006 0.02 0.098
83 R 0.045 0.345 0.039 0.031 0.008 0.048 0.052 0.033 0.023 0.023 0.047 0.12 0.016 0.017 0.019 0.045 0.035 0.006 0.017 0.031
84 Y 0.042 0.024 0.021 0.019 0.012 0.018 0.024 0.025 0.027 0.094 0.11 0.027 0.024 0.16 0.015 0.034 0.056 0.018 0.178 0.073
85 R 0.045 0.343 0.039 0.031 0.008 0.049 0.052 0.033 0.023 0.023 0.047 0.121 0.016 0.017 0.019 0.045 0.035 0.006 0.017 0.031
86 L 0.045 0.024 0.014 0.015 0.016 0.016 0.02 0.021 0.01 0.116 0.374 0.025 0.05 0.055 0.014 0.024 0.033 0.007 0.022 0.096
87 F 0.066 0.021 0.017 0.017 0.013 0.013 0.021 0.029 0.015 0.07 0.168 0.022 0.029 0.288 0.013 0.031 0.029 0.013 0.064 0.063
88 L 0.046 0.021 0.019 0.019 0.014 0.014 0.022 0.026 0.013 0.125 0.198 0.024 0.033 0.186 0.014 0.047 0.035 0.01 0.045 0.089
89 I 0.051 0.02 0.015 0.017 0.097 0.015 0.019 0.023 0.009 0.187 0.184 0.024 0.051 0.04 0.015 0.028 0.038 0.006 0.019 0.143
90 L 0.049 0.02 0.014 0.016 0.016 0.014 0.019 0.021 0.009 0.205 0.233 0.024 0.038 0.044 0.014 0.026 0.038 0.006 0.02 0.172
91 L 0.078 0.028 0.028 0.034 0.015 0.025 0.066 0.037 0.015 0.118 0.13 0.038 0.026 0.079 0.02 0.087 0.047 0.007 0.027 0.097
92 F 0.043 0.02 0.016 0.016 0.013 0.013 0.019 0.023 0.014 0.135 0.154 0.022 0.03 0.21 0.013 0.026 0.032 0.012 0.067 0.124
93 L 0.039 0.022 0.015 0.015 0.014 0.014 0.019 0.022 0.012 0.094 0.303 0.022 0.04 0.172 0.012 0.024 0.03 0.01 0.043 0.079
94 F 0.032 0.018 0.016 0.016 0.01 0.01 0.018 0.024 0.016 0.061 0.11 0.018 0.024 0.41 0.01 0.024 0.024 0.016 0.085 0.053
95 S 0.077 0.029 0.052 0.035 0.124 0.023 0.035 0.045 0.014 0.08 0.069 0.039 0.019 0.024 0.022 0.128 0.093 0.005 0.016 0.069
96 I 0.046 0.018 0.014 0.017 0.016 0.013 0.018 0.02 0.009 0.27 0.186 0.023 0.036 0.043 0.014 0.024 0.038 0.006 0.02 0.168
97 G 0.075 0.022 0.038 0.032 0.01 0.018 0.025 0.529 0.013 0.018 0.027 0.032 0.009 0.016 0.018 0.049 0.029 0.005 0.01 0.023
98 I 0.045 0.017 0.014 0.017 0.016 0.013 0.017 0.02 0.008 0.299 0.161 0.023 0.035 0.042 0.014 0.024 0.038 0.006 0.02 0.17
99 L 0.047 0.022 0.051 0.023 0.149 0.016 0.022 0.029 0.014 0.111 0.155 0.026 0.027 0.042 0.014 0.033 0.035 0.063 0.041 0.082
100 L 0.044 0.072 0.022 0.022 0.013 0.047 0.035 0.026 0.015 0.08 0.245 0.058 0.053 0.081 0.016 0.032 0.033 0.008 0.028 0.071
101 Q 0.054 0.071 0.042 0.045 0.008 0.245 0.099 0.04 0.028 0.025 0.045 0.088 0.02 0.014 0.023 0.054 0.04 0.006 0.02 0.034
102 N 0.05 0.076 0.18 0.062 0.009 0.044 0.06 0.054 0.026 0.025 0.037 0.166 0.013 0.017 0.024 0.062 0.045 0.005 0.016 0.03
103 G 0.05 0.033 0.143 0.139 0.009 0.03 0.079 0.154 0.021 0.052 0.044 0.045 0.013 0.019 0.02 0.053 0.038 0.005 0.014 0.041
104 L 0.043 0.023 0.014 0.015 0.016 0.015 0.019 0.02 0.01 0.132 0.373 0.024 0.046 0.051 0.014 0.023 0.033 0.007 0.021 0.101
105 P 0.087 0.029 0.035 0.119 0.012 0.025 0.063 0.043 0.015 0.046 0.066 0.042 0.016 0.019 0.186 0.07 0.042 0.004 0.015 0.067
106 I 0.042 0.021 0.034 0.021 0.014 0.015 0.021 0.025 0.012 0.18 0.157 0.025 0.031 0.1 0.014 0.03 0.047 0.064 0.035 0.113
107 T 0.071 0.039 0.039 0.035 0.015 0.028 0.04 0.097 0.035 0.069 0.08 0.07 0.02 0.025 0.024 0.103 0.124 0.006 0.019 0.063
108 T 0.06 0.074 0.032 0.029 0.015 0.026 0.035 0.034 0.013 0.092 0.115 0.06 0.025 0.028 0.022 0.06 0.154 0.006 0.018 0.101
109 K 0.052 0.143 0.038 0.037 0.009 0.048 0.062 0.039 0.02 0.041 0.049 0.258 0.016 0.017 0.025 0.048 0.037 0.005 0.017 0.039
110 I 0.043 0.019 0.014 0.016 0.015 0.013 0.018 0.02 0.01 0.231 0.209 0.023 0.037 0.086 0.014 0.024 0.035 0.007 0.027 0.14
111 Y 0.045 0.078 0.066 0.033 0.009 0.031 0.04 0.034 0.072 0.035 0.053 0.076 0.016 0.067 0.019 0.046 0.059 0.015 0.166 0.04
112 L 0.043 0.023 0.014 0.015 0.016 0.016 0.019 0.02 0.01 0.111 0.4 0.024 0.048 0.053 0.014 0.023 0.032 0.007 0.021 0.092
113 L 0.072 0.028 0.031 0.03 0.016 0.022 0.032 0.039 0.013 0.137 0.161 0.036 0.029 0.035 0.02 0.124 0.055 0.006 0.019 0.095
114 L 0.039 0.02 0.015 0.016 0.013 0.013 0.018 0.022 0.012 0.133 0.234 0.022 0.036 0.19 0.012 0.024 0.03 0.01 0.046 0.094
115 S 0.094 0.037 0.049 0.043 0.017 0.03 0.046 0.056 0.017 0.036 0.048 0.049 0.016 0.021 0.028 0.196 0.144 0.005 0.017 0.05
116 M 0.05 0.031 0.019 0.019 0.015 0.027 0.027 0.027 0.015 0.097 0.189 0.035 0.193 0.046 0.015 0.035 0.039 0.008 0.023 0.089
117 L 0.045 0.022 0.015 0.017 0.042 0.017 0.02 0.023 0.011 0.151 0.236 0.025 0.072 0.086 0.014 0.027 0.035 0.008 0.028 0.107
118 I 0.076 0.02 0.016 0.018 0.016 0.014 0.02 0.027 0.01 0.207 0.167 0.025 0.033 0.081 0.015 0.031 0.038 0.007 0.027 0.151
119 I 0.046 0.018 0.015 0.017 0.015 0.013 0.018 0.021 0.009 0.236 0.178 0.023 0.035 0.084 0.014 0.025 0.037 0.007 0.027 0.162
120 A 0.158 0.03 0.036 0.076 0.017 0.025 0.044 0.056 0.015 0.077 0.067 0.042 0.019 0.024 0.025 0.122 0.056 0.005 0.017 0.09
121 L 0.096 0.027 0.028 0.027 0.016 0.02 0.031 0.068 0.014 0.075 0.116 0.033 0.024 0.113 0.019 0.096 0.048 0.008 0.033 0.108
122 L 0.052 0.023 0.018 0.018 0.016 0.016 0.022 0.024 0.01 0.122 0.24 0.026 0.036 0.083 0.015 0.033 0.063 0.007 0.028 0.147
123 A 0.233 0.031 0.027 0.028 0.018 0.025 0.038 0.063 0.018 0.046 0.071 0.041 0.036 0.035 0.026 0.089 0.048 0.008 0.054 0.063
124 L 0.06 0.027 0.027 0.025 0.071 0.02 0.028 0.031 0.011 0.082 0.182 0.032 0.029 0.034 0.02 0.055 0.142 0.006 0.018 0.1
125 L 0.044 0.025 0.015 0.016 0.015 0.018 0.021 0.022 0.011 0.105 0.337 0.026 0.079 0.071 0.014 0.026 0.033 0.008 0.025 0.089
126 S 0.113 0.034 0.04 0.04 0.015 0.027 0.044 0.056 0.016 0.03 0.042 0.047 0.014 0.018 0.163 0.165 0.074 0.004 0.016 0.042
127 E 0.049 0.034 0.037 0.138 0.01 0.038 0.169 0.032 0.018 0.106 0.074 0.05 0.019 0.024 0.021 0.043 0.037 0.005 0.016 0.082
128 G 0.073 0.039 0.079 0.086 0.012 0.029 0.047 0.213 0.018 0.025 0.035 0.072 0.012 0.017 0.023 0.11 0.06 0.005 0.014 0.032
129 L 0.044 0.021 0.015 0.016 0.015 0.015 0.019 0.021 0.011 0.187 0.238 0.024 0.056 0.087 0.014 0.025 0.035 0.007 0.028 0.122
130 I 0.044 0.019 0.015 0.017 0.015 0.014 0.019 0.021 0.01 0.229 0.185 0.024 0.053 0.085 0.014 0.025 0.036 0.007 0.028 0.139
131 N 0.058 0.089 0.114 0.112 0.011 0.037 0.059 0.049 0.021 0.027 0.039 0.113 0.013 0.017 0.024 0.091 0.072 0.005 0.015 0.034
132 D 0.067 0.037 0.104 0.155 0.012 0.031 0.06 0.054 0.06 0.026 0.036 0.048 0.013 0.019 0.024 0.132 0.066 0.005 0.019 0.033
133 L 0.046 0.023 0.018 0.018 0.014 0.016 0.022 0.024 0.015 0.12 0.193 0.026 0.032 0.133 0.015 0.033 0.06 0.011 0.071 0.11
134 S 0.073 0.057 0.061 0.095 0.011 0.042 0.105 0.05 0.02 0.026 0.038 0.125 0.014 0.017 0.026 0.132 0.054 0.005 0.016 0.034
135 D 0.045 0.043 0.087 0.244 0.008 0.083 0.125 0.044 0.023 0.022 0.033 0.059 0.012 0.015 0.022 0.053 0.037 0.004 0.014 0.027
136 L 0.043 0.02 0.015 0.016 0.014 0.013 0.019 0.022 0.011 0.142 0.223 0.022 0.036 0.164 0.013 0.025 0.033 0.009 0.042 0.12
137 R 0.049 0.247 0.037 0.033 0.008 0.047 0.056 0.035 0.021 0.032 0.048 0.185 0.016 0.017 0.022 0.046 0.036 0.005 0.017 0.045
138 R 0.055 0.155 0.035 0.032 0.011 0.057 0.049 0.036 0.019 0.062 0.066 0.097 0.019 0.064 0.021 0.069 0.066 0.007 0.025 0.054
139 I 0.109 0.021 0.017 0.02 0.017 0.016 0.023 0.033 0.01 0.218 0.132 0.028 0.03 0.036 0.018 0.038 0.042 0.006 0.019 0.168
140 S 0.138 0.035 0.046 0.042 0.017 0.029 0.046 0.117 0.017 0.03 0.042 0.048 0.015 0.02 0.027 0.2 0.068 0.005 0.016 0.043
141 Y 0.041 0.027 0.055 0.025 0.01 0.02 0.027 0.027 0.035 0.097 0.083 0.031 0.021 0.095 0.015 0.033 0.032 0.02 0.235 0.071
142 G 0.116 0.028 0.033 0.029 0.013 0.023 0.032 0.207 0.06 0.034 0.049 0.036 0.015 0.056 0.021 0.055 0.06 0.01 0.08 0.043
143 L 0.049 0.02 0.014 0.016 0.016 0.014 0.019 0.021 0.009 0.216 0.22 0.024 0.038 0.043 0.014 0.026 0.039 0.006 0.02 0.177
144 L 0.038 0.021 0.015 0.015 0.013 0.013 0.019 0.022 0.013 0.089 0.271 0.022 0.037 0.212 0.012 0.024 0.029 0.011 0.05 0.075
145 W 0.046 0.027 0.039 0.025 0.065 0.02 0.029 0.032 0.046 0.041 0.063 0.031 0.017 0.096 0.016 0.044 0.082 0.124 0.11 0.046
146 G 0.198 0.027 0.032 0.031 0.016 0.022 0.033 0.271 0.014 0.031 0.043 0.039 0.013 0.018 0.024 0.079 0.042 0.005 0.014 0.046
147 L 0.056 0.021 0.018 0.018 0.125 0.015 0.021 0.026 0.009 0.142 0.173 0.025 0.031 0.036 0.016 0.036 0.065 0.005 0.018 0.144
148 L 0.041 0.022 0.015 0.016 0.014 0.015 0.02 0.023 0.012 0.125 0.241 0.024 0.063 0.153 0.013 0.026 0.032 0.01 0.04 0.093
149 L 0.078 0.022 0.018 0.02 0.016 0.016 0.022 0.029 0.01 0.191 0.205 0.028 0.035 0.041 0.017 0.037 0.064 0.006 0.02 0.126
150 S 0.145 0.036 0.044 0.04 0.018 0.029 0.045 0.061 0.016 0.036 0.049 0.048 0.016 0.021 0.028 0.177 0.116 0.005 0.017 0.052
151 T 0.069 0.031 0.035 0.031 0.016 0.024 0.034 0.093 0.013 0.064 0.112 0.039 0.041 0.028 0.022 0.085 0.158 0.006 0.018 0.08
152 L 0.048 0.019 0.017 0.018 0.014 0.014 0.019 0.078 0.011 0.168 0.171 0.023 0.032 0.122 0.014 0.028 0.034 0.008 0.034 0.129
153 L 0.042 0.022 0.014 0.015 0.015 0.015 0.019 0.021 0.01 0.126 0.341 0.023 0.044 0.091 0.013 0.024 0.032 0.008 0.028 0.097
154 G 0.186 0.027 0.033 0.032 0.016 0.023 0.034 0.276 0.014 0.03 0.042 0.039 0.013 0.018 0.024 0.086 0.043 0.005 0.014 0.044
155 L 0.045 0.022 0.015 0.017 0.015 0.016 0.02 0.022 0.014 0.174 0.216 0.025 0.053 0.055 0.014 0.026 0.035 0.031 0.059 0.125
156 L 0.048 0.022 0.016 0.017 0.015 0.016 0.021 0.023 0.011 0.16 0.19 0.025 0.07 0.105 0.014 0.028 0.037 0.008 0.032 0.143
157 N 0.056 0.04 0.101 0.041 0.012 0.027 0.038 0.097 0.021 0.042 0.069 0.068 0.035 0.093 0.02 0.073 0.067 0.008 0.046 0.045
158 G 0.066 0.089 0.052 0.035 0.01 0.038 0.037 0.366 0.017 0.02 0.032 0.068 0.011 0.016 0.019 0.049 0.031 0.005 0.013 0.026
159 I 0.11 0.027 0.056 0.034 0.016 0.024 0.06 0.039 0.014 0.157 0.104 0.036 0.025 0.031 0.019 0.046 0.043 0.005 0.018 0.137
160 S 0.089 0.04 0.081 0.048 0.015 0.043 0.051 0.058 0.019 0.03 0.042 0.052 0.015 0.019 0.054 0.189 0.093 0.005 0.017 0.041
161 L 0.045 0.024 0.016 0.017 0.015 0.018 0.021 0.023 0.012 0.142 0.244 0.027 0.091 0.088 0.014 0.027 0.035 0.008 0.029 0.104
162 T 0.053 0.026 0.027 0.025 0.014 0.019 0.028 0.032 0.013 0.067 0.1 0.031 0.023 0.137 0.018 0.054 0.139 0.065 0.042 0.086
163 T 0.079 0.034 0.044 0.038 0.016 0.027 0.039 0.101 0.014 0.043 0.054 0.044 0.017 0.021 0.026 0.12 0.204 0.005 0.016 0.057
164 L 0.058 0.023 0.021 0.021 0.016 0.017 0.023 0.082 0.01 0.152 0.206 0.028 0.033 0.039 0.016 0.053 0.041 0.006 0.019 0.135
165 A 0.317 0.03 0.025 0.029 0.021 0.025 0.039 0.075 0.014 0.042 0.057 0.043 0.017 0.021 0.029 0.082 0.048 0.005 0.017 0.066
166 V 0.07 0.026 0.022 0.028 0.017 0.023 0.059 0.029 0.011 0.129 0.106 0.033 0.027 0.031 0.018 0.058 0.05 0.005 0.019 0.239
167 E 0.055 0.046 0.039 0.081 0.008 0.058 0.292 0.035 0.024 0.025 0.038 0.069 0.013 0.017 0.025 0.057 0.062 0.005 0.016 0.034
168 G 0.075 0.022 0.038 0.032 0.01 0.018 0.025 0.529 0.013 0.018 0.027 0.032 0.009 0.016 0.018 0.049 0.029 0.005 0.01 0.023
169 I 0.1 0.022 0.02 0.021 0.016 0.017 0.023 0.115 0.01 0.157 0.14 0.028 0.028 0.034 0.018 0.039 0.04 0.006 0.018 0.148
170 F 0.047 0.021 0.022 0.021 0.012 0.014 0.021 0.146 0.014 0.065 0.159 0.024 0.027 0.213 0.013 0.031 0.028 0.012 0.052 0.057
171 G 0.07 0.022 0.035 0.03 0.01 0.017 0.024 0.454 0.014 0.024 0.039 0.031 0.011 0.071 0.017 0.046 0.028 0.007 0.021 0.028
172 D 0.125 0.03 0.054 0.277 0.012 0.028 0.074 0.057 0.017 0.029 0.038 0.044 0.012 0.017 0.025 0.063 0.04 0.004 0.013 0.039
173 S 0.077 0.031 0.036 0.033 0.015 0.024 0.037 0.045 0.016 0.059 0.083 0.039 0.039 0.111 0.022 0.143 0.07 0.008 0.033 0.079
174 S 0.095 0.045 0.083 0.091 0.014 0.033 0.056 0.06 0.02 0.027 0.039 0.079 0.014 0.019 0.027 0.178 0.064 0.005 0.016 0.037
175 Y 0.046 0.031 0.025 0.023 0.01 0.044 0.035 0.031 0.03 0.044 0.085 0.036 0.02 0.138 0.016 0.055 0.033 0.073 0.18 0.045
176 G 0.079 0.024 0.039 0.034 0.011 0.02 0.027 0.477 0.014 0.019 0.029 0.035 0.01 0.016 0.019 0.072 0.034 0.005 0.011 0.025
177 F 0.034 0.018 0.016 0.016 0.011 0.01 0.018 0.024 0.015 0.087 0.116 0.019 0.026 0.37 0.011 0.024 0.026 0.015 0.078 0.066
178 N 0.044 0.042 0.31 0.075 0.01 0.032 0.046 0.06 0.028 0.025 0.034 0.051 0.012 0.018 0.02 0.069 0.073 0.004 0.015 0.031
179 G 0.074 0.021 0.035 0.031 0.065 0.017 0.024 0.474 0.012 0.021 0.031 0.031 0.01 0.016 0.018 0.048 0.029 0.005 0.011 0.027
180 G 0.075 0.022 0.038 0.032 0.01 0.018 0.025 0.529 0.013 0.018 0.027 0.032 0.009 0.016 0.018 0.049 0.029 0.005 0.01 0.023
181 L 0.045 0.024 0.015 0.016 0.016 0.018 0.021 0.022 0.011 0.129 0.326 0.026 0.079 0.05 0.014 0.026 0.034 0.007 0.022 0.1
182 L 0.084 0.045 0.034 0.039 0.013 0.101 0.086 0.039 0.019 0.052 0.128 0.057 0.025 0.026 0.022 0.058 0.091 0.006 0.019 0.058
183 H 0.04 0.042 0.048 0.035 0.007 0.035 0.049 0.035 0.343 0.024 0.04 0.042 0.015 0.04 0.018 0.039 0.026 0.009 0.087 0.025
184 K 0.055 0.103 0.04 0.04 0.008 0.051 0.068 0.042 0.02 0.027 0.042 0.306 0.015 0.015 0.027 0.051 0.038 0.005 0.017 0.032
185 N 0.041 0.043 0.343 0.08 0.009 0.032 0.047 0.063 0.03 0.022 0.03 0.052 0.011 0.017 0.019 0.067 0.047 0.004 0.015 0.026
186 Y 0.037 0.024 0.019 0.017 0.009 0.017 0.024 0.024 0.035 0.048 0.081 0.026 0.02 0.221 0.013 0.028 0.026 0.023 0.258 0.048
187 F 0.034 0.02 0.017 0.017 0.01 0.013 0.02 0.024 0.023 0.057 0.1 0.021 0.023 0.347 0.011 0.026 0.025 0.019 0.143 0.051
188 A 0.24 0.029 0.031 0.031 0.018 0.024 0.037 0.175 0.014 0.035 0.049 0.042 0.015 0.02 0.026 0.093 0.047 0.005 0.015 0.054
189 I 0.082 0.02 0.017 0.018 0.07 0.016 0.022 0.029 0.013 0.182 0.12 0.026 0.028 0.045 0.016 0.034 0.04 0.008 0.055 0.16
190 A 0.157 0.033 0.041 0.079 0.017 0.027 0.047 0.058 0.015 0.04 0.052 0.045 0.016 0.021 0.027 0.118 0.129 0.005 0.016 0.056
191 L 0.066 0.024 0.019 0.02 0.016 0.02 0.024 0.028 0.012 0.173 0.183 0.03 0.087 0.042 0.016 0.044 0.041 0.006 0.021 0.128
192 L 0.042 0.022 0.014 0.015 0.015 0.015 0.019 0.021 0.01 0.126 0.341 0.023 0.044 0.091 0.013 0.024 0.032 0.008 0.028 0.097
193 A 0.207 0.03 0.027 0.029 0.019 0.025 0.036 0.058 0.014 0.062 0.079 0.041 0.038 0.025 0.025 0.082 0.087 0.006 0.018 0.093
194 G 0.09 0.031 0.041 0.037 0.016 0.025 0.038 0.158 0.015 0.055 0.056 0.042 0.017 0.022 0.023 0.157 0.061 0.005 0.016 0.094
195 F 0.036 0.023 0.019 0.017 0.01 0.016 0.023 0.024 0.031 0.051 0.088 0.024 0.021 0.268 0.013 0.027 0.026 0.022 0.215 0.049
196 I 0.058 0.025 0.023 0.023 0.016 0.02 0.026 0.029 0.012 0.181 0.139 0.031 0.066 0.038 0.018 0.06 0.07 0.006 0.02 0.14
197 G 0.091 0.025 0.027 0.026 0.015 0.019 0.027 0.201 0.012 0.063 0.197 0.032 0.028 0.033 0.018 0.064 0.038 0.006 0.017 0.061
198 L 0.074 0.023 0.019 0.019 0.015 0.016 0.023 0.03 0.012 0.106 0.233 0.027 0.035 0.124 0.016 0.037 0.06 0.008 0.034 0.087
199 F 0.039 0.023 0.021 0.019 0.01 0.016 0.024 0.026 0.027 0.052 0.087 0.026 0.021 0.254 0.014 0.034 0.053 0.019 0.181 0.051
200 L 0.045 0.02 0.014 0.016 0.015 0.014 0.018 0.021 0.01 0.201 0.233 0.023 0.038 0.086 0.014 0.024 0.035 0.007 0.028 0.14
201 S 0.11 0.034 0.041 0.037 0.069 0.028 0.043 0.054 0.06 0.032 0.047 0.044 0.016 0.033 0.024 0.16 0.059 0.008 0.057 0.043
202 R 0.053 0.114 0.057 0.098 0.009 0.033 0.05 0.094 0.025 0.027 0.043 0.086 0.014 0.041 0.02 0.067 0.038 0.01 0.088 0.033
203 K 0.059 0.087 0.038 0.038 0.01 0.045 0.061 0.042 0.019 0.036 0.081 0.246 0.019 0.02 0.025 0.07 0.042 0.005 0.017 0.039
204 Y 0.043 0.031 0.024 0.022 0.011 0.021 0.029 0.028 0.045 0.054 0.112 0.045 0.023 0.161 0.016 0.037 0.056 0.017 0.173 0.054
205 G 0.062 0.031 0.038 0.074 0.009 0.032 0.116 0.289 0.021 0.022 0.034 0.045 0.011 0.029 0.02 0.048 0.031 0.008 0.051 0.028
206 K 0.081 0.06 0.035 0.04 0.012 0.039 0.083 0.042 0.021 0.047 0.057 0.141 0.017 0.033 0.024 0.075 0.055 0.008 0.058 0.071
207 K 0.049 0.1 0.034 0.034 0.008 0.043 0.056 0.037 0.023 0.029 0.046 0.221 0.015 0.034 0.022 0.045 0.035 0.071 0.063 0.033
208 K 0.053 0.093 0.043 0.082 0.01 0.036 0.055 0.039 0.091 0.059 0.056 0.115 0.017 0.028 0.022 0.068 0.039 0.007 0.04 0.048
209 K 0.057 0.107 0.042 0.042 0.009 0.054 0.071 0.043 0.021 0.028 0.043 0.278 0.016 0.016 0.028 0.054 0.04 0.005 0.017 0.033
210 K 0.088 0.097 0.059 0.063 0.012 0.062 0.059 0.046 0.02 0.034 0.048 0.123 0.016 0.018 0.025 0.065 0.098 0.005 0.017 0.045
211 T 0.072 0.071 0.037 0.033 0.015 0.026 0.036 0.101 0.015 0.092 0.074 0.048 0.02 0.025 0.022 0.102 0.106 0.005 0.017 0.083
212 D 0.048 0.032 0.12 0.258 0.01 0.028 0.067 0.048 0.02 0.032 0.071 0.044 0.014 0.02 0.021 0.073 0.042 0.004 0.014 0.034
213 R 0.061 0.138 0.054 0.036 0.011 0.036 0.047 0.042 0.019 0.035 0.082 0.106 0.018 0.026 0.021 0.099 0.046 0.062 0.023 0.04
214 L 0.044 0.062 0.037 0.022 0.013 0.02 0.026 0.026 0.018 0.101 0.155 0.036 0.046 0.134 0.014 0.031 0.034 0.011 0.071 0.098
215 L 0.048 0.02 0.015 0.016 0.016 0.014 0.019 0.021 0.01 0.179 0.227 0.023 0.037 0.085 0.014 0.026 0.037 0.007 0.028 0.159
216 L 0.045 0.063 0.018 0.018 0.015 0.021 0.024 0.023 0.012 0.119 0.287 0.037 0.075 0.046 0.015 0.028 0.034 0.007 0.021 0.093
217 W 0.045 0.021 0.018 0.018 0.012 0.014 0.021 0.081 0.013 0.073 0.117 0.023 0.023 0.126 0.012 0.028 0.03 0.177 0.049 0.1
218 L 0.043 0.021 0.014 0.016 0.015 0.014 0.019 0.021 0.01 0.158 0.273 0.023 0.04 0.104 0.013 0.024 0.033 0.008 0.031 0.119
219 E 0.062 0.041 0.043 0.107 0.009 0.047 0.204 0.041 0.025 0.025 0.039 0.06 0.013 0.029 0.024 0.094 0.044 0.007 0.052 0.033
220 L 0.061 0.025 0.023 0.023 0.016 0.019 0.026 0.031 0.012 0.119 0.231 0.03 0.035 0.061 0.017 0.075 0.045 0.007 0.024 0.121
221 F 0.073 0.02 0.016 0.018 0.015 0.014 0.021 0.028 0.012 0.155 0.155 0.024 0.03 0.163 0.015 0.031 0.035 0.009 0.042 0.125
222 L 0.044 0.022 0.014 0.015 0.069 0.015 0.019 0.022 0.01 0.101 0.346 0.023 0.043 0.069 0.014 0.025 0.032 0.007 0.024 0.086
223 L 0.044 0.02 0.014 0.016 0.016 0.014 0.018 0.02 0.009 0.215 0.267 0.023 0.041 0.047 0.014 0.024 0.036 0.006 0.021 0.136
224 L 0.05 0.021 0.015 0.016 0.016 0.015 0.02 0.021 0.009 0.174 0.241 0.024 0.038 0.065 0.014 0.026 0.038 0.007 0.024 0.169
225 L 0.053 0.022 0.018 0.02 0.016 0.016 0.022 0.025 0.01 0.192 0.224 0.027 0.037 0.043 0.016 0.05 0.042 0.006 0.02 0.142
226 S 0.129 0.038 0.049 0.045 0.017 0.031 0.049 0.065 0.018 0.03 0.042 0.051 0.015 0.02 0.029 0.231 0.075 0.005 0.017 0.043
227 N 0.045 0.041 0.309 0.075 0.009 0.031 0.045 0.114 0.028 0.021 0.03 0.05 0.011 0.017 0.019 0.065 0.045 0.004 0.015 0.026
228 S 0.117 0.036 0.046 0.041 0.017 0.029 0.045 0.058 0.016 0.038 0.05 0.048 0.017 0.021 0.028 0.178 0.141 0.005 0.017 0.052
229 R 0.043 0.37 0.037 0.03 0.007 0.047 0.05 0.032 0.022 0.022 0.045 0.116 0.015 0.017 0.019 0.043 0.034 0.006 0.017 0.03
230 G 0.076 0.029 0.041 0.036 0.014 0.023 0.033 0.261 0.014 0.034 0.044 0.04 0.014 0.019 0.023 0.089 0.144 0.005 0.014 0.045
231 A 0.178 0.025 0.022 0.024 0.018 0.02 0.03 0.103 0.011 0.097 0.086 0.034 0.022 0.027 0.022 0.056 0.045 0.005 0.017 0.158
232 Y 0.036 0.024 0.018 0.017 0.009 0.018 0.024 0.025 0.031 0.049 0.105 0.026 0.021 0.134 0.013 0.027 0.026 0.131 0.218 0.048
233 L 0.047 0.02 0.014 0.016 0.016 0.014 0.018 0.02 0.009 0.221 0.237 0.024 0.039 0.045 0.014 0.025 0.037 0.006 0.02 0.158
234 L 0.047 0.022 0.015 0.016 0.016 0.016 0.02 0.021 0.01 0.177 0.266 0.025 0.058 0.047 0.014 0.026 0.037 0.006 0.021 0.141
235 F 0.044 0.023 0.021 0.02 0.014 0.016 0.023 0.027 0.013 0.075 0.196 0.026 0.031 0.205 0.015 0.038 0.083 0.011 0.049 0.07
236 I 0.079 0.021 0.016 0.018 0.016 0.015 0.021 0.027 0.01 0.181 0.176 0.025 0.033 0.081 0.016 0.032 0.039 0.007 0.027 0.161
237 L 0.086 0.024 0.019 0.02 0.017 0.018 0.025 0.03 0.01 0.136 0.191 0.029 0.033 0.038 0.018 0.04 0.068 0.006 0.02 0.175
238 F 0.032 0.018 0.016 0.016 0.01 0.01 0.018 0.024 0.016 0.061 0.11 0.018 0.024 0.41 0.01 0.024 0.024 0.016 0.085 0.053
239 L 0.044 0.022 0.015 0.016 0.014 0.016 0.02 0.022 0.014 0.131 0.254 0.024 0.037 0.058 0.013 0.025 0.033 0.065 0.062 0.116
240 L 0.052 0.021 0.018 0.019 0.069 0.016 0.02 0.08 0.011 0.143 0.157 0.025 0.056 0.079 0.015 0.031 0.036 0.007 0.026 0.12
241 I 0.081 0.02 0.016 0.018 0.017 0.015 0.021 0.027 0.009 0.212 0.167 0.026 0.033 0.039 0.016 0.032 0.041 0.006 0.02 0.184
242 V 0.094 0.027 0.061 0.032 0.016 0.021 0.032 0.042 0.014 0.142 0.099 0.035 0.025 0.03 0.02 0.087 0.052 0.005 0.018 0.147
243 N 0.049 0.043 0.232 0.07 0.009 0.036 0.079 0.056 0.083 0.022 0.033 0.053 0.012 0.019 0.021 0.082 0.046 0.005 0.022 0.027
244 L 0.061 0.047 0.02 0.019 0.013 0.019 0.026 0.029 0.02 0.075 0.15 0.033 0.027 0.101 0.015 0.041 0.035 0.068 0.104 0.097
245 D 0.046 0.038 0.073 0.251 0.009 0.03 0.068 0.064 0.021 0.028 0.037 0.071 0.012 0.028 0.022 0.053 0.061 0.007 0.049 0.032
246 K 0.077 0.058 0.027 0.028 0.012 0.031 0.043 0.037 0.016 0.076 0.112 0.15 0.023 0.111 0.02 0.043 0.036 0.008 0.033 0.062
247 L 0.047 0.02 0.014 0.016 0.016 0.014 0.018 0.02 0.009 0.221 0.237 0.024 0.039 0.045 0.014 0.025 0.037 0.006 0.02 0.158
248 K 0.051 0.071 0.088 0.041 0.01 0.039 0.052 0.041 0.019 0.046 0.12 0.184 0.022 0.024 0.022 0.05 0.052 0.005 0.017 0.046
249 K 0.057 0.107 0.042 0.042 0.009 0.054 0.071 0.043 0.021 0.028 0.043 0.278 0.016 0.016 0.028 0.054 0.04 0.005 0.017 0.033
250 K 0.048 0.102 0.093 0.04 0.01 0.038 0.049 0.039 0.022 0.045 0.104 0.148 0.04 0.03 0.021 0.047 0.038 0.007 0.034 0.046
251 I 0.045 0.017 0.014 0.017 0.016 0.013 0.017 0.02 0.008 0.299 0.161 0.023 0.035 0.042 0.014 0.024 0.038 0.006 0.02 0.17
252 K 0.052 0.093 0.088 0.05 0.008 0.046 0.088 0.043 0.021 0.025 0.038 0.197 0.013 0.015 0.079 0.053 0.039 0.005 0.016 0.03
253 K 0.085 0.068 0.036 0.041 0.011 0.065 0.087 0.097 0.019 0.034 0.058 0.166 0.035 0.019 0.024 0.053 0.038 0.005 0.017 0.041
254 T 0.073 0.035 0.043 0.037 0.018 0.028 0.039 0.043 0.014 0.053 0.065 0.045 0.02 0.024 0.028 0.093 0.247 0.006 0.018 0.071
255 K 0.057 0.107 0.041 0.041 0.009 0.053 0.071 0.043 0.021 0.028 0.043 0.279 0.015 0.015 0.028 0.053 0.04 0.005 0.017 0.033
256 L 0.168 0.028 0.02 0.022 0.019 0.021 0.03 0.05 0.012 0.079 0.218 0.035 0.034 0.038 0.022 0.055 0.042 0.006 0.02 0.082
257 K 0.048 0.139 0.12 0.052 0.008 0.067 0.079 0.044 0.024 0.024 0.039 0.156 0.014 0.016 0.022 0.054 0.04 0.005 0.017 0.03
258 Q 0.05 0.063 0.041 0.039 0.009 0.152 0.076 0.037 0.103 0.034 0.082 0.095 0.021 0.022 0.021 0.047 0.036 0.006 0.027 0.038
259 R 0.041 0.331 0.035 0.028 0.007 0.043 0.047 0.031 0.022 0.023 0.045 0.105 0.015 0.021 0.017 0.041 0.032 0.062 0.022 0.03
260 L 0.06 0.026 0.027 0.026 0.015 0.02 0.028 0.087 0.012 0.103 0.171 0.033 0.028 0.055 0.041 0.067 0.092 0.006 0.022 0.082
261 L 0.085 0.024 0.02 0.021 0.016 0.018 0.026 0.031 0.01 0.132 0.168 0.03 0.03 0.035 0.073 0.042 0.067 0.005 0.019 0.15
262 L 0.043 0.021 0.015 0.016 0.014 0.014 0.02 0.022 0.012 0.118 0.234 0.023 0.045 0.168 0.013 0.025 0.032 0.01 0.042 0.112
263 I 0.049 0.031 0.02 0.021 0.014 0.021 0.027 0.027 0.012 0.16 0.127 0.057 0.055 0.06 0.016 0.034 0.053 0.063 0.029 0.126
264 F 0.081 0.024 0.024 0.023 0.014 0.017 0.025 0.088 0.017 0.093 0.107 0.029 0.023 0.146 0.017 0.045 0.07 0.011 0.072 0.074
265 T 0.06 0.026 0.027 0.026 0.016 0.02 0.028 0.031 0.011 0.137 0.102 0.033 0.025 0.051 0.047 0.055 0.144 0.006 0.022 0.132
266 I 0.092 0.026 0.026 0.026 0.016 0.02 0.029 0.038 0.012 0.145 0.134 0.033 0.028 0.035 0.02 0.086 0.064 0.028 0.021 0.122
267 V 0.056 0.021 0.015 0.017 0.071 0.016 0.02 0.024 0.009 0.164 0.177 0.025 0.051 0.039 0.015 0.03 0.041 0.006 0.02 0.185
268 L 0.067 0.021 0.018 0.019 0.015 0.015 0.021 0.081 0.01 0.144 0.193 0.025 0.033 0.08 0.015 0.032 0.037 0.007 0.026 0.142
269 I 0.062 0.024 0.025 0.024 0.016 0.018 0.027 0.031 0.012 0.153 0.113 0.031 0.027 0.08 0.018 0.066 0.088 0.007 0.027 0.151
270 A 0.13 0.028 0.03 0.03 0.126 0.022 0.034 0.05 0.013 0.064 0.083 0.037 0.02 0.024 0.023 0.111 0.078 0.005 0.016 0.077
271 L 0.111 0.024 0.02 0.021 0.017 0.019 0.026 0.036 0.011 0.146 0.178 0.031 0.04 0.037 0.019 0.045 0.066 0.006 0.019 0.128
272 L 0.054 0.021 0.017 0.018 0.016 0.015 0.021 0.024 0.009 0.193 0.211 0.025 0.036 0.042 0.015 0.039 0.041 0.006 0.02 0.177
273 G 0.078 0.023 0.025 0.024 0.014 0.017 0.025 0.143 0.013 0.087 0.119 0.029 0.024 0.114 0.017 0.058 0.039 0.008 0.032 0.111
274 L 0.123 0.025 0.021 0.022 0.017 0.019 0.027 0.039 0.012 0.111 0.171 0.031 0.039 0.077 0.019 0.048 0.065 0.007 0.027 0.101
275 L 0.106 0.027 0.056 0.028 0.015 0.021 0.029 0.04 0.018 0.109 0.133 0.034 0.044 0.065 0.019 0.048 0.055 0.009 0.059 0.086
276 L 0.04 0.022 0.016 0.016 0.012 0.015 0.021 0.023 0.019 0.099 0.181 0.024 0.03 0.147 0.013 0.025 0.03 0.069 0.112 0.086
277 F 0.037 0.019 0.016 0.016 0.012 0.012 0.019 0.023 0.014 0.108 0.155 0.021 0.038 0.289 0.012 0.025 0.028 0.013 0.064 0.079
278 F 0.036 0.023 0.019 0.017 0.009 0.016 0.023 0.024 0.032 0.05 0.085 0.025 0.021 0.252 0.013 0.028 0.026 0.022 0.229 0.048
279 R 0.061 0.123 0.038 0.04 0.011 0.039 0.077 0.093 0.018 0.057 0.055 0.118 0.017 0.02 0.023 0.073 0.067 0.005 0.016 0.051
280 K 0.044 0.054 0.065 0.034 0.01 0.032 0.044 0.036 0.063 0.043 0.074 0.124 0.037 0.12 0.019 0.042 0.034 0.01 0.073 0.042
281 L 0.046 0.022 0.017 0.017 0.014 0.016 0.022 0.022 0.021 0.159 0.163 0.026 0.031 0.071 0.015 0.027 0.035 0.013 0.128 0.137
282 I 0.114 0.024 0.023 0.024 0.017 0.019 0.027 0.037 0.011 0.171 0.112 0.032 0.027 0.032 0.02 0.052 0.094 0.006 0.019 0.138
283 L 0.061 0.032 0.082 0.036 0.015 0.024 0.034 0.041 0.016 0.068 0.202 0.038 0.03 0.035 0.02 0.092 0.086 0.006 0.019 0.066
284 N 0.051 0.037 0.179 0.098 0.01 0.03 0.048 0.105 0.062 0.028 0.037 0.046 0.013 0.019 0.021 0.065 0.092 0.005 0.019 0.034
285 S 0.106 0.039 0.052 0.047 0.017 0.032 0.05 0.064 0.018 0.029 0.04 0.052 0.015 0.02 0.029 0.25 0.079 0.005 0.017 0.04
286 D 0.088 0.035 0.046 0.16 0.01 0.038 0.146 0.127 0.019 0.024 0.035 0.052 0.012 0.016 0.024 0.077 0.04 0.005 0.014 0.032
287 S 0.098 0.038 0.05 0.045 0.017 0.031 0.048 0.059 0.017 0.034 0.045 0.05 0.016 0.021 0.028 0.214 0.123 0.005 0.017 0.047
288 Y 0.039 0.027 0.021 0.018 0.009 0.021 0.027 0.024 0.045 0.042 0.066 0.03 0.018 0.126 0.015 0.03 0.027 0.027 0.344 0.045
289 L 0.088 0.036 0.034 0.073 0.015 0.052 0.047 0.042 0.017 0.061 0.11 0.045 0.095 0.031 0.021 0.076 0.068 0.006 0.019 0.065
290 Y 0.043 0.029 0.026 0.022 0.011 0.023 0.03 0.026 0.106 0.107 0.098 0.032 0.041 0.072 0.016 0.032 0.032 0.015 0.154 0.086
291 R 0.043 0.37 0.037 0.03 0.007 0.047 0.05 0.032 0.022 0.022 0.045 0.116 0.015 0.017 0.019 0.043 0.034 0.006 0.017 0.03
292 V 0.055 0.022 0.016 0.017 0.016 0.017 0.022 0.023 0.013 0.165 0.164 0.026 0.05 0.05 0.015 0.029 0.04 0.008 0.056 0.195
293 R 0.049 0.136 0.071 0.041 0.009 0.109 0.067 0.039 0.023 0.034 0.082 0.131 0.02 0.02 0.021 0.049 0.038 0.005 0.018 0.038
294 G 0.075 0.022 0.038 0.032 0.01 0.018 0.025 0.529 0.013 0.018 0.027 0.032 0.009 0.016 0.018 0.049 0.029 0.005 0.01 0.023
295 L 0.045 0.022 0.014 0.015 0.016 0.015 0.019 0.021 0.009 0.164 0.318 0.024 0.043 0.049 0.014 0.024 0.035 0.006 0.021 0.127
296 L 0.05 0.026 0.018 0.025 0.015 0.023 0.055 0.024 0.012 0.158 0.2 0.032 0.07 0.041 0.016 0.031 0.038 0.006 0.02 0.14
297 N 0.044 0.042 0.31 0.075 0.01 0.032 0.046 0.06 0.028 0.025 0.034 0.051 0.012 0.018 0.02 0.069 0.073 0.004 0.015 0.031
298 Y 0.037 0.024 0.019 0.017 0.009 0.017 0.024 0.024 0.035 0.048 0.081 0.026 0.02 0.221 0.013 0.028 0.026 0.023 0.258 0.048
299 L 0.04 0.02 0.015 0.016 0.014 0.013 0.018 0.022 0.011 0.157 0.224 0.022 0.036 0.169 0.013 0.024 0.032 0.01 0.042 0.105
300 N 0.047 0.055 0.178 0.106 0.008 0.085 0.096 0.05 0.027 0.023 0.035 0.089 0.013 0.016 0.022 0.059 0.042 0.005 0.016 0.029
301 Y 0.044 0.074 0.024 0.022 0.011 0.028 0.033 0.027 0.029 0.058 0.125 0.071 0.059 0.076 0.017 0.034 0.032 0.016 0.164 0.057
302 Y 0.046 0.027 0.024 0.021 0.01 0.021 0.029 0.028 0.039 0.043 0.068 0.031 0.018 0.146 0.016 0.054 0.032 0.023 0.279 0.045
303 S 0.07 0.084 0.078 0.05 0.011 0.05 0.082 0.103 0.041 0.024 0.038 0.089 0.014 0.018 0.024 0.118 0.05 0.005 0.018 0.032
304 N 0.061 0.078 0.141 0.053 0.01 0.034 0.06 0.104 0.026 0.025 0.039 0.07 0.013 0.03 0.021 0.097 0.047 0.007 0.052 0.032
305 D 0.042 0.03 0.081 0.385 0.008 0.029 0.084 0.047 0.019 0.022 0.028 0.044 0.009 0.015 0.022 0.06 0.037 0.004 0.011 0.024
306 L 0.052 0.064 0.063 0.033 0.011 0.029 0.039 0.038 0.021 0.045 0.1 0.084 0.038 0.04 0.073 0.063 0.039 0.064 0.059 0.046
307 F 0.032 0.018 0.016 0.016 0.01 0.01 0.018 0.024 0.016 0.061 0.11 0.018 0.024 0.41 0.01 0.024 0.024 0.016 0.085 0.053
308 H 0.041 0.039 0.044 0.032 0.008 0.032 0.045 0.033 0.301 0.055 0.054 0.04 0.017 0.042 0.018 0.037 0.027 0.009 0.083 0.041
309 L 0.046 0.027 0.016 0.017 0.016 0.021 0.023 0.023 0.012 0.105 0.306 0.029 0.112 0.05 0.014 0.028 0.035 0.007 0.022 0.091
310 L 0.042 0.022 0.015 0.016 0.013 0.015 0.021 0.024 0.012 0.119 0.18 0.024 0.049 0.109 0.012 0.025 0.032 0.12 0.042 0.107
311 F 0.034 0.02 0.017 0.017 0.01 0.013 0.02 0.024 0.023 0.057 0.1 0.021 0.023 0.347 0.011 0.026 0.025 0.019 0.143 0.051
312 G 0.075 0.022 0.038 0.032 0.01 0.018 0.025 0.529 0.013 0.018 0.027 0.032 0.009 0.016 0.018 0.049 0.029 0.005 0.01 0.023
313 N 0.071 0.038 0.246 0.15 0.01 0.031 0.056 0.06 0.026 0.024 0.033 0.049 0.011 0.017 0.021 0.065 0.045 0.004 0.014 0.03
314 A 0.317 0.03 0.025 0.029 0.021 0.025 0.039 0.075 0.014 0.042 0.057 0.043 0.017 0.021 0.029 0.082 0.048 0.005 0.017 0.066
315 E 0.081 0.048 0.041 0.112 0.009 0.064 0.239 0.04 0.023 0.024 0.038 0.08 0.013 0.016 0.025 0.056 0.037 0.005 0.016 0.034
316 L 0.048 0.028 0.017 0.018 0.016 0.023 0.024 0.025 0.014 0.101 0.259 0.031 0.144 0.048 0.015 0.031 0.036 0.007 0.023 0.09
317 A 0.317 0.03 0.025 0.029 0.021 0.025 0.039 0.075 0.014 0.042 0.057 0.043 0.017 0.021 0.029 0.082 0.048 0.005 0.017 0.066
318 F 0.034 0.021 0.017 0.016 0.01 0.013 0.021 0.025 0.022 0.053 0.094 0.021 0.022 0.308 0.011 0.025 0.025 0.074 0.141 0.048
319 G 0.062 0.15 0.043 0.077 0.01 0.034 0.048 0.204 0.018 0.022 0.036 0.094 0.012 0.016 0.021 0.07 0.037 0.005 0.014 0.028
320 D 0.043 0.037 0.142 0.259 0.008 0.053 0.074 0.076 0.022 0.022 0.03 0.05 0.011 0.015 0.021 0.055 0.038 0.004 0.013 0.025
