#Seq2Logo.py -f /work3/idamei/wzy_ssn/run/1e-50/run/150/MSAs/0015_111.afa -o /work3/idamei/wzy_ssn/run/1e-50/run/150/logos/0015_111.logo
#Position Specific Frequency Matrix
A R N D C Q E G H I L K M F P S T W Y V
0 L 0.052 0.032 0.02 0.02 0.016 0.028 0.028 0.028 0.016 0.1 0.197 0.036 0.161 0.048 0.016 0.036 0.04 0.008 0.024 0.092
1 G 0.078 0.023 0.039 0.034 0.011 0.019 0.026 0.51 0.014 0.019 0.028 0.034 0.009 0.016 0.019 0.051 0.03 0.005 0.011 0.024
2 V 0.07 0.022 0.016 0.018 0.019 0.016 0.023 0.025 0.008 0.165 0.13 0.026 0.032 0.036 0.016 0.033 0.049 0.006 0.021 0.269
3 F 0.034 0.019 0.017 0.017 0.011 0.011 0.019 0.025 0.017 0.063 0.114 0.019 0.025 0.387 0.011 0.025 0.025 0.017 0.089 0.055
4 M 0.05 0.031 0.019 0.019 0.015 0.027 0.027 0.027 0.015 0.097 0.189 0.035 0.193 0.046 0.015 0.035 0.039 0.008 0.023 0.089
5 I 0.068 0.023 0.055 0.027 0.033 0.017 0.024 0.032 0.012 0.212 0.124 0.03 0.029 0.035 0.017 0.041 0.066 0.005 0.018 0.131
6 Y 0.043 0.027 0.021 0.019 0.011 0.021 0.027 0.025 0.037 0.076 0.089 0.031 0.039 0.104 0.015 0.038 0.031 0.022 0.26 0.064
7 I 0.047 0.018 0.015 0.018 0.016 0.013 0.018 0.021 0.009 0.269 0.168 0.024 0.037 0.044 0.015 0.025 0.04 0.006 0.021 0.177
8 L 0.045 0.024 0.014 0.015 0.016 0.016 0.02 0.021 0.01 0.116 0.374 0.025 0.05 0.055 0.014 0.024 0.033 0.007 0.022 0.096
9 K 0.057 0.107 0.042 0.042 0.009 0.054 0.071 0.043 0.021 0.028 0.043 0.276 0.016 0.016 0.028 0.054 0.04 0.005 0.017 0.033
10 L 0.045 0.024 0.014 0.015 0.016 0.016 0.02 0.021 0.01 0.116 0.374 0.025 0.05 0.055 0.014 0.024 0.033 0.007 0.022 0.096
11 N 0.043 0.045 0.315 0.083 0.009 0.034 0.05 0.065 0.032 0.023 0.032 0.054 0.011 0.018 0.02 0.07 0.05 0.005 0.016 0.027
12 I 0.047 0.018 0.015 0.018 0.016 0.013 0.018 0.021 0.009 0.269 0.168 0.024 0.037 0.044 0.015 0.025 0.04 0.006 0.021 0.177
13 T 0.073 0.036 0.044 0.038 0.018 0.028 0.039 0.044 0.014 0.053 0.065 0.046 0.02 0.024 0.028 0.093 0.245 0.006 0.018 0.071
14 Y 0.041 0.028 0.022 0.019 0.009 0.022 0.028 0.025 0.047 0.044 0.069 0.031 0.019 0.131 0.016 0.031 0.028 0.028 0.316 0.047
15 S 0.11 0.04 0.054 0.049 0.018 0.033 0.053 0.066 0.019 0.03 0.042 0.054 0.016 0.021 0.03 0.218 0.082 0.005 0.018 0.042
16 S 0.11 0.04 0.054 0.049 0.018 0.033 0.053 0.066 0.019 0.03 0.042 0.054 0.016 0.021 0.03 0.218 0.082 0.005 0.018 0.042
17 D 0.041 0.03 0.069 0.396 0.008 0.03 0.092 0.047 0.019 0.022 0.028 0.045 0.009 0.015 0.022 0.052 0.035 0.004 0.011 0.024
18 S 0.11 0.04 0.054 0.049 0.018 0.033 0.053 0.066 0.019 0.03 0.042 0.054 0.016 0.021 0.03 0.218 0.082 0.005 0.018 0.042
19 R 0.045 0.343 0.039 0.031 0.008 0.049 0.052 0.033 0.023 0.023 0.047 0.121 0.016 0.017 0.019 0.045 0.035 0.006 0.017 0.031
20 N 0.043 0.045 0.315 0.083 0.009 0.034 0.05 0.065 0.032 0.023 0.032 0.054 0.011 0.018 0.02 0.07 0.05 0.005 0.016 0.027
21 G 0.078 0.023 0.039 0.034 0.011 0.019 0.026 0.509 0.014 0.019 0.028 0.034 0.009 0.016 0.019 0.051 0.03 0.005 0.011 0.024
22 L 0.079 0.022 0.019 0.02 0.016 0.016 0.023 0.03 0.011 0.159 0.182 0.027 0.032 0.08 0.017 0.038 0.064 0.007 0.027 0.131
23 V 0.083 0.022 0.02 0.02 0.07 0.017 0.024 0.032 0.014 0.128 0.103 0.028 0.025 0.084 0.017 0.042 0.065 0.009 0.062 0.136
24 F 0.034 0.019 0.017 0.017 0.011 0.011 0.019 0.025 0.017 0.063 0.114 0.019 0.025 0.388 0.011 0.025 0.025 0.017 0.089 0.055
25 I 0.047 0.018 0.015 0.018 0.016 0.013 0.018 0.021 0.009 0.273 0.167 0.024 0.037 0.044 0.015 0.025 0.04 0.006 0.021 0.176
26 I 0.076 0.018 0.015 0.018 0.016 0.014 0.019 0.026 0.009 0.27 0.15 0.025 0.033 0.04 0.016 0.03 0.039 0.006 0.019 0.158
27 F 0.094 0.027 0.029 0.028 0.016 0.02 0.031 0.042 0.014 0.099 0.091 0.034 0.023 0.127 0.02 0.102 0.062 0.008 0.035 0.098
28 L 0.055 0.021 0.016 0.017 0.014 0.013 0.02 0.025 0.013 0.108 0.21 0.023 0.033 0.208 0.013 0.028 0.031 0.011 0.049 0.093
29 L 0.045 0.024 0.015 0.016 0.016 0.018 0.021 0.022 0.011 0.129 0.326 0.026 0.079 0.05 0.014 0.026 0.034 0.007 0.022 0.1
30 L 0.058 0.022 0.016 0.017 0.015 0.016 0.021 0.025 0.012 0.139 0.225 0.025 0.053 0.126 0.014 0.029 0.034 0.009 0.035 0.11
31 L 0.128 0.025 0.018 0.02 0.045 0.019 0.026 0.038 0.011 0.11 0.173 0.03 0.048 0.036 0.019 0.044 0.042 0.006 0.019 0.144
32 L 0.043 0.024 0.016 0.016 0.014 0.017 0.021 0.022 0.015 0.116 0.269 0.026 0.065 0.098 0.014 0.026 0.032 0.01 0.064 0.091
33 L 0.126 0.027 0.023 0.024 0.016 0.02 0.029 0.043 0.013 0.091 0.181 0.033 0.029 0.038 0.02 0.068 0.055 0.062 0.024 0.08
34 L 0.06 0.022 0.018 0.018 0.014 0.015 0.021 0.081 0.012 0.107 0.248 0.025 0.035 0.125 0.014 0.03 0.032 0.009 0.034 0.083
35 L 0.109 0.023 0.02 0.021 0.016 0.017 0.025 0.09 0.012 0.102 0.165 0.029 0.037 0.098 0.017 0.041 0.037 0.008 0.03 0.103
36 E 0.05 0.043 0.039 0.116 0.008 0.053 0.264 0.033 0.022 0.031 0.075 0.064 0.016 0.02 0.023 0.049 0.035 0.005 0.016 0.036
37 L 0.045 0.068 0.02 0.02 0.013 0.022 0.028 0.025 0.015 0.127 0.17 0.065 0.03 0.104 0.015 0.03 0.034 0.009 0.048 0.109
38 C 0.062 0.071 0.029 0.027 0.122 0.025 0.034 0.036 0.014 0.074 0.107 0.07 0.022 0.068 0.019 0.083 0.044 0.006 0.024 0.063
39 L 0.044 0.02 0.014 0.016 0.016 0.014 0.018 0.02 0.009 0.205 0.28 0.024 0.042 0.048 0.014 0.024 0.035 0.006 0.021 0.131
40 N 0.069 0.04 0.179 0.059 0.013 0.031 0.046 0.058 0.023 0.031 0.041 0.05 0.014 0.019 0.024 0.133 0.109 0.005 0.016 0.04
41 G 0.057 0.091 0.108 0.047 0.009 0.059 0.053 0.154 0.042 0.023 0.036 0.115 0.013 0.017 0.021 0.064 0.039 0.005 0.017 0.029
42 G 0.055 0.172 0.041 0.076 0.009 0.036 0.049 0.201 0.018 0.022 0.036 0.112 0.012 0.016 0.02 0.047 0.033 0.005 0.014 0.027
43 K 0.049 0.127 0.034 0.033 0.009 0.049 0.055 0.036 0.019 0.06 0.063 0.203 0.018 0.062 0.022 0.044 0.036 0.006 0.025 0.049
44 L 0.049 0.031 0.023 0.022 0.013 0.02 0.027 0.082 0.013 0.094 0.19 0.057 0.03 0.119 0.016 0.037 0.058 0.008 0.033 0.075
45 S 0.102 0.037 0.05 0.045 0.016 0.03 0.048 0.115 0.018 0.027 0.039 0.05 0.014 0.02 0.027 0.228 0.073 0.005 0.016 0.038
46 P 0.055 0.025 0.022 0.03 0.01 0.02 0.035 0.035 0.012 0.025 0.035 0.04 0.01 0.012 0.513 0.042 0.035 0.002 0.012 0.03
47 T 0.078 0.035 0.044 0.038 0.017 0.028 0.041 0.047 0.014 0.046 0.058 0.046 0.018 0.022 0.027 0.125 0.232 0.006 0.017 0.062
48 I 0.086 0.024 0.023 0.023 0.016 0.018 0.026 0.034 0.012 0.15 0.142 0.03 0.029 0.077 0.018 0.064 0.069 0.007 0.026 0.125
49 V 0.06 0.02 0.015 0.017 0.017 0.015 0.021 0.022 0.008 0.205 0.137 0.024 0.032 0.037 0.015 0.029 0.044 0.005 0.02 0.255
50 L 0.049 0.027 0.019 0.019 0.016 0.022 0.025 0.026 0.013 0.119 0.242 0.031 0.108 0.045 0.016 0.036 0.063 0.007 0.022 0.097
51 L 0.047 0.024 0.022 0.02 0.068 0.018 0.024 0.026 0.052 0.113 0.212 0.027 0.033 0.081 0.016 0.035 0.059 0.007 0.03 0.086
52 S 0.082 0.031 0.039 0.036 0.07 0.025 0.038 0.048 0.015 0.066 0.066 0.04 0.019 0.066 0.023 0.158 0.085 0.006 0.024 0.061
53 L 0.045 0.021 0.014 0.016 0.016 0.016 0.019 0.021 0.01 0.193 0.27 0.025 0.058 0.047 0.014 0.025 0.036 0.006 0.021 0.126
54 W 0.029 0.022 0.015 0.015 0.007 0.015 0.022 0.029 0.015 0.029 0.051 0.022 0.015 0.058 0.007 0.022 0.022 0.512 0.066 0.029
55 G 0.146 0.025 0.026 0.026 0.016 0.02 0.028 0.209 0.013 0.076 0.111 0.034 0.039 0.028 0.02 0.053 0.038 0.006 0.016 0.069
56 G 0.067 0.022 0.026 0.024 0.015 0.017 0.024 0.193 0.01 0.123 0.092 0.029 0.023 0.028 0.018 0.043 0.065 0.005 0.016 0.159
57 V 0.074 0.026 0.057 0.028 0.016 0.02 0.028 0.034 0.012 0.136 0.136 0.032 0.028 0.033 0.018 0.055 0.071 0.005 0.019 0.17
58 L 0.043 0.023 0.014 0.015 0.016 0.015 0.019 0.02 0.01 0.132 0.373 0.024 0.046 0.051 0.014 0.023 0.033 0.007 0.021 0.101
59 L 0.053 0.023 0.02 0.02 0.015 0.016 0.023 0.026 0.011 0.134 0.151 0.027 0.039 0.12 0.016 0.038 0.077 0.008 0.034 0.149
60 L 0.08 0.022 0.016 0.017 0.017 0.016 0.022 0.028 0.01 0.145 0.23 0.026 0.036 0.062 0.016 0.032 0.039 0.007 0.024 0.157
61 C 0.131 0.026 0.029 0.028 0.234 0.021 0.031 0.05 0.012 0.04 0.056 0.035 0.016 0.02 0.023 0.107 0.067 0.005 0.015 0.055
62 S 0.093 0.038 0.045 0.082 0.014 0.052 0.053 0.106 0.018 0.036 0.057 0.05 0.034 0.021 0.024 0.141 0.069 0.005 0.016 0.044
63 F 0.039 0.019 0.016 0.017 0.012 0.012 0.019 0.024 0.016 0.11 0.118 0.02 0.027 0.292 0.012 0.025 0.029 0.014 0.082 0.099
64 Y 0.038 0.026 0.055 0.024 0.01 0.019 0.026 0.028 0.033 0.072 0.082 0.029 0.021 0.168 0.014 0.032 0.03 0.02 0.214 0.058
65 E 0.065 0.043 0.046 0.118 0.01 0.051 0.223 0.043 0.023 0.023 0.036 0.064 0.013 0.017 0.026 0.101 0.046 0.005 0.016 0.032
66 S 0.083 0.037 0.074 0.127 0.014 0.031 0.057 0.057 0.019 0.03 0.04 0.049 0.014 0.019 0.026 0.167 0.095 0.005 0.016 0.04
67 Y 0.084 0.03 0.034 0.086 0.013 0.027 0.061 0.04 0.024 0.059 0.065 0.04 0.018 0.053 0.021 0.075 0.06 0.011 0.108 0.091
68 L 0.047 0.021 0.015 0.016 0.015 0.014 0.02 0.022 0.011 0.134 0.228 0.023 0.036 0.135 0.013 0.026 0.035 0.009 0.037 0.143
69 G 0.052 0.026 0.063 0.031 0.01 0.019 0.028 0.2 0.019 0.032 0.05 0.032 0.014 0.082 0.016 0.045 0.056 0.121 0.069 0.036
70 D 0.049 0.035 0.043 0.167 0.009 0.053 0.091 0.038 0.021 0.028 0.04 0.049 0.013 0.027 0.131 0.051 0.061 0.007 0.05 0.034
71 L 0.046 0.019 0.014 0.016 0.016 0.014 0.018 0.02 0.009 0.229 0.239 0.023 0.039 0.045 0.014 0.024 0.037 0.006 0.02 0.151
72 S 0.102 0.038 0.051 0.046 0.017 0.031 0.049 0.061 0.018 0.031 0.043 0.051 0.016 0.02 0.028 0.232 0.101 0.005 0.017 0.043
73 N 0.056 0.031 0.138 0.089 0.012 0.025 0.042 0.073 0.02 0.073 0.065 0.04 0.018 0.066 0.019 0.081 0.047 0.006 0.023 0.077
74 E 0.048 0.039 0.07 0.114 0.01 0.059 0.128 0.036 0.023 0.049 0.088 0.052 0.019 0.034 0.02 0.046 0.037 0.008 0.053 0.067
75 T 0.098 0.034 0.04 0.035 0.018 0.026 0.038 0.045 0.013 0.05 0.062 0.044 0.019 0.023 0.027 0.088 0.25 0.006 0.017 0.068
76 L 0.047 0.025 0.017 0.018 0.016 0.018 0.022 0.024 0.011 0.103 0.339 0.028 0.061 0.049 0.015 0.032 0.06 0.007 0.021 0.089
77 L 0.05 0.029 0.023 0.023 0.067 0.042 0.032 0.031 0.015 0.063 0.156 0.033 0.045 0.121 0.015 0.055 0.036 0.064 0.039 0.06
78 W 0.033 0.021 0.015 0.015 0.009 0.014 0.021 0.027 0.013 0.089 0.076 0.022 0.019 0.055 0.009 0.022 0.025 0.399 0.055 0.06
79 I 0.049 0.018 0.014 0.017 0.016 0.013 0.018 0.021 0.008 0.273 0.155 0.023 0.034 0.041 0.014 0.025 0.04 0.006 0.02 0.193
80 L 0.048 0.023 0.018 0.018 0.096 0.016 0.021 0.026 0.012 0.08 0.218 0.025 0.05 0.123 0.015 0.035 0.059 0.008 0.034 0.074
81 L 0.061 0.026 0.027 0.026 0.015 0.019 0.027 0.087 0.012 0.099 0.154 0.032 0.028 0.075 0.019 0.067 0.093 0.007 0.025 0.101
82 G 0.082 0.026 0.041 0.036 0.012 0.021 0.03 0.426 0.014 0.02 0.03 0.037 0.01 0.017 0.02 0.094 0.04 0.005 0.012 0.027
83 C 0.056 0.023 0.088 0.03 0.285 0.017 0.024 0.036 0.013 0.079 0.073 0.028 0.018 0.023 0.016 0.043 0.04 0.004 0.014 0.088
84 L 0.096 0.024 0.021 0.021 0.016 0.017 0.026 0.036 0.013 0.105 0.181 0.029 0.03 0.12 0.017 0.059 0.041 0.008 0.034 0.105
85 A 0.172 0.031 0.031 0.031 0.045 0.026 0.038 0.058 0.015 0.051 0.105 0.042 0.039 0.027 0.025 0.124 0.055 0.006 0.018 0.062
86 F 0.032 0.018 0.016 0.016 0.01 0.01 0.018 0.024 0.016 0.061 0.11 0.018 0.024 0.41 0.01 0.024 0.024 0.016 0.085 0.053
87 F 0.072 0.022 0.021 0.021 0.012 0.014 0.024 0.034 0.016 0.055 0.096 0.025 0.023 0.324 0.014 0.056 0.033 0.014 0.07 0.053
88 L 0.052 0.02 0.015 0.016 0.016 0.014 0.02 0.022 0.009 0.166 0.208 0.024 0.036 0.083 0.014 0.027 0.039 0.007 0.028 0.185
89 G 0.075 0.022 0.038 0.032 0.01 0.018 0.025 0.529 0.013 0.018 0.027 0.032 0.009 0.016 0.018 0.049 0.029 0.005 0.01 0.023
90 G 0.102 0.023 0.036 0.032 0.012 0.019 0.026 0.479 0.013 0.021 0.031 0.034 0.01 0.016 0.019 0.053 0.031 0.005 0.011 0.028
91 L 0.046 0.024 0.036 0.021 0.014 0.017 0.022 0.081 0.013 0.107 0.24 0.027 0.052 0.104 0.014 0.03 0.033 0.008 0.031 0.083
92 L 0.039 0.02 0.015 0.016 0.013 0.013 0.018 0.022 0.012 0.152 0.203 0.022 0.034 0.162 0.012 0.024 0.031 0.047 0.044 0.101
93 G 0.112 0.028 0.041 0.037 0.014 0.023 0.035 0.323 0.015 0.024 0.035 0.04 0.012 0.018 0.023 0.12 0.047 0.005 0.013 0.034
94 K 0.05 0.119 0.075 0.043 0.008 0.047 0.062 0.042 0.061 0.025 0.04 0.227 0.014 0.017 0.024 0.051 0.037 0.005 0.021 0.03
95 L 0.077 0.022 0.017 0.02 0.015 0.017 0.024 0.03 0.01 0.147 0.201 0.029 0.032 0.037 0.126 0.034 0.037 0.005 0.018 0.101
96 L 0.046 0.023 0.019 0.02 0.013 0.016 0.023 0.026 0.015 0.121 0.168 0.027 0.029 0.116 0.07 0.034 0.059 0.01 0.067 0.095
97 F 0.121 0.027 0.029 0.028 0.016 0.021 0.033 0.046 0.015 0.068 0.081 0.035 0.021 0.139 0.021 0.095 0.073 0.009 0.038 0.086
98 P 0.046 0.081 0.104 0.086 0.009 0.054 0.054 0.042 0.021 0.028 0.044 0.084 0.014 0.059 0.129 0.049 0.037 0.006 0.023 0.031
99 I 0.074 0.082 0.075 0.031 0.04 0.023 0.031 0.036 0.018 0.123 0.092 0.045 0.023 0.076 0.017 0.042 0.038 0.008 0.043 0.085
100 F 0.04 0.021 0.017 0.017 0.012 0.015 0.021 0.023 0.024 0.13 0.115 0.024 0.027 0.19 0.013 0.027 0.031 0.017 0.146 0.091
101 G 0.066 0.036 0.04 0.062 0.009 0.041 0.163 0.274 0.02 0.02 0.032 0.054 0.011 0.016 0.022 0.053 0.033 0.005 0.014 0.028
102 K 0.06 0.084 0.056 0.037 0.011 0.035 0.047 0.105 0.058 0.037 0.081 0.121 0.018 0.023 0.022 0.073 0.066 0.006 0.021 0.041
103 L 0.083 0.024 0.022 0.022 0.016 0.018 0.026 0.033 0.012 0.11 0.135 0.029 0.027 0.117 0.018 0.047 0.09 0.008 0.034 0.129
104 R 0.082 0.12 0.032 0.03 0.065 0.033 0.044 0.04 0.037 0.033 0.053 0.112 0.016 0.061 0.076 0.058 0.038 0.006 0.025 0.04
105 S 0.067 0.034 0.126 0.091 0.067 0.027 0.046 0.053 0.02 0.031 0.046 0.044 0.014 0.062 0.022 0.128 0.054 0.006 0.023 0.037
106 Y 0.06 0.028 0.03 0.027 0.013 0.022 0.03 0.088 0.023 0.088 0.076 0.035 0.02 0.06 0.02 0.071 0.099 0.013 0.126 0.071
107 N 0.05 0.039 0.125 0.117 0.009 0.056 0.087 0.046 0.026 0.025 0.037 0.052 0.013 0.028 0.094 0.067 0.041 0.007 0.051 0.031
108 V 0.061 0.021 0.017 0.018 0.017 0.016 0.022 0.025 0.009 0.181 0.165 0.026 0.033 0.038 0.016 0.041 0.045 0.006 0.02 0.223
109 Q 0.055 0.073 0.044 0.047 0.009 0.221 0.102 0.041 0.029 0.026 0.047 0.091 0.02 0.015 0.023 0.055 0.041 0.006 0.02 0.035
110 S 0.087 0.143 0.049 0.043 0.014 0.038 0.052 0.055 0.02 0.027 0.043 0.076 0.016 0.02 0.026 0.165 0.066 0.005 0.017 0.038
111 N 0.048 0.121 0.137 0.047 0.009 0.035 0.046 0.098 0.026 0.025 0.039 0.103 0.013 0.028 0.047 0.052 0.038 0.007 0.052 0.03
112 P 0.058 0.114 0.105 0.045 0.01 0.045 0.048 0.082 0.021 0.024 0.037 0.078 0.013 0.016 0.131 0.08 0.044 0.004 0.015 0.03
113 V 0.055 0.034 0.058 0.029 0.015 0.023 0.031 0.031 0.013 0.149 0.116 0.062 0.045 0.033 0.018 0.042 0.068 0.006 0.019 0.154
114 G 0.062 0.076 0.07 0.038 0.011 0.03 0.041 0.151 0.021 0.028 0.042 0.078 0.013 0.029 0.076 0.075 0.066 0.007 0.051 0.035
115 A 0.201 0.035 0.04 0.039 0.019 0.029 0.046 0.072 0.017 0.036 0.05 0.049 0.017 0.021 0.03 0.154 0.066 0.005 0.017 0.055
116 L 0.046 0.021 0.014 0.016 0.016 0.015 0.019 0.021 0.009 0.195 0.273 0.024 0.043 0.049 0.014 0.025 0.036 0.006 0.021 0.136
117 E 0.062 0.036 0.028 0.054 0.013 0.04 0.162 0.03 0.017 0.093 0.083 0.051 0.022 0.026 0.021 0.044 0.043 0.005 0.019 0.152
118 L 0.057 0.023 0.015 0.016 0.018 0.016 0.022 0.023 0.009 0.139 0.254 0.026 0.04 0.045 0.015 0.028 0.041 0.006 0.021 0.184
119 L 0.046 0.021 0.014 0.016 0.016 0.015 0.019 0.021 0.009 0.195 0.273 0.024 0.043 0.049 0.014 0.025 0.036 0.006 0.021 0.136
120 T 0.091 0.038 0.049 0.043 0.018 0.03 0.046 0.055 0.016 0.041 0.053 0.05 0.018 0.022 0.029 0.158 0.166 0.006 0.018 0.056
121 N 0.045 0.031 0.167 0.05 0.013 0.023 0.033 0.043 0.02 0.149 0.099 0.039 0.024 0.031 0.017 0.047 0.044 0.005 0.018 0.101
122 L 0.046 0.021 0.014 0.016 0.016 0.015 0.019 0.021 0.009 0.195 0.273 0.024 0.043 0.049 0.014 0.025 0.036 0.006 0.021 0.136
123 L 0.049 0.028 0.02 0.021 0.015 0.041 0.03 0.025 0.012 0.159 0.233 0.033 0.037 0.041 0.016 0.035 0.063 0.006 0.02 0.117
124 L 0.059 0.035 0.026 0.025 0.014 0.023 0.031 0.087 0.013 0.077 0.247 0.062 0.042 0.039 0.018 0.068 0.041 0.006 0.019 0.069
125 F 0.043 0.029 0.018 0.019 0.013 0.017 0.024 0.025 0.013 0.116 0.161 0.053 0.03 0.204 0.014 0.028 0.032 0.01 0.049 0.104
126 V 0.117 0.024 0.02 0.021 0.018 0.018 0.027 0.037 0.011 0.104 0.132 0.03 0.027 0.074 0.019 0.047 0.069 0.007 0.026 0.17
127 L 0.084 0.024 0.02 0.021 0.071 0.018 0.025 0.033 0.011 0.148 0.181 0.03 0.049 0.038 0.018 0.058 0.042 0.006 0.019 0.105
128 P 0.054 0.024 0.021 0.027 0.065 0.019 0.031 0.033 0.012 0.036 0.078 0.036 0.015 0.018 0.402 0.04 0.035 0.003 0.013 0.04
129 L 0.044 0.019 0.015 0.016 0.015 0.013 0.018 0.021 0.01 0.189 0.199 0.022 0.035 0.126 0.013 0.025 0.035 0.008 0.035 0.141
130 Y 0.038 0.026 0.02 0.018 0.009 0.02 0.026 0.024 0.042 0.044 0.071 0.029 0.019 0.157 0.014 0.029 0.027 0.026 0.315 0.046
131 L 0.064 0.022 0.019 0.02 0.016 0.016 0.022 0.054 0.01 0.189 0.203 0.027 0.034 0.04 0.016 0.036 0.063 0.006 0.019 0.123
132 L 0.044 0.021 0.014 0.016 0.015 0.014 0.019 0.021 0.01 0.171 0.273 0.023 0.04 0.088 0.014 0.024 0.034 0.007 0.028 0.125
133 L 0.057 0.028 0.023 0.023 0.016 0.023 0.027 0.03 0.013 0.137 0.147 0.033 0.101 0.039 0.018 0.053 0.081 0.006 0.021 0.124
134 F 0.089 0.021 0.018 0.019 0.014 0.015 0.023 0.06 0.013 0.098 0.136 0.025 0.027 0.201 0.015 0.036 0.034 0.01 0.048 0.098
135 F 0.059 0.022 0.018 0.018 0.013 0.015 0.022 0.027 0.017 0.088 0.136 0.024 0.027 0.22 0.014 0.033 0.045 0.013 0.086 0.103
136 L 0.079 0.024 0.02 0.02 0.015 0.017 0.025 0.032 0.012 0.106 0.241 0.028 0.035 0.111 0.016 0.055 0.038 0.008 0.032 0.085
137 L 0.087 0.029 0.027 0.026 0.014 0.023 0.031 0.039 0.022 0.082 0.102 0.035 0.059 0.095 0.019 0.084 0.044 0.012 0.099 0.071
138 Y 0.04 0.026 0.021 0.025 0.01 0.022 0.057 0.025 0.032 0.072 0.083 0.031 0.021 0.168 0.015 0.031 0.029 0.02 0.214 0.059
139 H 0.043 0.05 0.079 0.039 0.009 0.06 0.051 0.038 0.122 0.038 0.079 0.081 0.02 0.106 0.018 0.043 0.033 0.008 0.043 0.038
140 L 0.051 0.031 0.02 0.02 0.016 0.027 0.027 0.027 0.016 0.097 0.191 0.035 0.185 0.047 0.016 0.035 0.039 0.008 0.023 0.09
141 Y 0.046 0.024 0.018 0.018 0.013 0.018 0.024 0.024 0.026 0.103 0.118 0.027 0.043 0.12 0.015 0.029 0.033 0.016 0.172 0.113
142 K 0.061 0.092 0.07 0.039 0.012 0.047 0.051 0.043 0.019 0.045 0.12 0.125 0.022 0.025 0.022 0.09 0.046 0.005 0.018 0.046
143 E 0.126 0.036 0.035 0.051 0.014 0.037 0.132 0.102 0.018 0.044 0.052 0.051 0.016 0.02 0.025 0.091 0.059 0.005 0.016 0.071
144 G 0.075 0.022 0.038 0.032 0.01 0.018 0.025 0.529 0.013 0.018 0.027 0.032 0.009 0.016 0.018 0.049 0.029 0.005 0.01 0.023
145 L 0.109 0.033 0.022 0.023 0.015 0.021 0.031 0.039 0.014 0.076 0.169 0.06 0.028 0.117 0.019 0.053 0.039 0.008 0.034 0.091
146 S 0.108 0.036 0.075 0.043 0.016 0.029 0.043 0.083 0.018 0.04 0.061 0.047 0.035 0.023 0.025 0.149 0.097 0.005 0.017 0.051
147 E 0.055 0.043 0.033 0.061 0.01 0.074 0.201 0.031 0.021 0.081 0.068 0.061 0.02 0.022 0.022 0.046 0.039 0.005 0.018 0.088
148 D 0.069 0.037 0.138 0.162 0.012 0.031 0.061 0.059 0.022 0.025 0.034 0.05 0.012 0.018 0.024 0.138 0.058 0.004 0.015 0.032
149 E 0.074 0.045 0.049 0.111 0.012 0.07 0.139 0.049 0.022 0.025 0.038 0.062 0.014 0.017 0.026 0.134 0.055 0.005 0.016 0.034
150 N 0.042 0.042 0.279 0.119 0.008 0.035 0.083 0.057 0.028 0.022 0.03 0.053 0.011 0.017 0.02 0.064 0.045 0.004 0.015 0.026
151 W 0.039 0.022 0.019 0.019 0.009 0.015 0.024 0.031 0.016 0.04 0.069 0.024 0.018 0.171 0.011 0.048 0.029 0.29 0.067 0.038
152 Y 0.038 0.026 0.02 0.018 0.009 0.02 0.026 0.024 0.042 0.044 0.071 0.029 0.019 0.157 0.014 0.029 0.027 0.026 0.315 0.046
153 V 0.057 0.02 0.015 0.017 0.017 0.015 0.02 0.022 0.009 0.217 0.145 0.025 0.042 0.039 0.015 0.028 0.043 0.006 0.02 0.229
154 G 0.069 0.03 0.072 0.039 0.01 0.045 0.035 0.423 0.017 0.019 0.03 0.041 0.01 0.016 0.019 0.052 0.032 0.005 0.012 0.025
155 I 0.054 0.021 0.019 0.02 0.016 0.016 0.022 0.026 0.01 0.221 0.172 0.027 0.043 0.04 0.016 0.05 0.043 0.006 0.02 0.157
156 R 0.043 0.37 0.037 0.03 0.007 0.047 0.05 0.032 0.022 0.022 0.045 0.116 0.015 0.017 0.019 0.043 0.034 0.006 0.017 0.03
157 T 0.091 0.076 0.034 0.032 0.015 0.029 0.04 0.042 0.015 0.076 0.104 0.077 0.022 0.026 0.023 0.082 0.122 0.006 0.018 0.071
158 I 0.047 0.03 0.02 0.027 0.014 0.023 0.057 0.024 0.012 0.238 0.134 0.06 0.031 0.036 0.017 0.03 0.038 0.006 0.019 0.139
159 I 0.045 0.017 0.014 0.017 0.016 0.013 0.017 0.02 0.008 0.299 0.161 0.023 0.035 0.042 0.014 0.024 0.038 0.006 0.02 0.17
160 N 0.041 0.043 0.343 0.08 0.009 0.032 0.047 0.063 0.03 0.022 0.03 0.052 0.011 0.017 0.019 0.067 0.047 0.004 0.015 0.026
161 Y 0.039 0.027 0.021 0.018 0.009 0.021 0.027 0.024 0.045 0.042 0.066 0.03 0.018 0.126 0.015 0.03 0.027 0.027 0.344 0.045
162 G 0.075 0.022 0.038 0.032 0.01 0.018 0.025 0.529 0.013 0.018 0.027 0.032 0.009 0.016 0.018 0.049 0.029 0.005 0.01 0.023
163 E 0.056 0.043 0.046 0.157 0.008 0.051 0.241 0.039 0.023 0.022 0.034 0.064 0.012 0.016 0.024 0.074 0.04 0.005 0.015 0.03
164 P 0.057 0.043 0.027 0.033 0.01 0.027 0.043 0.037 0.014 0.025 0.037 0.099 0.011 0.013 0.387 0.052 0.037 0.003 0.014 0.031
165 D 0.055 0.035 0.14 0.243 0.01 0.03 0.068 0.054 0.022 0.023 0.031 0.047 0.011 0.016 0.023 0.099 0.048 0.004 0.013 0.028
166 W 0.074 0.024 0.021 0.027 0.012 0.021 0.056 0.087 0.014 0.101 0.117 0.031 0.023 0.08 0.015 0.036 0.032 0.119 0.036 0.074
167 F 0.058 0.023 0.019 0.019 0.013 0.016 0.023 0.028 0.02 0.091 0.163 0.026 0.028 0.183 0.015 0.041 0.033 0.014 0.114 0.073
168 F 0.035 0.019 0.016 0.016 0.011 0.011 0.018 0.023 0.015 0.093 0.148 0.019 0.028 0.33 0.011 0.024 0.027 0.014 0.071 0.07
169 I 0.057 0.088 0.03 0.029 0.013 0.032 0.042 0.034 0.015 0.132 0.091 0.131 0.023 0.027 0.021 0.061 0.043 0.005 0.018 0.108
170 I 0.139 0.023 0.018 0.021 0.018 0.018 0.026 0.039 0.011 0.172 0.138 0.031 0.041 0.035 0.019 0.045 0.042 0.006 0.019 0.139
171 F 0.034 0.02 0.017 0.017 0.01 0.013 0.02 0.024 0.023 0.057 0.1 0.021 0.023 0.347 0.011 0.026 0.025 0.019 0.143 0.051
172 G 0.075 0.022 0.038 0.032 0.01 0.018 0.025 0.529 0.013 0.018 0.027 0.032 0.009 0.016 0.018 0.049 0.029 0.005 0.01 0.023
173 Y 0.039 0.027 0.021 0.018 0.009 0.021 0.027 0.024 0.045 0.042 0.066 0.03 0.018 0.126 0.015 0.03 0.027 0.027 0.344 0.045
174 L 0.046 0.022 0.015 0.016 0.016 0.017 0.02 0.022 0.01 0.174 0.27 0.026 0.067 0.047 0.014 0.026 0.036 0.007 0.021 0.129
175 Y 0.039 0.027 0.021 0.018 0.009 0.021 0.027 0.024 0.045 0.042 0.066 0.03 0.018 0.126 0.015 0.03 0.027 0.027 0.344 0.045
176 Y 0.038 0.026 0.02 0.018 0.009 0.02 0.026 0.024 0.042 0.044 0.071 0.029 0.019 0.157 0.014 0.029 0.027 0.026 0.315 0.046
177 L 0.041 0.021 0.014 0.016 0.014 0.014 0.019 0.021 0.011 0.142 0.282 0.023 0.04 0.13 0.013 0.024 0.032 0.009 0.035 0.101
178 L 0.044 0.019 0.014 0.016 0.016 0.014 0.018 0.02 0.009 0.236 0.241 0.023 0.039 0.046 0.014 0.024 0.036 0.006 0.02 0.144
179 Y 0.039 0.026 0.021 0.018 0.009 0.02 0.026 0.024 0.043 0.043 0.068 0.029 0.018 0.142 0.015 0.03 0.027 0.026 0.33 0.045
180 P 0.055 0.025 0.022 0.03 0.01 0.02 0.035 0.035 0.012 0.025 0.035 0.04 0.01 0.012 0.513 0.042 0.035 0.002 0.012 0.03
181 V 0.074 0.023 0.018 0.019 0.017 0.018 0.024 0.028 0.01 0.164 0.162 0.028 0.05 0.038 0.017 0.044 0.045 0.006 0.02 0.196
182 L 0.049 0.021 0.015 0.016 0.015 0.014 0.02 0.022 0.011 0.116 0.244 0.023 0.037 0.126 0.014 0.026 0.036 0.008 0.035 0.152
183 Y 0.037 0.024 0.019 0.017 0.009 0.017 0.024 0.024 0.035 0.048 0.081 0.026 0.02 0.221 0.013 0.028 0.026 0.023 0.258 0.048
184 L 0.052 0.02 0.015 0.016 0.017 0.015 0.02 0.021 0.009 0.189 0.229 0.024 0.038 0.043 0.015 0.026 0.039 0.006 0.02 0.186
185 S 0.083 0.036 0.042 0.044 0.014 0.031 0.074 0.053 0.018 0.028 0.042 0.048 0.015 0.028 0.023 0.177 0.061 0.118 0.028 0.037
186 A 0.266 0.029 0.027 0.029 0.074 0.024 0.038 0.069 0.014 0.04 0.056 0.041 0.017 0.021 0.027 0.096 0.05 0.005 0.016 0.062
187 V 0.132 0.024 0.02 0.021 0.017 0.018 0.027 0.039 0.015 0.112 0.098 0.031 0.024 0.083 0.019 0.047 0.05 0.009 0.062 0.151
188 A 0.119 0.105 0.03 0.029 0.015 0.028 0.038 0.046 0.016 0.054 0.096 0.055 0.021 0.029 0.021 0.092 0.047 0.062 0.023 0.077
189 Y 0.04 0.036 0.026 0.022 0.009 0.025 0.033 0.027 0.076 0.04 0.065 0.061 0.018 0.134 0.016 0.033 0.028 0.021 0.247 0.042
190 Y 0.038 0.025 0.02 0.018 0.009 0.019 0.025 0.024 0.039 0.046 0.076 0.027 0.019 0.189 0.014 0.029 0.026 0.025 0.287 0.047
191 L 0.066 0.087 0.072 0.04 0.013 0.034 0.047 0.046 0.019 0.045 0.12 0.109 0.022 0.025 0.023 0.112 0.051 0.005 0.018 0.047
192 N 0.048 0.038 0.191 0.098 0.01 0.04 0.049 0.051 0.026 0.033 0.063 0.046 0.016 0.069 0.019 0.076 0.044 0.007 0.042 0.035
193 P 0.066 0.05 0.035 0.038 0.011 0.055 0.053 0.043 0.017 0.026 0.039 0.107 0.013 0.015 0.243 0.092 0.046 0.004 0.015 0.033
194 G 0.057 0.033 0.082 0.045 0.011 0.03 0.08 0.119 0.025 0.042 0.1 0.043 0.019 0.048 0.019 0.066 0.039 0.01 0.087 0.044
195 F 0.034 0.019 0.017 0.017 0.011 0.011 0.019 0.025 0.017 0.063 0.113 0.019 0.025 0.391 0.011 0.025 0.025 0.017 0.088 0.055
196 N 0.064 0.046 0.164 0.099 0.012 0.033 0.054 0.056 0.023 0.027 0.038 0.078 0.013 0.018 0.024 0.117 0.079 0.005 0.015 0.035
197 K 0.055 0.103 0.04 0.04 0.008 0.051 0.068 0.042 0.02 0.027 0.042 0.306 0.015 0.015 0.027 0.051 0.038 0.005 0.017 0.032
198 I 0.047 0.018 0.015 0.018 0.016 0.013 0.018 0.021 0.009 0.273 0.167 0.024 0.037 0.044 0.015 0.025 0.04 0.006 0.021 0.176
199 E 0.055 0.05 0.04 0.09 0.007 0.064 0.298 0.035 0.026 0.022 0.037 0.075 0.013 0.017 0.026 0.055 0.037 0.005 0.017 0.031
200 E 0.055 0.05 0.04 0.09 0.007 0.064 0.298 0.035 0.026 0.022 0.037 0.075 0.013 0.017 0.026 0.055 0.037 0.005 0.017 0.031
201 G 0.078 0.023 0.039 0.034 0.011 0.019 0.026 0.511 0.013 0.019 0.028 0.034 0.009 0.016 0.019 0.051 0.03 0.005 0.011 0.024
202 E 0.055 0.05 0.04 0.09 0.007 0.064 0.298 0.035 0.026 0.022 0.037 0.075 0.013 0.017 0.026 0.055 0.037 0.005 0.017 0.031
203 R 0.044 0.347 0.039 0.031 0.008 0.048 0.052 0.033 0.023 0.023 0.046 0.12 0.015 0.017 0.019 0.044 0.035 0.006 0.017 0.031
204 A 0.183 0.033 0.034 0.033 0.02 0.026 0.04 0.061 0.014 0.048 0.062 0.045 0.019 0.023 0.029 0.088 0.15 0.006 0.018 0.07
205 R 0.044 0.348 0.039 0.031 0.008 0.048 0.052 0.033 0.023 0.023 0.046 0.12 0.015 0.017 0.019 0.044 0.035 0.006 0.017 0.031
206 L 0.044 0.024 0.014 0.015 0.016 0.016 0.02 0.021 0.01 0.115 0.379 0.025 0.049 0.054 0.014 0.024 0.033 0.007 0.022 0.096
207 G 0.067 0.024 0.031 0.032 0.01 0.02 0.031 0.274 0.013 0.022 0.032 0.037 0.01 0.014 0.257 0.047 0.033 0.004 0.012 0.028
208 Y 0.041 0.028 0.022 0.019 0.009 0.022 0.028 0.025 0.047 0.044 0.069 0.031 0.019 0.131 0.016 0.031 0.028 0.028 0.316 0.047
209 K 0.057 0.107 0.042 0.042 0.009 0.054 0.071 0.043 0.021 0.028 0.043 0.276 0.016 0.016 0.028 0.054 0.04 0.005 0.017 0.033
210 E 0.058 0.125 0.039 0.052 0.009 0.047 0.142 0.038 0.025 0.026 0.043 0.113 0.014 0.029 0.023 0.081 0.042 0.008 0.053 0.034
211 D 0.086 0.071 0.112 0.131 0.012 0.03 0.053 0.106 0.02 0.028 0.038 0.053 0.013 0.018 0.022 0.083 0.07 0.005 0.014 0.036
212 K 0.109 0.139 0.07 0.04 0.011 0.042 0.055 0.049 0.02 0.028 0.044 0.177 0.015 0.017 0.024 0.058 0.04 0.005 0.017 0.038
213 R 0.051 0.229 0.071 0.037 0.009 0.041 0.049 0.039 0.025 0.026 0.045 0.113 0.015 0.029 0.02 0.068 0.04 0.008 0.053 0.032
214 R 0.057 0.113 0.066 0.035 0.013 0.031 0.04 0.037 0.017 0.082 0.106 0.084 0.023 0.026 0.02 0.069 0.069 0.005 0.018 0.087
215 F 0.033 0.019 0.017 0.016 0.01 0.011 0.019 0.024 0.019 0.059 0.105 0.02 0.024 0.379 0.011 0.025 0.025 0.017 0.114 0.052
216 Y 0.068 0.025 0.021 0.019 0.011 0.019 0.027 0.031 0.052 0.068 0.075 0.029 0.02 0.114 0.014 0.033 0.029 0.127 0.16 0.057
217 F 0.048 0.025 0.025 0.023 0.012 0.017 0.026 0.031 0.019 0.056 0.096 0.028 0.034 0.251 0.016 0.06 0.069 0.014 0.092 0.056
218 H 0.044 0.039 0.071 0.036 0.01 0.052 0.046 0.035 0.179 0.052 0.095 0.043 0.021 0.072 0.017 0.04 0.033 0.008 0.042 0.066
219 F 0.042 0.02 0.018 0.018 0.013 0.013 0.019 0.079 0.013 0.099 0.203 0.022 0.032 0.206 0.013 0.027 0.029 0.011 0.048 0.076
220 L 0.071 0.021 0.016 0.017 0.014 0.014 0.021 0.028 0.012 0.139 0.199 0.024 0.033 0.166 0.014 0.03 0.033 0.009 0.042 0.098
221 L 0.046 0.024 0.019 0.019 0.015 0.018 0.022 0.025 0.013 0.132 0.198 0.027 0.069 0.125 0.015 0.034 0.06 0.009 0.035 0.097
222 C 0.162 0.028 0.031 0.03 0.18 0.023 0.035 0.057 0.013 0.038 0.053 0.038 0.016 0.02 0.024 0.124 0.054 0.005 0.015 0.054
223 L 0.048 0.022 0.014 0.016 0.016 0.016 0.02 0.021 0.009 0.16 0.289 0.025 0.05 0.047 0.014 0.026 0.036 0.006 0.021 0.144
224 L 0.074 0.022 0.016 0.018 0.015 0.016 0.022 0.028 0.012 0.135 0.206 0.026 0.052 0.125 0.015 0.032 0.035 0.008 0.035 0.109
225 Y 0.039 0.027 0.021 0.018 0.009 0.021 0.027 0.024 0.045 0.042 0.066 0.03 0.018 0.126 0.015 0.03 0.027 0.027 0.344 0.045
226 A 0.294 0.031 0.028 0.031 0.02 0.025 0.04 0.074 0.015 0.04 0.055 0.044 0.017 0.021 0.029 0.1 0.051 0.005 0.017 0.063
227 L 0.081 0.021 0.016 0.018 0.017 0.015 0.022 0.028 0.01 0.155 0.185 0.026 0.033 0.08 0.016 0.033 0.04 0.007 0.027 0.171
228 L 0.043 0.024 0.017 0.018 0.014 0.019 0.022 0.025 0.014 0.109 0.183 0.027 0.103 0.168 0.013 0.029 0.033 0.01 0.043 0.086
229 S 0.149 0.036 0.045 0.042 0.018 0.03 0.046 0.064 0.017 0.034 0.047 0.049 0.016 0.021 0.028 0.195 0.094 0.005 0.017 0.049
230 T 0.07 0.034 0.042 0.036 0.017 0.027 0.038 0.042 0.013 0.051 0.063 0.044 0.019 0.023 0.027 0.089 0.275 0.006 0.017 0.068
231 A 0.317 0.03 0.025 0.029 0.021 0.025 0.039 0.075 0.014 0.042 0.057 0.043 0.017 0.021 0.029 0.082 0.048 0.005 0.017 0.066
232 K 0.055 0.103 0.04 0.04 0.008 0.051 0.068 0.042 0.02 0.027 0.042 0.306 0.015 0.015 0.027 0.051 0.038 0.005 0.017 0.032
233 I 0.05 0.019 0.014 0.017 0.016 0.014 0.019 0.021 0.009 0.226 0.206 0.024 0.037 0.043 0.014 0.026 0.039 0.006 0.02 0.181
234 K 0.055 0.103 0.04 0.04 0.008 0.051 0.068 0.042 0.02 0.027 0.042 0.306 0.015 0.015 0.027 0.051 0.038 0.005 0.017 0.032
235 L 0.049 0.022 0.014 0.016 0.016 0.015 0.02 0.021 0.009 0.153 0.299 0.024 0.042 0.047 0.014 0.025 0.037 0.006 0.021 0.151
236 L 0.042 0.023 0.014 0.015 0.015 0.015 0.019 0.021 0.01 0.105 0.367 0.024 0.045 0.092 0.013 0.023 0.031 0.008 0.029 0.088
237 L 0.044 0.023 0.014 0.015 0.016 0.017 0.02 0.021 0.01 0.13 0.35 0.025 0.062 0.051 0.014 0.025 0.034 0.007 0.021 0.101
238 L 0.055 0.022 0.015 0.017 0.017 0.017 0.021 0.023 0.009 0.151 0.228 0.026 0.055 0.043 0.015 0.028 0.04 0.006 0.021 0.192
239 V 0.052 0.019 0.015 0.017 0.016 0.014 0.02 0.023 0.01 0.184 0.134 0.023 0.031 0.121 0.014 0.028 0.039 0.008 0.034 0.2
240 I 0.051 0.02 0.015 0.017 0.016 0.014 0.019 0.021 0.009 0.218 0.204 0.024 0.037 0.042 0.015 0.026 0.039 0.006 0.02 0.188
241 P 0.058 0.027 0.027 0.031 0.012 0.021 0.035 0.036 0.013 0.031 0.041 0.041 0.012 0.015 0.405 0.053 0.088 0.003 0.013 0.038
242 V 0.056 0.021 0.015 0.017 0.016 0.015 0.022 0.025 0.009 0.145 0.113 0.024 0.027 0.041 0.014 0.029 0.041 0.118 0.03 0.223
243 F 0.04 0.019 0.015 0.016 0.013 0.012 0.019 0.023 0.013 0.13 0.155 0.021 0.03 0.247 0.012 0.025 0.031 0.012 0.056 0.11
244 F 0.037 0.018 0.016 0.016 0.066 0.011 0.018 0.025 0.014 0.085 0.11 0.019 0.025 0.326 0.011 0.026 0.027 0.014 0.07 0.066
245 I 0.045 0.018 0.014 0.017 0.016 0.013 0.017 0.02 0.009 0.278 0.188 0.023 0.037 0.044 0.014 0.024 0.038 0.006 0.02 0.161
246 R 0.043 0.37 0.037 0.03 0.007 0.047 0.05 0.032 0.022 0.022 0.045 0.116 0.015 0.017 0.019 0.043 0.034 0.006 0.017 0.03
247 S 0.116 0.035 0.043 0.04 0.017 0.028 0.044 0.057 0.016 0.043 0.086 0.047 0.02 0.024 0.027 0.179 0.103 0.005 0.017 0.054
248 Y 0.038 0.026 0.02 0.018 0.009 0.02 0.026 0.024 0.042 0.044 0.071 0.029 0.019 0.157 0.014 0.029 0.027 0.026 0.315 0.046
249 F 0.036 0.023 0.019 0.017 0.01 0.016 0.023 0.024 0.031 0.051 0.088 0.024 0.021 0.268 0.013 0.027 0.026 0.022 0.215 0.049
250 K 0.054 0.147 0.037 0.036 0.009 0.056 0.059 0.038 0.02 0.056 0.056 0.206 0.017 0.019 0.023 0.058 0.039 0.005 0.017 0.047
251 P 0.069 0.06 0.03 0.034 0.01 0.034 0.05 0.04 0.016 0.027 0.039 0.158 0.013 0.014 0.27 0.049 0.037 0.004 0.015 0.033
252 T 0.072 0.034 0.074 0.041 0.016 0.027 0.039 0.047 0.016 0.07 0.065 0.044 0.019 0.024 0.025 0.115 0.18 0.005 0.017 0.069
253 S 0.106 0.039 0.052 0.047 0.017 0.032 0.05 0.064 0.018 0.029 0.04 0.052 0.015 0.02 0.029 0.25 0.079 0.005 0.017 0.04
254 T 0.094 0.031 0.034 0.031 0.017 0.024 0.034 0.041 0.012 0.069 0.106 0.039 0.023 0.027 0.024 0.075 0.198 0.006 0.018 0.096
255 K 0.052 0.162 0.039 0.038 0.008 0.05 0.064 0.039 0.02 0.026 0.042 0.264 0.015 0.015 0.025 0.05 0.037 0.005 0.017 0.031
256 L 0.045 0.026 0.019 0.018 0.014 0.019 0.024 0.023 0.055 0.099 0.292 0.027 0.039 0.056 0.015 0.027 0.033 0.009 0.061 0.102
257 L 0.05 0.02 0.014 0.016 0.016 0.014 0.019 0.021 0.009 0.21 0.218 0.024 0.038 0.043 0.014 0.026 0.039 0.006 0.02 0.181
258 L 0.05 0.021 0.016 0.017 0.016 0.015 0.02 0.022 0.009 0.199 0.229 0.025 0.038 0.043 0.015 0.029 0.051 0.006 0.02 0.16
259 I 0.079 0.02 0.016 0.018 0.016 0.015 0.021 0.028 0.01 0.181 0.144 0.025 0.031 0.1 0.016 0.033 0.039 0.007 0.03 0.17
260 V 0.082 0.026 0.027 0.026 0.017 0.02 0.03 0.036 0.012 0.137 0.134 0.034 0.028 0.033 0.02 0.087 0.076 0.006 0.019 0.151
261 G 0.084 0.023 0.029 0.027 0.068 0.018 0.026 0.228 0.012 0.059 0.065 0.031 0.017 0.065 0.018 0.066 0.04 0.006 0.022 0.095
262 L 0.066 0.029 0.031 0.028 0.015 0.022 0.03 0.118 0.013 0.067 0.179 0.036 0.046 0.034 0.02 0.081 0.094 0.006 0.018 0.066
263 L 0.057 0.023 0.023 0.022 0.069 0.018 0.023 0.138 0.011 0.116 0.166 0.029 0.046 0.034 0.017 0.04 0.061 0.006 0.017 0.087
264 F 0.07 0.019 0.017 0.018 0.013 0.013 0.02 0.029 0.013 0.13 0.119 0.023 0.027 0.244 0.014 0.031 0.032 0.011 0.056 0.1
265 L 0.046 0.026 0.016 0.017 0.016 0.02 0.022 0.023 0.012 0.126 0.291 0.028 0.103 0.049 0.014 0.028 0.035 0.007 0.022 0.1
266 A 0.162 0.026 0.028 0.028 0.016 0.021 0.032 0.106 0.015 0.07 0.074 0.035 0.019 0.109 0.022 0.087 0.045 0.008 0.032 0.066
267 A 0.142 0.025 0.022 0.023 0.016 0.019 0.028 0.098 0.013 0.075 0.095 0.031 0.04 0.113 0.019 0.049 0.039 0.008 0.033 0.112
268 F 0.039 0.023 0.017 0.017 0.012 0.016 0.021 0.025 0.016 0.076 0.152 0.024 0.082 0.269 0.012 0.028 0.03 0.013 0.061 0.067
269 F 0.035 0.022 0.018 0.017 0.01 0.015 0.022 0.024 0.029 0.052 0.09 0.023 0.022 0.284 0.012 0.027 0.026 0.021 0.2 0.049
270 L 0.079 0.023 0.02 0.02 0.069 0.016 0.023 0.086 0.011 0.077 0.232 0.027 0.032 0.079 0.016 0.038 0.046 0.007 0.025 0.072
271 S 0.106 0.039 0.052 0.047 0.017 0.032 0.05 0.064 0.018 0.029 0.04 0.052 0.015 0.02 0.029 0.25 0.079 0.005 0.017 0.04
272 L 0.044 0.025 0.015 0.016 0.016 0.018 0.021 0.022 0.011 0.108 0.353 0.027 0.08 0.051 0.014 0.026 0.034 0.007 0.022 0.092
273 L 0.04 0.022 0.015 0.016 0.014 0.015 0.02 0.022 0.015 0.113 0.272 0.023 0.038 0.139 0.013 0.024 0.031 0.011 0.071 0.087
274 L 0.136 0.026 0.021 0.022 0.017 0.019 0.028 0.042 0.012 0.076 0.216 0.032 0.032 0.078 0.02 0.05 0.064 0.007 0.027 0.077
275 L 0.043 0.023 0.014 0.015 0.016 0.016 0.019 0.02 0.01 0.111 0.4 0.024 0.048 0.053 0.014 0.023 0.032 0.007 0.021 0.092
276 N 0.041 0.042 0.312 0.118 0.008 0.032 0.052 0.061 0.029 0.022 0.03 0.051 0.011 0.017 0.02 0.065 0.046 0.004 0.015 0.026
277 K 0.055 0.103 0.04 0.04 0.008 0.051 0.068 0.042 0.02 0.027 0.042 0.306 0.015 0.015 0.027 0.051 0.038 0.005 0.017 0.032
278 L 0.047 0.02 0.014 0.016 0.016 0.014 0.019 0.021 0.009 0.2 0.263 0.024 0.04 0.046 0.014 0.025 0.037 0.006 0.021 0.15
279 S 0.1 0.074 0.096 0.089 0.014 0.032 0.051 0.057 0.02 0.03 0.042 0.056 0.014 0.019 0.025 0.138 0.082 0.005 0.016 0.041
280 G 0.068 0.031 0.044 0.111 0.01 0.031 0.104 0.287 0.017 0.021 0.03 0.045 0.01 0.016 0.021 0.073 0.037 0.005 0.012 0.027
281 G 0.072 0.033 0.115 0.113 0.012 0.028 0.049 0.19 0.019 0.023 0.032 0.045 0.011 0.017 0.022 0.12 0.05 0.005 0.014 0.03
282 Y 0.041 0.028 0.022 0.019 0.009 0.022 0.028 0.025 0.047 0.044 0.069 0.031 0.019 0.131 0.016 0.031 0.028 0.028 0.316 0.047
283 D 0.053 0.031 0.112 0.173 0.01 0.027 0.063 0.1 0.019 0.073 0.054 0.042 0.015 0.021 0.02 0.071 0.042 0.005 0.014 0.053
284 G 0.081 0.031 0.077 0.043 0.013 0.025 0.037 0.268 0.017 0.026 0.036 0.042 0.012 0.018 0.023 0.123 0.075 0.005 0.014 0.034
285 F 0.077 0.021 0.017 0.019 0.014 0.015 0.023 0.03 0.012 0.129 0.111 0.026 0.026 0.158 0.07 0.034 0.036 0.009 0.041 0.132
286 I 0.052 0.024 0.025 0.024 0.015 0.018 0.025 0.029 0.012 0.148 0.127 0.03 0.028 0.104 0.018 0.049 0.128 0.008 0.031 0.104
287 D 0.046 0.047 0.116 0.191 0.008 0.043 0.155 0.045 0.023 0.022 0.032 0.084 0.011 0.016 0.023 0.055 0.038 0.004 0.014 0.027
288 A 0.125 0.029 0.029 0.028 0.017 0.023 0.033 0.046 0.013 0.106 0.113 0.038 0.043 0.031 0.022 0.096 0.077 0.006 0.019 0.108
289 L 0.074 0.021 0.015 0.017 0.016 0.015 0.021 0.026 0.01 0.187 0.256 0.026 0.039 0.045 0.016 0.03 0.037 0.006 0.02 0.124
290 L 0.047 0.031 0.02 0.021 0.014 0.019 0.026 0.025 0.012 0.152 0.211 0.057 0.034 0.081 0.016 0.034 0.061 0.007 0.027 0.104
291 S 0.103 0.035 0.042 0.037 0.015 0.029 0.042 0.05 0.059 0.038 0.052 0.045 0.017 0.034 0.025 0.13 0.129 0.008 0.058 0.051
292 G 0.097 0.035 0.142 0.051 0.013 0.028 0.041 0.166 0.02 0.028 0.038 0.046 0.013 0.019 0.023 0.108 0.076 0.005 0.015 0.038
293 I 0.047 0.019 0.014 0.016 0.016 0.014 0.018 0.02 0.009 0.231 0.224 0.023 0.038 0.044 0.014 0.025 0.038 0.006 0.02 0.163
294 G 0.07 0.024 0.034 0.029 0.012 0.02 0.025 0.417 0.014 0.036 0.063 0.033 0.05 0.022 0.018 0.046 0.031 0.006 0.013 0.038
295 N 0.048 0.043 0.311 0.076 0.01 0.032 0.048 0.063 0.029 0.022 0.031 0.052 0.011 0.018 0.02 0.087 0.051 0.004 0.015 0.028
296 Y 0.039 0.027 0.021 0.018 0.009 0.021 0.027 0.024 0.045 0.042 0.066 0.03 0.018 0.126 0.015 0.03 0.027 0.027 0.344 0.045
297 T 0.082 0.036 0.045 0.04 0.017 0.028 0.042 0.049 0.015 0.044 0.055 0.046 0.018 0.022 0.027 0.143 0.21 0.005 0.017 0.059
298 F 0.04 0.019 0.015 0.016 0.013 0.012 0.019 0.023 0.013 0.13 0.155 0.021 0.03 0.247 0.012 0.025 0.031 0.012 0.056 0.11
299 A 0.212 0.026 0.023 0.026 0.018 0.021 0.033 0.057 0.014 0.074 0.079 0.036 0.02 0.11 0.023 0.072 0.043 0.008 0.032 0.073
300 N 0.041 0.043 0.343 0.08 0.009 0.032 0.047 0.063 0.03 0.022 0.03 0.052 0.011 0.017 0.019 0.067 0.047 0.004 0.015 0.026
301 L 0.047 0.02 0.014 0.016 0.016 0.014 0.019 0.021 0.009 0.2 0.263 0.024 0.04 0.046 0.014 0.025 0.037 0.006 0.021 0.15
302 F 0.035 0.021 0.018 0.017 0.01 0.014 0.021 0.024 0.026 0.055 0.095 0.022 0.022 0.316 0.012 0.026 0.025 0.02 0.172 0.05
303 A 0.27 0.032 0.031 0.033 0.02 0.026 0.041 0.073 0.015 0.039 0.053 0.045 0.016 0.021 0.029 0.119 0.055 0.005 0.017 0.06
304 F 0.036 0.02 0.015 0.016 0.012 0.012 0.019 0.023 0.014 0.088 0.193 0.02 0.031 0.291 0.011 0.024 0.027 0.013 0.064 0.07
305 D 0.039 0.029 0.066 0.421 0.007 0.029 0.088 0.045 0.018 0.022 0.027 0.043 0.009 0.014 0.022 0.05 0.034 0.004 0.011 0.023
306 S 0.093 0.046 0.051 0.045 0.015 0.035 0.052 0.058 0.059 0.028 0.04 0.079 0.015 0.021 0.027 0.205 0.068 0.005 0.021 0.037
307 L 0.046 0.022 0.014 0.015 0.016 0.015 0.019 0.021 0.009 0.137 0.343 0.024 0.044 0.049 0.014 0.024 0.035 0.007 0.021 0.124
308 N 0.043 0.039 0.158 0.114 0.01 0.052 0.054 0.045 0.062 0.063 0.088 0.047 0.019 0.025 0.019 0.05 0.039 0.005 0.021 0.049
309 F 0.043 0.027 0.023 0.023 0.011 0.039 0.031 0.03 0.019 0.052 0.092 0.03 0.023 0.307 0.014 0.053 0.032 0.014 0.085 0.049
310 G 0.059 0.061 0.101 0.046 0.01 0.036 0.049 0.154 0.019 0.028 0.04 0.15 0.013 0.017 0.023 0.06 0.077 0.005 0.015 0.035
311 T 0.068 0.04 0.037 0.039 0.013 0.03 0.062 0.042 0.016 0.042 0.056 0.073 0.017 0.063 0.106 0.101 0.111 0.006 0.024 0.055
312 L 0.072 0.021 0.016 0.018 0.014 0.015 0.021 0.028 0.015 0.158 0.167 0.025 0.031 0.133 0.015 0.031 0.034 0.011 0.07 0.106
313 P 0.055 0.029 0.033 0.072 0.012 0.023 0.04 0.035 0.074 0.069 0.113 0.037 0.021 0.027 0.156 0.061 0.039 0.005 0.023 0.077
314 D 0.062 0.042 0.074 0.104 0.012 0.06 0.057 0.044 0.019 0.074 0.069 0.067 0.028 0.023 0.022 0.091 0.049 0.005 0.017 0.08
315 G 0.061 0.029 0.065 0.033 0.014 0.023 0.031 0.12 0.019 0.092 0.101 0.036 0.04 0.04 0.019 0.076 0.068 0.008 0.053 0.072
316 D 0.075 0.045 0.038 0.123 0.01 0.067 0.09 0.04 0.022 0.043 0.05 0.078 0.016 0.034 0.021 0.048 0.035 0.064 0.058 0.043
317 C 0.062 0.016 0.016 0.016 0.504 0.012 0.016 0.031 0.008 0.043 0.062 0.02 0.016 0.02 0.016 0.039 0.035 0.004 0.012 0.055
318 I 0.051 0.029 0.117 0.084 0.013 0.023 0.039 0.041 0.019 0.133 0.086 0.038 0.021 0.033 0.019 0.068 0.057 0.006 0.035 0.087
319 G 0.055 0.03 0.116 0.173 0.01 0.026 0.052 0.21 0.019 0.024 0.032 0.042 0.01 0.016 0.021 0.058 0.062 0.005 0.012 0.029
320 S 0.075 0.04 0.09 0.133 0.012 0.038 0.11 0.055 0.022 0.025 0.036 0.055 0.013 0.018 0.026 0.139 0.058 0.005 0.016 0.034
321 G 0.09 0.035 0.044 0.127 0.012 0.053 0.085 0.154 0.018 0.031 0.052 0.049 0.014 0.018 0.023 0.072 0.065 0.005 0.014 0.039
