#Seq2Logo.py -f /work3/idamei/wzy_ssn/run/1e-50/run/150/MSAs/0015_91.afa -o /work3/idamei/wzy_ssn/run/1e-50/run/150/logos/0015_91.logo
#Position Specific Frequency Matrix
A R N D C Q E G H I L K M F P S T W Y V
0 L 0.052 0.032 0.02 0.02 0.016 0.028 0.028 0.028 0.016 0.1 0.197 0.036 0.16 0.048 0.016 0.036 0.04 0.008 0.024 0.092
1 N 0.043 0.045 0.316 0.083 0.009 0.034 0.049 0.065 0.032 0.023 0.032 0.054 0.011 0.018 0.02 0.07 0.049 0.005 0.016 0.027
2 I 0.047 0.018 0.015 0.018 0.016 0.013 0.018 0.021 0.009 0.27 0.168 0.024 0.037 0.044 0.015 0.025 0.04 0.006 0.021 0.177
3 L 0.043 0.024 0.015 0.015 0.016 0.016 0.02 0.022 0.011 0.11 0.346 0.025 0.047 0.092 0.014 0.024 0.033 0.008 0.03 0.092
4 L 0.043 0.024 0.015 0.015 0.016 0.016 0.02 0.022 0.011 0.11 0.346 0.025 0.047 0.092 0.014 0.024 0.033 0.008 0.03 0.092
5 A 0.29 0.031 0.026 0.03 0.022 0.026 0.041 0.078 0.015 0.043 0.059 0.045 0.018 0.022 0.03 0.085 0.05 0.005 0.018 0.069
6 A 0.29 0.031 0.026 0.03 0.022 0.026 0.041 0.078 0.015 0.043 0.059 0.045 0.018 0.022 0.03 0.085 0.05 0.005 0.018 0.069
7 I 0.047 0.018 0.015 0.018 0.016 0.013 0.018 0.021 0.009 0.27 0.168 0.024 0.037 0.044 0.015 0.025 0.04 0.006 0.021 0.177
8 L 0.045 0.024 0.014 0.015 0.016 0.016 0.02 0.021 0.01 0.115 0.375 0.025 0.05 0.055 0.014 0.024 0.033 0.007 0.022 0.096
9 G 0.077 0.022 0.037 0.032 0.063 0.018 0.025 0.457 0.013 0.022 0.032 0.032 0.01 0.017 0.019 0.05 0.03 0.005 0.011 0.028
10 V 0.068 0.021 0.016 0.018 0.019 0.016 0.023 0.024 0.008 0.176 0.135 0.026 0.032 0.037 0.016 0.032 0.048 0.006 0.021 0.258
11 N 0.043 0.045 0.316 0.083 0.009 0.034 0.049 0.065 0.032 0.023 0.032 0.054 0.011 0.018 0.02 0.07 0.049 0.005 0.016 0.027
12 L 0.045 0.024 0.014 0.015 0.016 0.016 0.02 0.021 0.01 0.115 0.375 0.025 0.05 0.055 0.014 0.024 0.033 0.007 0.022 0.096
13 F 0.034 0.019 0.017 0.017 0.011 0.011 0.019 0.025 0.017 0.063 0.114 0.019 0.025 0.386 0.011 0.025 0.025 0.017 0.089 0.055
14 S 0.11 0.04 0.054 0.049 0.018 0.033 0.052 0.066 0.019 0.03 0.042 0.054 0.016 0.021 0.03 0.219 0.082 0.005 0.018 0.042
15 P 0.057 0.026 0.023 0.031 0.01 0.021 0.036 0.036 0.013 0.026 0.036 0.041 0.01 0.013 0.493 0.044 0.036 0.003 0.013 0.031
16 Y 0.041 0.028 0.022 0.019 0.009 0.022 0.028 0.025 0.047 0.044 0.069 0.031 0.019 0.131 0.016 0.031 0.028 0.028 0.317 0.047
17 I 0.047 0.018 0.015 0.018 0.016 0.013 0.018 0.021 0.009 0.27 0.168 0.024 0.037 0.044 0.015 0.025 0.04 0.006 0.021 0.177
18 S 0.11 0.04 0.054 0.049 0.018 0.033 0.052 0.066 0.019 0.03 0.042 0.054 0.016 0.021 0.03 0.219 0.082 0.005 0.018 0.042
19 S 0.11 0.04 0.054 0.049 0.018 0.033 0.052 0.066 0.019 0.03 0.042 0.054 0.016 0.021 0.03 0.219 0.082 0.005 0.018 0.042
20 W 0.03 0.023 0.015 0.015 0.008 0.015 0.023 0.03 0.015 0.03 0.053 0.023 0.015 0.061 0.008 0.023 0.023 0.492 0.068 0.03
21 L 0.052 0.032 0.02 0.02 0.016 0.028 0.028 0.028 0.016 0.1 0.196 0.036 0.164 0.048 0.016 0.036 0.04 0.008 0.024 0.092
22 V 0.07 0.022 0.016 0.018 0.019 0.016 0.023 0.025 0.008 0.164 0.13 0.026 0.031 0.036 0.016 0.033 0.049 0.005 0.021 0.272
23 G 0.078 0.023 0.039 0.034 0.011 0.019 0.025 0.512 0.013 0.019 0.028 0.034 0.009 0.016 0.019 0.051 0.03 0.005 0.011 0.024
24 L 0.052 0.031 0.019 0.02 0.016 0.027 0.027 0.027 0.015 0.105 0.19 0.035 0.169 0.047 0.016 0.035 0.04 0.008 0.023 0.098
25 L 0.045 0.026 0.015 0.016 0.016 0.018 0.022 0.022 0.011 0.11 0.344 0.027 0.077 0.052 0.014 0.026 0.034 0.007 0.022 0.094
26 P 0.056 0.025 0.023 0.03 0.01 0.02 0.036 0.036 0.013 0.025 0.036 0.041 0.01 0.013 0.503 0.043 0.036 0.003 0.013 0.03
27 F 0.033 0.019 0.017 0.017 0.01 0.01 0.019 0.025 0.017 0.062 0.112 0.019 0.025 0.398 0.01 0.025 0.025 0.017 0.087 0.054
28 P 0.056 0.025 0.023 0.03 0.01 0.02 0.036 0.036 0.013 0.025 0.036 0.041 0.01 0.013 0.503 0.043 0.036 0.003 0.013 0.03
29 P 0.056 0.025 0.023 0.03 0.01 0.02 0.036 0.036 0.013 0.025 0.036 0.041 0.01 0.013 0.503 0.043 0.036 0.003 0.013 0.03
30 G 0.077 0.022 0.038 0.033 0.011 0.019 0.025 0.519 0.013 0.019 0.028 0.033 0.009 0.016 0.019 0.05 0.029 0.005 0.011 0.024
31 A 0.303 0.03 0.025 0.029 0.021 0.025 0.04 0.077 0.015 0.042 0.058 0.044 0.017 0.021 0.029 0.083 0.049 0.005 0.017 0.068
32 I 0.047 0.02 0.015 0.018 0.016 0.016 0.019 0.022 0.01 0.251 0.17 0.025 0.061 0.044 0.015 0.026 0.039 0.006 0.021 0.159
33 L 0.044 0.024 0.014 0.015 0.016 0.016 0.02 0.021 0.01 0.113 0.387 0.025 0.049 0.054 0.014 0.024 0.033 0.007 0.022 0.094
34 R 0.044 0.357 0.038 0.03 0.008 0.048 0.051 0.032 0.023 0.023 0.046 0.118 0.015 0.017 0.019 0.044 0.034 0.006 0.017 0.03
35 D 0.04 0.029 0.068 0.408 0.007 0.029 0.09 0.046 0.018 0.022 0.027 0.044 0.009 0.015 0.022 0.051 0.035 0.004 0.011 0.024
36 V 0.074 0.021 0.016 0.018 0.019 0.016 0.023 0.026 0.008 0.175 0.131 0.026 0.031 0.036 0.016 0.033 0.047 0.005 0.02 0.259
37 L 0.044 0.023 0.014 0.015 0.016 0.015 0.019 0.021 0.01 0.138 0.355 0.025 0.047 0.052 0.014 0.024 0.034 0.007 0.022 0.106
38 N 0.051 0.043 0.29 0.077 0.01 0.033 0.049 0.064 0.029 0.023 0.032 0.053 0.012 0.018 0.021 0.092 0.053 0.005 0.016 0.029
39 V 0.089 0.022 0.017 0.019 0.018 0.016 0.024 0.03 0.01 0.135 0.118 0.027 0.029 0.085 0.017 0.037 0.045 0.007 0.029 0.227
40 F 0.039 0.019 0.016 0.017 0.012 0.012 0.019 0.025 0.015 0.08 0.134 0.02 0.027 0.322 0.011 0.026 0.029 0.014 0.073 0.09
41 F 0.035 0.019 0.016 0.016 0.011 0.011 0.019 0.024 0.016 0.07 0.151 0.02 0.028 0.349 0.011 0.025 0.026 0.015 0.078 0.06
42 V 0.065 0.021 0.016 0.017 0.018 0.016 0.022 0.024 0.008 0.184 0.134 0.025 0.032 0.037 0.016 0.031 0.047 0.005 0.02 0.263
43 A 0.268 0.03 0.024 0.027 0.021 0.024 0.037 0.069 0.014 0.055 0.08 0.041 0.025 0.024 0.027 0.076 0.048 0.005 0.018 0.085
44 L 0.046 0.023 0.015 0.016 0.016 0.016 0.021 0.022 0.01 0.135 0.343 0.026 0.046 0.051 0.015 0.031 0.035 0.007 0.021 0.104
45 V 0.066 0.021 0.016 0.017 0.018 0.016 0.022 0.024 0.008 0.179 0.133 0.025 0.032 0.036 0.016 0.031 0.047 0.005 0.02 0.267
46 L 0.044 0.024 0.014 0.015 0.016 0.016 0.02 0.021 0.01 0.113 0.387 0.025 0.049 0.054 0.014 0.024 0.033 0.007 0.022 0.094
47 V 0.072 0.024 0.022 0.022 0.018 0.019 0.027 0.03 0.01 0.135 0.127 0.03 0.034 0.047 0.018 0.061 0.051 0.006 0.022 0.226
48 R 0.044 0.357 0.038 0.03 0.008 0.048 0.051 0.032 0.023 0.023 0.046 0.118 0.015 0.017 0.019 0.044 0.034 0.006 0.017 0.03
49 F 0.038 0.019 0.017 0.017 0.012 0.011 0.019 0.025 0.015 0.076 0.114 0.02 0.026 0.346 0.011 0.026 0.028 0.015 0.078 0.087
50 V 0.062 0.021 0.016 0.017 0.017 0.015 0.022 0.024 0.01 0.144 0.125 0.024 0.03 0.1 0.015 0.031 0.044 0.007 0.032 0.242
51 I 0.048 0.02 0.016 0.018 0.016 0.014 0.019 0.022 0.009 0.243 0.189 0.025 0.037 0.043 0.015 0.029 0.054 0.006 0.02 0.155
52 D 0.045 0.03 0.058 0.33 0.009 0.03 0.096 0.042 0.017 0.042 0.042 0.044 0.013 0.018 0.021 0.049 0.037 0.004 0.013 0.061
53 R 0.044 0.357 0.038 0.03 0.008 0.048 0.051 0.032 0.023 0.023 0.046 0.118 0.015 0.017 0.019 0.044 0.034 0.006 0.017 0.03
54 K 0.056 0.097 0.041 0.048 0.008 0.054 0.104 0.041 0.021 0.026 0.042 0.26 0.015 0.015 0.027 0.053 0.039 0.005 0.017 0.032
55 K 0.056 0.105 0.041 0.041 0.008 0.053 0.069 0.042 0.02 0.027 0.042 0.291 0.015 0.015 0.027 0.053 0.039 0.005 0.017 0.032
56 T 0.068 0.033 0.038 0.033 0.017 0.025 0.036 0.04 0.013 0.068 0.113 0.041 0.024 0.028 0.025 0.084 0.214 0.006 0.018 0.076
57 Y 0.041 0.029 0.03 0.076 0.009 0.024 0.038 0.029 0.064 0.038 0.058 0.034 0.017 0.101 0.034 0.035 0.029 0.022 0.254 0.04
58 F 0.037 0.021 0.017 0.017 0.012 0.013 0.02 0.025 0.016 0.073 0.134 0.022 0.048 0.323 0.012 0.027 0.028 0.015 0.073 0.069
59 P 0.058 0.026 0.025 0.03 0.011 0.02 0.035 0.037 0.014 0.031 0.047 0.039 0.013 0.069 0.382 0.061 0.039 0.005 0.024 0.035
60 L 0.045 0.035 0.018 0.019 0.015 0.021 0.027 0.024 0.011 0.101 0.338 0.063 0.044 0.048 0.016 0.028 0.034 0.007 0.021 0.086
61 V 0.065 0.021 0.016 0.017 0.018 0.016 0.022 0.024 0.008 0.184 0.134 0.025 0.032 0.037 0.016 0.031 0.047 0.005 0.02 0.263
62 F 0.034 0.019 0.017 0.017 0.011 0.011 0.019 0.025 0.016 0.066 0.113 0.019 0.025 0.385 0.011 0.025 0.026 0.016 0.085 0.062
63 T 0.076 0.033 0.038 0.033 0.017 0.025 0.036 0.041 0.013 0.061 0.11 0.042 0.023 0.028 0.025 0.081 0.22 0.006 0.018 0.073
64 I 0.047 0.018 0.014 0.017 0.016 0.014 0.018 0.02 0.009 0.256 0.195 0.023 0.038 0.045 0.014 0.025 0.039 0.006 0.02 0.166
65 F 0.033 0.019 0.017 0.017 0.01 0.01 0.019 0.025 0.017 0.062 0.112 0.019 0.025 0.398 0.01 0.025 0.025 0.017 0.087 0.054
66 S 0.108 0.038 0.049 0.045 0.017 0.031 0.048 0.061 0.018 0.038 0.048 0.051 0.017 0.021 0.028 0.201 0.104 0.005 0.017 0.055
67 W 0.03 0.022 0.015 0.015 0.007 0.015 0.022 0.03 0.015 0.03 0.052 0.022 0.015 0.059 0.007 0.022 0.022 0.502 0.067 0.03
68 S 0.094 0.035 0.044 0.041 0.017 0.028 0.044 0.072 0.017 0.055 0.098 0.046 0.021 0.026 0.026 0.183 0.069 0.005 0.018 0.061
69 A 0.275 0.032 0.029 0.032 0.021 0.026 0.041 0.075 0.015 0.041 0.056 0.045 0.017 0.021 0.029 0.105 0.053 0.005 0.017 0.064
70 V 0.062 0.022 0.016 0.017 0.018 0.016 0.022 0.023 0.009 0.149 0.193 0.025 0.035 0.04 0.016 0.03 0.045 0.006 0.021 0.235
71 I 0.085 0.02 0.016 0.019 0.017 0.015 0.021 0.029 0.009 0.241 0.147 0.026 0.033 0.04 0.017 0.034 0.041 0.006 0.02 0.166
72 L 0.085 0.026 0.018 0.019 0.017 0.018 0.025 0.032 0.011 0.097 0.315 0.03 0.042 0.047 0.017 0.047 0.039 0.007 0.021 0.087
73 W 0.032 0.023 0.015 0.015 0.009 0.015 0.022 0.028 0.014 0.042 0.1 0.023 0.02 0.059 0.008 0.023 0.024 0.431 0.061 0.039
74 V 0.069 0.021 0.016 0.017 0.019 0.016 0.023 0.024 0.008 0.162 0.128 0.026 0.031 0.035 0.016 0.032 0.048 0.005 0.02 0.282
75 I 0.055 0.019 0.015 0.017 0.016 0.014 0.019 0.022 0.009 0.245 0.201 0.024 0.038 0.044 0.015 0.027 0.038 0.006 0.02 0.156
76 A 0.261 0.029 0.024 0.027 0.021 0.024 0.037 0.067 0.013 0.064 0.071 0.04 0.02 0.024 0.027 0.074 0.049 0.005 0.018 0.106
77 L 0.044 0.024 0.014 0.015 0.016 0.016 0.02 0.021 0.01 0.113 0.387 0.025 0.049 0.054 0.014 0.024 0.033 0.007 0.022 0.094
78 T 0.066 0.031 0.037 0.033 0.017 0.024 0.034 0.038 0.012 0.102 0.086 0.04 0.023 0.028 0.024 0.077 0.213 0.006 0.018 0.092
79 I 0.049 0.018 0.015 0.017 0.016 0.014 0.018 0.021 0.009 0.267 0.16 0.024 0.035 0.042 0.015 0.026 0.04 0.006 0.02 0.189
80 F 0.034 0.02 0.017 0.017 0.01 0.012 0.02 0.025 0.021 0.059 0.106 0.02 0.024 0.36 0.011 0.026 0.025 0.018 0.122 0.053
81 S 0.108 0.039 0.053 0.048 0.017 0.033 0.051 0.065 0.019 0.029 0.041 0.053 0.015 0.021 0.029 0.234 0.08 0.005 0.017 0.041
82 P 0.059 0.026 0.025 0.032 0.011 0.021 0.037 0.038 0.013 0.026 0.036 0.041 0.01 0.013 0.469 0.057 0.039 0.003 0.013 0.031
83 D 0.04 0.029 0.068 0.408 0.007 0.029 0.09 0.046 0.018 0.022 0.027 0.044 0.009 0.015 0.022 0.051 0.035 0.004 0.011 0.024
84 K 0.056 0.105 0.041 0.041 0.008 0.053 0.069 0.042 0.02 0.027 0.042 0.291 0.015 0.015 0.027 0.053 0.039 0.005 0.017 0.032
85 I 0.048 0.018 0.015 0.017 0.016 0.014 0.018 0.021 0.009 0.269 0.163 0.024 0.041 0.043 0.015 0.025 0.04 0.006 0.02 0.178
86 Q 0.055 0.072 0.043 0.046 0.009 0.229 0.101 0.04 0.029 0.026 0.046 0.09 0.02 0.014 0.023 0.055 0.04 0.006 0.02 0.035
87 A 0.303 0.03 0.025 0.029 0.021 0.025 0.04 0.077 0.015 0.042 0.058 0.044 0.017 0.021 0.029 0.083 0.049 0.005 0.017 0.068
88 I 0.047 0.018 0.014 0.017 0.016 0.013 0.018 0.02 0.009 0.28 0.163 0.023 0.036 0.043 0.014 0.025 0.039 0.006 0.02 0.177
89 L 0.051 0.032 0.02 0.02 0.016 0.028 0.028 0.028 0.016 0.099 0.193 0.035 0.176 0.047 0.016 0.035 0.039 0.008 0.024 0.091
90 G 0.077 0.022 0.038 0.033 0.011 0.019 0.025 0.519 0.013 0.019 0.028 0.033 0.009 0.016 0.019 0.05 0.029 0.005 0.011 0.024
91 G 0.125 0.024 0.036 0.032 0.013 0.02 0.028 0.424 0.014 0.024 0.034 0.035 0.011 0.017 0.021 0.057 0.033 0.005 0.012 0.033
92 R 0.044 0.357 0.038 0.03 0.008 0.048 0.051 0.032 0.023 0.023 0.046 0.118 0.015 0.017 0.019 0.044 0.034 0.006 0.017 0.03
93 S 0.108 0.039 0.053 0.048 0.017 0.033 0.051 0.065 0.019 0.029 0.041 0.053 0.015 0.021 0.029 0.234 0.08 0.005 0.017 0.041
94 Y 0.04 0.027 0.021 0.018 0.009 0.021 0.027 0.024 0.046 0.043 0.067 0.031 0.018 0.128 0.015 0.031 0.027 0.027 0.33 0.046
95 I 0.046 0.017 0.014 0.017 0.016 0.013 0.017 0.02 0.009 0.284 0.165 0.023 0.036 0.043 0.014 0.025 0.039 0.006 0.02 0.173
96 L 0.044 0.024 0.014 0.015 0.016 0.016 0.02 0.021 0.01 0.113 0.387 0.025 0.049 0.054 0.014 0.024 0.033 0.007 0.022 0.094
97 F 0.033 0.019 0.017 0.017 0.01 0.01 0.019 0.025 0.017 0.062 0.112 0.019 0.025 0.398 0.01 0.025 0.025 0.017 0.087 0.054
98 P 0.056 0.025 0.023 0.03 0.01 0.02 0.036 0.036 0.013 0.025 0.036 0.041 0.01 0.013 0.503 0.043 0.036 0.003 0.013 0.03
99 A 0.275 0.032 0.029 0.032 0.021 0.026 0.041 0.075 0.015 0.041 0.056 0.045 0.017 0.021 0.029 0.105 0.053 0.005 0.017 0.064
100 V 0.066 0.021 0.016 0.017 0.018 0.016 0.022 0.024 0.008 0.179 0.133 0.025 0.032 0.036 0.016 0.031 0.047 0.005 0.02 0.267
101 F 0.033 0.019 0.017 0.017 0.01 0.01 0.019 0.025 0.017 0.062 0.112 0.019 0.025 0.398 0.01 0.025 0.025 0.017 0.087 0.054
102 I 0.046 0.017 0.015 0.017 0.016 0.013 0.017 0.02 0.009 0.276 0.163 0.023 0.036 0.056 0.014 0.025 0.039 0.006 0.023 0.169
103 A 0.262 0.029 0.025 0.028 0.088 0.024 0.037 0.07 0.014 0.042 0.058 0.041 0.017 0.021 0.027 0.083 0.048 0.005 0.016 0.065
104 L 0.047 0.024 0.014 0.015 0.016 0.016 0.02 0.021 0.01 0.12 0.35 0.025 0.046 0.051 0.014 0.025 0.035 0.007 0.022 0.121
105 V 0.119 0.023 0.018 0.02 0.019 0.018 0.026 0.036 0.009 0.136 0.113 0.029 0.028 0.032 0.019 0.043 0.049 0.005 0.02 0.236
106 I 0.048 0.021 0.016 0.018 0.016 0.017 0.02 0.022 0.01 0.234 0.171 0.026 0.071 0.044 0.015 0.027 0.039 0.006 0.021 0.156
107 L 0.044 0.024 0.014 0.015 0.016 0.016 0.02 0.021 0.01 0.115 0.379 0.025 0.048 0.053 0.014 0.024 0.033 0.007 0.022 0.1
108 K 0.057 0.082 0.047 0.038 0.011 0.044 0.058 0.041 0.019 0.047 0.067 0.213 0.036 0.021 0.025 0.055 0.067 0.006 0.018 0.048
109 V 0.07 0.106 0.022 0.021 0.016 0.024 0.03 0.028 0.012 0.123 0.105 0.049 0.027 0.03 0.017 0.037 0.045 0.005 0.019 0.213
110 S 0.098 0.078 0.05 0.045 0.031 0.034 0.05 0.06 0.019 0.029 0.042 0.06 0.015 0.02 0.027 0.205 0.073 0.005 0.017 0.04
111 Y 0.042 0.03 0.029 0.076 0.009 0.028 0.071 0.028 0.04 0.038 0.058 0.038 0.016 0.1 0.017 0.036 0.029 0.022 0.251 0.041
112 P 0.057 0.046 0.028 0.034 0.01 0.029 0.044 0.038 0.015 0.026 0.037 0.104 0.012 0.014 0.369 0.051 0.038 0.003 0.014 0.031
113 Q 0.068 0.061 0.045 0.052 0.011 0.16 0.115 0.046 0.026 0.026 0.044 0.078 0.018 0.016 0.025 0.1 0.05 0.006 0.019 0.036
114 S 0.09 0.037 0.056 0.138 0.015 0.032 0.061 0.06 0.019 0.028 0.038 0.051 0.014 0.019 0.027 0.184 0.075 0.005 0.016 0.038
115 L 0.05 0.023 0.015 0.016 0.016 0.016 0.021 0.022 0.01 0.124 0.314 0.025 0.044 0.06 0.014 0.026 0.036 0.007 0.023 0.14
116 N 0.042 0.044 0.33 0.082 0.009 0.033 0.048 0.064 0.031 0.022 0.031 0.053 0.011 0.018 0.02 0.068 0.048 0.004 0.015 0.026
117 I 0.083 0.02 0.016 0.019 0.017 0.015 0.021 0.028 0.009 0.228 0.143 0.026 0.033 0.039 0.017 0.034 0.042 0.006 0.02 0.184
118 E 0.051 0.047 0.035 0.068 0.008 0.052 0.224 0.032 0.03 0.027 0.044 0.077 0.014 0.044 0.023 0.048 0.034 0.011 0.095 0.035
119 K 0.056 0.105 0.041 0.041 0.008 0.052 0.069 0.042 0.02 0.027 0.042 0.292 0.015 0.015 0.027 0.052 0.039 0.005 0.017 0.032
120 I 0.046 0.019 0.014 0.017 0.016 0.014 0.018 0.021 0.009 0.238 0.219 0.024 0.039 0.046 0.014 0.025 0.038 0.006 0.021 0.157
121 V 0.078 0.026 0.025 0.025 0.018 0.02 0.03 0.034 0.011 0.132 0.107 0.032 0.027 0.032 0.019 0.083 0.056 0.005 0.019 0.219
122 C 0.058 0.104 0.024 0.022 0.312 0.023 0.028 0.047 0.034 0.04 0.058 0.047 0.016 0.02 0.017 0.041 0.035 0.005 0.016 0.053
123 Y 0.038 0.025 0.02 0.018 0.009 0.019 0.025 0.025 0.039 0.048 0.078 0.028 0.02 0.196 0.014 0.029 0.027 0.025 0.27 0.048
124 I 0.062 0.023 0.024 0.025 0.016 0.018 0.026 0.031 0.011 0.221 0.134 0.031 0.031 0.038 0.018 0.077 0.049 0.006 0.019 0.14
125 I 0.052 0.019 0.015 0.017 0.017 0.014 0.019 0.021 0.009 0.249 0.162 0.024 0.035 0.042 0.015 0.026 0.041 0.006 0.02 0.198
126 F 0.044 0.022 0.018 0.017 0.011 0.014 0.022 0.026 0.023 0.06 0.116 0.023 0.025 0.298 0.012 0.028 0.027 0.018 0.142 0.055
127 L 0.05 0.025 0.018 0.018 0.016 0.017 0.023 0.024 0.01 0.112 0.314 0.027 0.043 0.048 0.016 0.033 0.063 0.007 0.021 0.115
128 L 0.049 0.03 0.018 0.019 0.016 0.025 0.026 0.026 0.014 0.102 0.242 0.033 0.145 0.049 0.015 0.033 0.038 0.008 0.023 0.092
129 F 0.074 0.023 0.022 0.022 0.013 0.015 0.025 0.035 0.016 0.059 0.106 0.026 0.024 0.282 0.016 0.047 0.059 0.013 0.065 0.058
130 L 0.056 0.027 0.019 0.02 0.015 0.022 0.025 0.028 0.014 0.132 0.168 0.031 0.117 0.089 0.016 0.035 0.045 0.008 0.03 0.103
131 V 0.067 0.02 0.016 0.017 0.138 0.015 0.021 0.026 0.008 0.132 0.112 0.024 0.027 0.031 0.016 0.034 0.045 0.005 0.018 0.226
132 A 0.304 0.03 0.025 0.029 0.021 0.025 0.04 0.077 0.015 0.042 0.058 0.044 0.017 0.021 0.029 0.083 0.049 0.005 0.017 0.067
133 T 0.064 0.031 0.033 0.03 0.017 0.023 0.032 0.035 0.012 0.082 0.152 0.038 0.028 0.032 0.023 0.068 0.184 0.006 0.019 0.092
134 I 0.046 0.017 0.014 0.017 0.016 0.013 0.017 0.02 0.009 0.285 0.165 0.023 0.036 0.043 0.014 0.025 0.039 0.006 0.02 0.173
135 S 0.163 0.037 0.045 0.043 0.018 0.03 0.048 0.068 0.018 0.033 0.046 0.05 0.016 0.021 0.029 0.192 0.072 0.005 0.017 0.049
136 I 0.046 0.017 0.014 0.017 0.016 0.013 0.017 0.02 0.009 0.285 0.165 0.023 0.036 0.043 0.014 0.025 0.039 0.006 0.02 0.173
137 I 0.046 0.017 0.014 0.017 0.016 0.013 0.017 0.02 0.009 0.285 0.165 0.023 0.036 0.043 0.014 0.025 0.039 0.006 0.02 0.173
138 D 0.04 0.029 0.068 0.409 0.007 0.029 0.09 0.046 0.018 0.022 0.027 0.044 0.009 0.015 0.022 0.051 0.035 0.004 0.011 0.024
139 V 0.069 0.021 0.016 0.017 0.019 0.016 0.023 0.024 0.008 0.161 0.128 0.026 0.031 0.035 0.016 0.032 0.048 0.005 0.02 0.283
140 L 0.042 0.023 0.014 0.015 0.015 0.015 0.02 0.021 0.011 0.107 0.353 0.024 0.046 0.097 0.013 0.024 0.032 0.008 0.03 0.089
141 L 0.051 0.031 0.02 0.02 0.016 0.028 0.028 0.028 0.016 0.098 0.193 0.035 0.177 0.047 0.016 0.035 0.039 0.008 0.024 0.091
142 N 0.043 0.05 0.233 0.067 0.008 0.036 0.051 0.055 0.114 0.023 0.034 0.073 0.012 0.02 0.02 0.06 0.042 0.005 0.026 0.026
143 G 0.077 0.023 0.038 0.033 0.011 0.019 0.025 0.518 0.013 0.019 0.028 0.033 0.009 0.016 0.019 0.05 0.029 0.005 0.011 0.024
144 E 0.054 0.049 0.04 0.089 0.007 0.063 0.308 0.034 0.025 0.022 0.036 0.074 0.013 0.016 0.025 0.054 0.036 0.005 0.016 0.031
145 F 0.034 0.019 0.016 0.016 0.011 0.011 0.019 0.025 0.016 0.067 0.135 0.019 0.027 0.368 0.011 0.025 0.026 0.016 0.082 0.057
146 I 0.047 0.018 0.015 0.017 0.016 0.013 0.018 0.02 0.009 0.278 0.164 0.023 0.036 0.043 0.015 0.025 0.04 0.006 0.02 0.178
147 K 0.056 0.105 0.041 0.041 0.008 0.053 0.07 0.042 0.02 0.027 0.042 0.29 0.015 0.015 0.027 0.053 0.039 0.005 0.017 0.032
148 L 0.044 0.024 0.014 0.015 0.016 0.016 0.02 0.021 0.01 0.113 0.386 0.025 0.049 0.054 0.014 0.024 0.033 0.007 0.022 0.095
149 L 0.044 0.024 0.014 0.015 0.016 0.016 0.02 0.021 0.01 0.113 0.386 0.025 0.049 0.054 0.014 0.024 0.033 0.007 0.022 0.095
150 G 0.077 0.023 0.038 0.033 0.011 0.019 0.025 0.518 0.013 0.019 0.028 0.033 0.009 0.016 0.019 0.05 0.029 0.005 0.011 0.024
151 Y 0.04 0.028 0.021 0.018 0.009 0.021 0.028 0.024 0.046 0.043 0.067 0.031 0.018 0.129 0.015 0.031 0.028 0.028 0.329 0.046
152 D 0.04 0.03 0.079 0.394 0.007 0.03 0.088 0.047 0.019 0.022 0.028 0.044 0.009 0.015 0.022 0.052 0.035 0.004 0.011 0.024
153 E 0.072 0.046 0.044 0.075 0.011 0.053 0.223 0.045 0.023 0.024 0.038 0.067 0.014 0.018 0.027 0.114 0.051 0.005 0.017 0.034
154 H 0.041 0.045 0.053 0.038 0.007 0.038 0.053 0.038 0.366 0.023 0.038 0.045 0.015 0.03 0.019 0.041 0.026 0.007 0.056 0.023
155 Y 0.04 0.028 0.021 0.018 0.009 0.021 0.028 0.024 0.046 0.043 0.067 0.031 0.018 0.129 0.015 0.031 0.028 0.028 0.329 0.046
156 A 0.302 0.03 0.025 0.029 0.021 0.025 0.04 0.077 0.015 0.042 0.058 0.044 0.017 0.021 0.029 0.084 0.049 0.005 0.017 0.068
157 G 0.077 0.023 0.038 0.033 0.011 0.019 0.025 0.518 0.013 0.019 0.028 0.033 0.009 0.016 0.019 0.05 0.029 0.005 0.011 0.024
158 E 0.053 0.047 0.042 0.115 0.007 0.061 0.29 0.035 0.025 0.022 0.035 0.072 0.012 0.016 0.025 0.054 0.036 0.005 0.016 0.03
159 Q 0.055 0.072 0.043 0.046 0.009 0.228 0.101 0.041 0.029 0.026 0.046 0.09 0.02 0.014 0.023 0.055 0.041 0.006 0.02 0.035
160 L 0.04 0.022 0.015 0.016 0.014 0.014 0.019 0.022 0.012 0.096 0.295 0.023 0.041 0.168 0.013 0.024 0.03 0.01 0.044 0.081
161 N 0.043 0.148 0.232 0.065 0.008 0.038 0.05 0.054 0.028 0.022 0.036 0.075 0.012 0.018 0.02 0.06 0.044 0.005 0.016 0.028
162 L 0.044 0.024 0.014 0.015 0.016 0.016 0.02 0.021 0.01 0.113 0.386 0.025 0.049 0.054 0.014 0.024 0.033 0.007 0.022 0.095
163 I 0.046 0.017 0.014 0.017 0.016 0.013 0.017 0.02 0.009 0.283 0.165 0.023 0.036 0.043 0.014 0.025 0.039 0.006 0.02 0.174
164 N 0.041 0.039 0.241 0.19 0.008 0.032 0.062 0.058 0.027 0.022 0.03 0.05 0.01 0.017 0.021 0.063 0.044 0.004 0.014 0.026
165 S 0.1 0.035 0.049 0.044 0.016 0.029 0.045 0.179 0.017 0.027 0.038 0.048 0.014 0.019 0.027 0.188 0.068 0.005 0.016 0.037
166 Y 0.037 0.026 0.02 0.018 0.009 0.02 0.026 0.026 0.038 0.04 0.064 0.029 0.018 0.111 0.013 0.029 0.026 0.146 0.264 0.042
167 D 0.057 0.032 0.064 0.318 0.01 0.03 0.08 0.051 0.019 0.024 0.031 0.046 0.011 0.016 0.024 0.097 0.046 0.004 0.013 0.028
168 G 0.067 0.024 0.047 0.138 0.01 0.022 0.043 0.386 0.015 0.02 0.028 0.036 0.009 0.016 0.02 0.051 0.031 0.005 0.011 0.024
169 L 0.055 0.03 0.024 0.023 0.016 0.025 0.028 0.03 0.014 0.091 0.209 0.035 0.105 0.043 0.018 0.046 0.093 0.007 0.022 0.086
170 V 0.058 0.033 0.022 0.025 0.015 0.068 0.041 0.027 0.013 0.17 0.12 0.041 0.03 0.033 0.017 0.035 0.043 0.006 0.02 0.183
171 R 0.108 0.275 0.035 0.03 0.011 0.042 0.049 0.043 0.021 0.028 0.049 0.1 0.016 0.018 0.022 0.054 0.038 0.006 0.017 0.04
172 A 0.246 0.028 0.028 0.03 0.019 0.024 0.036 0.187 0.014 0.036 0.051 0.041 0.015 0.02 0.027 0.075 0.044 0.005 0.016 0.057
173 T 0.072 0.035 0.043 0.037 0.018 0.027 0.039 0.043 0.014 0.052 0.064 0.045 0.019 0.023 0.027 0.091 0.259 0.006 0.018 0.07
174 G 0.077 0.023 0.038 0.033 0.011 0.019 0.025 0.518 0.013 0.019 0.028 0.033 0.009 0.016 0.019 0.05 0.029 0.005 0.011 0.024
175 G 0.077 0.023 0.038 0.033 0.011 0.019 0.025 0.518 0.013 0.019 0.028 0.033 0.009 0.016 0.019 0.05 0.029 0.005 0.011 0.024
176 F 0.033 0.019 0.017 0.017 0.01 0.01 0.019 0.025 0.017 0.062 0.112 0.019 0.025 0.397 0.01 0.025 0.025 0.017 0.087 0.054
177 S 0.102 0.038 0.05 0.045 0.017 0.031 0.049 0.062 0.019 0.032 0.047 0.05 0.016 0.052 0.028 0.216 0.076 0.006 0.023 0.042
178 D 0.04 0.029 0.068 0.407 0.007 0.029 0.09 0.046 0.018 0.022 0.028 0.044 0.009 0.015 0.022 0.051 0.035 0.004 0.011 0.024
179 A 0.302 0.03 0.025 0.029 0.021 0.025 0.04 0.077 0.015 0.042 0.058 0.044 0.017 0.021 0.029 0.084 0.049 0.005 0.017 0.068
180 L 0.044 0.024 0.014 0.015 0.016 0.016 0.02 0.021 0.01 0.113 0.386 0.025 0.049 0.054 0.014 0.024 0.033 0.007 0.022 0.095
181 N 0.042 0.044 0.328 0.082 0.009 0.033 0.049 0.064 0.031 0.022 0.031 0.053 0.011 0.018 0.02 0.069 0.049 0.004 0.015 0.027
182 F 0.033 0.019 0.017 0.017 0.01 0.01 0.019 0.025 0.017 0.062 0.112 0.019 0.025 0.397 0.01 0.025 0.025 0.017 0.087 0.054
183 G 0.077 0.023 0.038 0.033 0.011 0.019 0.025 0.518 0.013 0.019 0.028 0.033 0.009 0.016 0.019 0.05 0.029 0.005 0.011 0.024
184 Y 0.04 0.028 0.021 0.018 0.009 0.021 0.028 0.024 0.046 0.043 0.067 0.031 0.018 0.129 0.015 0.031 0.028 0.028 0.329 0.046
185 L 0.057 0.032 0.026 0.024 0.016 0.027 0.031 0.032 0.015 0.086 0.158 0.038 0.132 0.041 0.019 0.051 0.099 0.007 0.022 0.085
186 L 0.044 0.024 0.014 0.015 0.016 0.016 0.02 0.021 0.01 0.113 0.386 0.025 0.049 0.054 0.014 0.024 0.033 0.007 0.022 0.095
187 T 0.142 0.037 0.037 0.035 0.018 0.043 0.044 0.053 0.015 0.047 0.061 0.048 0.019 0.022 0.027 0.086 0.175 0.006 0.018 0.066
188 L 0.043 0.022 0.014 0.016 0.015 0.015 0.019 0.021 0.01 0.152 0.308 0.024 0.044 0.08 0.014 0.024 0.034 0.007 0.027 0.111
189 G 0.073 0.022 0.036 0.032 0.01 0.018 0.025 0.478 0.013 0.02 0.03 0.032 0.01 0.02 0.018 0.048 0.029 0.047 0.015 0.024
190 V 0.063 0.02 0.016 0.017 0.018 0.015 0.021 0.023 0.008 0.195 0.138 0.025 0.032 0.037 0.016 0.03 0.046 0.006 0.02 0.252
191 L 0.041 0.023 0.015 0.016 0.014 0.015 0.02 0.022 0.015 0.095 0.291 0.024 0.04 0.146 0.013 0.025 0.03 0.011 0.064 0.08
192 L 0.065 0.024 0.015 0.016 0.016 0.017 0.022 0.026 0.01 0.108 0.359 0.026 0.046 0.051 0.015 0.029 0.034 0.007 0.022 0.092
193 C 0.062 0.018 0.019 0.018 0.452 0.014 0.019 0.032 0.038 0.042 0.062 0.022 0.016 0.021 0.016 0.04 0.035 0.004 0.016 0.053
194 L 0.051 0.03 0.019 0.02 0.016 0.026 0.027 0.027 0.015 0.114 0.191 0.034 0.163 0.047 0.016 0.035 0.039 0.008 0.023 0.098
195 E 0.053 0.074 0.04 0.084 0.007 0.062 0.287 0.034 0.025 0.022 0.037 0.078 0.013 0.016 0.025 0.053 0.036 0.005 0.016 0.031
196 C 0.063 0.021 0.018 0.019 0.452 0.03 0.023 0.033 0.01 0.042 0.062 0.026 0.016 0.019 0.017 0.041 0.036 0.004 0.013 0.054
197 F 0.037 0.028 0.02 0.019 0.01 0.017 0.025 0.026 0.024 0.055 0.095 0.044 0.023 0.298 0.013 0.029 0.027 0.018 0.142 0.05
198 S 0.166 0.037 0.045 0.042 0.018 0.03 0.048 0.069 0.018 0.033 0.046 0.05 0.016 0.021 0.029 0.188 0.071 0.005 0.017 0.049
199 Q 0.055 0.072 0.043 0.046 0.009 0.227 0.101 0.041 0.029 0.026 0.046 0.09 0.02 0.014 0.023 0.055 0.041 0.006 0.02 0.035
200 G 0.067 0.122 0.038 0.032 0.01 0.027 0.033 0.372 0.016 0.02 0.033 0.059 0.011 0.016 0.019 0.049 0.031 0.005 0.013 0.026
201 Y 0.042 0.025 0.019 0.018 0.011 0.019 0.025 0.023 0.035 0.115 0.097 0.028 0.024 0.103 0.015 0.029 0.031 0.021 0.236 0.084
202 K 0.055 0.083 0.035 0.035 0.011 0.045 0.057 0.038 0.019 0.049 0.088 0.213 0.063 0.025 0.024 0.048 0.039 0.006 0.019 0.05
203 R 0.044 0.355 0.038 0.031 0.008 0.048 0.051 0.032 0.023 0.023 0.046 0.118 0.015 0.017 0.019 0.044 0.034 0.006 0.017 0.031
204 L 0.068 0.048 0.029 0.061 0.014 0.029 0.043 0.035 0.014 0.072 0.215 0.102 0.032 0.035 0.02 0.048 0.045 0.006 0.019 0.067
205 L 0.041 0.114 0.021 0.019 0.012 0.024 0.029 0.026 0.014 0.073 0.229 0.05 0.033 0.045 0.014 0.029 0.031 0.102 0.029 0.065
206 L 0.051 0.032 0.02 0.02 0.016 0.028 0.028 0.028 0.016 0.099 0.194 0.036 0.175 0.047 0.016 0.036 0.04 0.008 0.024 0.091
207 L 0.044 0.024 0.014 0.015 0.016 0.016 0.02 0.021 0.01 0.113 0.386 0.025 0.049 0.054 0.014 0.024 0.033 0.007 0.022 0.095
208 I 0.048 0.018 0.015 0.017 0.016 0.013 0.018 0.021 0.009 0.272 0.162 0.023 0.036 0.043 0.015 0.025 0.04 0.006 0.02 0.184
209 L 0.066 0.021 0.015 0.018 0.016 0.015 0.02 0.025 0.009 0.209 0.222 0.025 0.038 0.045 0.015 0.029 0.038 0.006 0.021 0.146
210 S 0.108 0.039 0.053 0.048 0.017 0.033 0.052 0.065 0.019 0.029 0.041 0.053 0.015 0.021 0.029 0.232 0.081 0.005 0.017 0.041
211 F 0.038 0.02 0.016 0.016 0.013 0.012 0.019 0.023 0.013 0.111 0.202 0.021 0.034 0.241 0.012 0.025 0.029 0.012 0.058 0.084
212 V 0.062 0.02 0.016 0.017 0.018 0.015 0.021 0.023 0.008 0.198 0.139 0.025 0.033 0.038 0.016 0.03 0.046 0.006 0.02 0.249
213 L 0.046 0.026 0.016 0.017 0.016 0.019 0.022 0.023 0.012 0.122 0.311 0.028 0.085 0.051 0.015 0.027 0.035 0.007 0.022 0.099
214 F 0.056 0.025 0.028 0.026 0.012 0.017 0.029 0.037 0.017 0.052 0.091 0.029 0.022 0.284 0.016 0.087 0.042 0.013 0.066 0.05
215 I 0.056 0.021 0.018 0.02 0.017 0.016 0.021 0.024 0.009 0.221 0.143 0.026 0.033 0.039 0.016 0.034 0.067 0.006 0.02 0.194
216 A 0.301 0.031 0.025 0.029 0.021 0.025 0.04 0.077 0.015 0.043 0.058 0.044 0.017 0.021 0.029 0.084 0.049 0.005 0.017 0.068
217 I 0.053 0.019 0.015 0.017 0.017 0.014 0.019 0.021 0.008 0.246 0.154 0.024 0.035 0.041 0.015 0.027 0.042 0.006 0.02 0.206
218 C 0.064 0.016 0.016 0.016 0.492 0.012 0.016 0.032 0.008 0.044 0.064 0.02 0.016 0.02 0.016 0.04 0.036 0.004 0.012 0.056
219 L 0.051 0.032 0.02 0.02 0.016 0.028 0.028 0.028 0.016 0.099 0.194 0.036 0.174 0.047 0.016 0.036 0.04 0.008 0.024 0.091
220 S 0.093 0.038 0.049 0.043 0.017 0.03 0.046 0.056 0.017 0.039 0.051 0.05 0.017 0.022 0.028 0.174 0.154 0.005 0.017 0.053
221 L 0.044 0.024 0.014 0.015 0.016 0.016 0.02 0.021 0.01 0.114 0.385 0.025 0.049 0.054 0.014 0.024 0.033 0.007 0.022 0.095
222 T 0.072 0.035 0.043 0.037 0.018 0.027 0.039 0.043 0.014 0.052 0.064 0.045 0.019 0.023 0.027 0.091 0.259 0.006 0.018 0.07
223 R 0.044 0.355 0.038 0.031 0.008 0.048 0.051 0.032 0.023 0.023 0.046 0.118 0.015 0.017 0.019 0.044 0.034 0.006 0.017 0.031
224 G 0.077 0.023 0.038 0.033 0.011 0.019 0.025 0.518 0.013 0.019 0.028 0.033 0.009 0.016 0.019 0.05 0.029 0.005 0.011 0.024
225 A 0.301 0.031 0.025 0.029 0.021 0.025 0.04 0.077 0.015 0.043 0.058 0.044 0.017 0.021 0.029 0.084 0.049 0.005 0.017 0.068
226 I 0.046 0.017 0.014 0.017 0.016 0.013 0.017 0.02 0.009 0.283 0.165 0.023 0.036 0.043 0.014 0.025 0.039 0.006 0.02 0.174
227 L 0.044 0.024 0.014 0.015 0.016 0.016 0.02 0.021 0.01 0.114 0.385 0.025 0.049 0.054 0.014 0.024 0.033 0.007 0.022 0.095
228 V 0.07 0.02 0.016 0.018 0.018 0.016 0.022 0.025 0.009 0.198 0.138 0.026 0.032 0.037 0.016 0.032 0.045 0.006 0.02 0.237
229 A 0.232 0.028 0.023 0.026 0.021 0.023 0.035 0.061 0.013 0.078 0.079 0.038 0.021 0.025 0.025 0.068 0.049 0.005 0.018 0.132
230 A 0.195 0.026 0.022 0.024 0.018 0.02 0.032 0.055 0.014 0.062 0.082 0.034 0.021 0.135 0.022 0.06 0.042 0.009 0.039 0.088
231 L 0.044 0.023 0.014 0.015 0.016 0.016 0.02 0.021 0.01 0.133 0.361 0.025 0.047 0.053 0.014 0.024 0.034 0.007 0.022 0.104
232 I 0.046 0.017 0.014 0.017 0.016 0.013 0.017 0.02 0.009 0.283 0.165 0.023 0.036 0.043 0.014 0.025 0.039 0.006 0.02 0.174
233 Y 0.04 0.027 0.021 0.018 0.009 0.021 0.027 0.025 0.045 0.044 0.069 0.03 0.019 0.139 0.015 0.03 0.027 0.027 0.32 0.046
234 A 0.221 0.027 0.023 0.025 0.018 0.021 0.034 0.061 0.015 0.048 0.075 0.036 0.02 0.134 0.024 0.066 0.042 0.009 0.038 0.064
235 L 0.121 0.025 0.018 0.019 0.035 0.018 0.026 0.039 0.012 0.084 0.245 0.03 0.035 0.081 0.018 0.043 0.037 0.007 0.028 0.081
236 Y 0.04 0.028 0.021 0.018 0.009 0.021 0.028 0.025 0.046 0.043 0.067 0.031 0.018 0.129 0.015 0.031 0.028 0.028 0.329 0.046
237 I 0.043 0.018 0.015 0.017 0.014 0.013 0.018 0.022 0.011 0.21 0.15 0.022 0.038 0.15 0.013 0.025 0.035 0.009 0.041 0.135
238 I 0.053 0.019 0.015 0.017 0.017 0.014 0.019 0.021 0.008 0.246 0.154 0.024 0.035 0.041 0.015 0.027 0.042 0.006 0.02 0.206
239 S 0.097 0.038 0.05 0.045 0.017 0.031 0.048 0.058 0.017 0.036 0.048 0.051 0.017 0.021 0.029 0.19 0.134 0.005 0.017 0.05
240 N 0.042 0.044 0.328 0.082 0.009 0.033 0.049 0.064 0.031 0.022 0.031 0.053 0.011 0.018 0.02 0.069 0.049 0.004 0.015 0.027
241 R 0.044 0.355 0.038 0.031 0.008 0.048 0.051 0.032 0.023 0.023 0.046 0.118 0.015 0.017 0.019 0.044 0.034 0.006 0.017 0.031
242 K 0.06 0.094 0.041 0.039 0.011 0.045 0.06 0.042 0.018 0.035 0.049 0.21 0.016 0.018 0.027 0.064 0.105 0.005 0.017 0.043
243 L 0.049 0.029 0.018 0.018 0.016 0.024 0.025 0.026 0.014 0.103 0.251 0.032 0.136 0.049 0.015 0.032 0.038 0.008 0.023 0.092
244 L 0.045 0.022 0.014 0.016 0.016 0.015 0.019 0.021 0.01 0.164 0.319 0.024 0.045 0.051 0.014 0.024 0.035 0.007 0.021 0.118
245 F 0.043 0.046 0.023 0.024 0.011 0.024 0.034 0.029 0.016 0.07 0.145 0.101 0.027 0.205 0.016 0.033 0.031 0.011 0.051 0.06
246 C 0.069 0.025 0.028 0.026 0.249 0.019 0.027 0.038 0.011 0.052 0.094 0.032 0.02 0.024 0.021 0.075 0.107 0.005 0.015 0.062
247 G 0.105 0.024 0.031 0.028 0.013 0.019 0.027 0.329 0.013 0.045 0.05 0.033 0.014 0.024 0.019 0.05 0.034 0.055 0.019 0.07
248 I 0.056 0.021 0.047 0.024 0.086 0.015 0.021 0.029 0.012 0.179 0.125 0.026 0.028 0.09 0.015 0.034 0.038 0.007 0.029 0.12
249 T 0.068 0.031 0.062 0.035 0.017 0.024 0.034 0.039 0.013 0.086 0.082 0.039 0.023 0.027 0.023 0.069 0.167 0.006 0.018 0.137
250 L 0.044 0.024 0.014 0.015 0.016 0.016 0.02 0.021 0.01 0.114 0.382 0.025 0.049 0.054 0.014 0.024 0.033 0.007 0.022 0.095
251 F 0.044 0.018 0.017 0.017 0.17 0.011 0.018 0.027 0.014 0.057 0.097 0.019 0.022 0.269 0.012 0.03 0.029 0.012 0.063 0.055
252 V 0.06 0.02 0.016 0.017 0.018 0.015 0.021 0.023 0.008 0.197 0.162 0.025 0.034 0.04 0.016 0.029 0.044 0.006 0.021 0.228
253 L 0.046 0.02 0.014 0.017 0.016 0.014 0.018 0.021 0.009 0.224 0.238 0.024 0.041 0.047 0.014 0.024 0.037 0.006 0.021 0.148
254 I 0.049 0.022 0.016 0.018 0.016 0.018 0.021 0.023 0.011 0.205 0.172 0.027 0.08 0.059 0.015 0.029 0.039 0.007 0.024 0.146
255 I 0.057 0.018 0.015 0.018 0.016 0.014 0.018 0.023 0.009 0.269 0.162 0.024 0.036 0.043 0.015 0.027 0.04 0.006 0.02 0.17
256 P 0.056 0.026 0.023 0.031 0.01 0.02 0.036 0.036 0.013 0.026 0.036 0.041 0.01 0.013 0.499 0.043 0.036 0.003 0.013 0.031
257 V 0.077 0.022 0.018 0.019 0.019 0.017 0.024 0.027 0.009 0.163 0.126 0.027 0.031 0.035 0.017 0.036 0.057 0.005 0.02 0.251
258 L 0.045 0.022 0.014 0.016 0.016 0.015 0.019 0.021 0.01 0.169 0.31 0.024 0.045 0.051 0.014 0.024 0.035 0.007 0.021 0.122
259 A 0.268 0.03 0.024 0.028 0.021 0.025 0.038 0.071 0.014 0.052 0.073 0.043 0.031 0.024 0.028 0.078 0.049 0.006 0.018 0.079
260 I 0.049 0.019 0.015 0.017 0.016 0.014 0.019 0.021 0.009 0.237 0.197 0.024 0.038 0.044 0.015 0.026 0.039 0.006 0.021 0.174
261 S 0.091 0.051 0.05 0.048 0.014 0.096 0.068 0.057 0.022 0.028 0.043 0.066 0.017 0.019 0.027 0.171 0.068 0.005 0.018 0.039
262 T 0.072 0.035 0.043 0.037 0.018 0.027 0.039 0.043 0.014 0.053 0.064 0.045 0.019 0.023 0.027 0.092 0.255 0.006 0.018 0.07
263 N 0.045 0.037 0.205 0.13 0.01 0.029 0.052 0.054 0.025 0.031 0.043 0.047 0.013 0.056 0.02 0.064 0.075 0.006 0.022 0.035
264 I 0.044 0.02 0.017 0.018 0.014 0.016 0.02 0.022 0.02 0.211 0.136 0.025 0.031 0.069 0.015 0.026 0.036 0.012 0.113 0.135
265 F 0.039 0.02 0.016 0.016 0.06 0.012 0.019 0.024 0.014 0.076 0.189 0.021 0.031 0.256 0.012 0.026 0.028 0.012 0.06 0.066
266 D 0.041 0.031 0.094 0.375 0.008 0.03 0.086 0.048 0.02 0.022 0.028 0.045 0.009 0.015 0.022 0.053 0.036 0.004 0.011 0.024
267 N 0.047 0.066 0.22 0.067 0.009 0.047 0.058 0.056 0.027 0.024 0.035 0.134 0.013 0.017 0.022 0.063 0.045 0.005 0.016 0.029
268 Y 0.04 0.028 0.021 0.018 0.009 0.021 0.028 0.025 0.046 0.043 0.067 0.031 0.018 0.129 0.015 0.031 0.028 0.028 0.329 0.046
269 T 0.069 0.033 0.04 0.035 0.017 0.026 0.036 0.04 0.013 0.078 0.075 0.042 0.021 0.026 0.026 0.084 0.234 0.006 0.018 0.082
270 D 0.049 0.041 0.052 0.22 0.007 0.05 0.215 0.039 0.023 0.022 0.033 0.062 0.011 0.016 0.024 0.053 0.036 0.005 0.014 0.028
271 L 0.049 0.022 0.018 0.019 0.016 0.016 0.021 0.023 0.01 0.196 0.225 0.027 0.038 0.045 0.016 0.033 0.064 0.006 0.021 0.135
272 L 0.044 0.024 0.014 0.015 0.016 0.016 0.02 0.021 0.01 0.114 0.382 0.025 0.049 0.054 0.014 0.024 0.033 0.007 0.022 0.095
273 I 0.057 0.019 0.015 0.018 0.017 0.015 0.02 0.022 0.008 0.226 0.149 0.024 0.034 0.04 0.015 0.028 0.044 0.006 0.02 0.222
274 G 0.077 0.023 0.039 0.033 0.011 0.019 0.025 0.516 0.013 0.019 0.028 0.033 0.009 0.016 0.019 0.051 0.029 0.005 0.011 0.024
275 R 0.044 0.352 0.038 0.031 0.008 0.048 0.052 0.033 0.023 0.023 0.046 0.119 0.015 0.017 0.019 0.044 0.035 0.006 0.017 0.031
276 F 0.033 0.019 0.017 0.017 0.01 0.01 0.019 0.025 0.017 0.063 0.113 0.019 0.025 0.394 0.01 0.025 0.025 0.017 0.088 0.054
277 T 0.072 0.035 0.043 0.037 0.018 0.027 0.039 0.043 0.014 0.053 0.064 0.045 0.019 0.023 0.027 0.092 0.255 0.006 0.018 0.07
278 D 0.041 0.03 0.068 0.404 0.007 0.03 0.09 0.046 0.018 0.022 0.028 0.044 0.009 0.015 0.022 0.052 0.035 0.004 0.011 0.024
279 S 0.109 0.04 0.053 0.048 0.017 0.033 0.052 0.066 0.019 0.029 0.041 0.053 0.016 0.021 0.029 0.229 0.081 0.005 0.017 0.041
280 S 0.109 0.04 0.053 0.048 0.017 0.033 0.052 0.066 0.019 0.029 0.041 0.053 0.016 0.021 0.029 0.229 0.081 0.005 0.017 0.041
281 Q 0.136 0.059 0.038 0.041 0.013 0.157 0.081 0.053 0.024 0.032 0.051 0.075 0.019 0.017 0.025 0.065 0.044 0.006 0.019 0.046
282 A 0.187 0.033 0.035 0.034 0.019 0.027 0.04 0.061 0.014 0.047 0.061 0.045 0.018 0.022 0.028 0.094 0.145 0.006 0.017 0.068
283 S 0.109 0.04 0.053 0.048 0.017 0.033 0.052 0.066 0.019 0.029 0.041 0.053 0.016 0.021 0.029 0.229 0.081 0.005 0.017 0.041
284 R 0.048 0.257 0.04 0.034 0.008 0.049 0.058 0.036 0.036 0.024 0.045 0.172 0.015 0.017 0.022 0.047 0.036 0.006 0.019 0.031
285 G 0.077 0.023 0.039 0.033 0.011 0.019 0.025 0.516 0.013 0.019 0.028 0.033 0.009 0.016 0.019 0.051 0.029 0.005 0.011 0.024
286 S 0.109 0.04 0.053 0.048 0.017 0.033 0.052 0.066 0.019 0.029 0.041 0.053 0.016 0.021 0.029 0.229 0.081 0.005 0.017 0.041
287 T 0.072 0.035 0.043 0.037 0.018 0.027 0.039 0.043 0.014 0.053 0.064 0.045 0.019 0.023 0.027 0.092 0.255 0.006 0.018 0.07
288 Q 0.055 0.073 0.044 0.047 0.009 0.223 0.102 0.041 0.029 0.026 0.047 0.09 0.02 0.015 0.023 0.055 0.041 0.006 0.02 0.035
289 G 0.077 0.023 0.039 0.033 0.011 0.019 0.025 0.516 0.013 0.019 0.028 0.033 0.009 0.016 0.019 0.051 0.029 0.005 0.011 0.024
290 R 0.044 0.352 0.038 0.031 0.008 0.048 0.052 0.033 0.023 0.023 0.046 0.119 0.015 0.017 0.019 0.044 0.035 0.006 0.017 0.031
291 I 0.043 0.018 0.015 0.017 0.014 0.012 0.018 0.022 0.011 0.202 0.147 0.022 0.032 0.16 0.013 0.025 0.035 0.009 0.043 0.139
292 D 0.041 0.03 0.068 0.404 0.007 0.03 0.09 0.046 0.018 0.022 0.028 0.044 0.009 0.015 0.022 0.052 0.035 0.004 0.011 0.024
293 L 0.052 0.032 0.02 0.02 0.016 0.028 0.028 0.028 0.016 0.099 0.195 0.036 0.17 0.048 0.016 0.036 0.04 0.008 0.024 0.091
294 A 0.298 0.031 0.025 0.029 0.021 0.025 0.04 0.077 0.015 0.043 0.059 0.044 0.017 0.021 0.029 0.084 0.049 0.005 0.017 0.068
295 I 0.131 0.022 0.018 0.022 0.018 0.018 0.025 0.04 0.011 0.193 0.131 0.031 0.036 0.036 0.02 0.045 0.043 0.006 0.019 0.136
296 N 0.047 0.065 0.23 0.068 0.009 0.04 0.056 0.057 0.028 0.024 0.035 0.131 0.012 0.017 0.022 0.064 0.046 0.005 0.016 0.029
297 S 0.109 0.04 0.053 0.048 0.017 0.033 0.052 0.066 0.019 0.029 0.041 0.053 0.016 0.021 0.029 0.229 0.081 0.005 0.017 0.041
298 L 0.048 0.027 0.016 0.017 0.016 0.02 0.023 0.023 0.012 0.111 0.309 0.029 0.089 0.051 0.015 0.028 0.036 0.007 0.023 0.101
299 N 0.136 0.039 0.191 0.06 0.014 0.031 0.046 0.069 0.024 0.03 0.042 0.05 0.014 0.019 0.024 0.094 0.053 0.005 0.016 0.042
300 F 0.036 0.023 0.019 0.018 0.01 0.016 0.023 0.025 0.03 0.054 0.092 0.024 0.022 0.273 0.013 0.028 0.026 0.022 0.197 0.051
301 L 0.044 0.024 0.014 0.015 0.016 0.016 0.02 0.021 0.01 0.114 0.382 0.025 0.049 0.054 0.014 0.024 0.033 0.007 0.022 0.095
302 S 0.172 0.037 0.044 0.042 0.019 0.03 0.048 0.07 0.018 0.034 0.047 0.05 0.016 0.021 0.029 0.18 0.071 0.005 0.017 0.05
303 E 0.05 0.043 0.049 0.194 0.007 0.052 0.233 0.038 0.023 0.022 0.033 0.065 0.012 0.016 0.024 0.054 0.036 0.005 0.015 0.029
304 H 0.042 0.045 0.143 0.053 0.008 0.036 0.051 0.047 0.252 0.023 0.036 0.048 0.014 0.026 0.019 0.051 0.034 0.006 0.043 0.024
305 P 0.056 0.026 0.023 0.031 0.01 0.02 0.036 0.036 0.013 0.026 0.036 0.041 0.01 0.013 0.499 0.043 0.036 0.003 0.013 0.031
306 S 0.09 0.037 0.042 0.039 0.017 0.031 0.044 0.053 0.018 0.053 0.092 0.048 0.067 0.03 0.025 0.164 0.067 0.006 0.019 0.058
307 G 0.077 0.023 0.039 0.033 0.011 0.019 0.025 0.516 0.013 0.019 0.028 0.033 0.009 0.016 0.019 0.051 0.029 0.005 0.011 0.024
308 I 0.054 0.019 0.015 0.018 0.017 0.014 0.019 0.022 0.009 0.24 0.154 0.024 0.035 0.041 0.015 0.027 0.043 0.006 0.02 0.209
309 G 0.077 0.023 0.039 0.033 0.011 0.019 0.025 0.516 0.013 0.019 0.028 0.033 0.009 0.016 0.019 0.051 0.029 0.005 0.011 0.024
310 L 0.044 0.024 0.014 0.015 0.016 0.016 0.02 0.021 0.01 0.114 0.382 0.025 0.049 0.054 0.014 0.024 0.033 0.007 0.022 0.095
311 G 0.077 0.023 0.039 0.033 0.011 0.019 0.025 0.516 0.013 0.019 0.028 0.033 0.009 0.016 0.019 0.051 0.029 0.005 0.011 0.024
312 T 0.072 0.035 0.043 0.037 0.018 0.027 0.039 0.043 0.014 0.053 0.064 0.045 0.019 0.023 0.027 0.092 0.255 0.006 0.018 0.07
313 Q 0.055 0.073 0.044 0.047 0.009 0.223 0.102 0.041 0.029 0.026 0.047 0.09 0.02 0.015 0.023 0.055 0.041 0.006 0.02 0.035
314 G 0.077 0.023 0.039 0.033 0.011 0.019 0.025 0.516 0.013 0.019 0.028 0.033 0.009 0.016 0.019 0.051 0.029 0.005 0.011 0.024
315 S 0.109 0.04 0.053 0.048 0.017 0.033 0.052 0.066 0.019 0.029 0.041 0.053 0.016 0.021 0.029 0.229 0.081 0.005 0.017 0.041
316 G 0.077 0.023 0.039 0.033 0.011 0.019 0.025 0.516 0.013 0.019 0.028 0.033 0.009 0.016 0.019 0.051 0.029 0.005 0.011 0.024
317 N 0.042 0.044 0.324 0.082 0.009 0.033 0.049 0.064 0.031 0.022 0.031 0.053 0.011 0.018 0.02 0.069 0.049 0.004 0.016 0.027
318 L 0.049 0.029 0.018 0.018 0.016 0.024 0.025 0.026 0.014 0.104 0.257 0.032 0.13 0.05 0.015 0.032 0.038 0.008 0.023 0.093
319 L 0.045 0.022 0.014 0.016 0.016 0.015 0.019 0.021 0.01 0.169 0.31 0.024 0.045 0.051 0.014 0.024 0.035 0.007 0.021 0.122
320 S 0.172 0.037 0.044 0.042 0.019 0.03 0.048 0.07 0.018 0.034 0.047 0.05 0.016 0.021 0.029 0.18 0.071 0.005 0.017 0.05
