#Seq2Logo.py -f /work3/idamei/wzy_ssn/run/1e-50/run/150/MSAs/0016_135.afa -o /work3/idamei/wzy_ssn/run/1e-50/run/150/logos/0016_135.logo
#Position Specific Frequency Matrix
A R N D C Q E G H I L K M F P S T W Y V
0 L 0.062 0.031 0.02 0.02 0.016 0.027 0.028 0.029 0.016 0.095 0.186 0.035 0.178 0.046 0.016 0.037 0.039 0.008 0.023 0.089
1 K 0.07 0.046 0.028 0.049 0.073 0.03 0.041 0.035 0.019 0.066 0.096 0.097 0.058 0.041 0.02 0.043 0.039 0.008 0.057 0.085
2 L 0.043 0.038 0.081 0.036 0.011 0.071 0.045 0.035 0.02 0.061 0.167 0.045 0.029 0.124 0.016 0.04 0.036 0.009 0.037 0.057
3 E 0.113 0.046 0.111 0.084 0.011 0.075 0.124 0.054 0.024 0.028 0.042 0.062 0.015 0.017 0.024 0.065 0.043 0.005 0.017 0.039
4 G 0.066 0.025 0.049 0.155 0.01 0.023 0.047 0.357 0.015 0.02 0.028 0.037 0.009 0.016 0.02 0.051 0.032 0.005 0.011 0.024
5 G 0.075 0.023 0.031 0.028 0.014 0.018 0.025 0.349 0.012 0.067 0.062 0.031 0.017 0.023 0.018 0.045 0.036 0.005 0.014 0.106
6 V 0.07 0.022 0.016 0.018 0.019 0.016 0.023 0.025 0.008 0.164 0.13 0.026 0.032 0.036 0.016 0.033 0.049 0.005 0.021 0.271
7 R 0.05 0.139 0.112 0.044 0.01 0.039 0.049 0.042 0.021 0.06 0.06 0.128 0.018 0.021 0.021 0.05 0.042 0.005 0.017 0.073
8 I 0.046 0.017 0.014 0.017 0.016 0.013 0.017 0.02 0.009 0.291 0.163 0.023 0.036 0.043 0.014 0.024 0.039 0.006 0.02 0.172
9 K 0.064 0.093 0.042 0.042 0.01 0.049 0.066 0.046 0.02 0.027 0.042 0.255 0.015 0.016 0.027 0.085 0.046 0.005 0.017 0.033
10 S 0.081 0.033 0.039 0.037 0.016 0.026 0.041 0.048 0.015 0.047 0.105 0.044 0.021 0.025 0.109 0.143 0.096 0.005 0.017 0.053
11 S 0.074 0.103 0.042 0.038 0.013 0.034 0.048 0.048 0.019 0.033 0.054 0.101 0.017 0.086 0.024 0.136 0.055 0.007 0.029 0.04
12 G 0.079 0.023 0.039 0.034 0.011 0.019 0.026 0.508 0.014 0.019 0.028 0.034 0.009 0.016 0.019 0.051 0.03 0.005 0.011 0.024
13 R 0.045 0.343 0.039 0.031 0.008 0.049 0.052 0.033 0.023 0.023 0.047 0.121 0.016 0.017 0.019 0.045 0.035 0.006 0.017 0.031
14 K 0.075 0.082 0.045 0.042 0.013 0.041 0.057 0.049 0.019 0.031 0.045 0.167 0.016 0.018 0.027 0.121 0.09 0.005 0.017 0.041
15 T 0.058 0.032 0.032 0.044 0.015 0.026 0.035 0.034 0.02 0.064 0.105 0.039 0.074 0.048 0.021 0.06 0.142 0.01 0.072 0.07
16 H 0.042 0.046 0.054 0.038 0.008 0.038 0.054 0.038 0.353 0.023 0.038 0.046 0.015 0.031 0.019 0.042 0.027 0.008 0.058 0.023
17 P 0.057 0.026 0.023 0.031 0.01 0.021 0.036 0.036 0.013 0.026 0.036 0.041 0.01 0.013 0.492 0.044 0.036 0.003 0.013 0.031
18 L 0.045 0.024 0.014 0.015 0.016 0.016 0.02 0.021 0.01 0.116 0.373 0.025 0.05 0.055 0.014 0.024 0.034 0.007 0.022 0.097
19 A 0.287 0.031 0.026 0.03 0.022 0.026 0.041 0.079 0.015 0.043 0.06 0.045 0.018 0.022 0.03 0.085 0.05 0.005 0.018 0.069
20 L 0.054 0.024 0.014 0.015 0.016 0.016 0.02 0.023 0.01 0.109 0.38 0.025 0.047 0.052 0.014 0.026 0.033 0.007 0.021 0.092
21 L 0.069 0.031 0.031 0.029 0.016 0.023 0.033 0.039 0.013 0.074 0.221 0.037 0.032 0.037 0.021 0.108 0.087 0.006 0.019 0.072
22 F 0.043 0.02 0.02 0.019 0.032 0.013 0.02 0.108 0.014 0.062 0.142 0.022 0.026 0.265 0.012 0.029 0.027 0.012 0.06 0.055
23 G 0.068 0.024 0.033 0.03 0.012 0.019 0.027 0.281 0.014 0.068 0.056 0.033 0.016 0.028 0.018 0.073 0.038 0.089 0.022 0.052
24 F 0.062 0.02 0.017 0.018 0.013 0.013 0.02 0.028 0.014 0.108 0.117 0.022 0.026 0.276 0.013 0.03 0.031 0.013 0.063 0.096
25 L 0.04 0.022 0.015 0.015 0.014 0.014 0.019 0.022 0.012 0.095 0.295 0.022 0.04 0.175 0.013 0.024 0.03 0.01 0.044 0.08
26 I 0.054 0.019 0.015 0.017 0.017 0.014 0.019 0.021 0.008 0.246 0.151 0.024 0.034 0.04 0.015 0.027 0.042 0.006 0.02 0.213
27 L 0.09 0.025 0.016 0.017 0.017 0.017 0.023 0.03 0.011 0.1 0.334 0.028 0.043 0.048 0.016 0.034 0.035 0.007 0.021 0.089
28 F 0.039 0.023 0.018 0.018 0.012 0.016 0.022 0.026 0.016 0.075 0.14 0.024 0.073 0.278 0.012 0.029 0.03 0.014 0.066 0.067
29 L 0.15 0.031 0.031 0.031 0.018 0.025 0.037 0.055 0.015 0.062 0.161 0.041 0.027 0.032 0.024 0.112 0.054 0.006 0.019 0.068
30 V 0.081 0.024 0.022 0.023 0.018 0.019 0.027 0.033 0.01 0.155 0.115 0.03 0.028 0.033 0.019 0.069 0.052 0.005 0.019 0.216
31 F 0.039 0.021 0.021 0.02 0.012 0.013 0.022 0.028 0.016 0.06 0.103 0.023 0.024 0.338 0.013 0.036 0.067 0.015 0.074 0.056
32 L 0.041 0.023 0.014 0.015 0.015 0.015 0.019 0.021 0.011 0.103 0.344 0.024 0.044 0.114 0.013 0.024 0.031 0.009 0.033 0.087
33 F 0.043 0.033 0.077 0.033 0.011 0.056 0.039 0.034 0.02 0.06 0.094 0.039 0.036 0.206 0.015 0.039 0.035 0.011 0.051 0.069
34 V 0.057 0.021 0.018 0.019 0.016 0.015 0.022 0.025 0.01 0.162 0.126 0.025 0.03 0.1 0.016 0.034 0.061 0.007 0.031 0.203
35 C 0.109 0.027 0.079 0.035 0.225 0.021 0.032 0.05 0.015 0.038 0.055 0.035 0.015 0.036 0.021 0.086 0.047 0.005 0.017 0.05
36 Y 0.04 0.028 0.022 0.018 0.009 0.022 0.028 0.025 0.046 0.043 0.068 0.031 0.018 0.129 0.015 0.031 0.028 0.028 0.326 0.046
37 F 0.089 0.024 0.022 0.022 0.014 0.017 0.026 0.036 0.014 0.065 0.142 0.028 0.026 0.21 0.017 0.046 0.072 0.011 0.051 0.065
38 F 0.056 0.022 0.023 0.022 0.013 0.015 0.024 0.115 0.014 0.079 0.107 0.026 0.024 0.191 0.015 0.05 0.037 0.01 0.047 0.11
39 S 0.088 0.032 0.039 0.036 0.1 0.026 0.039 0.051 0.015 0.046 0.106 0.042 0.021 0.026 0.024 0.168 0.064 0.005 0.017 0.052
40 F 0.047 0.02 0.016 0.017 0.012 0.012 0.02 0.026 0.015 0.07 0.158 0.021 0.028 0.326 0.012 0.027 0.027 0.014 0.072 0.061
41 D 0.039 0.027 0.058 0.345 0.008 0.026 0.077 0.042 0.018 0.029 0.042 0.039 0.012 0.082 0.02 0.046 0.033 0.006 0.024 0.029
42 V 0.09 0.022 0.017 0.019 0.019 0.017 0.025 0.029 0.009 0.152 0.122 0.027 0.03 0.034 0.017 0.037 0.049 0.005 0.02 0.259
43 S 0.109 0.04 0.053 0.048 0.017 0.033 0.052 0.066 0.019 0.029 0.041 0.053 0.016 0.021 0.029 0.229 0.081 0.005 0.017 0.041
44 S 0.075 0.039 0.042 0.056 0.012 0.039 0.137 0.047 0.021 0.032 0.051 0.054 0.016 0.086 0.024 0.138 0.055 0.007 0.029 0.039
45 Y 0.05 0.028 0.026 0.023 0.011 0.021 0.03 0.031 0.036 0.043 0.07 0.032 0.019 0.157 0.017 0.066 0.036 0.021 0.237 0.046
46 V 0.064 0.024 0.02 0.02 0.018 0.018 0.025 0.027 0.009 0.133 0.162 0.029 0.032 0.036 0.018 0.041 0.083 0.006 0.02 0.217
47 D 0.057 0.034 0.107 0.227 0.011 0.03 0.066 0.051 0.02 0.028 0.036 0.047 0.012 0.018 0.024 0.094 0.085 0.004 0.014 0.035
48 D 0.047 0.041 0.101 0.2 0.008 0.046 0.19 0.043 0.024 0.022 0.032 0.059 0.011 0.016 0.023 0.055 0.037 0.005 0.014 0.027
49 L 0.054 0.026 0.021 0.02 0.016 0.019 0.025 0.028 0.011 0.098 0.331 0.029 0.043 0.047 0.016 0.062 0.041 0.007 0.021 0.084
50 S 0.105 0.04 0.043 0.041 0.015 0.064 0.052 0.138 0.019 0.034 0.054 0.053 0.03 0.021 0.025 0.144 0.058 0.005 0.017 0.043
51 Y 0.043 0.023 0.018 0.018 0.012 0.018 0.023 0.023 0.028 0.153 0.114 0.027 0.033 0.087 0.015 0.028 0.033 0.017 0.185 0.102
52 A 0.209 0.035 0.039 0.038 0.019 0.029 0.045 0.07 0.017 0.035 0.049 0.048 0.016 0.021 0.029 0.163 0.064 0.005 0.017 0.054
53 F 0.049 0.024 0.023 0.022 0.012 0.017 0.026 0.031 0.021 0.061 0.14 0.028 0.026 0.228 0.015 0.063 0.036 0.015 0.107 0.057
54 I 0.097 0.026 0.021 0.032 0.016 0.024 0.074 0.033 0.012 0.178 0.116 0.036 0.028 0.033 0.019 0.041 0.042 0.006 0.019 0.149
55 F 0.051 0.021 0.017 0.017 0.014 0.015 0.022 0.024 0.017 0.105 0.111 0.024 0.026 0.179 0.014 0.029 0.036 0.013 0.098 0.165
56 L 0.045 0.023 0.014 0.015 0.015 0.016 0.021 0.023 0.01 0.106 0.287 0.024 0.039 0.051 0.013 0.025 0.033 0.094 0.029 0.116
57 A 0.215 0.027 0.021 0.024 0.018 0.021 0.032 0.058 0.014 0.058 0.125 0.036 0.024 0.093 0.023 0.062 0.042 0.007 0.03 0.069
58 L 0.042 0.024 0.015 0.018 0.014 0.017 0.032 0.022 0.012 0.1 0.332 0.026 0.043 0.11 0.014 0.025 0.031 0.008 0.032 0.084
59 F 0.086 0.02 0.017 0.019 0.094 0.013 0.021 0.034 0.013 0.094 0.103 0.024 0.024 0.216 0.015 0.037 0.033 0.011 0.051 0.076
60 V 0.08 0.022 0.016 0.018 0.018 0.016 0.023 0.027 0.009 0.164 0.171 0.026 0.033 0.038 0.016 0.033 0.044 0.006 0.02 0.219
61 Y 0.058 0.029 0.027 0.025 0.013 0.023 0.031 0.034 0.029 0.057 0.145 0.035 0.025 0.08 0.018 0.084 0.042 0.016 0.171 0.057
62 I 0.048 0.018 0.014 0.017 0.1 0.013 0.017 0.022 0.009 0.217 0.186 0.023 0.034 0.041 0.014 0.027 0.037 0.006 0.019 0.138
63 F 0.052 0.022 0.021 0.02 0.014 0.015 0.023 0.028 0.013 0.094 0.108 0.025 0.026 0.209 0.015 0.039 0.075 0.011 0.051 0.138
64 L 0.135 0.027 0.019 0.02 0.016 0.02 0.028 0.041 0.018 0.076 0.219 0.032 0.032 0.055 0.019 0.045 0.037 0.01 0.075 0.076
65 S 0.085 0.032 0.038 0.035 0.017 0.025 0.038 0.046 0.014 0.09 0.078 0.041 0.022 0.027 0.024 0.142 0.101 0.005 0.018 0.122
66 F 0.036 0.021 0.017 0.016 0.011 0.013 0.02 0.024 0.02 0.067 0.152 0.022 0.028 0.295 0.012 0.025 0.026 0.017 0.119 0.059
67 L 0.043 0.082 0.019 0.018 0.013 0.022 0.026 0.023 0.018 0.116 0.236 0.041 0.035 0.058 0.015 0.028 0.033 0.01 0.075 0.088
68 S 0.123 0.033 0.037 0.035 0.017 0.026 0.039 0.053 0.015 0.07 0.118 0.043 0.023 0.028 0.025 0.144 0.079 0.006 0.018 0.068
69 L 0.049 0.045 0.028 0.038 0.012 0.101 0.099 0.03 0.019 0.066 0.21 0.055 0.032 0.033 0.019 0.04 0.036 0.006 0.02 0.062
70 G 0.067 0.096 0.038 0.034 0.01 0.029 0.037 0.354 0.016 0.021 0.033 0.094 0.011 0.016 0.02 0.049 0.031 0.005 0.013 0.026
71 F 0.046 0.029 0.024 0.041 0.011 0.03 0.123 0.028 0.018 0.065 0.088 0.039 0.022 0.205 0.016 0.036 0.033 0.011 0.05 0.086
72 K 0.109 0.08 0.04 0.04 0.012 0.044 0.061 0.052 0.019 0.03 0.045 0.211 0.015 0.017 0.028 0.09 0.047 0.005 0.017 0.04
73 P 0.051 0.024 0.019 0.022 0.013 0.018 0.027 0.027 0.016 0.073 0.16 0.032 0.025 0.045 0.216 0.033 0.035 0.008 0.065 0.09
74 T 0.071 0.034 0.042 0.036 0.017 0.027 0.038 0.042 0.013 0.052 0.063 0.044 0.019 0.023 0.027 0.09 0.271 0.006 0.017 0.069
75 S 0.106 0.039 0.052 0.047 0.017 0.032 0.051 0.064 0.019 0.029 0.041 0.052 0.015 0.02 0.029 0.245 0.079 0.005 0.017 0.041
76 L 0.084 0.026 0.016 0.017 0.016 0.019 0.024 0.03 0.011 0.099 0.315 0.029 0.064 0.047 0.016 0.034 0.036 0.007 0.021 0.089
77 L 0.06 0.029 0.03 0.027 0.016 0.022 0.029 0.105 0.013 0.071 0.175 0.035 0.051 0.034 0.02 0.056 0.13 0.006 0.018 0.072
78 F 0.047 0.02 0.016 0.017 0.014 0.013 0.02 0.024 0.013 0.101 0.117 0.021 0.027 0.255 0.013 0.028 0.034 0.012 0.059 0.151
79 L 0.042 0.022 0.014 0.015 0.015 0.014 0.019 0.021 0.011 0.131 0.319 0.023 0.043 0.104 0.013 0.024 0.032 0.008 0.031 0.099
80 F 0.033 0.018 0.016 0.016 0.01 0.01 0.018 0.024 0.016 0.07 0.112 0.019 0.025 0.395 0.01 0.025 0.025 0.016 0.083 0.057
81 F 0.041 0.033 0.159 0.054 0.009 0.028 0.074 0.06 0.023 0.037 0.062 0.041 0.016 0.17 0.017 0.048 0.036 0.009 0.043 0.037
82 V 0.063 0.022 0.021 0.02 0.155 0.017 0.023 0.028 0.022 0.125 0.101 0.027 0.025 0.03 0.017 0.041 0.074 0.005 0.018 0.166
83 S 0.088 0.031 0.04 0.036 0.155 0.025 0.038 0.068 0.015 0.036 0.05 0.041 0.016 0.02 0.024 0.158 0.092 0.005 0.015 0.048
84 T 0.067 0.034 0.03 0.029 0.015 0.052 0.039 0.035 0.015 0.073 0.124 0.041 0.026 0.082 0.02 0.057 0.129 0.007 0.028 0.097
85 F 0.146 0.025 0.021 0.022 0.014 0.018 0.028 0.045 0.02 0.051 0.082 0.031 0.02 0.202 0.019 0.05 0.043 0.013 0.093 0.058
86 V 0.057 0.021 0.015 0.017 0.017 0.016 0.021 0.023 0.009 0.16 0.205 0.025 0.035 0.04 0.033 0.029 0.042 0.006 0.02 0.209
87 F 0.033 0.019 0.016 0.016 0.01 0.011 0.019 0.025 0.017 0.061 0.109 0.019 0.024 0.398 0.01 0.025 0.025 0.017 0.095 0.053
88 I 0.045 0.031 0.015 0.017 0.015 0.014 0.019 0.02 0.009 0.26 0.192 0.026 0.037 0.043 0.014 0.025 0.037 0.006 0.02 0.155
89 G 0.058 0.021 0.04 0.028 0.01 0.016 0.023 0.313 0.015 0.035 0.06 0.028 0.015 0.17 0.015 0.04 0.028 0.01 0.04 0.035
90 G 0.076 0.022 0.038 0.033 0.01 0.018 0.025 0.527 0.013 0.018 0.027 0.033 0.009 0.016 0.018 0.05 0.029 0.005 0.01 0.023
91 R 0.043 0.367 0.037 0.03 0.008 0.047 0.051 0.032 0.023 0.023 0.045 0.116 0.015 0.017 0.019 0.043 0.034 0.006 0.017 0.03
92 F 0.037 0.019 0.016 0.016 0.012 0.012 0.018 0.023 0.014 0.105 0.159 0.02 0.03 0.291 0.012 0.025 0.028 0.013 0.065 0.084
93 F 0.04 0.019 0.015 0.016 0.014 0.012 0.018 0.022 0.012 0.171 0.184 0.021 0.033 0.188 0.013 0.024 0.032 0.01 0.046 0.111
94 S 0.128 0.037 0.047 0.043 0.017 0.03 0.047 0.062 0.03 0.034 0.046 0.049 0.016 0.021 0.028 0.193 0.1 0.005 0.018 0.048
95 K 0.05 0.061 0.036 0.032 0.01 0.035 0.048 0.036 0.075 0.037 0.058 0.143 0.017 0.093 0.021 0.049 0.067 0.01 0.081 0.041
96 P 0.05 0.022 0.021 0.024 0.013 0.017 0.026 0.028 0.012 0.144 0.102 0.03 0.024 0.085 0.162 0.039 0.07 0.006 0.027 0.097
97 L 0.04 0.021 0.015 0.016 0.014 0.014 0.019 0.022 0.012 0.124 0.277 0.022 0.039 0.156 0.013 0.024 0.031 0.01 0.04 0.093
98 L 0.048 0.028 0.017 0.018 0.016 0.022 0.024 0.025 0.013 0.108 0.286 0.031 0.106 0.051 0.015 0.03 0.037 0.008 0.023 0.094
99 N 0.053 0.037 0.158 0.058 0.011 0.032 0.079 0.118 0.021 0.039 0.09 0.047 0.018 0.023 0.02 0.06 0.074 0.005 0.016 0.043
100 P 0.053 0.025 0.027 0.028 0.011 0.02 0.031 0.104 0.065 0.103 0.072 0.034 0.018 0.024 0.217 0.038 0.034 0.005 0.021 0.07
101 N 0.043 0.045 0.314 0.083 0.009 0.034 0.05 0.065 0.032 0.023 0.032 0.054 0.011 0.018 0.02 0.07 0.05 0.005 0.016 0.027
102 D 0.047 0.031 0.058 0.311 0.008 0.032 0.113 0.115 0.018 0.021 0.028 0.046 0.01 0.015 0.022 0.051 0.034 0.004 0.012 0.025
103 V 0.104 0.026 0.023 0.025 0.017 0.02 0.031 0.039 0.011 0.096 0.13 0.034 0.026 0.03 0.093 0.071 0.048 0.005 0.018 0.153
104 G 0.051 0.034 0.105 0.055 0.009 0.033 0.101 0.162 0.021 0.023 0.037 0.046 0.012 0.027 0.018 0.049 0.034 0.129 0.027 0.028
105 D 0.073 0.037 0.055 0.187 0.012 0.036 0.112 0.052 0.02 0.025 0.035 0.053 0.012 0.017 0.026 0.142 0.055 0.005 0.015 0.033
106 I 0.052 0.02 0.017 0.021 0.015 0.015 0.023 0.025 0.01 0.194 0.119 0.028 0.027 0.033 0.156 0.031 0.039 0.005 0.018 0.152
107 F 0.033 0.018 0.016 0.016 0.01 0.01 0.018 0.025 0.016 0.061 0.11 0.018 0.025 0.408 0.01 0.025 0.025 0.016 0.086 0.053
108 A 0.288 0.031 0.026 0.03 0.022 0.026 0.041 0.079 0.015 0.043 0.06 0.045 0.018 0.022 0.03 0.085 0.05 0.005 0.018 0.069
109 D 0.162 0.03 0.045 0.197 0.015 0.027 0.06 0.058 0.016 0.035 0.045 0.043 0.014 0.018 0.025 0.07 0.074 0.005 0.014 0.048
110 L 0.054 0.021 0.014 0.016 0.016 0.015 0.019 0.022 0.009 0.181 0.292 0.024 0.042 0.048 0.014 0.026 0.035 0.006 0.021 0.123
111 D 0.044 0.036 0.098 0.275 0.007 0.039 0.149 0.044 0.022 0.022 0.03 0.053 0.01 0.015 0.022 0.054 0.037 0.004 0.013 0.026
112 F 0.033 0.018 0.016 0.016 0.01 0.01 0.018 0.025 0.016 0.061 0.11 0.018 0.025 0.408 0.01 0.025 0.025 0.016 0.086 0.053
113 F 0.043 0.026 0.018 0.018 0.013 0.02 0.023 0.026 0.016 0.082 0.156 0.028 0.119 0.201 0.013 0.03 0.033 0.011 0.05 0.074
114 A 0.21 0.032 0.032 0.032 0.019 0.026 0.039 0.061 0.014 0.046 0.06 0.043 0.018 0.022 0.028 0.085 0.144 0.005 0.017 0.067
115 T 0.062 0.047 0.084 0.05 0.013 0.036 0.084 0.044 0.018 0.039 0.051 0.086 0.016 0.02 0.025 0.076 0.173 0.005 0.017 0.052
116 Y 0.037 0.025 0.02 0.018 0.009 0.018 0.025 0.024 0.037 0.048 0.079 0.027 0.02 0.207 0.014 0.029 0.026 0.024 0.268 0.047
117 K 0.053 0.068 0.03 0.03 0.011 0.037 0.049 0.034 0.02 0.086 0.074 0.184 0.021 0.038 0.022 0.042 0.038 0.008 0.064 0.091
118 L 0.101 0.029 0.028 0.028 0.016 0.022 0.033 0.043 0.013 0.066 0.195 0.037 0.029 0.033 0.091 0.098 0.048 0.005 0.018 0.065
119 A 0.176 0.034 0.079 0.041 0.018 0.027 0.042 0.063 0.017 0.04 0.053 0.046 0.016 0.021 0.027 0.106 0.117 0.005 0.017 0.058
120 P 0.062 0.032 0.038 0.097 0.011 0.03 0.086 0.041 0.016 0.028 0.039 0.047 0.012 0.016 0.233 0.081 0.075 0.004 0.014 0.036
121 Y 0.08 0.029 0.074 0.086 0.011 0.023 0.04 0.041 0.03 0.038 0.06 0.036 0.016 0.116 0.018 0.053 0.036 0.015 0.153 0.043
122 D 0.045 0.035 0.09 0.218 0.009 0.037 0.139 0.041 0.02 0.061 0.049 0.05 0.014 0.019 0.021 0.05 0.037 0.004 0.014 0.047
123 G 0.078 0.05 0.043 0.039 0.012 0.032 0.045 0.256 0.017 0.024 0.035 0.115 0.013 0.017 0.024 0.106 0.046 0.005 0.014 0.031
124 V 0.063 0.027 0.067 0.03 0.016 0.02 0.029 0.034 0.013 0.134 0.144 0.032 0.029 0.034 0.018 0.065 0.049 0.005 0.019 0.173
125 R 0.044 0.223 0.032 0.035 0.009 0.04 0.081 0.029 0.024 0.064 0.063 0.084 0.018 0.036 0.018 0.04 0.034 0.009 0.063 0.052
126 L 0.088 0.023 0.016 0.018 0.017 0.016 0.022 0.029 0.01 0.151 0.24 0.027 0.037 0.042 0.016 0.034 0.039 0.006 0.02 0.149
127 G 0.077 0.023 0.039 0.033 0.011 0.019 0.025 0.517 0.013 0.019 0.028 0.033 0.009 0.016 0.019 0.051 0.029 0.005 0.011 0.024
128 F 0.033 0.019 0.017 0.017 0.01 0.01 0.019 0.025 0.017 0.063 0.113 0.019 0.025 0.395 0.01 0.025 0.025 0.017 0.088 0.054
129 L 0.039 0.023 0.017 0.016 0.012 0.016 0.021 0.023 0.022 0.077 0.22 0.024 0.033 0.175 0.013 0.026 0.029 0.015 0.131 0.068
130 S 0.082 0.033 0.04 0.037 0.016 0.026 0.04 0.049 0.016 0.048 0.105 0.042 0.022 0.081 0.024 0.16 0.092 0.007 0.027 0.054
131 L 0.046 0.071 0.061 0.028 0.013 0.026 0.03 0.03 0.02 0.121 0.129 0.043 0.086 0.048 0.016 0.037 0.038 0.009 0.06 0.089
132 I 0.05 0.063 0.017 0.018 0.015 0.018 0.023 0.022 0.01 0.205 0.168 0.035 0.033 0.039 0.015 0.028 0.039 0.006 0.02 0.174
133 F 0.044 0.02 0.017 0.018 0.012 0.013 0.021 0.026 0.014 0.081 0.105 0.023 0.024 0.266 0.074 0.029 0.032 0.012 0.06 0.111
134 L 0.063 0.026 0.026 0.025 0.015 0.02 0.028 0.095 0.012 0.102 0.233 0.032 0.033 0.039 0.018 0.083 0.044 0.006 0.019 0.081
135 F 0.033 0.018 0.016 0.016 0.01 0.01 0.018 0.024 0.016 0.061 0.11 0.018 0.024 0.409 0.01 0.024 0.024 0.016 0.086 0.053
136 S 0.071 0.036 0.074 0.041 0.014 0.052 0.046 0.046 0.018 0.085 0.067 0.048 0.019 0.023 0.084 0.12 0.055 0.005 0.017 0.077
137 L 0.056 0.07 0.024 0.023 0.014 0.025 0.03 0.031 0.015 0.107 0.131 0.042 0.087 0.083 0.017 0.059 0.042 0.008 0.029 0.107
138 F 0.037 0.025 0.022 0.019 0.01 0.018 0.026 0.025 0.071 0.055 0.12 0.027 0.024 0.211 0.013 0.028 0.027 0.018 0.17 0.051
139 L 0.055 0.027 0.022 0.022 0.016 0.022 0.027 0.029 0.013 0.127 0.223 0.032 0.096 0.044 0.017 0.06 0.043 0.007 0.021 0.098
140 G 0.056 0.034 0.21 0.06 0.009 0.026 0.038 0.262 0.023 0.02 0.029 0.044 0.01 0.017 0.019 0.06 0.04 0.005 0.013 0.025
141 L 0.041 0.023 0.015 0.015 0.015 0.015 0.02 0.022 0.012 0.101 0.317 0.023 0.043 0.14 0.013 0.024 0.031 0.009 0.038 0.085
142 G 0.074 0.026 0.037 0.033 0.012 0.02 0.03 0.282 0.016 0.032 0.052 0.035 0.015 0.112 0.019 0.09 0.041 0.008 0.031 0.036
143 Y 0.04 0.028 0.021 0.018 0.009 0.021 0.028 0.025 0.046 0.043 0.067 0.031 0.018 0.129 0.015 0.031 0.028 0.028 0.329 0.046
144 A 0.154 0.025 0.019 0.021 0.015 0.018 0.028 0.047 0.014 0.056 0.12 0.03 0.023 0.141 0.018 0.049 0.035 0.081 0.044 0.061
145 V 0.055 0.022 0.019 0.019 0.016 0.016 0.023 0.026 0.011 0.122 0.134 0.026 0.029 0.141 0.016 0.037 0.071 0.009 0.038 0.17
146 L 0.047 0.022 0.014 0.015 0.016 0.015 0.02 0.021 0.009 0.145 0.324 0.024 0.044 0.049 0.014 0.025 0.035 0.006 0.021 0.133
147 G 0.072 0.087 0.041 0.036 0.012 0.03 0.04 0.251 0.016 0.026 0.039 0.087 0.013 0.017 0.022 0.083 0.073 0.005 0.014 0.034
148 R 0.047 0.192 0.032 0.029 0.01 0.038 0.046 0.031 0.018 0.102 0.078 0.143 0.021 0.024 0.02 0.04 0.036 0.005 0.018 0.071
149 D 0.042 0.083 0.117 0.243 0.008 0.037 0.107 0.045 0.022 0.022 0.032 0.06 0.011 0.016 0.021 0.053 0.037 0.004 0.013 0.026
150 I 0.049 0.035 0.072 0.087 0.013 0.024 0.04 0.033 0.015 0.159 0.102 0.07 0.025 0.03 0.018 0.039 0.04 0.005 0.017 0.127
151 K 0.056 0.124 0.127 0.051 0.01 0.043 0.057 0.049 0.023 0.025 0.039 0.162 0.014 0.017 0.023 0.082 0.046 0.005 0.016 0.031
152 F 0.044 0.051 0.027 0.027 0.01 0.056 0.044 0.031 0.018 0.053 0.122 0.11 0.024 0.189 0.017 0.036 0.032 0.01 0.047 0.05
153 K 0.053 0.134 0.037 0.037 0.009 0.046 0.06 0.039 0.019 0.026 0.041 0.224 0.014 0.015 0.105 0.049 0.037 0.005 0.016 0.031
154 L 0.044 0.027 0.063 0.027 0.013 0.019 0.027 0.029 0.018 0.076 0.245 0.031 0.033 0.053 0.086 0.033 0.034 0.009 0.065 0.068
155 G 0.074 0.031 0.084 0.043 0.013 0.025 0.036 0.256 0.016 0.03 0.04 0.041 0.013 0.019 0.022 0.092 0.108 0.005 0.014 0.039
156 L 0.068 0.029 0.041 0.03 0.016 0.022 0.032 0.039 0.014 0.102 0.21 0.036 0.032 0.037 0.02 0.113 0.052 0.006 0.019 0.081
157 P 0.057 0.026 0.023 0.031 0.01 0.021 0.036 0.036 0.013 0.026 0.036 0.041 0.01 0.013 0.492 0.044 0.036 0.003 0.013 0.031
158 S 0.092 0.031 0.036 0.034 0.017 0.025 0.038 0.048 0.015 0.098 0.136 0.041 0.026 0.032 0.023 0.144 0.061 0.006 0.019 0.079
159 G 0.067 0.031 0.139 0.05 0.01 0.024 0.035 0.332 0.019 0.02 0.03 0.041 0.01 0.017 0.02 0.072 0.039 0.005 0.013 0.026
160 G 0.074 0.037 0.039 0.035 0.01 0.025 0.033 0.425 0.015 0.02 0.03 0.078 0.01 0.016 0.02 0.058 0.033 0.005 0.012 0.026
161 V 0.083 0.03 0.088 0.037 0.016 0.023 0.034 0.043 0.015 0.1 0.087 0.037 0.023 0.028 0.02 0.084 0.054 0.005 0.018 0.176
162 E 0.051 0.037 0.04 0.119 0.009 0.041 0.172 0.057 0.02 0.028 0.041 0.053 0.013 0.024 0.021 0.054 0.072 0.089 0.023 0.035
163 E 0.05 0.055 0.085 0.064 0.009 0.047 0.172 0.038 0.022 0.038 0.096 0.109 0.019 0.022 0.023 0.05 0.038 0.005 0.017 0.04
164 G 0.072 0.036 0.039 0.038 0.01 0.027 0.052 0.416 0.015 0.02 0.03 0.073 0.01 0.016 0.02 0.051 0.031 0.005 0.012 0.026
165 G 0.084 0.026 0.042 0.036 0.012 0.022 0.031 0.422 0.014 0.021 0.031 0.037 0.011 0.017 0.021 0.09 0.04 0.005 0.012 0.028
166 G 0.078 0.025 0.039 0.034 0.012 0.02 0.028 0.419 0.014 0.023 0.036 0.035 0.011 0.044 0.019 0.075 0.036 0.006 0.017 0.028
167 H 0.041 0.045 0.092 0.044 0.008 0.037 0.052 0.041 0.319 0.022 0.037 0.046 0.014 0.028 0.019 0.045 0.029 0.007 0.05 0.023
168 F 0.033 0.019 0.017 0.017 0.01 0.01 0.019 0.025 0.017 0.063 0.113 0.019 0.025 0.395 0.01 0.025 0.025 0.017 0.088 0.054
169 S 0.108 0.04 0.053 0.048 0.017 0.033 0.052 0.065 0.019 0.029 0.041 0.053 0.015 0.021 0.029 0.23 0.081 0.005 0.017 0.041
170 P 0.062 0.038 0.087 0.043 0.011 0.028 0.043 0.046 0.018 0.025 0.036 0.068 0.012 0.015 0.288 0.084 0.046 0.004 0.014 0.032
171 L 0.047 0.056 0.018 0.019 0.015 0.023 0.025 0.024 0.013 0.139 0.227 0.037 0.098 0.045 0.015 0.03 0.037 0.007 0.022 0.104
172 L 0.052 0.025 0.02 0.022 0.014 0.018 0.027 0.029 0.012 0.079 0.251 0.031 0.034 0.055 0.15 0.049 0.037 0.006 0.022 0.07
173 R 0.055 0.178 0.059 0.032 0.055 0.032 0.038 0.123 0.018 0.049 0.057 0.07 0.017 0.02 0.018 0.044 0.037 0.005 0.016 0.078
174 L 0.054 0.07 0.026 0.025 0.106 0.028 0.034 0.032 0.015 0.061 0.107 0.078 0.079 0.056 0.019 0.046 0.07 0.007 0.023 0.063
175 V 0.07 0.022 0.017 0.019 0.015 0.016 0.024 0.028 0.011 0.127 0.149 0.027 0.029 0.101 0.086 0.033 0.038 0.007 0.031 0.151
176 L 0.082 0.021 0.016 0.018 0.016 0.015 0.021 0.029 0.01 0.188 0.206 0.026 0.035 0.044 0.016 0.032 0.037 0.042 0.023 0.124
177 F 0.045 0.022 0.021 0.021 0.012 0.014 0.023 0.03 0.016 0.064 0.141 0.024 0.027 0.302 0.013 0.056 0.033 0.013 0.067 0.057
178 F 0.082 0.023 0.018 0.019 0.014 0.015 0.023 0.033 0.014 0.073 0.187 0.025 0.03 0.224 0.015 0.042 0.033 0.011 0.053 0.067
179 L 0.042 0.022 0.014 0.015 0.015 0.014 0.019 0.021 0.011 0.132 0.316 0.023 0.042 0.106 0.013 0.024 0.032 0.008 0.031 0.099
180 V 0.056 0.022 0.016 0.017 0.016 0.016 0.022 0.023 0.014 0.141 0.182 0.026 0.033 0.054 0.015 0.029 0.04 0.009 0.07 0.199
181 V 0.058 0.022 0.019 0.02 0.017 0.017 0.023 0.025 0.009 0.177 0.169 0.027 0.033 0.038 0.017 0.037 0.077 0.006 0.02 0.19
182 L 0.072 0.022 0.016 0.018 0.017 0.017 0.022 0.027 0.01 0.18 0.185 0.027 0.058 0.041 0.016 0.032 0.041 0.006 0.02 0.171
183 L 0.087 0.021 0.016 0.018 0.017 0.016 0.021 0.029 0.01 0.194 0.217 0.027 0.036 0.042 0.016 0.033 0.038 0.006 0.02 0.136
184 C 0.087 0.019 0.017 0.018 0.2 0.013 0.021 0.035 0.013 0.051 0.084 0.023 0.02 0.198 0.015 0.039 0.032 0.01 0.047 0.056
185 L 0.068 0.028 0.029 0.028 0.016 0.022 0.031 0.037 0.013 0.108 0.223 0.035 0.033 0.039 0.02 0.109 0.051 0.006 0.02 0.085
186 L 0.047 0.021 0.016 0.018 0.052 0.015 0.021 0.024 0.012 0.158 0.2 0.026 0.033 0.046 0.091 0.028 0.035 0.007 0.043 0.107
187 L 0.047 0.031 0.14 0.041 0.088 0.023 0.031 0.04 0.018 0.064 0.172 0.036 0.05 0.033 0.017 0.045 0.04 0.006 0.018 0.061
188 L 0.056 0.025 0.02 0.02 0.09 0.018 0.024 0.029 0.011 0.088 0.29 0.028 0.038 0.043 0.016 0.06 0.04 0.006 0.019 0.079
189 Y 0.046 0.035 0.021 0.021 0.012 0.022 0.03 0.026 0.026 0.1 0.093 0.068 0.023 0.125 0.016 0.032 0.033 0.015 0.153 0.102
190 V 0.066 0.038 0.035 0.073 0.013 0.065 0.112 0.036 0.017 0.076 0.072 0.052 0.021 0.023 0.021 0.074 0.048 0.005 0.018 0.133
191 E 0.056 0.053 0.041 0.067 0.009 0.112 0.208 0.037 0.024 0.027 0.043 0.073 0.016 0.017 0.025 0.059 0.073 0.006 0.017 0.037
192 Y 0.038 0.024 0.019 0.017 0.01 0.017 0.023 0.024 0.031 0.059 0.131 0.026 0.025 0.201 0.013 0.027 0.027 0.021 0.213 0.055
193 R 0.057 0.148 0.09 0.1 0.01 0.034 0.051 0.119 0.021 0.025 0.042 0.069 0.019 0.018 0.021 0.08 0.042 0.005 0.015 0.031
194 L 0.043 0.084 0.133 0.056 0.012 0.029 0.038 0.039 0.02 0.061 0.17 0.051 0.05 0.033 0.017 0.045 0.039 0.006 0.018 0.057
195 Y 0.04 0.026 0.019 0.017 0.011 0.019 0.025 0.023 0.034 0.064 0.168 0.028 0.027 0.104 0.015 0.028 0.029 0.021 0.242 0.06
196 L 0.063 0.039 0.026 0.03 0.015 0.027 0.056 0.033 0.013 0.094 0.176 0.075 0.03 0.034 0.02 0.067 0.046 0.006 0.019 0.132
197 I 0.054 0.047 0.025 0.026 0.014 0.027 0.036 0.03 0.013 0.158 0.15 0.111 0.029 0.034 0.019 0.05 0.041 0.006 0.019 0.111
198 A 0.155 0.034 0.038 0.037 0.018 0.027 0.042 0.059 0.015 0.039 0.052 0.046 0.017 0.021 0.065 0.132 0.125 0.005 0.017 0.056
199 K 0.068 0.056 0.037 0.035 0.013 0.034 0.048 0.044 0.018 0.045 0.078 0.126 0.045 0.087 0.023 0.108 0.05 0.007 0.03 0.048
200 S 0.096 0.037 0.055 0.109 0.015 0.032 0.057 0.061 0.019 0.028 0.038 0.051 0.014 0.019 0.028 0.21 0.072 0.005 0.016 0.038
201 D 0.045 0.041 0.094 0.176 0.009 0.068 0.11 0.041 0.022 0.037 0.093 0.054 0.018 0.022 0.021 0.05 0.038 0.005 0.016 0.039
202 G 0.076 0.022 0.038 0.033 0.011 0.018 0.025 0.524 0.013 0.018 0.028 0.033 0.009 0.016 0.018 0.05 0.029 0.005 0.011 0.024
203 Y 0.039 0.027 0.021 0.018 0.009 0.021 0.027 0.024 0.045 0.042 0.067 0.03 0.018 0.127 0.015 0.03 0.027 0.027 0.337 0.045
204 L 0.045 0.032 0.019 0.02 0.015 0.053 0.033 0.024 0.013 0.098 0.335 0.035 0.044 0.047 0.015 0.029 0.034 0.007 0.021 0.084
205 A 0.217 0.034 0.038 0.037 0.019 0.028 0.045 0.071 0.016 0.036 0.05 0.048 0.016 0.021 0.029 0.155 0.063 0.005 0.017 0.055
206 R 0.045 0.201 0.031 0.028 0.01 0.068 0.049 0.03 0.019 0.053 0.161 0.081 0.027 0.029 0.018 0.039 0.034 0.006 0.019 0.052
207 Y 0.039 0.027 0.021 0.018 0.009 0.021 0.027 0.024 0.045 0.042 0.067 0.03 0.018 0.127 0.015 0.03 0.027 0.027 0.337 0.045
208 S 0.091 0.034 0.044 0.04 0.016 0.027 0.041 0.134 0.016 0.041 0.097 0.045 0.02 0.025 0.025 0.173 0.063 0.005 0.017 0.047
209 G 0.078 0.023 0.039 0.034 0.011 0.019 0.026 0.511 0.013 0.019 0.028 0.034 0.009 0.016 0.019 0.051 0.03 0.005 0.011 0.024
210 F 0.044 0.027 0.035 0.089 0.009 0.021 0.038 0.113 0.08 0.038 0.063 0.031 0.017 0.166 0.016 0.037 0.028 0.013 0.098 0.037
211 Q 0.054 0.071 0.043 0.046 0.009 0.236 0.1 0.04 0.029 0.026 0.046 0.089 0.02 0.014 0.023 0.054 0.04 0.006 0.02 0.034
212 G 0.124 0.031 0.041 0.038 0.016 0.026 0.038 0.216 0.015 0.031 0.043 0.043 0.014 0.019 0.025 0.126 0.089 0.005 0.015 0.044
213 E 0.071 0.045 0.044 0.074 0.01 0.053 0.228 0.044 0.023 0.024 0.037 0.066 0.013 0.018 0.026 0.116 0.05 0.005 0.016 0.034
214 A 0.233 0.039 0.033 0.035 0.018 0.061 0.051 0.068 0.017 0.037 0.053 0.052 0.017 0.02 0.028 0.104 0.052 0.005 0.018 0.057
215 Y 0.039 0.027 0.021 0.018 0.009 0.021 0.027 0.024 0.045 0.042 0.067 0.03 0.018 0.127 0.015 0.03 0.027 0.027 0.337 0.045
216 A 0.146 0.051 0.042 0.101 0.014 0.067 0.065 0.057 0.019 0.031 0.045 0.095 0.016 0.018 0.026 0.094 0.048 0.005 0.016 0.044
217 G 0.198 0.029 0.034 0.033 0.017 0.024 0.036 0.223 0.015 0.032 0.045 0.041 0.014 0.019 0.025 0.098 0.047 0.005 0.015 0.048
218 G 0.076 0.022 0.038 0.033 0.011 0.018 0.025 0.524 0.013 0.018 0.028 0.033 0.009 0.016 0.018 0.05 0.029 0.005 0.011 0.024
219 D 0.123 0.036 0.119 0.142 0.014 0.03 0.057 0.063 0.021 0.029 0.04 0.049 0.013 0.019 0.025 0.109 0.053 0.005 0.015 0.04
220 G 0.112 0.056 0.04 0.038 0.014 0.034 0.049 0.132 0.017 0.032 0.046 0.128 0.015 0.018 0.026 0.095 0.084 0.005 0.016 0.044
221 F 0.041 0.021 0.02 0.02 0.012 0.014 0.022 0.027 0.015 0.098 0.112 0.024 0.026 0.28 0.014 0.036 0.067 0.013 0.064 0.076
222 L 0.042 0.035 0.019 0.02 0.013 0.02 0.027 0.026 0.014 0.081 0.24 0.068 0.035 0.164 0.015 0.029 0.031 0.01 0.042 0.07
223 K 0.053 0.057 0.033 0.04 0.011 0.038 0.09 0.034 0.022 0.047 0.107 0.128 0.021 0.042 0.022 0.05 0.073 0.009 0.071 0.05
224 T 0.119 0.032 0.038 0.036 0.018 0.026 0.039 0.052 0.015 0.082 0.072 0.043 0.02 0.025 0.026 0.128 0.13 0.005 0.018 0.076
225 L 0.044 0.023 0.014 0.015 0.016 0.015 0.019 0.021 0.01 0.142 0.354 0.024 0.046 0.051 0.014 0.024 0.034 0.007 0.021 0.107
226 F 0.036 0.021 0.017 0.016 0.011 0.013 0.02 0.024 0.02 0.067 0.151 0.021 0.028 0.299 0.012 0.025 0.026 0.017 0.117 0.059
227 Y 0.037 0.024 0.02 0.018 0.009 0.018 0.024 0.024 0.036 0.049 0.081 0.026 0.02 0.219 0.014 0.028 0.026 0.024 0.253 0.048
228 V 0.061 0.022 0.02 0.02 0.017 0.017 0.023 0.026 0.009 0.186 0.128 0.028 0.03 0.036 0.017 0.039 0.081 0.006 0.02 0.213
229 F 0.116 0.023 0.018 0.02 0.015 0.016 0.025 0.039 0.014 0.066 0.154 0.027 0.027 0.219 0.016 0.041 0.033 0.011 0.053 0.066
230 L 0.048 0.024 0.019 0.019 0.016 0.017 0.022 0.024 0.01 0.132 0.3 0.028 0.041 0.046 0.016 0.035 0.073 0.007 0.021 0.103
231 G 0.076 0.022 0.038 0.033 0.011 0.018 0.025 0.524 0.013 0.018 0.028 0.033 0.009 0.016 0.018 0.05 0.029 0.005 0.011 0.024
232 L 0.044 0.021 0.014 0.016 0.016 0.015 0.019 0.02 0.009 0.172 0.316 0.024 0.044 0.05 0.014 0.024 0.035 0.007 0.021 0.12
233 L 0.112 0.029 0.029 0.028 0.097 0.022 0.033 0.046 0.013 0.061 0.165 0.036 0.027 0.031 0.022 0.109 0.051 0.006 0.018 0.065
234 F 0.036 0.023 0.019 0.017 0.01 0.016 0.023 0.024 0.031 0.052 0.089 0.024 0.021 0.265 0.013 0.028 0.026 0.022 0.211 0.049
235 S 0.127 0.031 0.036 0.034 0.098 0.025 0.038 0.054 0.014 0.055 0.062 0.041 0.018 0.023 0.025 0.146 0.062 0.005 0.017 0.089
236 F 0.055 0.039 0.031 0.029 0.012 0.024 0.036 0.037 0.017 0.049 0.08 0.075 0.021 0.212 0.019 0.076 0.077 0.011 0.052 0.05
237 C 0.057 0.09 0.025 0.025 0.253 0.026 0.034 0.034 0.013 0.034 0.052 0.086 0.015 0.017 0.1 0.043 0.036 0.004 0.014 0.043
238 L 0.066 0.046 0.085 0.041 0.014 0.03 0.043 0.046 0.018 0.055 0.157 0.084 0.025 0.03 0.022 0.108 0.052 0.006 0.018 0.054
239 K 0.063 0.075 0.042 0.057 0.009 0.052 0.148 0.043 0.022 0.025 0.04 0.182 0.014 0.016 0.027 0.084 0.045 0.005 0.017 0.033
240 R 0.076 0.166 0.036 0.033 0.012 0.041 0.051 0.04 0.018 0.042 0.055 0.151 0.017 0.019 0.023 0.056 0.077 0.005 0.017 0.062
241 L 0.051 0.031 0.024 0.04 0.012 0.032 0.12 0.026 0.02 0.108 0.137 0.042 0.026 0.048 0.018 0.036 0.036 0.009 0.072 0.11
242 K 0.05 0.113 0.032 0.032 0.011 0.069 0.054 0.033 0.018 0.114 0.084 0.141 0.023 0.025 0.021 0.042 0.038 0.005 0.018 0.079
243 K 0.052 0.075 0.032 0.033 0.011 0.039 0.052 0.035 0.016 0.115 0.082 0.206 0.022 0.024 0.023 0.043 0.039 0.005 0.018 0.079
244 I 0.046 0.021 0.017 0.018 0.015 0.016 0.021 0.023 0.011 0.189 0.185 0.026 0.056 0.095 0.015 0.03 0.052 0.008 0.03 0.124
245 I 0.066 0.028 0.072 0.035 0.015 0.022 0.032 0.039 0.014 0.16 0.104 0.036 0.026 0.032 0.019 0.094 0.053 0.005 0.018 0.13
246 I 0.045 0.019 0.016 0.017 0.083 0.014 0.019 0.023 0.015 0.163 0.16 0.023 0.031 0.105 0.014 0.027 0.034 0.01 0.074 0.109
247 L 0.044 0.025 0.016 0.016 0.015 0.018 0.022 0.023 0.012 0.101 0.296 0.027 0.084 0.102 0.014 0.027 0.033 0.008 0.031 0.087
248 L 0.07 0.03 0.031 0.03 0.015 0.023 0.034 0.04 0.018 0.092 0.163 0.037 0.028 0.048 0.02 0.119 0.053 0.009 0.065 0.075
249 L 0.043 0.024 0.015 0.015 0.015 0.016 0.021 0.021 0.015 0.102 0.347 0.025 0.044 0.064 0.014 0.025 0.032 0.01 0.067 0.086
250 F 0.043 0.021 0.016 0.016 0.082 0.014 0.02 0.025 0.013 0.078 0.196 0.023 0.053 0.198 0.013 0.028 0.03 0.011 0.048 0.07
251 V 0.07 0.023 0.019 0.02 0.018 0.017 0.024 0.027 0.009 0.152 0.158 0.028 0.032 0.036 0.017 0.04 0.076 0.006 0.02 0.206
252 L 0.046 0.029 0.023 0.021 0.014 0.024 0.028 0.026 0.069 0.109 0.176 0.032 0.096 0.056 0.016 0.032 0.034 0.01 0.072 0.086
253 G 0.114 0.026 0.038 0.034 0.013 0.021 0.031 0.395 0.014 0.023 0.034 0.037 0.011 0.017 0.021 0.082 0.039 0.005 0.012 0.032
254 L 0.046 0.024 0.018 0.018 0.015 0.017 0.022 0.024 0.011 0.096 0.306 0.026 0.041 0.099 0.015 0.033 0.065 0.008 0.03 0.084
255 L 0.082 0.023 0.015 0.017 0.016 0.016 0.022 0.028 0.01 0.154 0.28 0.027 0.04 0.046 0.016 0.032 0.036 0.006 0.02 0.112
256 S 0.076 0.031 0.08 0.041 0.015 0.025 0.037 0.117 0.017 0.102 0.072 0.041 0.02 0.026 0.022 0.128 0.056 0.005 0.017 0.074
257 L 0.083 0.022 0.016 0.018 0.016 0.016 0.021 0.028 0.01 0.179 0.247 0.026 0.038 0.044 0.016 0.032 0.037 0.006 0.02 0.123
258 L 0.082 0.024 0.015 0.017 0.016 0.017 0.022 0.028 0.01 0.128 0.313 0.027 0.042 0.047 0.016 0.032 0.036 0.006 0.021 0.101
259 G 0.177 0.027 0.031 0.031 0.017 0.022 0.034 0.195 0.014 0.069 0.062 0.039 0.017 0.022 0.024 0.088 0.046 0.005 0.016 0.066
260 G 0.076 0.022 0.038 0.033 0.01 0.018 0.025 0.525 0.013 0.018 0.027 0.033 0.009 0.016 0.018 0.05 0.029 0.005 0.01 0.024
261 Q 0.128 0.06 0.038 0.041 0.012 0.177 0.083 0.05 0.024 0.03 0.049 0.076 0.019 0.016 0.025 0.062 0.042 0.006 0.019 0.044
262 R 0.043 0.365 0.038 0.03 0.008 0.047 0.051 0.032 0.023 0.023 0.045 0.117 0.015 0.017 0.019 0.043 0.034 0.006 0.017 0.03
263 G 0.076 0.022 0.038 0.033 0.01 0.018 0.025 0.525 0.013 0.018 0.027 0.033 0.009 0.016 0.018 0.05 0.029 0.005 0.01 0.024
264 G 0.101 0.031 0.032 0.033 0.012 0.051 0.041 0.251 0.015 0.025 0.037 0.044 0.012 0.015 0.161 0.053 0.035 0.005 0.013 0.033
265 F 0.033 0.018 0.016 0.016 0.01 0.01 0.018 0.025 0.016 0.062 0.111 0.018 0.025 0.405 0.01 0.025 0.025 0.016 0.086 0.053
266 V 0.067 0.021 0.016 0.017 0.017 0.015 0.021 0.024 0.009 0.187 0.173 0.025 0.034 0.039 0.016 0.03 0.043 0.006 0.02 0.22
267 I 0.071 0.027 0.029 0.029 0.017 0.021 0.031 0.037 0.012 0.159 0.107 0.035 0.027 0.032 0.021 0.098 0.085 0.005 0.019 0.141
268 S 0.125 0.034 0.042 0.039 0.018 0.028 0.043 0.057 0.016 0.053 0.059 0.046 0.018 0.023 0.027 0.168 0.098 0.005 0.017 0.084
269 L 0.045 0.023 0.015 0.016 0.016 0.017 0.02 0.021 0.01 0.162 0.299 0.026 0.064 0.049 0.014 0.025 0.035 0.007 0.021 0.115
270 F 0.078 0.023 0.017 0.018 0.014 0.016 0.023 0.031 0.014 0.078 0.196 0.026 0.053 0.199 0.015 0.034 0.032 0.011 0.049 0.072
271 L 0.047 0.028 0.018 0.018 0.015 0.023 0.025 0.026 0.015 0.094 0.209 0.031 0.143 0.099 0.015 0.032 0.036 0.009 0.032 0.085
272 L 0.053 0.022 0.021 0.02 0.014 0.016 0.021 0.165 0.011 0.111 0.256 0.027 0.035 0.041 0.015 0.031 0.032 0.006 0.018 0.085
273 L 0.047 0.021 0.014 0.016 0.016 0.015 0.019 0.021 0.009 0.17 0.29 0.024 0.042 0.048 0.014 0.025 0.036 0.006 0.021 0.144
274 W 0.029 0.022 0.015 0.015 0.007 0.015 0.022 0.029 0.015 0.029 0.051 0.022 0.015 0.059 0.007 0.022 0.022 0.508 0.066 0.029
275 L 0.157 0.026 0.019 0.021 0.017 0.019 0.028 0.045 0.013 0.075 0.209 0.032 0.031 0.09 0.02 0.049 0.038 0.008 0.029 0.076
276 Y 0.04 0.026 0.02 0.018 0.01 0.02 0.026 0.024 0.04 0.078 0.08 0.029 0.021 0.115 0.015 0.029 0.029 0.024 0.293 0.063
277 G 0.076 0.022 0.038 0.033 0.01 0.018 0.025 0.525 0.013 0.018 0.027 0.033 0.009 0.016 0.018 0.05 0.029 0.005 0.01 0.024
278 L 0.045 0.069 0.017 0.018 0.015 0.019 0.023 0.022 0.011 0.203 0.212 0.037 0.036 0.042 0.015 0.027 0.036 0.006 0.02 0.129
279 N 0.046 0.088 0.252 0.067 0.01 0.034 0.047 0.056 0.027 0.026 0.037 0.06 0.013 0.018 0.021 0.067 0.078 0.005 0.016 0.033
280 H 0.046 0.134 0.045 0.037 0.008 0.044 0.058 0.038 0.172 0.024 0.041 0.151 0.015 0.022 0.022 0.045 0.032 0.006 0.033 0.027
281 K 0.05 0.103 0.083 0.095 0.008 0.046 0.067 0.044 0.021 0.025 0.038 0.222 0.014 0.015 0.024 0.053 0.039 0.005 0.016 0.03
282 I 0.055 0.019 0.015 0.017 0.017 0.014 0.019 0.022 0.008 0.237 0.146 0.024 0.033 0.039 0.015 0.027 0.042 0.006 0.02 0.224
283 S 0.088 0.078 0.043 0.039 0.015 0.03 0.043 0.116 0.017 0.044 0.051 0.055 0.016 0.021 0.024 0.165 0.062 0.005 0.016 0.071
284 L 0.047 0.024 0.019 0.019 0.013 0.017 0.024 0.029 0.012 0.098 0.203 0.027 0.031 0.049 0.014 0.053 0.036 0.174 0.035 0.075
285 F 0.042 0.056 0.026 0.026 0.009 0.029 0.04 0.033 0.018 0.042 0.073 0.139 0.019 0.189 0.017 0.036 0.03 0.082 0.054 0.041
286 G 0.065 0.065 0.04 0.037 0.011 0.037 0.049 0.203 0.017 0.028 0.041 0.167 0.014 0.017 0.024 0.058 0.073 0.005 0.015 0.035
287 L 0.052 0.023 0.015 0.016 0.017 0.016 0.021 0.022 0.009 0.128 0.304 0.025 0.042 0.047 0.015 0.026 0.038 0.006 0.021 0.159
288 L 0.101 0.03 0.024 0.024 0.017 0.024 0.031 0.039 0.014 0.082 0.211 0.036 0.083 0.04 0.019 0.074 0.045 0.007 0.021 0.079
289 L 0.131 0.026 0.024 0.025 0.017 0.02 0.03 0.045 0.013 0.101 0.14 0.033 0.027 0.094 0.02 0.078 0.045 0.007 0.03 0.091
290 L 0.121 0.023 0.019 0.021 0.016 0.017 0.025 0.038 0.012 0.14 0.158 0.029 0.03 0.098 0.018 0.044 0.048 0.008 0.03 0.104
291 F 0.079 0.02 0.018 0.019 0.012 0.013 0.022 0.033 0.016 0.058 0.102 0.023 0.023 0.34 0.013 0.034 0.029 0.015 0.075 0.056
292 L 0.066 0.028 0.032 0.03 0.016 0.022 0.032 0.039 0.014 0.097 0.136 0.036 0.027 0.094 0.02 0.101 0.095 0.008 0.03 0.079
293 L 0.126 0.029 0.026 0.026 0.017 0.022 0.032 0.046 0.013 0.074 0.221 0.036 0.032 0.037 0.021 0.093 0.048 0.006 0.019 0.074
294 L 0.05 0.024 0.021 0.021 0.014 0.017 0.024 0.029 0.014 0.081 0.24 0.027 0.035 0.165 0.015 0.06 0.038 0.01 0.042 0.071
295 F 0.099 0.024 0.027 0.026 0.013 0.018 0.028 0.123 0.016 0.046 0.077 0.031 0.019 0.211 0.018 0.075 0.039 0.011 0.051 0.049
296 L 0.053 0.023 0.018 0.018 0.015 0.016 0.021 0.105 0.01 0.105 0.288 0.026 0.039 0.044 0.015 0.029 0.034 0.006 0.02 0.114
297 L 0.064 0.025 0.026 0.025 0.096 0.018 0.027 0.036 0.013 0.105 0.14 0.031 0.027 0.094 0.018 0.09 0.047 0.007 0.029 0.081
298 L 0.088 0.025 0.016 0.017 0.017 0.017 0.023 0.03 0.011 0.101 0.337 0.028 0.043 0.048 0.016 0.033 0.035 0.007 0.021 0.089
299 V 0.056 0.025 0.069 0.027 0.016 0.018 0.025 0.029 0.012 0.151 0.161 0.029 0.031 0.036 0.016 0.035 0.044 0.006 0.02 0.193
300 L 0.043 0.021 0.015 0.016 0.015 0.014 0.019 0.021 0.01 0.165 0.258 0.023 0.039 0.107 0.013 0.024 0.034 0.008 0.032 0.121
301 I 0.041 0.019 0.015 0.017 0.014 0.013 0.018 0.022 0.011 0.185 0.184 0.022 0.034 0.165 0.013 0.024 0.033 0.009 0.042 0.119
302 G 0.058 0.027 0.025 0.023 0.014 0.022 0.025 0.192 0.014 0.074 0.17 0.033 0.103 0.038 0.016 0.038 0.035 0.007 0.019 0.068
303 S 0.082 0.042 0.096 0.05 0.013 0.064 0.054 0.137 0.021 0.025 0.038 0.055 0.014 0.018 0.025 0.149 0.059 0.005 0.016 0.034
304 F 0.038 0.02 0.015 0.016 0.013 0.012 0.019 0.023 0.013 0.115 0.202 0.021 0.033 0.241 0.012 0.024 0.029 0.012 0.056 0.085
305 S 0.101 0.038 0.051 0.046 0.017 0.031 0.049 0.061 0.018 0.033 0.045 0.051 0.016 0.021 0.029 0.216 0.111 0.005 0.017 0.045
306 A 0.236 0.03 0.028 0.03 0.02 0.025 0.039 0.066 0.014 0.059 0.066 0.042 0.019 0.023 0.027 0.101 0.054 0.005 0.018 0.1
307 R 0.043 0.363 0.038 0.03 0.008 0.047 0.051 0.032 0.023 0.023 0.045 0.117 0.015 0.017 0.019 0.043 0.034 0.006 0.017 0.03
308 G 0.125 0.029 0.041 0.037 0.014 0.024 0.036 0.296 0.015 0.026 0.037 0.041 0.012 0.018 0.024 0.119 0.049 0.005 0.014 0.037
309 L 0.051 0.029 0.081 0.096 0.014 0.023 0.04 0.036 0.015 0.08 0.172 0.036 0.028 0.033 0.019 0.048 0.077 0.005 0.018 0.099
310 A 0.125 0.051 0.082 0.041 0.013 0.065 0.054 0.052 0.026 0.034 0.05 0.093 0.016 0.036 0.024 0.062 0.051 0.009 0.07 0.045
311 V 0.056 0.023 0.021 0.02 0.014 0.018 0.024 0.107 0.021 0.119 0.096 0.028 0.024 0.064 0.016 0.033 0.036 0.013 0.124 0.144
312 N 0.065 0.04 0.147 0.126 0.011 0.037 0.1 0.056 0.024 0.024 0.034 0.055 0.012 0.018 0.024 0.12 0.054 0.005 0.015 0.031
313 L 0.044 0.024 0.014 0.015 0.016 0.016 0.02 0.021 0.01 0.115 0.38 0.025 0.049 0.054 0.014 0.024 0.033 0.007 0.022 0.096
314 D 0.094 0.027 0.049 0.255 0.012 0.025 0.065 0.047 0.016 0.079 0.061 0.04 0.016 0.022 0.022 0.052 0.038 0.004 0.014 0.062
315 N 0.107 0.036 0.136 0.05 0.014 0.028 0.043 0.059 0.022 0.034 0.052 0.045 0.016 0.083 0.023 0.121 0.055 0.007 0.028 0.042
316 G 0.072 0.033 0.09 0.052 0.011 0.03 0.082 0.289 0.019 0.021 0.032 0.046 0.011 0.017 0.021 0.085 0.042 0.005 0.013 0.028
317 W 0.04 0.023 0.017 0.018 0.011 0.017 0.024 0.027 0.018 0.088 0.127 0.027 0.024 0.059 0.094 0.028 0.03 0.176 0.087 0.067
318 L 0.048 0.021 0.014 0.016 0.016 0.015 0.019 0.021 0.009 0.18 0.272 0.024 0.041 0.047 0.014 0.025 0.037 0.006 0.021 0.152
319 G 0.052 0.029 0.095 0.165 0.009 0.025 0.05 0.204 0.023 0.024 0.034 0.039 0.011 0.034 0.019 0.05 0.034 0.008 0.066 0.028
320 F 0.06 0.024 0.026 0.024 0.014 0.017 0.026 0.114 0.014 0.074 0.135 0.029 0.025 0.155 0.016 0.066 0.04 0.009 0.04 0.092
