#Seq2Logo.py -f /work3/idamei/wzy_ssn/run/1e-50/run/150/MSAs/0016_22.afa -o /work3/idamei/wzy_ssn/run/1e-50/run/150/logos/0016_22.logo
#Position Specific Frequency Matrix
A R N D C Q E G H I L K M F P S T W Y V
0 L 0.05 0.031 0.019 0.019 0.016 0.027 0.027 0.027 0.016 0.097 0.19 0.035 0.189 0.047 0.016 0.035 0.039 0.008 0.023 0.089
1 R 0.045 0.343 0.039 0.031 0.008 0.049 0.052 0.033 0.023 0.023 0.047 0.121 0.016 0.017 0.019 0.045 0.035 0.006 0.017 0.031
2 S 0.11 0.04 0.054 0.049 0.018 0.033 0.053 0.067 0.019 0.03 0.042 0.054 0.016 0.021 0.03 0.217 0.082 0.005 0.018 0.042
3 I 0.047 0.018 0.015 0.018 0.016 0.013 0.018 0.021 0.009 0.269 0.168 0.024 0.037 0.044 0.015 0.025 0.04 0.006 0.021 0.177
4 F 0.034 0.019 0.017 0.017 0.011 0.011 0.019 0.025 0.017 0.064 0.115 0.019 0.025 0.385 0.011 0.025 0.025 0.017 0.089 0.055
5 V 0.07 0.022 0.017 0.018 0.019 0.017 0.023 0.025 0.008 0.165 0.131 0.026 0.032 0.036 0.017 0.033 0.05 0.006 0.021 0.266
6 F 0.063 0.028 0.022 0.035 0.013 0.027 0.096 0.029 0.016 0.122 0.113 0.037 0.045 0.126 0.017 0.037 0.035 0.008 0.036 0.095
7 Y 0.043 0.03 0.024 0.035 0.01 0.029 0.098 0.026 0.029 0.065 0.114 0.038 0.026 0.118 0.017 0.034 0.03 0.016 0.161 0.057
8 N 0.043 0.031 0.14 0.042 0.012 0.023 0.032 0.04 0.02 0.081 0.105 0.036 0.042 0.124 0.016 0.047 0.058 0.008 0.035 0.065
9 L 0.092 0.022 0.016 0.018 0.016 0.016 0.022 0.031 0.011 0.155 0.191 0.026 0.033 0.086 0.016 0.035 0.038 0.007 0.028 0.14
10 L 0.046 0.02 0.015 0.016 0.015 0.014 0.019 0.021 0.01 0.18 0.235 0.023 0.041 0.091 0.014 0.025 0.036 0.007 0.029 0.142
11 I 0.065 0.025 0.029 0.028 0.015 0.02 0.028 0.115 0.012 0.151 0.116 0.033 0.026 0.032 0.02 0.075 0.081 0.006 0.018 0.104
12 F 0.05 0.024 0.021 0.021 0.014 0.017 0.025 0.03 0.015 0.099 0.154 0.027 0.055 0.197 0.015 0.058 0.038 0.011 0.049 0.082
13 L 0.045 0.024 0.014 0.015 0.016 0.016 0.02 0.021 0.01 0.116 0.373 0.025 0.05 0.055 0.014 0.024 0.034 0.007 0.022 0.097
14 C 0.065 0.016 0.016 0.016 0.482 0.012 0.016 0.033 0.008 0.045 0.065 0.02 0.016 0.02 0.016 0.041 0.037 0.004 0.012 0.057
15 I 0.048 0.019 0.014 0.017 0.016 0.014 0.018 0.021 0.009 0.24 0.207 0.023 0.038 0.044 0.014 0.025 0.038 0.006 0.02 0.17
16 L 0.078 0.023 0.016 0.017 0.015 0.016 0.022 0.029 0.012 0.108 0.236 0.026 0.039 0.127 0.015 0.032 0.035 0.009 0.035 0.11
17 F 0.037 0.02 0.015 0.016 0.012 0.012 0.019 0.023 0.014 0.08 0.218 0.021 0.033 0.275 0.012 0.024 0.027 0.013 0.062 0.068
18 L 0.132 0.024 0.019 0.021 0.018 0.018 0.026 0.039 0.011 0.146 0.18 0.031 0.032 0.037 0.019 0.046 0.051 0.006 0.019 0.127
19 L 0.043 0.021 0.015 0.016 0.014 0.014 0.019 0.023 0.012 0.115 0.226 0.022 0.039 0.182 0.013 0.025 0.032 0.01 0.045 0.114
20 A 0.139 0.032 0.035 0.033 0.018 0.025 0.038 0.053 0.014 0.073 0.106 0.042 0.023 0.027 0.025 0.13 0.085 0.005 0.018 0.078
21 G 0.078 0.023 0.039 0.034 0.011 0.019 0.026 0.509 0.014 0.019 0.028 0.034 0.009 0.016 0.019 0.051 0.03 0.005 0.011 0.024
22 A 0.289 0.031 0.026 0.03 0.022 0.026 0.041 0.078 0.015 0.043 0.059 0.045 0.018 0.022 0.03 0.085 0.05 0.005 0.018 0.069
23 F 0.052 0.023 0.022 0.02 0.075 0.016 0.024 0.028 0.015 0.078 0.129 0.027 0.026 0.149 0.016 0.041 0.082 0.01 0.064 0.101
24 L 0.077 0.022 0.016 0.017 0.046 0.015 0.021 0.029 0.011 0.119 0.263 0.025 0.037 0.09 0.015 0.032 0.034 0.007 0.028 0.094
25 L 0.057 0.025 0.023 0.022 0.016 0.018 0.026 0.029 0.011 0.132 0.221 0.03 0.035 0.056 0.017 0.061 0.071 0.006 0.023 0.121
26 A 0.113 0.084 0.038 0.034 0.014 0.033 0.046 0.049 0.062 0.043 0.091 0.084 0.02 0.025 0.024 0.101 0.057 0.006 0.022 0.054
27 N 0.051 0.046 0.168 0.052 0.01 0.032 0.045 0.049 0.049 0.037 0.084 0.077 0.018 0.036 0.02 0.076 0.045 0.008 0.06 0.039
28 A 0.116 0.089 0.027 0.027 0.013 0.03 0.04 0.043 0.02 0.052 0.063 0.09 0.018 0.047 0.021 0.057 0.039 0.071 0.065 0.073
29 G 0.06 0.154 0.039 0.034 0.011 0.063 0.048 0.159 0.019 0.029 0.045 0.073 0.015 0.018 0.021 0.058 0.093 0.006 0.016 0.039
30 L 0.04 0.022 0.015 0.015 0.013 0.014 0.02 0.024 0.012 0.084 0.205 0.022 0.032 0.141 0.012 0.024 0.03 0.135 0.048 0.092
31 R 0.048 0.192 0.072 0.038 0.008 0.039 0.05 0.038 0.021 0.024 0.04 0.124 0.013 0.015 0.143 0.048 0.037 0.005 0.016 0.03
32 I 0.042 0.019 0.016 0.017 0.013 0.014 0.019 0.022 0.015 0.201 0.138 0.023 0.034 0.144 0.013 0.025 0.034 0.011 0.077 0.124
33 F 0.045 0.021 0.019 0.019 0.013 0.014 0.021 0.047 0.014 0.099 0.179 0.024 0.03 0.225 0.013 0.044 0.033 0.011 0.053 0.075
34 G 0.091 0.03 0.045 0.04 0.014 0.025 0.038 0.295 0.016 0.023 0.034 0.042 0.012 0.018 0.023 0.148 0.054 0.005 0.014 0.032
35 F 0.047 0.039 0.028 0.034 0.011 0.053 0.074 0.031 0.022 0.049 0.076 0.063 0.02 0.178 0.018 0.043 0.061 0.012 0.084 0.057
36 R 0.053 0.186 0.116 0.047 0.009 0.066 0.057 0.045 0.025 0.024 0.041 0.104 0.015 0.017 0.021 0.077 0.044 0.005 0.017 0.031
37 P 0.152 0.027 0.023 0.029 0.014 0.022 0.037 0.05 0.013 0.031 0.043 0.041 0.013 0.016 0.33 0.057 0.04 0.004 0.014 0.044
38 H 0.069 0.041 0.051 0.041 0.012 0.034 0.05 0.048 0.197 0.028 0.041 0.047 0.015 0.025 0.023 0.124 0.077 0.006 0.036 0.035
39 P 0.058 0.023 0.019 0.024 0.014 0.017 0.028 0.029 0.011 0.099 0.083 0.032 0.02 0.04 0.263 0.036 0.04 0.004 0.019 0.142
40 L 0.047 0.022 0.014 0.016 0.016 0.015 0.019 0.021 0.009 0.163 0.304 0.024 0.043 0.048 0.014 0.025 0.036 0.006 0.021 0.137
41 G 0.105 0.027 0.062 0.037 0.012 0.022 0.032 0.353 0.017 0.024 0.035 0.038 0.011 0.022 0.021 0.079 0.039 0.006 0.026 0.032
42 F 0.114 0.024 0.023 0.023 0.014 0.017 0.028 0.042 0.015 0.059 0.124 0.03 0.024 0.218 0.018 0.067 0.038 0.011 0.052 0.06
43 V 0.056 0.024 0.021 0.021 0.015 0.018 0.026 0.027 0.015 0.111 0.103 0.029 0.031 0.09 0.078 0.039 0.068 0.009 0.067 0.153
44 L 0.043 0.02 0.014 0.016 0.015 0.013 0.018 0.021 0.01 0.196 0.238 0.023 0.038 0.1 0.013 0.024 0.034 0.008 0.03 0.126
45 L 0.078 0.022 0.019 0.02 0.014 0.015 0.022 0.092 0.013 0.096 0.177 0.025 0.029 0.169 0.015 0.035 0.032 0.01 0.042 0.077
46 L 0.046 0.024 0.018 0.018 0.015 0.017 0.022 0.024 0.012 0.119 0.264 0.027 0.057 0.091 0.015 0.033 0.063 0.008 0.029 0.094
47 Q 0.089 0.053 0.043 0.042 0.013 0.135 0.071 0.047 0.022 0.034 0.05 0.067 0.019 0.018 0.025 0.097 0.105 0.006 0.018 0.046
48 L 0.047 0.02 0.014 0.016 0.016 0.014 0.019 0.021 0.009 0.21 0.246 0.024 0.04 0.045 0.014 0.025 0.037 0.006 0.021 0.157
49 F 0.037 0.02 0.015 0.016 0.012 0.012 0.019 0.023 0.014 0.08 0.218 0.021 0.033 0.275 0.012 0.024 0.027 0.013 0.062 0.068
50 V 0.055 0.02 0.015 0.017 0.016 0.014 0.02 0.023 0.009 0.172 0.166 0.024 0.033 0.085 0.015 0.028 0.041 0.007 0.028 0.21
51 L 0.049 0.04 0.025 0.028 0.013 0.096 0.054 0.029 0.017 0.079 0.195 0.047 0.032 0.08 0.017 0.036 0.036 0.007 0.029 0.091
52 I 0.058 0.026 0.028 0.027 0.016 0.02 0.028 0.031 0.011 0.174 0.113 0.033 0.027 0.033 0.02 0.057 0.155 0.006 0.019 0.12
53 L 0.05 0.021 0.014 0.016 0.016 0.015 0.019 0.021 0.009 0.192 0.241 0.024 0.039 0.044 0.014 0.026 0.038 0.006 0.021 0.172
54 P 0.055 0.025 0.023 0.03 0.01 0.02 0.035 0.035 0.012 0.025 0.035 0.04 0.01 0.012 0.511 0.042 0.035 0.003 0.012 0.03
55 G 0.076 0.022 0.038 0.033 0.01 0.018 0.025 0.527 0.013 0.018 0.027 0.033 0.009 0.016 0.018 0.05 0.029 0.005 0.01 0.023
56 T 0.067 0.029 0.032 0.029 0.017 0.022 0.032 0.035 0.011 0.109 0.091 0.037 0.024 0.028 0.022 0.067 0.187 0.006 0.018 0.138
57 I 0.043 0.019 0.014 0.016 0.015 0.013 0.018 0.021 0.01 0.22 0.214 0.023 0.037 0.091 0.014 0.024 0.035 0.007 0.029 0.137
58 L 0.111 0.024 0.017 0.019 0.017 0.017 0.024 0.034 0.011 0.14 0.253 0.029 0.037 0.042 0.018 0.038 0.038 0.006 0.02 0.106
59 V 0.056 0.02 0.015 0.017 0.017 0.015 0.02 0.022 0.008 0.204 0.173 0.024 0.035 0.04 0.015 0.028 0.042 0.006 0.02 0.222
60 G 0.111 0.033 0.045 0.041 0.016 0.027 0.042 0.178 0.016 0.03 0.041 0.046 0.014 0.019 0.026 0.164 0.088 0.005 0.015 0.042
61 F 0.04 0.021 0.016 0.016 0.012 0.014 0.02 0.023 0.017 0.084 0.178 0.022 0.03 0.237 0.012 0.026 0.03 0.014 0.093 0.092
62 F 0.04 0.02 0.019 0.018 0.011 0.012 0.02 0.087 0.016 0.063 0.141 0.021 0.026 0.301 0.012 0.028 0.026 0.014 0.072 0.055
63 E 0.085 0.057 0.067 0.121 0.01 0.043 0.155 0.106 0.021 0.024 0.036 0.078 0.012 0.016 0.023 0.057 0.037 0.005 0.015 0.033
64 F 0.039 0.027 0.073 0.033 0.01 0.021 0.05 0.031 0.026 0.076 0.086 0.032 0.021 0.194 0.015 0.035 0.032 0.015 0.124 0.059
65 P 0.057 0.023 0.021 0.026 0.133 0.018 0.03 0.034 0.011 0.029 0.042 0.035 0.011 0.014 0.387 0.042 0.035 0.003 0.012 0.036
66 L 0.069 0.027 0.017 0.018 0.016 0.021 0.024 0.028 0.012 0.102 0.28 0.03 0.098 0.047 0.016 0.033 0.037 0.007 0.022 0.098
67 G 0.081 0.028 0.035 0.032 0.016 0.023 0.033 0.164 0.013 0.069 0.103 0.037 0.022 0.027 0.021 0.116 0.053 0.005 0.017 0.106
68 F 0.056 0.028 0.027 0.025 0.013 0.021 0.03 0.034 0.023 0.059 0.128 0.033 0.044 0.151 0.017 0.083 0.042 0.014 0.116 0.057
69 G 0.053 0.028 0.115 0.137 0.011 0.024 0.045 0.164 0.017 0.072 0.057 0.038 0.015 0.022 0.019 0.049 0.038 0.005 0.014 0.076
70 V 0.06 0.025 0.022 0.022 0.017 0.02 0.026 0.028 0.011 0.136 0.157 0.031 0.05 0.036 0.018 0.045 0.1 0.006 0.02 0.171
71 C 0.051 0.043 0.043 0.13 0.131 0.105 0.07 0.039 0.064 0.029 0.044 0.054 0.015 0.018 0.02 0.048 0.036 0.005 0.02 0.035
72 N 0.066 0.038 0.118 0.101 0.012 0.034 0.083 0.05 0.021 0.038 0.058 0.05 0.035 0.022 0.023 0.097 0.087 0.005 0.016 0.045
73 L 0.061 0.028 0.033 0.082 0.014 0.026 0.071 0.095 0.014 0.094 0.132 0.038 0.024 0.03 0.019 0.066 0.051 0.005 0.017 0.099
74 I 0.05 0.021 0.016 0.018 0.016 0.017 0.021 0.022 0.01 0.223 0.163 0.026 0.073 0.042 0.015 0.028 0.04 0.006 0.021 0.171
75 S 0.136 0.037 0.046 0.043 0.018 0.03 0.047 0.063 0.017 0.034 0.047 0.049 0.016 0.021 0.028 0.196 0.102 0.005 0.017 0.049
76 E 0.09 0.052 0.065 0.083 0.01 0.119 0.159 0.045 0.025 0.026 0.042 0.071 0.016 0.016 0.024 0.059 0.04 0.005 0.017 0.036
77 S 0.088 0.042 0.108 0.063 0.013 0.039 0.117 0.057 0.022 0.026 0.038 0.057 0.014 0.019 0.026 0.154 0.06 0.005 0.016 0.036
78 T 0.096 0.03 0.029 0.028 0.017 0.023 0.032 0.039 0.012 0.1 0.123 0.042 0.026 0.03 0.022 0.07 0.139 0.006 0.018 0.118
79 K 0.05 0.107 0.031 0.03 0.011 0.039 0.049 0.033 0.017 0.056 0.149 0.176 0.045 0.029 0.021 0.041 0.036 0.006 0.019 0.054
80 I 0.047 0.074 0.071 0.094 0.011 0.034 0.11 0.034 0.018 0.119 0.081 0.053 0.021 0.026 0.019 0.043 0.038 0.005 0.017 0.087
81 F 0.042 0.04 0.063 0.035 0.01 0.028 0.063 0.032 0.026 0.049 0.107 0.073 0.021 0.146 0.017 0.038 0.032 0.014 0.115 0.047
82 T 0.101 0.029 0.033 0.03 0.017 0.023 0.033 0.102 0.012 0.073 0.074 0.038 0.02 0.025 0.023 0.069 0.158 0.005 0.017 0.119
83 F 0.045 0.021 0.016 0.017 0.014 0.014 0.021 0.024 0.013 0.096 0.16 0.023 0.05 0.225 0.013 0.028 0.033 0.011 0.053 0.123
84 R 0.042 0.144 0.023 0.022 0.012 0.03 0.032 0.026 0.015 0.137 0.134 0.057 0.027 0.036 0.015 0.031 0.034 0.069 0.025 0.091
85 Y 0.056 0.03 0.04 0.125 0.011 0.026 0.048 0.039 0.032 0.034 0.05 0.039 0.015 0.072 0.02 0.089 0.042 0.016 0.177 0.039
86 T 0.063 0.032 0.037 0.032 0.015 0.025 0.035 0.037 0.021 0.049 0.064 0.04 0.019 0.049 0.024 0.075 0.211 0.011 0.098 0.063
87 F 0.058 0.022 0.018 0.019 0.013 0.015 0.022 0.028 0.014 0.104 0.157 0.025 0.049 0.217 0.014 0.033 0.046 0.011 0.052 0.082
88 L 0.058 0.024 0.026 0.024 0.046 0.018 0.025 0.091 0.011 0.134 0.152 0.031 0.028 0.034 0.019 0.049 0.109 0.006 0.018 0.099
89 S 0.096 0.034 0.043 0.04 0.017 0.028 0.043 0.054 0.016 0.067 0.063 0.045 0.019 0.024 0.025 0.192 0.071 0.005 0.018 0.099
90 I 0.045 0.019 0.014 0.016 0.016 0.014 0.018 0.02 0.009 0.25 0.221 0.023 0.039 0.045 0.014 0.024 0.037 0.006 0.02 0.151
91 A 0.135 0.027 0.031 0.03 0.057 0.022 0.033 0.111 0.013 0.099 0.076 0.037 0.02 0.025 0.023 0.105 0.055 0.005 0.016 0.079
92 L 0.094 0.023 0.019 0.021 0.047 0.017 0.024 0.034 0.011 0.143 0.181 0.029 0.031 0.068 0.018 0.048 0.054 0.007 0.025 0.108
93 L 0.042 0.022 0.014 0.015 0.015 0.015 0.019 0.021 0.011 0.127 0.326 0.023 0.043 0.103 0.013 0.024 0.032 0.008 0.031 0.097
94 L 0.04 0.021 0.015 0.015 0.014 0.014 0.019 0.022 0.012 0.095 0.278 0.022 0.038 0.185 0.013 0.024 0.03 0.01 0.046 0.086
95 L 0.04 0.022 0.014 0.015 0.014 0.014 0.019 0.022 0.011 0.115 0.27 0.023 0.038 0.119 0.012 0.024 0.03 0.071 0.039 0.087
96 G 0.078 0.028 0.031 0.029 0.014 0.023 0.031 0.141 0.015 0.073 0.099 0.036 0.064 0.085 0.019 0.09 0.045 0.008 0.028 0.064
97 L 0.047 0.021 0.014 0.016 0.016 0.015 0.019 0.021 0.009 0.189 0.276 0.024 0.041 0.047 0.014 0.025 0.036 0.006 0.021 0.145
98 S 0.138 0.032 0.035 0.033 0.016 0.025 0.039 0.055 0.016 0.044 0.093 0.042 0.02 0.037 0.024 0.138 0.065 0.069 0.025 0.054
99 F 0.063 0.021 0.019 0.02 0.015 0.015 0.023 0.028 0.012 0.144 0.137 0.025 0.029 0.153 0.015 0.047 0.04 0.009 0.04 0.145
100 A 0.115 0.027 0.027 0.027 0.077 0.02 0.031 0.045 0.014 0.065 0.113 0.034 0.023 0.091 0.021 0.098 0.049 0.007 0.029 0.087
101 F 0.065 0.028 0.033 0.03 0.014 0.021 0.033 0.042 0.018 0.047 0.076 0.035 0.02 0.203 0.019 0.116 0.076 0.011 0.062 0.05
102 L 0.046 0.086 0.025 0.024 0.011 0.028 0.037 0.029 0.018 0.065 0.165 0.105 0.027 0.116 0.017 0.039 0.034 0.009 0.053 0.066
103 F 0.039 0.021 0.016 0.017 0.012 0.014 0.02 0.023 0.018 0.121 0.163 0.023 0.03 0.209 0.013 0.025 0.03 0.014 0.101 0.091
104 L 0.062 0.025 0.026 0.025 0.055 0.019 0.026 0.094 0.012 0.098 0.129 0.031 0.032 0.078 0.018 0.066 0.07 0.007 0.026 0.101
105 R 0.047 0.164 0.095 0.136 0.008 0.037 0.058 0.103 0.021 0.022 0.036 0.092 0.012 0.016 0.02 0.05 0.036 0.005 0.014 0.027
106 F 0.044 0.064 0.021 0.02 0.012 0.017 0.023 0.087 0.014 0.093 0.17 0.034 0.029 0.175 0.014 0.03 0.03 0.01 0.043 0.071
107 L 0.039 0.022 0.016 0.016 0.013 0.013 0.02 0.023 0.014 0.09 0.244 0.022 0.038 0.22 0.012 0.025 0.029 0.012 0.056 0.076
108 V 0.09 0.031 0.035 0.033 0.018 0.025 0.038 0.046 0.014 0.097 0.086 0.04 0.024 0.028 0.023 0.126 0.066 0.005 0.019 0.155
109 D 0.044 0.093 0.052 0.226 0.008 0.034 0.069 0.04 0.063 0.023 0.033 0.077 0.011 0.016 0.082 0.047 0.034 0.004 0.018 0.026
110 V 0.057 0.026 0.019 0.02 0.016 0.018 0.025 0.025 0.014 0.144 0.149 0.038 0.03 0.048 0.017 0.035 0.06 0.008 0.06 0.19
111 D 0.044 0.08 0.085 0.189 0.008 0.061 0.101 0.041 0.026 0.025 0.038 0.061 0.013 0.029 0.021 0.05 0.036 0.007 0.055 0.029
112 F 0.038 0.022 0.017 0.016 0.012 0.015 0.021 0.023 0.021 0.083 0.197 0.024 0.031 0.204 0.013 0.026 0.028 0.015 0.125 0.069
113 R 0.059 0.155 0.078 0.051 0.011 0.039 0.061 0.043 0.021 0.04 0.049 0.103 0.016 0.019 0.023 0.084 0.083 0.005 0.017 0.043
114 P 0.098 0.058 0.036 0.037 0.012 0.035 0.051 0.048 0.017 0.03 0.043 0.141 0.014 0.017 0.148 0.092 0.061 0.004 0.016 0.04
115 L 0.109 0.031 0.025 0.026 0.016 0.047 0.037 0.04 0.014 0.102 0.122 0.039 0.026 0.077 0.02 0.058 0.07 0.007 0.027 0.106
116 S 0.079 0.035 0.053 0.095 0.013 0.033 0.099 0.047 0.018 0.036 0.082 0.049 0.017 0.022 0.095 0.114 0.05 0.005 0.016 0.042
117 N 0.087 0.035 0.1 0.095 0.013 0.031 0.079 0.047 0.018 0.053 0.069 0.046 0.018 0.022 0.023 0.065 0.1 0.005 0.016 0.078
118 D 0.086 0.058 0.093 0.141 0.012 0.034 0.061 0.055 0.028 0.027 0.038 0.083 0.013 0.018 0.025 0.117 0.057 0.005 0.016 0.035
119 K 0.046 0.091 0.032 0.03 0.01 0.042 0.051 0.031 0.074 0.095 0.076 0.113 0.021 0.043 0.019 0.039 0.034 0.009 0.077 0.067
120 G 0.069 0.108 0.04 0.036 0.012 0.057 0.047 0.164 0.018 0.037 0.071 0.072 0.017 0.021 0.022 0.096 0.05 0.005 0.016 0.041
121 L 0.052 0.105 0.028 0.025 0.014 0.031 0.033 0.03 0.014 0.119 0.141 0.053 0.047 0.033 0.019 0.047 0.095 0.006 0.019 0.09
122 Y 0.039 0.026 0.021 0.018 0.009 0.02 0.026 0.025 0.042 0.047 0.076 0.029 0.02 0.173 0.015 0.03 0.027 0.026 0.282 0.048
123 L 0.127 0.027 0.023 0.024 0.017 0.02 0.029 0.073 0.012 0.078 0.226 0.033 0.032 0.037 0.02 0.069 0.043 0.006 0.019 0.083
124 K 0.05 0.088 0.065 0.032 0.012 0.031 0.04 0.033 0.02 0.103 0.082 0.109 0.022 0.038 0.019 0.041 0.039 0.008 0.058 0.108
125 L 0.061 0.025 0.025 0.023 0.015 0.019 0.027 0.093 0.012 0.084 0.155 0.03 0.027 0.053 0.017 0.062 0.06 0.069 0.027 0.116
126 L 0.053 0.022 0.017 0.017 0.076 0.015 0.02 0.086 0.01 0.105 0.265 0.025 0.036 0.041 0.015 0.03 0.034 0.006 0.019 0.108
127 T 0.059 0.027 0.03 0.028 0.015 0.02 0.03 0.035 0.014 0.089 0.126 0.033 0.026 0.125 0.02 0.076 0.127 0.008 0.035 0.077
128 L 0.039 0.02 0.015 0.016 0.013 0.013 0.018 0.022 0.012 0.14 0.214 0.021 0.035 0.198 0.012 0.024 0.031 0.01 0.048 0.097
129 L 0.079 0.022 0.016 0.017 0.016 0.016 0.022 0.028 0.011 0.133 0.246 0.026 0.037 0.089 0.016 0.032 0.036 0.007 0.029 0.123
130 S 0.149 0.034 0.04 0.037 0.018 0.028 0.043 0.059 0.016 0.051 0.058 0.046 0.018 0.022 0.027 0.159 0.092 0.005 0.017 0.082
131 L 0.074 0.022 0.016 0.017 0.015 0.015 0.021 0.029 0.012 0.117 0.22 0.024 0.034 0.165 0.015 0.031 0.033 0.01 0.042 0.089
132 L 0.059 0.02 0.015 0.017 0.016 0.014 0.02 0.024 0.01 0.181 0.202 0.024 0.035 0.088 0.015 0.028 0.038 0.007 0.028 0.158
133 V 0.057 0.019 0.015 0.017 0.017 0.014 0.02 0.022 0.008 0.227 0.144 0.024 0.033 0.039 0.015 0.028 0.043 0.006 0.02 0.232
134 L 0.049 0.021 0.015 0.016 0.016 0.014 0.019 0.022 0.009 0.173 0.237 0.024 0.038 0.075 0.014 0.026 0.037 0.007 0.026 0.162
135 F 0.091 0.022 0.017 0.018 0.025 0.015 0.023 0.032 0.013 0.098 0.142 0.025 0.028 0.182 0.015 0.036 0.036 0.01 0.046 0.125
136 I 0.082 0.019 0.016 0.019 0.017 0.015 0.021 0.027 0.009 0.244 0.144 0.026 0.032 0.039 0.016 0.033 0.041 0.006 0.02 0.176
137 K 0.055 0.103 0.04 0.04 0.008 0.052 0.068 0.042 0.02 0.027 0.042 0.303 0.015 0.015 0.027 0.052 0.038 0.005 0.017 0.032
138 L 0.053 0.02 0.015 0.017 0.017 0.015 0.02 0.022 0.009 0.198 0.207 0.024 0.037 0.042 0.015 0.027 0.04 0.006 0.02 0.197
139 A 0.147 0.025 0.019 0.021 0.017 0.019 0.028 0.043 0.013 0.105 0.139 0.032 0.047 0.088 0.019 0.048 0.041 0.007 0.029 0.112
140 S 0.094 0.035 0.046 0.042 0.016 0.028 0.045 0.057 0.018 0.034 0.052 0.047 0.017 0.085 0.026 0.209 0.07 0.007 0.028 0.043
141 V 0.06 0.021 0.019 0.02 0.017 0.016 0.022 0.025 0.009 0.197 0.132 0.027 0.031 0.036 0.017 0.036 0.072 0.006 0.02 0.219
142 G 0.077 0.042 0.067 0.041 0.012 0.028 0.04 0.292 0.017 0.023 0.033 0.084 0.012 0.017 0.022 0.101 0.045 0.005 0.013 0.029
143 N 0.047 0.048 0.145 0.129 0.008 0.083 0.134 0.047 0.041 0.022 0.035 0.063 0.013 0.016 0.022 0.057 0.04 0.005 0.017 0.028
144 I 0.051 0.019 0.015 0.017 0.016 0.014 0.019 0.021 0.009 0.238 0.182 0.024 0.036 0.042 0.015 0.026 0.04 0.006 0.02 0.192
145 P 0.055 0.025 0.023 0.03 0.01 0.02 0.035 0.035 0.012 0.025 0.035 0.04 0.01 0.012 0.511 0.042 0.035 0.003 0.012 0.03
146 L 0.042 0.022 0.014 0.015 0.015 0.015 0.019 0.021 0.01 0.128 0.332 0.023 0.043 0.096 0.013 0.024 0.032 0.008 0.029 0.098
147 L 0.042 0.022 0.015 0.015 0.014 0.014 0.019 0.022 0.011 0.106 0.303 0.023 0.041 0.14 0.013 0.024 0.031 0.009 0.037 0.097
148 L 0.051 0.027 0.022 0.021 0.016 0.02 0.025 0.027 0.012 0.094 0.279 0.031 0.064 0.044 0.017 0.042 0.093 0.007 0.021 0.086
149 A 0.273 0.03 0.025 0.028 0.02 0.024 0.038 0.069 0.014 0.052 0.064 0.042 0.018 0.022 0.027 0.079 0.067 0.005 0.017 0.086
150 L 0.043 0.021 0.014 0.016 0.015 0.014 0.019 0.021 0.01 0.155 0.293 0.023 0.045 0.094 0.013 0.024 0.033 0.008 0.029 0.109
151 K 0.065 0.115 0.04 0.036 0.012 0.037 0.05 0.043 0.033 0.038 0.077 0.127 0.019 0.038 0.024 0.1 0.075 0.006 0.022 0.044
152 G 0.076 0.022 0.038 0.033 0.01 0.018 0.025 0.527 0.013 0.018 0.027 0.033 0.009 0.016 0.018 0.05 0.029 0.005 0.01 0.023
153 D 0.04 0.033 0.111 0.33 0.007 0.03 0.078 0.047 0.05 0.022 0.028 0.045 0.01 0.016 0.021 0.052 0.036 0.004 0.015 0.024
154 V 0.096 0.034 0.027 0.027 0.015 0.023 0.033 0.1 0.013 0.099 0.086 0.065 0.022 0.074 0.02 0.068 0.044 0.007 0.026 0.122
155 E 0.053 0.037 0.036 0.118 0.011 0.061 0.137 0.032 0.018 0.091 0.074 0.051 0.02 0.023 0.02 0.044 0.039 0.005 0.017 0.113
156 G 0.128 0.027 0.032 0.036 0.013 0.025 0.065 0.289 0.014 0.036 0.082 0.039 0.016 0.022 0.021 0.055 0.035 0.005 0.014 0.044
157 A 0.314 0.03 0.025 0.029 0.021 0.025 0.039 0.076 0.014 0.042 0.057 0.043 0.017 0.021 0.029 0.082 0.048 0.005 0.017 0.066
158 A 0.215 0.034 0.031 0.044 0.016 0.033 0.108 0.121 0.017 0.033 0.048 0.049 0.015 0.019 0.026 0.074 0.043 0.005 0.016 0.051
159 L 0.08 0.03 0.022 0.035 0.014 0.029 0.097 0.031 0.014 0.102 0.222 0.039 0.042 0.038 0.019 0.039 0.036 0.006 0.019 0.083
160 A 0.144 0.044 0.029 0.031 0.015 0.103 0.056 0.047 0.018 0.056 0.139 0.055 0.026 0.027 0.022 0.056 0.041 0.006 0.019 0.066
161 K 0.055 0.103 0.04 0.04 0.008 0.052 0.068 0.042 0.02 0.027 0.042 0.303 0.015 0.015 0.027 0.052 0.038 0.005 0.017 0.032
162 A 0.252 0.028 0.023 0.026 0.02 0.023 0.035 0.063 0.013 0.071 0.075 0.039 0.02 0.024 0.026 0.07 0.048 0.005 0.018 0.123
163 R 0.067 0.183 0.04 0.041 0.01 0.071 0.083 0.041 0.022 0.025 0.043 0.145 0.015 0.017 0.023 0.074 0.042 0.005 0.017 0.034
164 I 0.048 0.018 0.014 0.017 0.016 0.013 0.018 0.02 0.008 0.279 0.158 0.023 0.035 0.042 0.014 0.025 0.04 0.006 0.02 0.186
165 L 0.043 0.023 0.014 0.015 0.016 0.016 0.02 0.021 0.01 0.111 0.397 0.024 0.048 0.053 0.014 0.023 0.032 0.007 0.022 0.093
166 R 0.054 0.186 0.04 0.036 0.01 0.067 0.058 0.038 0.02 0.031 0.049 0.137 0.017 0.018 0.023 0.058 0.095 0.006 0.017 0.041
167 G 0.064 0.038 0.154 0.054 0.01 0.053 0.046 0.234 0.022 0.022 0.032 0.049 0.012 0.017 0.021 0.081 0.044 0.005 0.014 0.028
168 E 0.052 0.051 0.043 0.118 0.008 0.103 0.236 0.037 0.025 0.022 0.037 0.073 0.014 0.015 0.024 0.053 0.036 0.005 0.016 0.03
169 D 0.056 0.029 0.041 0.179 0.013 0.028 0.086 0.035 0.015 0.077 0.07 0.04 0.019 0.023 0.021 0.049 0.069 0.005 0.016 0.131
170 G 0.076 0.022 0.038 0.033 0.01 0.018 0.025 0.527 0.013 0.018 0.027 0.033 0.009 0.016 0.018 0.05 0.029 0.005 0.01 0.023
171 I 0.078 0.02 0.017 0.018 0.015 0.015 0.022 0.029 0.012 0.161 0.13 0.025 0.039 0.153 0.015 0.033 0.037 0.009 0.04 0.131
172 G 0.082 0.029 0.042 0.037 0.014 0.024 0.035 0.29 0.014 0.029 0.04 0.04 0.013 0.019 0.023 0.109 0.102 0.005 0.014 0.039
173 G 0.063 0.021 0.027 0.025 0.012 0.016 0.023 0.275 0.013 0.064 0.073 0.027 0.018 0.118 0.016 0.039 0.032 0.008 0.032 0.098
174 L 0.042 0.022 0.017 0.019 0.012 0.015 0.023 0.026 0.013 0.071 0.199 0.026 0.03 0.176 0.137 0.029 0.03 0.009 0.043 0.062
175 F 0.054 0.02 0.021 0.021 0.013 0.014 0.021 0.149 0.012 0.104 0.1 0.024 0.024 0.171 0.014 0.033 0.033 0.009 0.042 0.121
176 I 0.045 0.019 0.014 0.016 0.016 0.014 0.018 0.02 0.009 0.239 0.23 0.023 0.039 0.045 0.014 0.024 0.037 0.006 0.02 0.151
177 G 0.058 0.033 0.189 0.056 0.01 0.025 0.036 0.295 0.022 0.02 0.029 0.042 0.01 0.017 0.019 0.058 0.038 0.005 0.013 0.025
178 Y 0.038 0.025 0.02 0.018 0.009 0.018 0.025 0.024 0.038 0.047 0.077 0.027 0.02 0.197 0.014 0.029 0.026 0.024 0.277 0.047
179 I 0.043 0.019 0.014 0.016 0.015 0.013 0.018 0.021 0.01 0.22 0.214 0.023 0.037 0.091 0.014 0.024 0.035 0.007 0.029 0.137
180 F 0.036 0.018 0.016 0.017 0.012 0.011 0.018 0.023 0.014 0.12 0.123 0.019 0.027 0.316 0.011 0.024 0.028 0.014 0.069 0.083
181 R 0.087 0.131 0.029 0.028 0.013 0.035 0.044 0.037 0.016 0.069 0.084 0.121 0.041 0.025 0.021 0.046 0.041 0.006 0.018 0.108
182 Y 0.056 0.03 0.029 0.025 0.011 0.024 0.033 0.034 0.038 0.039 0.06 0.036 0.017 0.1 0.018 0.084 0.04 0.022 0.26 0.044
183 F 0.033 0.018 0.016 0.016 0.01 0.01 0.018 0.025 0.016 0.061 0.11 0.018 0.025 0.408 0.01 0.025 0.025 0.016 0.086 0.053
184 P 0.059 0.027 0.027 0.032 0.012 0.022 0.036 0.037 0.013 0.032 0.042 0.041 0.012 0.015 0.39 0.054 0.094 0.003 0.014 0.04
185 Y 0.057 0.029 0.027 0.025 0.013 0.022 0.031 0.033 0.03 0.056 0.142 0.034 0.025 0.081 0.018 0.083 0.041 0.016 0.18 0.056
186 V 0.055 0.025 0.021 0.02 0.014 0.019 0.025 0.026 0.023 0.119 0.1 0.029 0.025 0.069 0.017 0.037 0.067 0.014 0.14 0.157
187 V 0.109 0.029 0.031 0.03 0.017 0.022 0.035 0.045 0.014 0.083 0.083 0.037 0.022 0.074 0.022 0.118 0.057 0.007 0.027 0.14
188 L 0.041 0.026 0.018 0.017 0.012 0.019 0.024 0.023 0.028 0.076 0.223 0.028 0.039 0.089 0.014 0.027 0.03 0.017 0.181 0.069
189 L 0.045 0.024 0.014 0.015 0.016 0.016 0.02 0.021 0.01 0.116 0.374 0.025 0.05 0.055 0.014 0.024 0.033 0.007 0.022 0.096
190 A 0.168 0.024 0.02 0.024 0.019 0.019 0.029 0.05 0.012 0.157 0.114 0.034 0.027 0.033 0.022 0.055 0.045 0.006 0.019 0.123
191 S 0.11 0.04 0.054 0.049 0.018 0.033 0.052 0.066 0.019 0.03 0.042 0.054 0.016 0.021 0.03 0.219 0.082 0.005 0.018 0.042
192 V 0.057 0.022 0.017 0.017 0.016 0.017 0.023 0.023 0.017 0.15 0.116 0.026 0.028 0.059 0.015 0.03 0.041 0.011 0.1 0.214
193 Y 0.066 0.032 0.033 0.029 0.013 0.026 0.036 0.039 0.031 0.044 0.072 0.039 0.038 0.077 0.02 0.112 0.048 0.016 0.18 0.049
194 L 0.085 0.028 0.029 0.028 0.077 0.022 0.032 0.041 0.013 0.07 0.183 0.035 0.029 0.033 0.021 0.105 0.069 0.006 0.018 0.076
195 L 0.043 0.024 0.017 0.016 0.013 0.017 0.023 0.023 0.024 0.085 0.203 0.026 0.032 0.122 0.014 0.027 0.031 0.015 0.149 0.095
196 I 0.089 0.022 0.02 0.022 0.077 0.017 0.024 0.034 0.011 0.176 0.151 0.029 0.03 0.036 0.018 0.061 0.044 0.005 0.018 0.117
197 A 0.15 0.03 0.027 0.026 0.075 0.032 0.035 0.089 0.052 0.038 0.056 0.038 0.016 0.047 0.022 0.057 0.047 0.011 0.1 0.051
198 K 0.045 0.097 0.04 0.127 0.009 0.035 0.059 0.037 0.018 0.038 0.079 0.144 0.018 0.084 0.021 0.043 0.034 0.007 0.027 0.038
199 P 0.057 0.057 0.031 0.033 0.011 0.055 0.049 0.038 0.017 0.041 0.093 0.105 0.02 0.069 0.144 0.067 0.04 0.006 0.025 0.043
200 K 0.048 0.067 0.079 0.04 0.01 0.061 0.054 0.038 0.064 0.092 0.07 0.133 0.02 0.024 0.021 0.046 0.038 0.005 0.023 0.065
201 K 0.046 0.096 0.114 0.092 0.009 0.045 0.056 0.042 0.023 0.036 0.084 0.123 0.018 0.033 0.021 0.049 0.038 0.006 0.031 0.038
202 T 0.073 0.036 0.044 0.038 0.018 0.028 0.04 0.044 0.014 0.054 0.065 0.046 0.02 0.024 0.028 0.093 0.243 0.006 0.018 0.071
203 K 0.062 0.105 0.039 0.038 0.011 0.052 0.056 0.042 0.019 0.032 0.052 0.158 0.016 0.017 0.086 0.079 0.076 0.005 0.017 0.039
204 V 0.092 0.033 0.022 0.023 0.076 0.022 0.031 0.036 0.014 0.096 0.113 0.063 0.025 0.051 0.019 0.054 0.043 0.007 0.041 0.139
205 T 0.062 0.051 0.039 0.049 0.012 0.036 0.08 0.09 0.021 0.035 0.049 0.11 0.016 0.032 0.024 0.07 0.115 0.008 0.057 0.045
206 R 0.061 0.18 0.044 0.034 0.011 0.037 0.047 0.05 0.019 0.06 0.06 0.105 0.018 0.037 0.021 0.092 0.046 0.006 0.02 0.051
207 V 0.084 0.036 0.061 0.032 0.014 0.025 0.045 0.038 0.015 0.079 0.092 0.066 0.022 0.062 0.018 0.044 0.04 0.069 0.03 0.127
208 I 0.048 0.02 0.015 0.017 0.015 0.015 0.02 0.021 0.013 0.207 0.188 0.024 0.035 0.054 0.015 0.026 0.037 0.009 0.06 0.161
209 F 0.04 0.021 0.016 0.016 0.012 0.013 0.02 0.024 0.018 0.079 0.154 0.022 0.028 0.267 0.012 0.026 0.029 0.015 0.099 0.089
210 L 0.044 0.054 0.019 0.019 0.013 0.02 0.026 0.024 0.021 0.112 0.173 0.044 0.03 0.108 0.015 0.029 0.033 0.013 0.108 0.098
211 L 0.109 0.024 0.018 0.019 0.015 0.018 0.025 0.036 0.013 0.116 0.161 0.029 0.042 0.087 0.017 0.039 0.036 0.07 0.034 0.093
212 N 0.083 0.039 0.225 0.062 0.011 0.03 0.044 0.06 0.029 0.028 0.04 0.048 0.013 0.032 0.021 0.087 0.049 0.007 0.056 0.035
213 L 0.039 0.021 0.015 0.016 0.014 0.013 0.019 0.022 0.012 0.12 0.255 0.022 0.037 0.184 0.012 0.024 0.03 0.01 0.045 0.089
214 L 0.059 0.024 0.017 0.02 0.014 0.017 0.025 0.028 0.013 0.087 0.211 0.029 0.031 0.044 0.139 0.032 0.035 0.038 0.042 0.096
215 L 0.047 0.023 0.015 0.016 0.016 0.016 0.02 0.022 0.01 0.136 0.331 0.025 0.044 0.049 0.015 0.027 0.044 0.007 0.021 0.118
216 I 0.087 0.026 0.024 0.024 0.017 0.021 0.028 0.034 0.012 0.153 0.131 0.034 0.067 0.036 0.019 0.05 0.098 0.006 0.02 0.112
217 L 0.097 0.028 0.029 0.028 0.037 0.022 0.031 0.041 0.012 0.124 0.128 0.036 0.026 0.031 0.022 0.092 0.096 0.006 0.018 0.095
218 L 0.042 0.02 0.015 0.016 0.014 0.013 0.019 0.022 0.012 0.143 0.208 0.022 0.035 0.182 0.013 0.025 0.032 0.01 0.045 0.114
219 Y 0.057 0.03 0.102 0.035 0.072 0.023 0.032 0.038 0.033 0.038 0.056 0.036 0.016 0.073 0.018 0.048 0.055 0.016 0.178 0.044
220 A 0.138 0.03 0.032 0.031 0.078 0.025 0.036 0.053 0.015 0.076 0.081 0.04 0.04 0.026 0.024 0.125 0.056 0.005 0.017 0.071
221 L 0.047 0.023 0.014 0.015 0.016 0.016 0.02 0.021 0.01 0.132 0.335 0.025 0.051 0.049 0.014 0.025 0.035 0.007 0.021 0.124
222 Y 0.039 0.027 0.021 0.018 0.009 0.021 0.027 0.024 0.045 0.042 0.066 0.03 0.018 0.126 0.015 0.03 0.027 0.027 0.341 0.045
223 D 0.04 0.029 0.067 0.418 0.007 0.029 0.088 0.045 0.018 0.022 0.027 0.043 0.009 0.014 0.022 0.05 0.034 0.004 0.011 0.023
224 L 0.048 0.024 0.015 0.016 0.016 0.018 0.021 0.023 0.011 0.137 0.282 0.027 0.079 0.048 0.015 0.027 0.037 0.007 0.022 0.127
225 Q 0.054 0.071 0.043 0.046 0.009 0.241 0.099 0.04 0.028 0.026 0.046 0.088 0.02 0.014 0.023 0.054 0.04 0.006 0.02 0.034
226 K 0.055 0.103 0.04 0.04 0.008 0.052 0.068 0.042 0.02 0.027 0.042 0.303 0.015 0.015 0.027 0.052 0.038 0.005 0.017 0.032
227 G 0.083 0.029 0.036 0.032 0.013 0.023 0.035 0.146 0.024 0.034 0.054 0.038 0.016 0.094 0.021 0.117 0.048 0.012 0.105 0.041
228 K 0.059 0.067 0.036 0.037 0.011 0.038 0.052 0.04 0.016 0.032 0.045 0.172 0.015 0.016 0.148 0.059 0.096 0.005 0.016 0.04
229 L 0.045 0.021 0.015 0.016 0.015 0.014 0.019 0.022 0.01 0.158 0.246 0.023 0.038 0.114 0.013 0.025 0.034 0.008 0.033 0.132
230 V 0.066 0.021 0.018 0.019 0.017 0.016 0.022 0.086 0.009 0.156 0.117 0.026 0.028 0.033 0.016 0.033 0.044 0.005 0.019 0.247
231 L 0.045 0.023 0.016 0.017 0.015 0.017 0.021 0.023 0.012 0.127 0.211 0.025 0.074 0.137 0.014 0.028 0.034 0.009 0.038 0.114
232 L 0.054 0.024 0.016 0.017 0.017 0.019 0.023 0.023 0.011 0.126 0.243 0.027 0.077 0.044 0.015 0.029 0.04 0.006 0.021 0.167
233 L 0.051 0.021 0.016 0.017 0.015 0.015 0.021 0.024 0.011 0.138 0.168 0.024 0.052 0.133 0.014 0.028 0.038 0.009 0.037 0.168
234 L 0.043 0.02 0.015 0.016 0.014 0.013 0.019 0.022 0.012 0.145 0.197 0.022 0.034 0.181 0.013 0.025 0.033 0.01 0.045 0.123
235 G 0.062 0.026 0.026 0.025 0.014 0.021 0.026 0.154 0.013 0.116 0.15 0.032 0.069 0.035 0.017 0.061 0.04 0.006 0.018 0.086
236 L 0.066 0.03 0.03 0.028 0.016 0.023 0.032 0.037 0.013 0.076 0.224 0.036 0.033 0.037 0.021 0.096 0.104 0.006 0.019 0.074
237 F 0.035 0.02 0.017 0.017 0.011 0.012 0.019 0.025 0.016 0.066 0.12 0.02 0.045 0.363 0.011 0.026 0.026 0.015 0.078 0.058
238 W 0.043 0.021 0.015 0.016 0.012 0.015 0.021 0.026 0.012 0.102 0.126 0.023 0.025 0.05 0.011 0.025 0.032 0.258 0.043 0.124
239 L 0.046 0.023 0.014 0.015 0.016 0.016 0.02 0.021 0.01 0.117 0.363 0.025 0.046 0.051 0.014 0.025 0.034 0.007 0.021 0.118
240 Y 0.039 0.068 0.022 0.019 0.01 0.022 0.028 0.025 0.034 0.051 0.11 0.039 0.022 0.139 0.015 0.03 0.028 0.021 0.229 0.05
241 L 0.039 0.023 0.016 0.016 0.012 0.016 0.022 0.024 0.02 0.097 0.198 0.025 0.031 0.071 0.013 0.025 0.029 0.137 0.112 0.075
242 K 0.119 0.056 0.031 0.031 0.014 0.033 0.046 0.045 0.019 0.069 0.066 0.136 0.019 0.035 0.024 0.058 0.069 0.008 0.058 0.064
243 R 0.044 0.162 0.03 0.026 0.009 0.032 0.04 0.031 0.025 0.037 0.065 0.094 0.018 0.137 0.017 0.045 0.033 0.013 0.102 0.04
244 G 0.1 0.031 0.035 0.032 0.014 0.025 0.036 0.107 0.023 0.039 0.055 0.04 0.017 0.063 0.023 0.102 0.098 0.011 0.1 0.05
245 G 0.067 0.075 0.038 0.035 0.01 0.03 0.04 0.344 0.016 0.021 0.033 0.118 0.011 0.016 0.021 0.05 0.032 0.005 0.013 0.026
246 R 0.047 0.186 0.125 0.048 0.008 0.044 0.056 0.044 0.024 0.024 0.04 0.16 0.014 0.016 0.022 0.053 0.039 0.005 0.016 0.029
247 I 0.107 0.023 0.019 0.021 0.017 0.018 0.025 0.036 0.012 0.155 0.126 0.03 0.048 0.082 0.018 0.048 0.042 0.007 0.028 0.139
248 N 0.049 0.098 0.19 0.058 0.01 0.038 0.052 0.051 0.025 0.027 0.039 0.122 0.013 0.017 0.022 0.063 0.072 0.005 0.016 0.033
249 Y 0.053 0.03 0.027 0.024 0.012 0.024 0.031 0.032 0.034 0.048 0.078 0.035 0.039 0.09 0.018 0.065 0.066 0.019 0.22 0.053
250 L 0.04 0.019 0.015 0.016 0.013 0.013 0.019 0.023 0.012 0.159 0.169 0.022 0.031 0.138 0.012 0.024 0.031 0.093 0.044 0.107
251 I 0.046 0.064 0.019 0.019 0.013 0.02 0.025 0.023 0.019 0.169 0.139 0.037 0.029 0.06 0.015 0.029 0.035 0.011 0.1 0.128
252 V 0.057 0.063 0.018 0.019 0.016 0.019 0.024 0.024 0.01 0.188 0.128 0.036 0.03 0.035 0.016 0.031 0.043 0.005 0.02 0.22
253 G 0.067 0.024 0.029 0.027 0.013 0.018 0.025 0.278 0.013 0.05 0.134 0.03 0.022 0.075 0.017 0.048 0.051 0.007 0.023 0.05
254 G 0.101 0.022 0.025 0.025 0.015 0.017 0.024 0.219 0.011 0.126 0.123 0.03 0.024 0.03 0.018 0.043 0.036 0.006 0.016 0.088
255 L 0.123 0.027 0.025 0.025 0.017 0.021 0.03 0.042 0.012 0.115 0.177 0.035 0.03 0.035 0.021 0.074 0.073 0.006 0.019 0.093
256 P 0.069 0.029 0.03 0.035 0.012 0.023 0.039 0.043 0.014 0.026 0.037 0.044 0.011 0.015 0.386 0.091 0.047 0.003 0.014 0.033
257 L 0.084 0.023 0.017 0.018 0.017 0.017 0.023 0.049 0.01 0.127 0.249 0.027 0.038 0.042 0.017 0.034 0.039 0.006 0.02 0.142
258 L 0.044 0.022 0.015 0.016 0.015 0.015 0.02 0.022 0.011 0.127 0.277 0.023 0.046 0.124 0.013 0.025 0.033 0.009 0.035 0.111
259 G 0.083 0.029 0.041 0.037 0.014 0.024 0.035 0.229 0.015 0.061 0.054 0.04 0.016 0.022 0.023 0.125 0.079 0.005 0.015 0.054
260 L 0.042 0.022 0.014 0.015 0.015 0.014 0.019 0.021 0.01 0.14 0.317 0.023 0.043 0.095 0.013 0.024 0.032 0.008 0.029 0.103
261 I 0.088 0.022 0.021 0.021 0.015 0.017 0.024 0.114 0.012 0.135 0.12 0.028 0.043 0.08 0.017 0.038 0.038 0.007 0.027 0.134
262 L 0.05 0.023 0.019 0.02 0.015 0.016 0.023 0.026 0.011 0.145 0.253 0.027 0.038 0.09 0.015 0.052 0.039 0.008 0.029 0.102
263 L 0.062 0.026 0.024 0.023 0.016 0.019 0.027 0.032 0.012 0.12 0.244 0.031 0.036 0.041 0.018 0.08 0.047 0.006 0.02 0.115
264 A 0.134 0.028 0.031 0.03 0.067 0.022 0.034 0.092 0.015 0.047 0.099 0.037 0.02 0.072 0.022 0.112 0.05 0.007 0.025 0.055
265 L 0.075 0.023 0.023 0.022 0.015 0.017 0.024 0.154 0.012 0.084 0.176 0.028 0.028 0.081 0.016 0.045 0.037 0.007 0.026 0.109
266 L 0.089 0.027 0.025 0.024 0.015 0.021 0.028 0.098 0.014 0.071 0.176 0.033 0.067 0.083 0.018 0.065 0.04 0.008 0.027 0.069
267 F 0.033 0.018 0.016 0.016 0.01 0.01 0.018 0.025 0.016 0.061 0.11 0.018 0.025 0.408 0.01 0.025 0.025 0.016 0.086 0.053
268 Y 0.05 0.026 0.019 0.018 0.014 0.021 0.025 0.024 0.024 0.113 0.125 0.029 0.069 0.073 0.015 0.031 0.037 0.014 0.141 0.132
269 L 0.049 0.02 0.014 0.016 0.016 0.014 0.019 0.021 0.009 0.201 0.243 0.024 0.039 0.045 0.014 0.025 0.038 0.006 0.021 0.165
270 T 0.073 0.036 0.043 0.038 0.018 0.028 0.039 0.043 0.014 0.053 0.065 0.045 0.02 0.024 0.028 0.093 0.245 0.006 0.018 0.071
271 L 0.045 0.024 0.014 0.015 0.016 0.016 0.02 0.021 0.01 0.116 0.374 0.025 0.05 0.055 0.014 0.024 0.033 0.007 0.022 0.096
272 L 0.067 0.027 0.029 0.027 0.015 0.02 0.029 0.158 0.013 0.067 0.215 0.033 0.03 0.035 0.019 0.086 0.043 0.006 0.018 0.062
273 H 0.043 0.031 0.034 0.027 0.009 0.024 0.034 0.092 0.159 0.036 0.06 0.033 0.017 0.135 0.016 0.035 0.026 0.015 0.139 0.035
274 D 0.045 0.038 0.091 0.252 0.007 0.042 0.17 0.043 0.022 0.022 0.031 0.056 0.011 0.015 0.023 0.054 0.036 0.004 0.013 0.026
275 F 0.051 0.023 0.022 0.021 0.013 0.016 0.024 0.029 0.014 0.089 0.139 0.026 0.027 0.221 0.016 0.042 0.089 0.011 0.052 0.075
276 G 0.078 0.023 0.039 0.034 0.011 0.019 0.025 0.512 0.013 0.019 0.028 0.034 0.009 0.016 0.019 0.051 0.03 0.005 0.011 0.024
277 G 0.066 0.025 0.049 0.156 0.01 0.022 0.047 0.357 0.015 0.02 0.028 0.037 0.009 0.016 0.02 0.051 0.031 0.005 0.011 0.024
278 P 0.048 0.028 0.057 0.21 0.009 0.025 0.06 0.041 0.016 0.023 0.031 0.042 0.01 0.014 0.256 0.051 0.036 0.003 0.012 0.027
279 L 0.083 0.026 0.021 0.022 0.016 0.02 0.027 0.033 0.012 0.112 0.188 0.032 0.057 0.045 0.08 0.043 0.067 0.006 0.021 0.09
280 G 0.072 0.034 0.063 0.104 0.011 0.048 0.051 0.263 0.018 0.022 0.033 0.046 0.012 0.016 0.022 0.094 0.043 0.005 0.013 0.029
281 E 0.083 0.036 0.037 0.104 0.011 0.038 0.143 0.039 0.026 0.033 0.048 0.051 0.015 0.045 0.023 0.055 0.064 0.011 0.097 0.042
282 L 0.05 0.021 0.015 0.016 0.015 0.014 0.02 0.023 0.011 0.14 0.194 0.023 0.034 0.133 0.014 0.027 0.037 0.009 0.037 0.168
283 L 0.048 0.021 0.015 0.016 0.016 0.015 0.02 0.022 0.01 0.14 0.264 0.024 0.039 0.091 0.014 0.026 0.036 0.008 0.029 0.148
284 D 0.05 0.044 0.124 0.161 0.01 0.082 0.07 0.048 0.023 0.029 0.04 0.057 0.014 0.017 0.022 0.064 0.089 0.005 0.016 0.036
285 A 0.201 0.033 0.039 0.084 0.018 0.028 0.049 0.067 0.016 0.036 0.055 0.046 0.016 0.02 0.028 0.135 0.057 0.005 0.016 0.052
286 V 0.062 0.023 0.022 0.022 0.017 0.018 0.025 0.027 0.009 0.172 0.121 0.029 0.029 0.034 0.018 0.044 0.101 0.006 0.019 0.202
287 L 0.145 0.027 0.019 0.021 0.017 0.02 0.028 0.042 0.012 0.081 0.232 0.032 0.053 0.055 0.019 0.047 0.039 0.007 0.023 0.081
288 A 0.122 0.032 0.107 0.041 0.014 0.025 0.037 0.114 0.022 0.041 0.088 0.041 0.018 0.036 0.022 0.081 0.045 0.008 0.057 0.048
289 R 0.043 0.367 0.037 0.03 0.008 0.047 0.051 0.032 0.023 0.023 0.045 0.116 0.015 0.017 0.019 0.043 0.034 0.006 0.017 0.03
290 L 0.047 0.025 0.018 0.018 0.016 0.017 0.022 0.024 0.01 0.126 0.313 0.027 0.052 0.047 0.016 0.033 0.063 0.007 0.021 0.099
291 F 0.033 0.018 0.016 0.016 0.01 0.01 0.018 0.025 0.016 0.061 0.11 0.018 0.025 0.408 0.01 0.025 0.025 0.016 0.086 0.053
292 I 0.086 0.02 0.016 0.019 0.017 0.015 0.021 0.028 0.009 0.224 0.139 0.026 0.032 0.038 0.017 0.034 0.042 0.006 0.02 0.194
293 G 0.135 0.024 0.035 0.032 0.013 0.02 0.028 0.414 0.013 0.024 0.035 0.035 0.011 0.017 0.021 0.058 0.034 0.005 0.012 0.034
294 Q 0.054 0.071 0.043 0.046 0.009 0.241 0.099 0.04 0.028 0.026 0.046 0.088 0.02 0.014 0.023 0.054 0.04 0.006 0.02 0.034
295 A 0.119 0.034 0.095 0.055 0.016 0.028 0.04 0.051 0.018 0.053 0.085 0.043 0.059 0.027 0.023 0.068 0.101 0.006 0.018 0.062
296 E 0.05 0.043 0.046 0.17 0.007 0.054 0.262 0.037 0.023 0.021 0.033 0.066 0.012 0.016 0.024 0.053 0.035 0.005 0.015 0.029
297 G 0.076 0.022 0.038 0.033 0.01 0.018 0.025 0.527 0.013 0.018 0.027 0.033 0.009 0.016 0.018 0.05 0.029 0.005 0.01 0.023
298 A 0.13 0.033 0.029 0.029 0.017 0.028 0.036 0.049 0.016 0.066 0.12 0.041 0.103 0.034 0.022 0.1 0.051 0.006 0.02 0.071
299 F 0.036 0.023 0.019 0.017 0.01 0.016 0.023 0.024 0.031 0.052 0.088 0.024 0.021 0.267 0.013 0.027 0.026 0.022 0.213 0.049
300 W 0.042 0.028 0.019 0.018 0.012 0.023 0.026 0.027 0.023 0.066 0.124 0.03 0.103 0.07 0.013 0.03 0.032 0.138 0.113 0.063
301 I 0.052 0.02 0.015 0.017 0.016 0.015 0.02 0.022 0.009 0.237 0.157 0.025 0.053 0.041 0.015 0.027 0.041 0.006 0.02 0.191
302 Y 0.039 0.027 0.021 0.018 0.009 0.021 0.027 0.024 0.045 0.042 0.066 0.03 0.018 0.126 0.015 0.03 0.027 0.027 0.341 0.045
303 D 0.049 0.051 0.085 0.153 0.008 0.117 0.145 0.043 0.025 0.023 0.037 0.069 0.014 0.015 0.023 0.055 0.038 0.005 0.016 0.029
304 F 0.087 0.024 0.022 0.022 0.014 0.018 0.027 0.036 0.018 0.077 0.093 0.029 0.023 0.182 0.017 0.062 0.04 0.012 0.084 0.112
305 L 0.05 0.026 0.019 0.019 0.015 0.018 0.024 0.026 0.015 0.092 0.311 0.029 0.04 0.058 0.016 0.052 0.037 0.009 0.061 0.08
306 T 0.058 0.088 0.063 0.054 0.013 0.058 0.052 0.04 0.018 0.056 0.062 0.089 0.019 0.021 0.023 0.063 0.122 0.005 0.017 0.08
307 I 0.068 0.025 0.028 0.028 0.017 0.02 0.029 0.036 0.012 0.192 0.125 0.034 0.03 0.036 0.02 0.091 0.054 0.006 0.02 0.131
308 L 0.044 0.024 0.014 0.015 0.016 0.016 0.02 0.021 0.01 0.115 0.378 0.025 0.049 0.055 0.014 0.024 0.033 0.007 0.022 0.096
309 P 0.055 0.031 0.025 0.032 0.01 0.048 0.043 0.036 0.014 0.025 0.036 0.046 0.011 0.013 0.45 0.044 0.036 0.003 0.013 0.03
310 D 0.065 0.034 0.095 0.237 0.011 0.031 0.069 0.054 0.02 0.024 0.033 0.048 0.012 0.017 0.024 0.126 0.053 0.004 0.014 0.03
311 F 0.045 0.036 0.023 0.032 0.011 0.026 0.071 0.029 0.016 0.082 0.133 0.071 0.025 0.136 0.087 0.035 0.033 0.008 0.037 0.064
312 E 0.063 0.048 0.049 0.154 0.01 0.045 0.163 0.045 0.021 0.024 0.035 0.089 0.013 0.017 0.025 0.101 0.046 0.005 0.015 0.031
313 L 0.046 0.021 0.014 0.016 0.016 0.015 0.019 0.021 0.009 0.194 0.273 0.024 0.043 0.049 0.014 0.025 0.036 0.006 0.021 0.136
314 R 0.041 0.197 0.029 0.024 0.008 0.034 0.039 0.028 0.034 0.032 0.056 0.073 0.017 0.072 0.017 0.037 0.03 0.016 0.179 0.038
315 L 0.094 0.023 0.019 0.021 0.017 0.017 0.024 0.033 0.011 0.162 0.223 0.029 0.035 0.041 0.018 0.052 0.041 0.006 0.02 0.113
316 W 0.08 0.027 0.024 0.022 0.014 0.02 0.028 0.036 0.018 0.056 0.129 0.032 0.024 0.055 0.017 0.048 0.091 0.135 0.084 0.06
317 Y 0.038 0.025 0.018 0.016 0.01 0.018 0.024 0.024 0.029 0.056 0.145 0.027 0.025 0.091 0.013 0.026 0.027 0.143 0.192 0.053
318 G 0.076 0.022 0.038 0.033 0.01 0.018 0.025 0.527 0.013 0.018 0.027 0.033 0.009 0.016 0.018 0.05 0.029 0.005 0.01 0.023
319 L 0.05 0.027 0.018 0.018 0.016 0.022 0.024 0.025 0.013 0.137 0.206 0.031 0.133 0.046 0.015 0.031 0.039 0.007 0.022 0.12
320 P 0.055 0.025 0.023 0.03 0.01 0.02 0.035 0.035 0.012 0.025 0.035 0.04 0.01 0.012 0.511 0.042 0.035 0.003 0.012 0.03
