#Seq2Logo.py -f /work3/idamei/wzy_ssn/run/1e-50/run/150/MSAs/0016_109.afa -o /work3/idamei/wzy_ssn/run/1e-50/run/150/logos/0016_109.logo
#Position Specific Frequency Matrix
A R N D C Q E G H I L K M F P S T W Y V
0 M 0.05 0.03 0.019 0.019 0.015 0.027 0.027 0.027 0.015 0.095 0.187 0.034 0.202 0.046 0.015 0.034 0.038 0.008 0.023 0.088
1 L 0.039 0.021 0.015 0.016 0.013 0.013 0.019 0.023 0.013 0.089 0.247 0.022 0.037 0.224 0.012 0.025 0.029 0.012 0.055 0.075
2 L 0.044 0.022 0.014 0.015 0.016 0.015 0.019 0.02 0.009 0.129 0.373 0.024 0.045 0.05 0.014 0.024 0.033 0.007 0.021 0.107
3 L 0.045 0.024 0.014 0.015 0.016 0.016 0.02 0.021 0.01 0.115 0.375 0.025 0.05 0.055 0.014 0.024 0.033 0.007 0.022 0.096
4 Y 0.044 0.026 0.021 0.019 0.011 0.02 0.026 0.025 0.037 0.074 0.077 0.03 0.02 0.105 0.015 0.039 0.032 0.022 0.279 0.078
5 L 0.042 0.021 0.014 0.015 0.015 0.014 0.019 0.02 0.01 0.148 0.327 0.023 0.042 0.082 0.013 0.023 0.032 0.007 0.026 0.105
6 L 0.048 0.022 0.017 0.018 0.015 0.015 0.021 0.024 0.011 0.158 0.274 0.025 0.039 0.078 0.015 0.044 0.037 0.007 0.026 0.107
7 L 0.074 0.021 0.017 0.018 0.058 0.016 0.022 0.029 0.012 0.118 0.141 0.025 0.043 0.135 0.015 0.04 0.038 0.008 0.036 0.133
8 L 0.084 0.022 0.018 0.019 0.016 0.016 0.023 0.072 0.013 0.147 0.16 0.027 0.03 0.055 0.016 0.035 0.038 0.008 0.049 0.152
9 L 0.055 0.023 0.02 0.021 0.016 0.017 0.023 0.027 0.011 0.192 0.195 0.028 0.049 0.041 0.016 0.059 0.043 0.006 0.02 0.138
10 T 0.066 0.028 0.031 0.028 0.059 0.022 0.031 0.036 0.012 0.089 0.133 0.035 0.025 0.03 0.021 0.084 0.15 0.006 0.018 0.096
11 L 0.068 0.024 0.017 0.018 0.015 0.016 0.022 0.027 0.011 0.093 0.312 0.027 0.039 0.089 0.015 0.034 0.054 0.008 0.028 0.083
12 L 0.066 0.021 0.015 0.016 0.015 0.015 0.02 0.025 0.011 0.135 0.274 0.024 0.038 0.111 0.014 0.028 0.033 0.008 0.031 0.098
13 F 0.034 0.019 0.016 0.016 0.011 0.011 0.018 0.023 0.015 0.08 0.146 0.019 0.027 0.353 0.011 0.024 0.026 0.014 0.073 0.063
14 L 0.073 0.023 0.018 0.019 0.016 0.017 0.023 0.029 0.011 0.114 0.205 0.027 0.047 0.106 0.016 0.036 0.057 0.008 0.031 0.124
15 L 0.05 0.02 0.015 0.017 0.016 0.015 0.02 0.022 0.01 0.189 0.19 0.024 0.049 0.074 0.014 0.027 0.038 0.007 0.026 0.177
16 L 0.039 0.02 0.015 0.016 0.013 0.013 0.018 0.021 0.012 0.143 0.234 0.021 0.036 0.182 0.012 0.024 0.031 0.01 0.044 0.097
17 N 0.041 0.043 0.351 0.079 0.009 0.032 0.047 0.062 0.03 0.021 0.03 0.051 0.011 0.017 0.019 0.066 0.047 0.004 0.015 0.026
18 F 0.036 0.022 0.017 0.016 0.011 0.015 0.021 0.023 0.023 0.066 0.164 0.023 0.028 0.243 0.012 0.026 0.027 0.017 0.151 0.059
19 K 0.098 0.054 0.084 0.037 0.013 0.032 0.045 0.045 0.019 0.073 0.084 0.133 0.02 0.028 0.022 0.052 0.041 0.006 0.032 0.084
20 I 0.045 0.019 0.015 0.016 0.014 0.013 0.019 0.022 0.01 0.197 0.156 0.022 0.031 0.108 0.013 0.025 0.035 0.052 0.035 0.153
21 T 0.076 0.031 0.038 0.034 0.016 0.025 0.037 0.043 0.014 0.063 0.07 0.04 0.02 0.058 0.024 0.125 0.157 0.006 0.023 0.099
22 K 0.049 0.088 0.108 0.131 0.008 0.057 0.065 0.088 0.022 0.023 0.035 0.14 0.013 0.015 0.022 0.053 0.038 0.005 0.015 0.028
23 G 0.055 0.07 0.074 0.035 0.01 0.028 0.037 0.21 0.02 0.034 0.064 0.09 0.03 0.052 0.019 0.046 0.033 0.008 0.048 0.037
24 D 0.04 0.03 0.063 0.398 0.007 0.031 0.108 0.043 0.018 0.021 0.027 0.045 0.009 0.014 0.022 0.05 0.034 0.004 0.011 0.024
25 Y 0.036 0.024 0.018 0.016 0.01 0.018 0.024 0.024 0.029 0.051 0.123 0.026 0.022 0.107 0.012 0.026 0.026 0.151 0.208 0.049
26 L 0.044 0.024 0.015 0.016 0.015 0.018 0.021 0.022 0.012 0.118 0.298 0.026 0.09 0.08 0.014 0.026 0.033 0.008 0.027 0.093
27 H 0.066 0.039 0.1 0.108 0.009 0.032 0.054 0.045 0.205 0.026 0.037 0.044 0.013 0.023 0.02 0.053 0.054 0.006 0.034 0.03
28 P 0.054 0.024 0.022 0.029 0.01 0.02 0.034 0.034 0.012 0.024 0.034 0.039 0.01 0.012 0.52 0.042 0.034 0.002 0.012 0.029
29 A 0.178 0.033 0.038 0.037 0.017 0.027 0.043 0.063 0.016 0.034 0.047 0.046 0.015 0.02 0.069 0.163 0.08 0.005 0.016 0.05
30 V 0.057 0.024 0.046 0.025 0.015 0.018 0.025 0.029 0.012 0.138 0.11 0.029 0.033 0.064 0.058 0.038 0.062 0.006 0.024 0.189
31 L 0.05 0.02 0.014 0.016 0.016 0.014 0.019 0.021 0.009 0.198 0.232 0.024 0.037 0.043 0.014 0.026 0.038 0.006 0.02 0.183
32 F 0.034 0.02 0.017 0.016 0.01 0.012 0.02 0.024 0.02 0.061 0.126 0.02 0.025 0.339 0.011 0.025 0.025 0.017 0.124 0.054
33 C 0.07 0.028 0.057 0.033 0.138 0.022 0.033 0.043 0.017 0.067 0.062 0.036 0.017 0.03 0.062 0.114 0.057 0.006 0.043 0.064
34 F 0.117 0.025 0.021 0.026 0.014 0.02 0.05 0.079 0.014 0.074 0.135 0.032 0.025 0.138 0.018 0.043 0.035 0.008 0.036 0.089
35 I 0.079 0.025 0.022 0.023 0.016 0.02 0.026 0.032 0.011 0.159 0.123 0.032 0.056 0.034 0.046 0.05 0.082 0.006 0.019 0.141
36 F 0.033 0.018 0.016 0.016 0.01 0.01 0.018 0.024 0.015 0.081 0.112 0.018 0.025 0.387 0.01 0.024 0.025 0.015 0.079 0.062
37 L 0.041 0.021 0.014 0.015 0.014 0.014 0.019 0.022 0.011 0.098 0.293 0.022 0.039 0.162 0.013 0.024 0.031 0.009 0.04 0.097
38 L 0.077 0.022 0.016 0.018 0.058 0.017 0.022 0.028 0.01 0.145 0.177 0.027 0.06 0.038 0.016 0.034 0.04 0.006 0.019 0.17
39 Q 0.097 0.04 0.03 0.03 0.053 0.098 0.052 0.04 0.023 0.039 0.062 0.05 0.019 0.091 0.02 0.057 0.058 0.01 0.083 0.048
40 S 0.099 0.031 0.036 0.038 0.015 0.027 0.061 0.102 0.015 0.07 0.089 0.042 0.02 0.025 0.023 0.132 0.074 0.005 0.017 0.079
41 L 0.081 0.023 0.019 0.02 0.015 0.017 0.024 0.031 0.012 0.132 0.19 0.028 0.046 0.103 0.016 0.051 0.039 0.008 0.03 0.114
42 L 0.053 0.025 0.02 0.02 0.015 0.019 0.025 0.027 0.013 0.102 0.202 0.029 0.08 0.105 0.015 0.049 0.046 0.008 0.031 0.117
43 C 0.088 0.019 0.02 0.02 0.415 0.015 0.021 0.038 0.009 0.041 0.059 0.025 0.015 0.019 0.018 0.067 0.041 0.004 0.013 0.053
44 L 0.079 0.022 0.015 0.017 0.016 0.016 0.021 0.027 0.009 0.166 0.245 0.026 0.037 0.042 0.016 0.031 0.038 0.006 0.02 0.151
45 L 0.043 0.021 0.014 0.015 0.015 0.014 0.019 0.021 0.01 0.127 0.307 0.023 0.04 0.11 0.013 0.024 0.032 0.008 0.031 0.111
46 G 0.132 0.029 0.081 0.039 0.055 0.025 0.057 0.159 0.019 0.041 0.05 0.039 0.015 0.028 0.021 0.057 0.039 0.007 0.043 0.064
47 A 0.112 0.07 0.035 0.04 0.014 0.052 0.085 0.085 0.017 0.044 0.055 0.077 0.017 0.02 0.024 0.064 0.101 0.005 0.016 0.069
48 N 0.06 0.053 0.122 0.093 0.01 0.059 0.114 0.05 0.023 0.024 0.036 0.101 0.013 0.017 0.024 0.102 0.048 0.005 0.016 0.031
49 Y 0.085 0.044 0.03 0.033 0.011 0.032 0.072 0.037 0.06 0.036 0.054 0.086 0.016 0.063 0.021 0.048 0.054 0.014 0.16 0.043
50 Y 0.039 0.024 0.017 0.016 0.011 0.017 0.023 0.023 0.028 0.067 0.187 0.026 0.029 0.149 0.014 0.026 0.028 0.018 0.198 0.061
51 A 0.14 0.035 0.063 0.106 0.012 0.036 0.081 0.093 0.049 0.028 0.041 0.053 0.013 0.022 0.022 0.058 0.038 0.048 0.022 0.039
52 I 0.046 0.019 0.014 0.016 0.016 0.014 0.018 0.02 0.009 0.246 0.218 0.023 0.038 0.044 0.014 0.024 0.037 0.006 0.02 0.16
53 E 0.064 0.064 0.039 0.08 0.013 0.036 0.124 0.038 0.017 0.063 0.06 0.055 0.017 0.022 0.023 0.089 0.096 0.005 0.016 0.079
54 F 0.036 0.02 0.016 0.016 0.012 0.013 0.019 0.023 0.014 0.075 0.19 0.021 0.045 0.296 0.011 0.025 0.027 0.013 0.063 0.065
55 H 0.04 0.041 0.136 0.047 0.008 0.033 0.047 0.042 0.252 0.046 0.045 0.044 0.015 0.027 0.018 0.046 0.033 0.006 0.04 0.035
56 L 0.083 0.028 0.027 0.03 0.014 0.029 0.048 0.119 0.013 0.061 0.144 0.037 0.03 0.028 0.103 0.061 0.049 0.005 0.016 0.075
57 E 0.079 0.037 0.033 0.059 0.01 0.042 0.197 0.119 0.019 0.034 0.069 0.055 0.015 0.019 0.064 0.05 0.035 0.005 0.015 0.044
58 T 0.069 0.033 0.039 0.034 0.017 0.025 0.036 0.04 0.013 0.059 0.067 0.042 0.02 0.023 0.025 0.083 0.266 0.006 0.017 0.087
59 V 0.055 0.02 0.015 0.016 0.016 0.014 0.021 0.023 0.009 0.146 0.163 0.023 0.032 0.101 0.014 0.028 0.04 0.007 0.031 0.223
60 L 0.045 0.02 0.018 0.018 0.013 0.014 0.019 0.085 0.014 0.158 0.18 0.024 0.031 0.121 0.014 0.027 0.032 0.01 0.059 0.1
61 V 0.055 0.019 0.015 0.017 0.017 0.014 0.02 0.021 0.008 0.224 0.152 0.024 0.033 0.038 0.015 0.027 0.042 0.005 0.02 0.234
62 L 0.046 0.02 0.014 0.016 0.015 0.014 0.019 0.021 0.009 0.184 0.254 0.023 0.038 0.076 0.014 0.024 0.035 0.007 0.026 0.145
63 L 0.054 0.025 0.024 0.023 0.015 0.018 0.026 0.03 0.013 0.079 0.192 0.03 0.03 0.132 0.017 0.06 0.098 0.008 0.035 0.089
64 V 0.09 0.025 0.025 0.026 0.017 0.02 0.029 0.057 0.011 0.149 0.127 0.032 0.027 0.032 0.019 0.091 0.05 0.005 0.018 0.15
65 S 0.127 0.032 0.04 0.037 0.016 0.026 0.039 0.137 0.015 0.043 0.051 0.043 0.016 0.021 0.025 0.147 0.096 0.005 0.016 0.068
66 L 0.055 0.032 0.021 0.021 0.082 0.058 0.035 0.028 0.019 0.07 0.195 0.037 0.059 0.051 0.016 0.035 0.034 0.01 0.075 0.067
67 L 0.073 0.023 0.021 0.021 0.015 0.017 0.024 0.031 0.012 0.117 0.179 0.028 0.03 0.133 0.016 0.054 0.058 0.008 0.035 0.104
68 I 0.054 0.02 0.017 0.018 0.016 0.015 0.02 0.023 0.009 0.236 0.139 0.025 0.032 0.038 0.016 0.032 0.061 0.005 0.019 0.206
69 F 0.032 0.018 0.016 0.016 0.01 0.01 0.018 0.024 0.016 0.061 0.117 0.018 0.025 0.409 0.01 0.024 0.024 0.016 0.082 0.053
70 T 0.096 0.033 0.04 0.036 0.017 0.026 0.039 0.048 0.015 0.045 0.06 0.043 0.018 0.055 0.025 0.125 0.192 0.006 0.022 0.059
71 L 0.078 0.024 0.022 0.022 0.015 0.017 0.025 0.073 0.011 0.125 0.183 0.029 0.03 0.073 0.017 0.056 0.059 0.007 0.025 0.107
72 F 0.046 0.019 0.016 0.017 0.014 0.014 0.019 0.023 0.012 0.163 0.134 0.022 0.044 0.176 0.013 0.027 0.035 0.009 0.043 0.154
73 S 0.077 0.038 0.098 0.047 0.015 0.03 0.045 0.053 0.049 0.034 0.045 0.048 0.015 0.021 0.025 0.152 0.138 0.005 0.02 0.045
74 L 0.04 0.021 0.015 0.016 0.013 0.014 0.02 0.023 0.015 0.095 0.204 0.022 0.032 0.178 0.012 0.025 0.03 0.054 0.073 0.099
75 L 0.038 0.021 0.015 0.016 0.026 0.015 0.02 0.023 0.017 0.111 0.178 0.023 0.029 0.093 0.012 0.024 0.029 0.139 0.092 0.078
76 N 0.069 0.032 0.113 0.042 0.055 0.025 0.036 0.047 0.02 0.059 0.061 0.04 0.017 0.063 0.021 0.101 0.088 0.008 0.05 0.055
77 R 0.076 0.141 0.036 0.037 0.01 0.068 0.076 0.039 0.053 0.038 0.051 0.092 0.017 0.028 0.021 0.064 0.039 0.007 0.048 0.058
78 S 0.094 0.048 0.036 0.035 0.014 0.031 0.045 0.046 0.018 0.072 0.064 0.109 0.019 0.031 0.024 0.124 0.06 0.007 0.045 0.077
79 K 0.05 0.082 0.029 0.029 0.012 0.05 0.045 0.031 0.016 0.112 0.117 0.135 0.025 0.03 0.02 0.042 0.057 0.006 0.027 0.083
80 L 0.071 0.066 0.054 0.041 0.012 0.044 0.041 0.036 0.021 0.066 0.11 0.067 0.022 0.072 0.019 0.046 0.057 0.009 0.07 0.076
81 R 0.048 0.175 0.064 0.055 0.009 0.079 0.062 0.038 0.022 0.03 0.053 0.153 0.031 0.018 0.021 0.048 0.037 0.005 0.017 0.035
82 N 0.052 0.099 0.142 0.05 0.01 0.037 0.051 0.047 0.022 0.03 0.041 0.134 0.014 0.017 0.064 0.068 0.063 0.005 0.016 0.04
83 K 0.056 0.059 0.117 0.056 0.01 0.041 0.098 0.046 0.021 0.043 0.046 0.136 0.015 0.018 0.024 0.075 0.074 0.005 0.016 0.042
84 I 0.047 0.018 0.015 0.018 0.016 0.013 0.018 0.021 0.009 0.271 0.168 0.024 0.037 0.044 0.015 0.025 0.04 0.006 0.021 0.177
85 T 0.064 0.04 0.037 0.046 0.013 0.056 0.111 0.039 0.018 0.048 0.103 0.052 0.03 0.025 0.023 0.088 0.128 0.006 0.018 0.056
86 N 0.041 0.101 0.217 0.057 0.009 0.038 0.044 0.048 0.025 0.052 0.053 0.059 0.015 0.057 0.018 0.054 0.041 0.006 0.022 0.043
87 V 0.067 0.033 0.072 0.043 0.015 0.029 0.074 0.039 0.016 0.086 0.12 0.042 0.025 0.029 0.02 0.084 0.051 0.005 0.018 0.133
88 L 0.058 0.03 0.03 0.027 0.014 0.023 0.033 0.034 0.083 0.078 0.194 0.034 0.031 0.075 0.018 0.07 0.042 0.008 0.034 0.084
89 K 0.095 0.069 0.031 0.032 0.013 0.04 0.051 0.044 0.018 0.054 0.096 0.162 0.067 0.027 0.024 0.052 0.041 0.006 0.019 0.058
90 N 0.05 0.037 0.105 0.104 0.011 0.033 0.085 0.077 0.07 0.039 0.088 0.047 0.018 0.024 0.021 0.055 0.069 0.005 0.021 0.042
91 L 0.046 0.021 0.015 0.017 0.016 0.016 0.019 0.021 0.01 0.197 0.256 0.025 0.055 0.048 0.014 0.025 0.037 0.006 0.021 0.134
92 K 0.107 0.067 0.034 0.036 0.012 0.038 0.054 0.048 0.017 0.032 0.046 0.166 0.015 0.017 0.122 0.061 0.062 0.005 0.016 0.043
93 T 0.059 0.051 0.047 0.122 0.012 0.04 0.109 0.042 0.018 0.035 0.047 0.1 0.015 0.019 0.026 0.068 0.126 0.005 0.016 0.045
94 N 0.112 0.036 0.17 0.053 0.015 0.027 0.04 0.058 0.021 0.063 0.063 0.044 0.018 0.023 0.022 0.064 0.049 0.005 0.017 0.099
95 I 0.081 0.032 0.057 0.036 0.075 0.045 0.063 0.039 0.016 0.094 0.089 0.041 0.022 0.062 0.019 0.066 0.053 0.006 0.023 0.082
96 K 0.065 0.079 0.043 0.038 0.054 0.035 0.069 0.04 0.017 0.051 0.057 0.124 0.017 0.02 0.037 0.084 0.066 0.005 0.016 0.083
97 R 0.048 0.109 0.083 0.036 0.011 0.035 0.04 0.037 0.019 0.061 0.09 0.077 0.02 0.069 0.06 0.055 0.058 0.007 0.033 0.052
98 K 0.077 0.087 0.089 0.057 0.011 0.04 0.075 0.046 0.02 0.039 0.055 0.143 0.03 0.019 0.037 0.07 0.043 0.005 0.016 0.042
99 L 0.052 0.025 0.047 0.026 0.014 0.018 0.027 0.03 0.013 0.09 0.204 0.031 0.03 0.067 0.1 0.051 0.039 0.006 0.024 0.106
100 K 0.067 0.086 0.091 0.044 0.011 0.055 0.054 0.047 0.025 0.028 0.043 0.13 0.015 0.03 0.023 0.096 0.053 0.008 0.059 0.036
101 F 0.071 0.034 0.024 0.032 0.011 0.028 0.08 0.032 0.023 0.057 0.072 0.06 0.019 0.113 0.06 0.04 0.034 0.012 0.112 0.086
102 I 0.043 0.019 0.014 0.016 0.015 0.013 0.018 0.02 0.009 0.233 0.224 0.022 0.037 0.076 0.013 0.024 0.035 0.007 0.025 0.137
103 E 0.049 0.046 0.055 0.044 0.01 0.037 0.112 0.033 0.026 0.053 0.067 0.094 0.032 0.047 0.041 0.043 0.036 0.011 0.101 0.065
104 L 0.049 0.021 0.017 0.018 0.015 0.015 0.021 0.023 0.01 0.158 0.196 0.024 0.034 0.104 0.015 0.031 0.057 0.008 0.03 0.156
105 P 0.067 0.035 0.137 0.084 0.012 0.028 0.048 0.054 0.02 0.025 0.034 0.047 0.012 0.017 0.148 0.129 0.054 0.004 0.014 0.031
106 K 0.051 0.063 0.104 0.111 0.009 0.055 0.063 0.046 0.022 0.027 0.042 0.153 0.014 0.049 0.022 0.069 0.041 0.006 0.021 0.031
107 F 0.051 0.029 0.079 0.033 0.012 0.021 0.03 0.079 0.017 0.085 0.084 0.04 0.035 0.107 0.016 0.066 0.046 0.072 0.036 0.063
108 L 0.045 0.021 0.016 0.016 0.014 0.016 0.02 0.021 0.018 0.175 0.194 0.025 0.033 0.064 0.014 0.026 0.034 0.011 0.103 0.133
109 T 0.067 0.041 0.033 0.031 0.016 0.027 0.038 0.037 0.013 0.093 0.08 0.083 0.022 0.025 0.023 0.077 0.147 0.005 0.018 0.127
110 L 0.067 0.028 0.018 0.019 0.014 0.019 0.025 0.028 0.012 0.123 0.178 0.049 0.045 0.104 0.015 0.032 0.034 0.05 0.034 0.105
111 L 0.095 0.023 0.021 0.021 0.015 0.017 0.024 0.089 0.012 0.118 0.185 0.028 0.03 0.089 0.017 0.041 0.055 0.007 0.027 0.088
112 L 0.041 0.02 0.015 0.016 0.014 0.013 0.018 0.022 0.012 0.136 0.22 0.021 0.034 0.186 0.012 0.024 0.031 0.01 0.044 0.11
113 I 0.046 0.02 0.042 0.022 0.015 0.015 0.02 0.023 0.01 0.256 0.166 0.025 0.033 0.04 0.014 0.028 0.039 0.006 0.019 0.161
114 I 0.075 0.02 0.016 0.018 0.016 0.015 0.021 0.047 0.009 0.208 0.154 0.025 0.032 0.048 0.016 0.032 0.04 0.006 0.021 0.182
115 L 0.065 0.021 0.016 0.017 0.015 0.015 0.021 0.026 0.012 0.141 0.231 0.025 0.049 0.128 0.014 0.029 0.033 0.008 0.035 0.099
116 Q 0.08 0.05 0.037 0.042 0.011 0.141 0.09 0.083 0.022 0.031 0.052 0.064 0.018 0.072 0.022 0.074 0.041 0.007 0.027 0.038
117 I 0.048 0.018 0.014 0.016 0.016 0.014 0.018 0.02 0.008 0.25 0.195 0.023 0.036 0.042 0.014 0.025 0.038 0.006 0.02 0.178
118 L 0.048 0.02 0.015 0.016 0.015 0.014 0.019 0.021 0.01 0.172 0.222 0.023 0.036 0.09 0.014 0.026 0.037 0.007 0.028 0.167
119 L 0.084 0.029 0.055 0.031 0.057 0.022 0.031 0.04 0.013 0.085 0.128 0.036 0.024 0.029 0.021 0.075 0.125 0.005 0.017 0.093
120 I 0.045 0.022 0.016 0.019 0.015 0.033 0.024 0.021 0.01 0.252 0.191 0.028 0.036 0.041 0.015 0.026 0.037 0.006 0.02 0.144
121 L 0.041 0.022 0.017 0.016 0.012 0.016 0.021 0.022 0.022 0.114 0.17 0.024 0.029 0.144 0.013 0.026 0.031 0.015 0.144 0.099
122 F 0.06 0.022 0.02 0.02 0.013 0.015 0.023 0.03 0.017 0.083 0.148 0.025 0.027 0.235 0.014 0.054 0.034 0.013 0.079 0.067
123 F 0.038 0.041 0.05 0.027 0.009 0.022 0.033 0.031 0.018 0.048 0.085 0.095 0.021 0.284 0.015 0.034 0.029 0.012 0.061 0.045
124 Y 0.042 0.022 0.017 0.017 0.012 0.017 0.022 0.022 0.026 0.171 0.111 0.026 0.026 0.083 0.014 0.027 0.032 0.016 0.186 0.11
125 K 0.05 0.169 0.063 0.039 0.009 0.045 0.064 0.038 0.02 0.035 0.048 0.204 0.016 0.017 0.022 0.048 0.038 0.005 0.017 0.053
126 Y 0.037 0.025 0.02 0.017 0.009 0.019 0.025 0.024 0.04 0.044 0.072 0.028 0.019 0.173 0.014 0.029 0.026 0.025 0.308 0.046
127 L 0.044 0.024 0.016 0.021 0.015 0.019 0.045 0.021 0.011 0.141 0.329 0.028 0.042 0.047 0.014 0.026 0.033 0.006 0.02 0.101
128 Q 0.054 0.088 0.09 0.045 0.01 0.095 0.066 0.083 0.022 0.034 0.055 0.086 0.031 0.019 0.021 0.058 0.08 0.005 0.017 0.041
129 D 0.081 0.096 0.074 0.182 0.01 0.069 0.069 0.048 0.021 0.025 0.038 0.063 0.013 0.016 0.022 0.077 0.042 0.005 0.015 0.033
130 L 0.043 0.021 0.014 0.015 0.015 0.014 0.019 0.021 0.01 0.138 0.293 0.023 0.04 0.11 0.013 0.024 0.033 0.008 0.031 0.115
131 S 0.111 0.034 0.043 0.04 0.016 0.027 0.043 0.057 0.017 0.035 0.053 0.045 0.017 0.086 0.025 0.206 0.066 0.007 0.028 0.044
132 I 0.081 0.027 0.058 0.065 0.014 0.021 0.035 0.082 0.015 0.114 0.099 0.035 0.022 0.06 0.02 0.081 0.064 0.006 0.022 0.08
133 A 0.305 0.029 0.024 0.027 0.02 0.024 0.037 0.07 0.014 0.051 0.062 0.041 0.018 0.022 0.027 0.076 0.047 0.005 0.017 0.085
134 Y 0.052 0.027 0.025 0.022 0.011 0.021 0.028 0.07 0.043 0.057 0.069 0.031 0.019 0.089 0.016 0.051 0.034 0.019 0.233 0.085
135 G 0.061 0.03 0.097 0.112 0.011 0.03 0.044 0.224 0.017 0.037 0.052 0.04 0.014 0.031 0.019 0.068 0.039 0.005 0.015 0.054
136 A 0.29 0.031 0.026 0.03 0.022 0.026 0.04 0.078 0.015 0.043 0.059 0.045 0.018 0.022 0.03 0.085 0.05 0.005 0.018 0.069
137 N 0.043 0.045 0.317 0.083 0.009 0.034 0.049 0.065 0.032 0.022 0.032 0.054 0.011 0.018 0.02 0.07 0.049 0.004 0.016 0.027
138 Y 0.04 0.028 0.022 0.019 0.009 0.022 0.028 0.025 0.047 0.044 0.068 0.031 0.019 0.131 0.016 0.031 0.028 0.028 0.318 0.047
139 A 0.29 0.031 0.026 0.03 0.022 0.026 0.04 0.078 0.015 0.043 0.059 0.045 0.018 0.022 0.03 0.085 0.05 0.005 0.018 0.069
140 G 0.088 0.035 0.036 0.034 0.011 0.079 0.044 0.331 0.017 0.028 0.047 0.047 0.028 0.018 0.02 0.051 0.033 0.005 0.014 0.035
141 G 0.082 0.08 0.06 0.035 0.012 0.03 0.041 0.125 0.021 0.052 0.053 0.093 0.016 0.034 0.021 0.076 0.051 0.008 0.062 0.048
142 S 0.11 0.04 0.054 0.049 0.018 0.033 0.052 0.066 0.019 0.03 0.042 0.054 0.016 0.021 0.03 0.22 0.082 0.005 0.018 0.042
143 G 0.078 0.023 0.039 0.034 0.011 0.019 0.026 0.51 0.014 0.019 0.028 0.034 0.009 0.016 0.019 0.051 0.03 0.005 0.011 0.024
144 E 0.055 0.05 0.04 0.09 0.007 0.064 0.296 0.035 0.026 0.022 0.037 0.076 0.013 0.017 0.026 0.055 0.037 0.006 0.017 0.031
145 S 0.11 0.04 0.054 0.049 0.018 0.033 0.052 0.066 0.019 0.03 0.042 0.054 0.016 0.021 0.03 0.22 0.082 0.005 0.018 0.042
146 G 0.121 0.09 0.032 0.03 0.014 0.026 0.035 0.179 0.018 0.044 0.053 0.051 0.016 0.03 0.021 0.076 0.042 0.007 0.045 0.071
147 G 0.106 0.113 0.032 0.029 0.013 0.026 0.034 0.207 0.015 0.056 0.08 0.054 0.017 0.022 0.02 0.066 0.038 0.005 0.015 0.051
148 G 0.084 0.031 0.05 0.04 0.014 0.026 0.04 0.174 0.016 0.027 0.037 0.044 0.013 0.018 0.107 0.151 0.075 0.005 0.014 0.036
149 L 0.042 0.022 0.014 0.015 0.015 0.015 0.019 0.02 0.01 0.122 0.362 0.023 0.044 0.082 0.013 0.023 0.032 0.007 0.026 0.094
150 S 0.089 0.038 0.041 0.038 0.014 0.028 0.042 0.12 0.016 0.031 0.046 0.066 0.015 0.052 0.066 0.156 0.076 0.006 0.021 0.04
151 E 0.072 0.047 0.044 0.159 0.008 0.065 0.205 0.04 0.022 0.023 0.036 0.083 0.013 0.015 0.024 0.054 0.036 0.005 0.015 0.031
152 L 0.048 0.074 0.024 0.024 0.053 0.03 0.036 0.03 0.015 0.081 0.133 0.107 0.082 0.034 0.017 0.037 0.035 0.049 0.023 0.068
153 I 0.045 0.017 0.014 0.017 0.015 0.013 0.017 0.02 0.008 0.309 0.159 0.022 0.035 0.042 0.014 0.024 0.038 0.006 0.02 0.167
154 S 0.104 0.044 0.097 0.053 0.014 0.035 0.073 0.059 0.02 0.027 0.039 0.074 0.014 0.019 0.026 0.178 0.063 0.005 0.016 0.038
155 L 0.042 0.027 0.071 0.025 0.014 0.019 0.024 0.027 0.016 0.089 0.316 0.029 0.039 0.052 0.015 0.031 0.034 0.008 0.048 0.076
156 Y 0.036 0.024 0.019 0.017 0.009 0.017 0.024 0.024 0.035 0.048 0.079 0.026 0.02 0.222 0.013 0.028 0.026 0.023 0.264 0.047
157 D 0.039 0.03 0.089 0.4 0.007 0.029 0.083 0.046 0.019 0.021 0.027 0.043 0.009 0.014 0.021 0.051 0.035 0.004 0.011 0.023
158 T 0.084 0.054 0.103 0.044 0.013 0.065 0.049 0.089 0.019 0.042 0.051 0.053 0.017 0.02 0.022 0.081 0.106 0.005 0.017 0.065
159 L 0.044 0.024 0.016 0.016 0.015 0.018 0.021 0.023 0.012 0.134 0.268 0.027 0.096 0.079 0.014 0.027 0.034 0.008 0.027 0.099
160 T 0.063 0.029 0.031 0.028 0.016 0.022 0.031 0.034 0.012 0.078 0.107 0.036 0.024 0.06 0.022 0.065 0.193 0.006 0.023 0.118
161 K 0.054 0.102 0.039 0.039 0.008 0.051 0.067 0.041 0.02 0.026 0.041 0.316 0.015 0.015 0.026 0.051 0.038 0.005 0.016 0.031
162 F 0.032 0.018 0.016 0.016 0.01 0.01 0.018 0.024 0.016 0.06 0.108 0.018 0.024 0.419 0.01 0.024 0.024 0.016 0.084 0.052
163 W 0.036 0.063 0.104 0.034 0.008 0.025 0.034 0.037 0.022 0.03 0.05 0.062 0.015 0.076 0.014 0.038 0.031 0.222 0.07 0.031
164 P 0.062 0.033 0.033 0.033 0.014 0.043 0.04 0.038 0.017 0.061 0.06 0.044 0.017 0.029 0.147 0.078 0.143 0.007 0.044 0.059
165 D 0.053 0.093 0.04 0.13 0.01 0.054 0.111 0.036 0.019 0.058 0.053 0.061 0.016 0.019 0.063 0.062 0.039 0.005 0.015 0.064
166 I 0.074 0.083 0.028 0.057 0.014 0.024 0.035 0.033 0.016 0.13 0.092 0.045 0.023 0.036 0.019 0.046 0.079 0.007 0.045 0.114
167 Y 0.039 0.023 0.02 0.018 0.01 0.017 0.023 0.067 0.029 0.049 0.1 0.026 0.021 0.177 0.013 0.029 0.026 0.062 0.206 0.047
168 R 0.074 0.153 0.086 0.039 0.011 0.055 0.051 0.042 0.02 0.047 0.055 0.112 0.017 0.019 0.021 0.056 0.041 0.005 0.017 0.079
169 D 0.108 0.042 0.044 0.12 0.012 0.052 0.097 0.091 0.018 0.029 0.041 0.074 0.014 0.017 0.025 0.094 0.065 0.005 0.015 0.039
170 L 0.043 0.023 0.014 0.015 0.015 0.016 0.02 0.021 0.01 0.125 0.369 0.025 0.059 0.051 0.014 0.024 0.033 0.007 0.021 0.097
171 G 0.115 0.029 0.108 0.086 0.012 0.024 0.039 0.28 0.017 0.024 0.034 0.039 0.011 0.017 0.021 0.059 0.037 0.005 0.013 0.032
172 V 0.06 0.02 0.015 0.017 0.017 0.015 0.021 0.022 0.008 0.182 0.154 0.024 0.032 0.037 0.015 0.029 0.044 0.005 0.02 0.262
173 P 0.063 0.058 0.032 0.031 0.012 0.025 0.037 0.04 0.046 0.042 0.057 0.044 0.016 0.086 0.173 0.099 0.045 0.006 0.03 0.059
174 V 0.057 0.056 0.023 0.025 0.014 0.039 0.034 0.029 0.013 0.131 0.12 0.041 0.026 0.029 0.101 0.052 0.042 0.005 0.018 0.144
175 P 0.085 0.027 0.027 0.032 0.012 0.022 0.037 0.042 0.013 0.026 0.037 0.041 0.011 0.014 0.397 0.081 0.043 0.003 0.013 0.034
176 L 0.074 0.038 0.025 0.025 0.013 0.024 0.033 0.077 0.015 0.061 0.143 0.077 0.054 0.128 0.018 0.056 0.037 0.008 0.035 0.059
177 L 0.043 0.021 0.016 0.017 0.013 0.015 0.021 0.023 0.016 0.137 0.184 0.025 0.031 0.118 0.056 0.027 0.033 0.011 0.086 0.109
178 Y 0.041 0.028 0.024 0.02 0.01 0.022 0.029 0.026 0.067 0.046 0.091 0.031 0.02 0.102 0.016 0.035 0.048 0.022 0.273 0.048
179 R 0.055 0.213 0.065 0.037 0.01 0.039 0.048 0.04 0.023 0.027 0.045 0.102 0.015 0.026 0.021 0.084 0.063 0.007 0.044 0.035
180 I 0.07 0.023 0.044 0.023 0.015 0.017 0.024 0.029 0.017 0.176 0.139 0.028 0.029 0.051 0.016 0.034 0.038 0.009 0.075 0.143
181 L 0.05 0.022 0.022 0.021 0.013 0.016 0.022 0.152 0.012 0.069 0.209 0.026 0.029 0.132 0.015 0.035 0.05 0.009 0.034 0.062
182 N 0.049 0.047 0.225 0.103 0.009 0.038 0.1 0.054 0.026 0.022 0.032 0.076 0.011 0.017 0.022 0.077 0.046 0.004 0.015 0.028
183 P 0.078 0.025 0.022 0.025 0.013 0.02 0.031 0.035 0.015 0.076 0.11 0.035 0.028 0.033 0.227 0.057 0.04 0.006 0.044 0.079
184 L 0.044 0.022 0.017 0.018 0.014 0.015 0.021 0.024 0.011 0.122 0.257 0.026 0.036 0.106 0.056 0.03 0.053 0.008 0.03 0.09
185 V 0.108 0.025 0.025 0.025 0.1 0.02 0.028 0.039 0.011 0.095 0.084 0.033 0.022 0.026 0.021 0.059 0.124 0.005 0.017 0.133
186 L 0.061 0.065 0.035 0.069 0.054 0.066 0.073 0.037 0.017 0.053 0.111 0.053 0.022 0.024 0.021 0.081 0.064 0.005 0.017 0.07
187 A 0.202 0.028 0.028 0.03 0.059 0.023 0.035 0.1 0.013 0.045 0.055 0.039 0.016 0.02 0.066 0.097 0.049 0.005 0.016 0.074
188 G 0.1 0.024 0.026 0.025 0.013 0.018 0.026 0.163 0.016 0.067 0.099 0.03 0.021 0.132 0.018 0.06 0.035 0.01 0.061 0.058
189 G 0.167 0.032 0.038 0.04 0.015 0.028 0.063 0.182 0.016 0.029 0.042 0.045 0.014 0.019 0.025 0.13 0.052 0.005 0.015 0.043
190 Y 0.038 0.027 0.021 0.018 0.009 0.021 0.027 0.024 0.044 0.041 0.065 0.03 0.018 0.124 0.015 0.03 0.027 0.027 0.353 0.044
191 L 0.044 0.022 0.014 0.016 0.015 0.015 0.02 0.021 0.01 0.141 0.299 0.024 0.055 0.079 0.014 0.025 0.034 0.007 0.026 0.118
192 L 0.079 0.027 0.024 0.024 0.017 0.02 0.027 0.032 0.011 0.116 0.179 0.033 0.045 0.036 0.019 0.051 0.121 0.006 0.019 0.115
193 L 0.098 0.024 0.02 0.021 0.017 0.018 0.025 0.033 0.01 0.152 0.184 0.03 0.032 0.037 0.018 0.045 0.08 0.006 0.019 0.132
194 Y 0.038 0.026 0.02 0.018 0.009 0.02 0.026 0.024 0.042 0.043 0.069 0.029 0.018 0.149 0.014 0.029 0.026 0.026 0.331 0.045
195 I 0.059 0.022 0.021 0.022 0.016 0.017 0.024 0.028 0.01 0.209 0.152 0.028 0.031 0.037 0.017 0.065 0.046 0.005 0.019 0.173
196 L 0.072 0.024 0.018 0.019 0.03 0.018 0.023 0.028 0.011 0.121 0.232 0.028 0.063 0.062 0.016 0.036 0.057 0.007 0.024 0.111
197 V 0.061 0.019 0.015 0.017 0.059 0.015 0.02 0.023 0.008 0.181 0.126 0.024 0.03 0.034 0.015 0.03 0.044 0.005 0.019 0.255
198 N 0.049 0.044 0.172 0.053 0.009 0.032 0.046 0.09 0.118 0.024 0.036 0.068 0.013 0.029 0.02 0.07 0.04 0.007 0.053 0.028
199 N 0.042 0.047 0.326 0.075 0.008 0.034 0.049 0.06 0.029 0.022 0.031 0.073 0.011 0.017 0.02 0.065 0.046 0.004 0.015 0.026
200 F 0.034 0.022 0.018 0.016 0.009 0.015 0.022 0.025 0.027 0.048 0.082 0.023 0.02 0.244 0.011 0.026 0.025 0.104 0.186 0.045
201 V 0.057 0.021 0.017 0.018 0.017 0.015 0.021 0.023 0.009 0.199 0.155 0.025 0.032 0.037 0.016 0.033 0.062 0.006 0.019 0.219
202 V 0.104 0.022 0.017 0.019 0.017 0.017 0.024 0.031 0.012 0.153 0.113 0.028 0.028 0.04 0.017 0.038 0.044 0.007 0.047 0.222
203 N 0.056 0.036 0.185 0.087 0.053 0.028 0.045 0.052 0.021 0.032 0.042 0.045 0.014 0.019 0.022 0.085 0.117 0.005 0.015 0.041
204 K 0.05 0.194 0.038 0.036 0.008 0.049 0.061 0.038 0.02 0.025 0.042 0.248 0.015 0.015 0.024 0.048 0.036 0.005 0.016 0.031
205 K 0.056 0.155 0.038 0.036 0.01 0.045 0.058 0.039 0.019 0.036 0.048 0.222 0.016 0.017 0.024 0.065 0.041 0.005 0.017 0.054
206 I 0.048 0.019 0.015 0.016 0.015 0.014 0.019 0.021 0.011 0.222 0.185 0.024 0.034 0.049 0.014 0.026 0.038 0.007 0.048 0.174
207 D 0.048 0.045 0.175 0.176 0.009 0.069 0.069 0.052 0.024 0.023 0.033 0.065 0.012 0.016 0.021 0.074 0.044 0.004 0.015 0.028
208 L 0.044 0.099 0.024 0.024 0.011 0.028 0.036 0.029 0.015 0.074 0.151 0.104 0.025 0.075 0.058 0.034 0.032 0.049 0.029 0.059
209 L 0.053 0.029 0.024 0.024 0.013 0.038 0.032 0.032 0.014 0.071 0.221 0.034 0.031 0.104 0.016 0.075 0.04 0.05 0.034 0.064
210 H 0.047 0.055 0.068 0.042 0.009 0.144 0.071 0.038 0.147 0.031 0.071 0.064 0.019 0.022 0.02 0.047 0.035 0.006 0.031 0.034
211 L 0.044 0.021 0.014 0.015 0.015 0.015 0.019 0.021 0.01 0.15 0.298 0.024 0.048 0.079 0.014 0.024 0.034 0.007 0.026 0.122
212 L 0.047 0.021 0.016 0.017 0.057 0.015 0.02 0.023 0.009 0.16 0.274 0.025 0.038 0.044 0.015 0.03 0.055 0.006 0.019 0.109
213 I 0.088 0.028 0.03 0.028 0.015 0.022 0.032 0.04 0.018 0.116 0.086 0.036 0.022 0.044 0.021 0.1 0.089 0.009 0.074 0.101
214 V 0.064 0.021 0.016 0.018 0.016 0.015 0.022 0.025 0.01 0.163 0.168 0.025 0.031 0.069 0.057 0.03 0.039 0.006 0.024 0.182
215 L 0.066 0.021 0.016 0.017 0.055 0.015 0.021 0.027 0.012 0.107 0.189 0.024 0.045 0.166 0.014 0.031 0.033 0.009 0.041 0.091
216 L 0.042 0.025 0.042 0.02 0.015 0.017 0.021 0.024 0.011 0.102 0.377 0.026 0.044 0.049 0.014 0.027 0.033 0.007 0.021 0.086
217 L 0.041 0.028 0.021 0.02 0.012 0.037 0.029 0.025 0.048 0.076 0.225 0.031 0.047 0.144 0.014 0.029 0.03 0.011 0.067 0.067
218 C 0.083 0.024 0.022 0.022 0.14 0.019 0.025 0.034 0.011 0.104 0.129 0.03 0.054 0.031 0.018 0.06 0.062 0.005 0.018 0.109
219 I 0.05 0.019 0.015 0.016 0.016 0.014 0.019 0.021 0.009 0.21 0.178 0.023 0.034 0.072 0.014 0.026 0.039 0.006 0.025 0.194
220 L 0.049 0.067 0.079 0.035 0.012 0.045 0.051 0.054 0.017 0.07 0.15 0.067 0.025 0.061 0.017 0.04 0.037 0.006 0.023 0.093
221 I 0.05 0.02 0.017 0.018 0.015 0.016 0.02 0.064 0.01 0.22 0.17 0.025 0.062 0.04 0.015 0.028 0.037 0.006 0.019 0.147
222 L 0.048 0.023 0.017 0.016 0.014 0.017 0.022 0.023 0.021 0.102 0.175 0.026 0.03 0.101 0.014 0.028 0.034 0.014 0.137 0.14
223 L 0.041 0.023 0.015 0.016 0.014 0.016 0.02 0.022 0.012 0.093 0.288 0.024 0.067 0.153 0.013 0.025 0.031 0.009 0.039 0.08
224 G 0.06 0.038 0.171 0.054 0.011 0.046 0.044 0.175 0.022 0.026 0.036 0.048 0.013 0.018 0.021 0.08 0.084 0.005 0.015 0.034
225 G 0.074 0.022 0.037 0.032 0.01 0.018 0.024 0.536 0.013 0.018 0.027 0.032 0.009 0.015 0.018 0.049 0.028 0.005 0.01 0.023
226 S 0.104 0.038 0.051 0.046 0.017 0.031 0.05 0.063 0.018 0.028 0.04 0.051 0.015 0.02 0.028 0.261 0.078 0.005 0.017 0.04
227 R 0.042 0.379 0.037 0.029 0.007 0.046 0.05 0.031 0.022 0.022 0.044 0.114 0.015 0.016 0.018 0.042 0.033 0.005 0.016 0.029
228 S 0.099 0.036 0.049 0.044 0.016 0.03 0.047 0.1 0.017 0.029 0.04 0.049 0.015 0.02 0.027 0.229 0.091 0.005 0.016 0.041
229 P 0.063 0.026 0.029 0.032 0.011 0.021 0.034 0.121 0.013 0.026 0.036 0.039 0.011 0.014 0.354 0.065 0.058 0.003 0.013 0.032
230 L 0.043 0.02 0.014 0.016 0.015 0.014 0.018 0.02 0.009 0.209 0.284 0.023 0.041 0.047 0.014 0.023 0.035 0.006 0.02 0.129
231 F 0.033 0.018 0.016 0.016 0.01 0.01 0.018 0.024 0.015 0.064 0.133 0.019 0.026 0.388 0.01 0.024 0.025 0.015 0.079 0.055
232 R 0.043 0.356 0.037 0.03 0.007 0.046 0.051 0.032 0.022 0.022 0.044 0.131 0.015 0.016 0.019 0.043 0.033 0.005 0.016 0.03
233 L 0.05 0.02 0.014 0.016 0.016 0.014 0.019 0.021 0.009 0.2 0.232 0.024 0.038 0.043 0.014 0.026 0.038 0.006 0.02 0.181
234 I 0.047 0.019 0.015 0.016 0.015 0.014 0.019 0.021 0.01 0.196 0.186 0.023 0.041 0.105 0.014 0.026 0.036 0.008 0.031 0.159
235 T 0.067 0.033 0.039 0.034 0.017 0.025 0.036 0.039 0.013 0.055 0.091 0.041 0.021 0.025 0.025 0.082 0.265 0.006 0.017 0.069
236 F 0.045 0.025 0.02 0.02 0.013 0.019 0.024 0.028 0.016 0.072 0.135 0.028 0.098 0.23 0.014 0.048 0.034 0.012 0.053 0.066
237 I 0.098 0.023 0.018 0.02 0.017 0.018 0.024 0.032 0.011 0.186 0.135 0.029 0.058 0.036 0.017 0.039 0.052 0.006 0.019 0.162
238 L 0.116 0.024 0.017 0.019 0.016 0.018 0.025 0.035 0.012 0.124 0.205 0.029 0.052 0.071 0.017 0.04 0.038 0.007 0.025 0.112
239 I 0.049 0.018 0.015 0.017 0.056 0.013 0.018 0.023 0.01 0.182 0.128 0.022 0.029 0.132 0.014 0.027 0.037 0.008 0.035 0.168
240 L 0.046 0.022 0.015 0.016 0.016 0.015 0.02 0.021 0.009 0.152 0.313 0.025 0.041 0.047 0.014 0.027 0.048 0.006 0.02 0.124
241 Y 0.037 0.023 0.017 0.016 0.011 0.016 0.022 0.023 0.026 0.079 0.14 0.024 0.025 0.173 0.013 0.026 0.027 0.06 0.179 0.063
242 Y 0.038 0.027 0.021 0.018 0.009 0.021 0.027 0.024 0.044 0.041 0.065 0.03 0.018 0.124 0.015 0.03 0.027 0.027 0.353 0.044
243 I 0.06 0.018 0.015 0.017 0.016 0.014 0.019 0.023 0.009 0.242 0.151 0.023 0.033 0.071 0.015 0.028 0.039 0.006 0.025 0.179
244 L 0.041 0.023 0.014 0.015 0.014 0.015 0.02 0.022 0.011 0.098 0.327 0.024 0.055 0.128 0.013 0.024 0.031 0.009 0.034 0.083
245 L 0.073 0.035 0.026 0.029 0.013 0.026 0.057 0.034 0.022 0.057 0.147 0.059 0.025 0.087 0.019 0.059 0.057 0.012 0.107 0.058
246 L 0.043 0.025 0.072 0.027 0.013 0.019 0.025 0.028 0.019 0.138 0.16 0.029 0.043 0.084 0.015 0.033 0.036 0.01 0.08 0.1
247 R 0.046 0.265 0.036 0.031 0.008 0.045 0.053 0.034 0.023 0.025 0.045 0.169 0.015 0.025 0.02 0.044 0.034 0.007 0.045 0.031
248 N 0.056 0.056 0.17 0.056 0.01 0.059 0.055 0.051 0.024 0.048 0.046 0.111 0.015 0.019 0.022 0.09 0.048 0.005 0.016 0.042
249 G 0.06 0.068 0.071 0.037 0.009 0.028 0.037 0.288 0.02 0.024 0.036 0.088 0.012 0.028 0.019 0.049 0.039 0.007 0.051 0.029
250 G 0.111 0.095 0.069 0.036 0.012 0.047 0.042 0.151 0.018 0.034 0.073 0.056 0.016 0.02 0.066 0.054 0.037 0.005 0.015 0.041
251 L 0.045 0.073 0.091 0.105 0.01 0.068 0.057 0.038 0.051 0.047 0.113 0.075 0.021 0.024 0.019 0.045 0.037 0.005 0.02 0.055
252 R 0.054 0.155 0.045 0.034 0.01 0.037 0.048 0.038 0.037 0.041 0.054 0.13 0.016 0.061 0.021 0.078 0.041 0.008 0.052 0.04
253 K 0.054 0.111 0.061 0.036 0.011 0.037 0.049 0.039 0.018 0.059 0.085 0.157 0.019 0.038 0.022 0.066 0.061 0.006 0.02 0.051
254 G 0.106 0.027 0.027 0.028 0.015 0.031 0.043 0.163 0.013 0.082 0.148 0.036 0.025 0.029 0.019 0.062 0.039 0.006 0.017 0.085
255 N 0.049 0.055 0.213 0.09 0.01 0.031 0.047 0.052 0.024 0.036 0.076 0.06 0.03 0.022 0.02 0.078 0.046 0.005 0.016 0.038
256 R 0.05 0.13 0.056 0.03 0.011 0.037 0.037 0.075 0.02 0.082 0.098 0.058 0.021 0.066 0.017 0.056 0.037 0.008 0.051 0.061
257 K 0.055 0.134 0.038 0.036 0.009 0.045 0.058 0.039 0.022 0.029 0.054 0.228 0.016 0.026 0.024 0.064 0.039 0.007 0.045 0.034
258 F 0.046 0.024 0.048 0.025 0.013 0.016 0.025 0.03 0.015 0.104 0.159 0.028 0.028 0.185 0.015 0.052 0.056 0.01 0.044 0.077
259 L 0.068 0.025 0.017 0.019 0.015 0.035 0.027 0.027 0.012 0.126 0.233 0.03 0.035 0.104 0.015 0.031 0.035 0.008 0.031 0.108
260 G 0.053 0.067 0.025 0.023 0.012 0.02 0.026 0.154 0.016 0.097 0.099 0.038 0.036 0.101 0.016 0.044 0.033 0.009 0.056 0.074
261 K 0.051 0.141 0.037 0.036 0.009 0.047 0.06 0.038 0.019 0.049 0.051 0.258 0.016 0.017 0.024 0.047 0.037 0.005 0.017 0.042
262 L 0.048 0.022 0.017 0.018 0.015 0.017 0.021 0.024 0.012 0.154 0.208 0.026 0.063 0.106 0.014 0.039 0.037 0.008 0.031 0.12
263 I 0.094 0.02 0.017 0.02 0.016 0.015 0.021 0.072 0.01 0.204 0.176 0.027 0.032 0.038 0.017 0.035 0.037 0.006 0.019 0.125
264 L 0.118 0.054 0.047 0.025 0.057 0.02 0.029 0.04 0.013 0.103 0.122 0.037 0.025 0.062 0.018 0.045 0.04 0.006 0.023 0.114
265 L 0.06 0.026 0.024 0.024 0.015 0.02 0.028 0.033 0.013 0.115 0.149 0.031 0.042 0.04 0.017 0.085 0.046 0.091 0.027 0.116
266 G 0.098 0.024 0.026 0.025 0.015 0.019 0.026 0.182 0.012 0.114 0.1 0.032 0.037 0.029 0.018 0.06 0.041 0.005 0.017 0.12
267 L 0.052 0.021 0.017 0.018 0.015 0.015 0.021 0.065 0.01 0.147 0.194 0.025 0.032 0.069 0.056 0.029 0.036 0.006 0.024 0.148
268 V 0.078 0.022 0.018 0.019 0.017 0.016 0.023 0.028 0.01 0.164 0.144 0.027 0.03 0.067 0.016 0.037 0.061 0.006 0.025 0.193
269 L 0.058 0.024 0.021 0.021 0.016 0.018 0.025 0.028 0.011 0.152 0.219 0.029 0.049 0.041 0.017 0.065 0.044 0.006 0.02 0.137
270 L 0.103 0.024 0.021 0.022 0.058 0.018 0.025 0.076 0.01 0.097 0.164 0.03 0.028 0.032 0.019 0.046 0.07 0.006 0.018 0.132
271 I 0.048 0.022 0.019 0.022 0.014 0.016 0.024 0.026 0.011 0.155 0.154 0.029 0.028 0.065 0.141 0.035 0.062 0.006 0.023 0.099
272 L 0.052 0.023 0.018 0.018 0.015 0.016 0.021 0.079 0.01 0.105 0.288 0.026 0.038 0.053 0.015 0.034 0.035 0.006 0.021 0.126
273 F 0.04 0.021 0.019 0.019 0.011 0.013 0.021 0.028 0.016 0.06 0.109 0.022 0.038 0.355 0.012 0.045 0.03 0.014 0.073 0.054
274 L 0.046 0.02 0.015 0.016 0.015 0.015 0.019 0.021 0.01 0.204 0.215 0.024 0.051 0.075 0.014 0.025 0.036 0.007 0.026 0.148
275 L 0.117 0.027 0.027 0.027 0.016 0.021 0.031 0.085 0.013 0.072 0.152 0.034 0.026 0.074 0.02 0.097 0.047 0.007 0.025 0.083
276 L 0.056 0.027 0.025 0.024 0.015 0.021 0.028 0.031 0.015 0.096 0.156 0.033 0.057 0.075 0.018 0.062 0.101 0.009 0.053 0.098
277 L 0.045 0.025 0.016 0.017 0.015 0.017 0.021 0.022 0.01 0.103 0.361 0.026 0.058 0.049 0.015 0.029 0.053 0.007 0.021 0.089
278 F 0.059 0.033 0.098 0.077 0.012 0.027 0.066 0.045 0.03 0.044 0.06 0.041 0.017 0.12 0.02 0.103 0.047 0.008 0.034 0.06
279 L 0.092 0.023 0.015 0.017 0.016 0.017 0.022 0.029 0.01 0.118 0.305 0.027 0.04 0.044 0.016 0.033 0.036 0.006 0.02 0.111
280 F 0.047 0.028 0.022 0.021 0.014 0.022 0.026 0.028 0.018 0.074 0.136 0.031 0.113 0.142 0.016 0.04 0.075 0.011 0.065 0.072
281 G 0.074 0.022 0.037 0.032 0.01 0.018 0.024 0.536 0.013 0.018 0.027 0.032 0.009 0.015 0.018 0.049 0.028 0.005 0.01 0.023
282 R 0.042 0.379 0.037 0.029 0.007 0.046 0.05 0.031 0.022 0.022 0.044 0.114 0.015 0.016 0.018 0.042 0.033 0.005 0.016 0.029
283 S 0.096 0.036 0.097 0.083 0.013 0.031 0.071 0.096 0.019 0.029 0.04 0.049 0.014 0.019 0.025 0.139 0.085 0.005 0.015 0.039
284 G 0.082 0.031 0.094 0.106 0.012 0.025 0.044 0.131 0.017 0.033 0.046 0.041 0.014 0.052 0.022 0.08 0.102 0.006 0.02 0.042
285 D 0.06 0.043 0.06 0.192 0.011 0.031 0.063 0.088 0.017 0.028 0.037 0.089 0.013 0.017 0.024 0.092 0.084 0.004 0.014 0.035
286 G 0.078 0.023 0.039 0.034 0.011 0.019 0.026 0.51 0.014 0.019 0.028 0.034 0.009 0.016 0.019 0.051 0.03 0.005 0.011 0.024
287 G 0.06 0.027 0.029 0.026 0.014 0.02 0.028 0.117 0.016 0.061 0.107 0.033 0.036 0.101 0.018 0.066 0.099 0.009 0.056 0.077
288 G 0.076 0.025 0.039 0.034 0.012 0.02 0.028 0.424 0.013 0.025 0.035 0.035 0.011 0.017 0.02 0.059 0.075 0.005 0.012 0.033
289 Q 0.056 0.073 0.044 0.047 0.009 0.217 0.103 0.041 0.029 0.026 0.047 0.091 0.021 0.015 0.023 0.056 0.041 0.006 0.021 0.035
290 D 0.041 0.03 0.069 0.396 0.008 0.03 0.092 0.047 0.019 0.022 0.028 0.045 0.009 0.015 0.022 0.052 0.035 0.004 0.011 0.024
291 G 0.078 0.023 0.039 0.034 0.011 0.019 0.026 0.509 0.014 0.019 0.028 0.034 0.009 0.016 0.019 0.051 0.03 0.005 0.011 0.024
292 I 0.047 0.018 0.015 0.018 0.016 0.013 0.018 0.021 0.009 0.27 0.168 0.024 0.037 0.044 0.015 0.025 0.04 0.006 0.021 0.177
293 I 0.047 0.018 0.015 0.018 0.016 0.013 0.018 0.021 0.009 0.27 0.168 0.024 0.037 0.044 0.015 0.025 0.04 0.006 0.021 0.177
294 E 0.051 0.034 0.028 0.054 0.012 0.039 0.158 0.028 0.017 0.148 0.102 0.049 0.025 0.03 0.02 0.04 0.038 0.006 0.019 0.104
295 D 0.084 0.035 0.14 0.16 0.012 0.03 0.057 0.071 0.021 0.026 0.035 0.047 0.012 0.017 0.023 0.12 0.058 0.004 0.014 0.033
296 L 0.039 0.022 0.043 0.021 0.013 0.015 0.021 0.025 0.013 0.127 0.219 0.024 0.038 0.169 0.013 0.027 0.032 0.009 0.041 0.088
297 F 0.048 0.024 0.05 0.027 0.012 0.017 0.027 0.034 0.017 0.054 0.117 0.029 0.023 0.244 0.057 0.068 0.037 0.011 0.054 0.05
298 H 0.051 0.1 0.045 0.04 0.008 0.056 0.076 0.079 0.205 0.022 0.038 0.061 0.014 0.023 0.02 0.061 0.033 0.006 0.035 0.026
299 Y 0.045 0.029 0.025 0.026 0.009 0.025 0.054 0.028 0.04 0.039 0.06 0.035 0.017 0.106 0.017 0.051 0.032 0.023 0.297 0.043
300 L 0.044 0.021 0.014 0.015 0.015 0.014 0.019 0.02 0.009 0.167 0.303 0.023 0.041 0.063 0.014 0.024 0.034 0.007 0.023 0.129
301 F 0.033 0.019 0.017 0.016 0.01 0.012 0.019 0.024 0.021 0.057 0.101 0.02 0.023 0.37 0.011 0.025 0.024 0.018 0.129 0.051
302 I 0.049 0.028 0.047 0.025 0.015 0.019 0.026 0.027 0.012 0.211 0.148 0.051 0.03 0.036 0.017 0.035 0.059 0.005 0.019 0.141
303 Y 0.038 0.027 0.021 0.018 0.009 0.021 0.027 0.024 0.044 0.041 0.065 0.03 0.018 0.124 0.015 0.03 0.027 0.027 0.353 0.044
304 I 0.054 0.021 0.019 0.02 0.016 0.016 0.022 0.024 0.009 0.193 0.159 0.026 0.032 0.053 0.016 0.036 0.08 0.006 0.022 0.174
305 G 0.074 0.022 0.037 0.032 0.01 0.018 0.024 0.536 0.013 0.018 0.027 0.032 0.009 0.015 0.018 0.049 0.028 0.005 0.01 0.023
306 A 0.306 0.029 0.025 0.028 0.02 0.024 0.037 0.113 0.014 0.039 0.054 0.041 0.016 0.02 0.027 0.078 0.046 0.005 0.016 0.062
307 P 0.054 0.024 0.022 0.029 0.01 0.02 0.034 0.034 0.012 0.024 0.034 0.039 0.01 0.012 0.52 0.042 0.034 0.002 0.012 0.029
308 L 0.044 0.022 0.014 0.015 0.016 0.015 0.019 0.02 0.009 0.13 0.364 0.024 0.045 0.05 0.014 0.024 0.033 0.007 0.021 0.116
309 L 0.048 0.023 0.017 0.016 0.013 0.017 0.023 0.023 0.021 0.096 0.169 0.026 0.029 0.07 0.014 0.028 0.034 0.056 0.135 0.142
310 N 0.04 0.043 0.353 0.079 0.009 0.032 0.047 0.062 0.03 0.021 0.03 0.051 0.011 0.017 0.019 0.066 0.047 0.004 0.015 0.026
311 L 0.04 0.022 0.014 0.015 0.014 0.014 0.019 0.021 0.011 0.1 0.35 0.023 0.043 0.123 0.013 0.023 0.03 0.009 0.033 0.084
312 D 0.039 0.032 0.137 0.341 0.007 0.029 0.077 0.049 0.021 0.021 0.027 0.045 0.009 0.015 0.021 0.054 0.037 0.004 0.012 0.024
313 N 0.066 0.037 0.146 0.051 0.013 0.029 0.043 0.052 0.051 0.042 0.049 0.046 0.016 0.021 0.023 0.115 0.112 0.005 0.019 0.063
314 F 0.036 0.02 0.017 0.016 0.01 0.013 0.02 0.024 0.02 0.062 0.097 0.021 0.023 0.308 0.011 0.025 0.026 0.059 0.122 0.07
315 L 0.044 0.019 0.014 0.016 0.015 0.014 0.018 0.02 0.009 0.226 0.263 0.023 0.04 0.046 0.014 0.023 0.035 0.006 0.02 0.136
316 A 0.131 0.072 0.034 0.035 0.014 0.103 0.058 0.049 0.019 0.051 0.06 0.062 0.019 0.02 0.023 0.09 0.048 0.005 0.018 0.088
317 T 0.066 0.039 0.104 0.044 0.014 0.028 0.041 0.088 0.018 0.043 0.078 0.065 0.018 0.033 0.023 0.102 0.118 0.005 0.018 0.055
318 Y 0.073 0.059 0.089 0.039 0.011 0.049 0.046 0.043 0.089 0.032 0.048 0.057 0.016 0.046 0.02 0.069 0.059 0.011 0.107 0.039
319 D 0.054 0.041 0.069 0.12 0.01 0.048 0.056 0.042 0.051 0.051 0.05 0.068 0.015 0.028 0.063 0.076 0.061 0.007 0.047 0.045
320 P 0.052 0.032 0.123 0.048 0.01 0.025 0.04 0.045 0.019 0.024 0.034 0.045 0.011 0.014 0.338 0.052 0.04 0.003 0.014 0.029
