#Seq2Logo.py -f /work3/idamei/wzy_ssn/run/1e-50/run/150/MSAs/0017_112.afa -o /work3/idamei/wzy_ssn/run/1e-50/run/150/logos/0017_112.logo
#Position Specific Frequency Matrix
A R N D C Q E G H I L K M F P S T W Y V
0 M 0.05 0.031 0.019 0.019 0.016 0.027 0.027 0.027 0.016 0.097 0.19 0.035 0.192 0.046 0.016 0.035 0.039 0.008 0.023 0.089
1 L 0.061 0.081 0.032 0.036 0.013 0.04 0.073 0.036 0.021 0.053 0.151 0.054 0.025 0.041 0.03 0.091 0.045 0.008 0.057 0.053
2 L 0.044 0.024 0.014 0.015 0.016 0.016 0.02 0.021 0.01 0.115 0.376 0.025 0.05 0.055 0.014 0.024 0.033 0.007 0.022 0.096
3 R 0.045 0.346 0.039 0.031 0.008 0.048 0.052 0.033 0.023 0.023 0.046 0.12 0.015 0.017 0.019 0.045 0.035 0.006 0.017 0.031
4 L 0.087 0.027 0.063 0.029 0.016 0.021 0.028 0.036 0.014 0.14 0.149 0.033 0.05 0.035 0.018 0.045 0.058 0.006 0.019 0.127
5 Y 0.04 0.028 0.022 0.019 0.009 0.022 0.028 0.025 0.047 0.044 0.068 0.031 0.019 0.131 0.016 0.031 0.028 0.028 0.318 0.047
6 N 0.043 0.045 0.317 0.083 0.009 0.034 0.049 0.065 0.032 0.022 0.032 0.054 0.011 0.018 0.02 0.07 0.049 0.004 0.016 0.027
7 R 0.045 0.345 0.039 0.031 0.008 0.048 0.052 0.033 0.023 0.023 0.047 0.12 0.016 0.017 0.019 0.045 0.035 0.006 0.017 0.031
8 K 0.057 0.107 0.042 0.042 0.009 0.054 0.071 0.043 0.021 0.028 0.043 0.278 0.016 0.016 0.028 0.054 0.04 0.005 0.017 0.033
9 L 0.045 0.024 0.014 0.015 0.016 0.016 0.02 0.021 0.01 0.115 0.375 0.025 0.05 0.055 0.014 0.024 0.033 0.007 0.022 0.096
10 L 0.052 0.032 0.02 0.02 0.016 0.028 0.028 0.028 0.016 0.1 0.197 0.036 0.161 0.048 0.016 0.036 0.04 0.008 0.024 0.092
11 L 0.045 0.024 0.014 0.015 0.016 0.016 0.02 0.021 0.01 0.115 0.375 0.025 0.05 0.055 0.014 0.024 0.033 0.007 0.022 0.096
12 E 0.055 0.05 0.04 0.09 0.007 0.064 0.296 0.035 0.026 0.022 0.037 0.076 0.013 0.017 0.026 0.055 0.037 0.006 0.017 0.031
13 I 0.047 0.018 0.015 0.018 0.016 0.013 0.018 0.021 0.009 0.271 0.168 0.024 0.037 0.044 0.015 0.025 0.04 0.006 0.021 0.177
14 S 0.11 0.04 0.054 0.049 0.018 0.033 0.052 0.066 0.019 0.03 0.042 0.054 0.016 0.021 0.03 0.22 0.082 0.005 0.018 0.042
15 I 0.047 0.018 0.015 0.018 0.016 0.013 0.018 0.021 0.009 0.271 0.168 0.024 0.037 0.044 0.015 0.025 0.04 0.006 0.021 0.177
16 L 0.045 0.024 0.014 0.015 0.016 0.016 0.02 0.021 0.01 0.115 0.375 0.025 0.05 0.055 0.014 0.024 0.033 0.007 0.022 0.096
17 N 0.065 0.089 0.149 0.047 0.077 0.032 0.043 0.047 0.026 0.03 0.045 0.087 0.014 0.032 0.02 0.054 0.04 0.008 0.06 0.037
18 S 0.11 0.04 0.054 0.049 0.018 0.033 0.053 0.067 0.019 0.03 0.042 0.054 0.016 0.021 0.03 0.217 0.082 0.005 0.018 0.042
19 A 0.287 0.031 0.026 0.03 0.022 0.026 0.041 0.079 0.015 0.043 0.06 0.045 0.018 0.022 0.03 0.085 0.05 0.005 0.018 0.069
20 D 0.048 0.071 0.121 0.122 0.01 0.034 0.056 0.045 0.02 0.037 0.081 0.11 0.017 0.021 0.022 0.056 0.067 0.005 0.016 0.04
21 L 0.046 0.026 0.018 0.02 0.014 0.041 0.029 0.025 0.014 0.116 0.186 0.03 0.032 0.158 0.014 0.029 0.034 0.009 0.041 0.119
22 T 0.091 0.038 0.049 0.043 0.018 0.03 0.046 0.055 0.016 0.042 0.054 0.05 0.018 0.022 0.029 0.156 0.164 0.006 0.018 0.056
23 S 0.11 0.04 0.054 0.049 0.018 0.033 0.052 0.066 0.019 0.03 0.042 0.054 0.016 0.021 0.03 0.22 0.082 0.005 0.018 0.042
24 C 0.065 0.016 0.016 0.016 0.482 0.012 0.016 0.033 0.008 0.045 0.065 0.02 0.016 0.02 0.016 0.041 0.037 0.004 0.012 0.057
25 S 0.11 0.04 0.054 0.049 0.018 0.033 0.053 0.066 0.019 0.03 0.042 0.054 0.016 0.021 0.03 0.218 0.082 0.005 0.018 0.042
26 F 0.034 0.019 0.017 0.017 0.011 0.011 0.019 0.025 0.017 0.064 0.114 0.019 0.025 0.385 0.011 0.025 0.025 0.017 0.089 0.055
27 A 0.288 0.031 0.026 0.03 0.022 0.026 0.041 0.078 0.015 0.043 0.06 0.045 0.018 0.022 0.03 0.085 0.05 0.005 0.018 0.069
28 K 0.052 0.062 0.028 0.03 0.012 0.033 0.044 0.032 0.015 0.149 0.106 0.151 0.026 0.03 0.021 0.039 0.04 0.006 0.019 0.105
29 R 0.051 0.226 0.04 0.036 0.008 0.051 0.062 0.038 0.022 0.025 0.045 0.199 0.016 0.016 0.024 0.049 0.037 0.006 0.017 0.032
30 G 0.076 0.029 0.041 0.036 0.014 0.023 0.032 0.277 0.014 0.036 0.047 0.04 0.015 0.02 0.023 0.072 0.138 0.006 0.014 0.048
31 L 0.126 0.024 0.023 0.023 0.015 0.018 0.026 0.158 0.013 0.063 0.179 0.031 0.027 0.078 0.019 0.046 0.035 0.007 0.025 0.064
32 F 0.047 0.09 0.029 0.028 0.01 0.066 0.046 0.032 0.022 0.048 0.112 0.083 0.023 0.129 0.018 0.05 0.035 0.011 0.074 0.048
33 L 0.087 0.09 0.029 0.027 0.014 0.03 0.036 0.048 0.019 0.077 0.11 0.05 0.023 0.062 0.02 0.071 0.069 0.009 0.061 0.068
34 L 0.063 0.024 0.019 0.02 0.075 0.017 0.024 0.029 0.011 0.098 0.237 0.027 0.035 0.062 0.016 0.055 0.041 0.006 0.023 0.12
35 P 0.077 0.024 0.023 0.025 0.014 0.018 0.029 0.036 0.013 0.101 0.089 0.032 0.022 0.118 0.136 0.066 0.042 0.007 0.033 0.097
36 G 0.11 0.023 0.03 0.028 0.013 0.018 0.026 0.325 0.013 0.039 0.087 0.032 0.017 0.068 0.019 0.049 0.032 0.007 0.022 0.043
37 L 0.042 0.024 0.017 0.017 0.014 0.016 0.022 0.024 0.016 0.087 0.256 0.026 0.048 0.143 0.014 0.029 0.045 0.011 0.074 0.076
38 L 0.044 0.023 0.014 0.016 0.016 0.016 0.02 0.021 0.01 0.153 0.318 0.025 0.062 0.05 0.014 0.025 0.034 0.007 0.021 0.11
39 L 0.043 0.023 0.014 0.015 0.016 0.015 0.019 0.02 0.01 0.133 0.371 0.024 0.046 0.051 0.014 0.023 0.033 0.007 0.021 0.102
40 L 0.043 0.02 0.015 0.016 0.014 0.013 0.019 0.022 0.012 0.132 0.223 0.022 0.035 0.175 0.013 0.025 0.032 0.01 0.044 0.116
41 L 0.046 0.023 0.019 0.019 0.014 0.015 0.023 0.027 0.013 0.081 0.238 0.025 0.034 0.196 0.014 0.05 0.034 0.011 0.047 0.07
42 S 0.124 0.037 0.045 0.042 0.017 0.031 0.046 0.061 0.018 0.038 0.06 0.049 0.036 0.023 0.027 0.204 0.071 0.005 0.018 0.049
43 L 0.052 0.032 0.02 0.02 0.016 0.028 0.028 0.028 0.016 0.1 0.197 0.036 0.161 0.048 0.016 0.036 0.04 0.008 0.024 0.092
44 L 0.047 0.021 0.014 0.016 0.016 0.015 0.019 0.021 0.009 0.178 0.275 0.025 0.053 0.047 0.014 0.025 0.036 0.006 0.021 0.141
45 V 0.103 0.022 0.017 0.019 0.018 0.017 0.024 0.032 0.01 0.122 0.143 0.027 0.029 0.076 0.017 0.038 0.043 0.007 0.027 0.21
46 F 0.038 0.02 0.016 0.016 0.012 0.012 0.019 0.023 0.014 0.083 0.176 0.02 0.03 0.291 0.012 0.025 0.029 0.013 0.064 0.089
47 P 0.054 0.025 0.022 0.03 0.01 0.02 0.035 0.035 0.012 0.025 0.035 0.04 0.01 0.012 0.515 0.042 0.035 0.002 0.012 0.03
48 T 0.069 0.031 0.036 0.032 0.017 0.024 0.034 0.038 0.012 0.075 0.076 0.039 0.021 0.025 0.024 0.076 0.227 0.006 0.018 0.12
49 V 0.102 0.028 0.03 0.029 0.018 0.022 0.033 0.042 0.012 0.108 0.089 0.037 0.023 0.028 0.022 0.098 0.105 0.005 0.018 0.15
50 L 0.039 0.022 0.016 0.016 0.012 0.015 0.02 0.022 0.019 0.1 0.203 0.023 0.032 0.188 0.013 0.025 0.029 0.014 0.115 0.077
51 Q 0.068 0.049 0.041 0.04 0.013 0.125 0.065 0.043 0.02 0.062 0.061 0.063 0.02 0.02 0.024 0.102 0.101 0.006 0.018 0.058
52 P 0.083 0.032 0.03 0.037 0.012 0.049 0.071 0.094 0.016 0.062 0.067 0.045 0.017 0.063 0.13 0.068 0.04 0.006 0.023 0.053
53 I 0.077 0.026 0.019 0.021 0.015 0.041 0.029 0.029 0.012 0.178 0.153 0.032 0.031 0.078 0.016 0.034 0.038 0.007 0.027 0.136
54 K 0.055 0.103 0.04 0.04 0.008 0.051 0.068 0.041 0.02 0.026 0.041 0.309 0.015 0.015 0.026 0.051 0.038 0.005 0.017 0.031
55 L 0.108 0.026 0.021 0.022 0.016 0.02 0.027 0.037 0.013 0.122 0.154 0.032 0.065 0.078 0.018 0.046 0.065 0.007 0.027 0.096
56 V 0.085 0.021 0.017 0.018 0.016 0.015 0.023 0.029 0.01 0.142 0.118 0.025 0.028 0.118 0.016 0.034 0.041 0.008 0.034 0.202
57 L 0.073 0.023 0.015 0.017 0.015 0.016 0.021 0.027 0.011 0.119 0.304 0.025 0.04 0.088 0.015 0.03 0.034 0.008 0.028 0.093
58 L 0.043 0.023 0.014 0.015 0.016 0.016 0.019 0.02 0.01 0.111 0.402 0.024 0.048 0.052 0.014 0.023 0.032 0.007 0.021 0.092
59 L 0.079 0.022 0.019 0.02 0.015 0.017 0.023 0.085 0.012 0.148 0.179 0.028 0.049 0.08 0.016 0.038 0.036 0.007 0.026 0.102
60 L 0.11 0.024 0.017 0.018 0.017 0.018 0.024 0.033 0.01 0.109 0.259 0.028 0.037 0.041 0.017 0.038 0.039 0.006 0.02 0.134
61 L 0.112 0.023 0.018 0.02 0.017 0.017 0.025 0.035 0.01 0.139 0.169 0.03 0.03 0.035 0.073 0.04 0.041 0.005 0.019 0.143
62 L 0.083 0.025 0.019 0.02 0.017 0.018 0.025 0.032 0.011 0.12 0.266 0.029 0.037 0.042 0.017 0.056 0.041 0.006 0.02 0.115
63 L 0.046 0.023 0.02 0.019 0.014 0.016 0.022 0.081 0.012 0.08 0.241 0.026 0.034 0.145 0.015 0.034 0.057 0.009 0.037 0.071
64 V 0.064 0.027 0.027 0.032 0.06 0.023 0.061 0.035 0.014 0.095 0.089 0.034 0.022 0.112 0.018 0.085 0.046 0.008 0.032 0.115
65 L 0.085 0.025 0.022 0.022 0.071 0.018 0.025 0.033 0.01 0.109 0.193 0.03 0.031 0.035 0.019 0.047 0.091 0.006 0.018 0.111
66 V 0.061 0.023 0.016 0.017 0.018 0.016 0.022 0.023 0.009 0.147 0.213 0.026 0.037 0.042 0.016 0.03 0.044 0.006 0.021 0.214
67 V 0.07 0.022 0.016 0.018 0.019 0.016 0.023 0.025 0.008 0.165 0.13 0.026 0.032 0.036 0.016 0.033 0.049 0.006 0.021 0.269
68 Y 0.04 0.028 0.022 0.019 0.009 0.022 0.028 0.025 0.047 0.044 0.068 0.031 0.019 0.131 0.016 0.031 0.028 0.028 0.318 0.047
69 L 0.047 0.021 0.015 0.016 0.07 0.015 0.019 0.022 0.01 0.173 0.246 0.024 0.056 0.044 0.014 0.027 0.036 0.006 0.02 0.12
70 N 0.043 0.045 0.315 0.083 0.009 0.034 0.05 0.065 0.032 0.023 0.032 0.054 0.011 0.018 0.02 0.07 0.05 0.005 0.016 0.027
71 L 0.046 0.022 0.018 0.018 0.015 0.015 0.021 0.024 0.011 0.123 0.237 0.025 0.036 0.126 0.015 0.032 0.06 0.008 0.035 0.114
72 S 0.103 0.031 0.035 0.033 0.015 0.025 0.037 0.104 0.016 0.04 0.066 0.04 0.036 0.07 0.021 0.136 0.053 0.063 0.03 0.047
73 L 0.084 0.033 0.06 0.03 0.068 0.021 0.029 0.085 0.018 0.053 0.133 0.034 0.023 0.082 0.018 0.065 0.039 0.009 0.061 0.055
74 K 0.057 0.107 0.042 0.042 0.009 0.054 0.071 0.043 0.021 0.028 0.043 0.278 0.016 0.016 0.028 0.054 0.04 0.005 0.017 0.033
75 R 0.046 0.15 0.031 0.027 0.01 0.032 0.039 0.085 0.058 0.046 0.128 0.089 0.022 0.07 0.017 0.038 0.031 0.007 0.029 0.045
76 Y 0.044 0.023 0.018 0.018 0.013 0.018 0.023 0.023 0.028 0.157 0.118 0.027 0.028 0.088 0.015 0.028 0.034 0.017 0.169 0.112
77 K 0.056 0.09 0.043 0.044 0.009 0.134 0.087 0.042 0.025 0.027 0.045 0.185 0.018 0.015 0.026 0.055 0.04 0.006 0.019 0.034
78 K 0.088 0.061 0.069 0.039 0.011 0.035 0.048 0.155 0.018 0.04 0.052 0.158 0.015 0.018 0.023 0.057 0.039 0.005 0.015 0.052
79 K 0.112 0.09 0.029 0.03 0.013 0.033 0.045 0.043 0.016 0.053 0.094 0.135 0.02 0.022 0.078 0.051 0.04 0.005 0.017 0.075
80 L 0.077 0.022 0.018 0.019 0.015 0.016 0.022 0.083 0.014 0.149 0.204 0.027 0.032 0.05 0.016 0.034 0.035 0.008 0.055 0.102
81 S 0.09 0.049 0.036 0.081 0.012 0.031 0.076 0.044 0.02 0.041 0.084 0.061 0.018 0.033 0.077 0.092 0.045 0.007 0.053 0.049
82 L 0.046 0.02 0.014 0.016 0.016 0.014 0.019 0.02 0.009 0.203 0.265 0.024 0.04 0.046 0.014 0.024 0.036 0.006 0.02 0.147
83 N 0.051 0.091 0.147 0.095 0.009 0.038 0.057 0.05 0.063 0.024 0.036 0.114 0.013 0.018 0.022 0.077 0.043 0.005 0.02 0.028
84 R 0.053 0.158 0.032 0.03 0.011 0.036 0.045 0.034 0.017 0.066 0.096 0.122 0.02 0.023 0.075 0.058 0.047 0.005 0.017 0.055
85 E 0.047 0.079 0.069 0.059 0.009 0.056 0.169 0.034 0.046 0.034 0.08 0.064 0.018 0.033 0.021 0.047 0.035 0.008 0.056 0.038
86 L 0.059 0.024 0.019 0.02 0.017 0.018 0.024 0.027 0.011 0.137 0.219 0.029 0.053 0.041 0.016 0.053 0.044 0.006 0.02 0.164
87 L 0.048 0.024 0.017 0.023 0.014 0.02 0.054 0.023 0.012 0.11 0.242 0.029 0.035 0.104 0.015 0.029 0.035 0.008 0.031 0.128
88 L 0.043 0.023 0.014 0.015 0.024 0.016 0.02 0.022 0.01 0.128 0.321 0.025 0.06 0.05 0.014 0.025 0.033 0.035 0.024 0.098
89 F 0.09 0.022 0.017 0.018 0.014 0.015 0.023 0.033 0.013 0.098 0.165 0.025 0.029 0.166 0.015 0.034 0.032 0.066 0.046 0.081
90 I 0.093 0.026 0.029 0.028 0.015 0.021 0.03 0.096 0.013 0.122 0.084 0.035 0.022 0.032 0.02 0.091 0.072 0.062 0.022 0.086
91 L 0.042 0.022 0.014 0.015 0.015 0.015 0.019 0.021 0.01 0.131 0.333 0.023 0.043 0.091 0.013 0.024 0.032 0.008 0.028 0.102
92 F 0.065 0.021 0.017 0.018 0.012 0.014 0.021 0.029 0.015 0.069 0.132 0.023 0.043 0.301 0.013 0.031 0.029 0.013 0.066 0.068
93 F 0.04 0.022 0.018 0.017 0.011 0.015 0.022 0.024 0.026 0.087 0.098 0.024 0.023 0.223 0.013 0.027 0.029 0.018 0.177 0.086
94 S 0.09 0.037 0.077 0.047 0.015 0.03 0.047 0.058 0.018 0.03 0.041 0.05 0.014 0.019 0.076 0.197 0.091 0.005 0.016 0.04
95 L 0.086 0.026 0.027 0.026 0.024 0.02 0.029 0.087 0.013 0.069 0.144 0.032 0.025 0.094 0.019 0.069 0.088 0.007 0.029 0.086
96 I 0.05 0.02 0.015 0.016 0.016 0.014 0.019 0.022 0.009 0.194 0.192 0.023 0.035 0.079 0.014 0.026 0.038 0.007 0.027 0.184
97 G 0.078 0.024 0.039 0.034 0.011 0.019 0.027 0.484 0.013 0.019 0.028 0.034 0.01 0.016 0.019 0.07 0.033 0.005 0.011 0.025
98 L 0.046 0.022 0.016 0.017 0.015 0.015 0.019 0.071 0.01 0.14 0.317 0.025 0.041 0.047 0.014 0.026 0.033 0.006 0.02 0.101
99 L 0.11 0.024 0.023 0.023 0.016 0.018 0.027 0.08 0.013 0.081 0.147 0.03 0.027 0.108 0.018 0.062 0.041 0.008 0.031 0.113
100 W 0.031 0.022 0.016 0.015 0.008 0.014 0.022 0.028 0.018 0.037 0.064 0.022 0.017 0.136 0.009 0.023 0.023 0.366 0.097 0.035
101 S 0.089 0.032 0.041 0.038 0.017 0.026 0.041 0.051 0.015 0.096 0.073 0.043 0.021 0.026 0.024 0.185 0.067 0.005 0.018 0.092
102 L 0.049 0.023 0.017 0.017 0.016 0.016 0.021 0.023 0.01 0.132 0.298 0.026 0.04 0.052 0.015 0.031 0.059 0.006 0.022 0.126
103 Y 0.04 0.061 0.022 0.019 0.009 0.023 0.028 0.024 0.039 0.047 0.097 0.038 0.021 0.107 0.015 0.03 0.028 0.023 0.282 0.048
104 G 0.075 0.022 0.037 0.032 0.01 0.018 0.024 0.531 0.013 0.018 0.027 0.032 0.009 0.016 0.018 0.049 0.028 0.005 0.01 0.023
105 A 0.129 0.034 0.029 0.044 0.015 0.034 0.121 0.044 0.016 0.06 0.125 0.047 0.023 0.027 0.023 0.074 0.052 0.006 0.018 0.081
106 L 0.08 0.021 0.016 0.018 0.016 0.015 0.021 0.028 0.011 0.163 0.199 0.026 0.034 0.079 0.016 0.032 0.038 0.007 0.032 0.149
107 R 0.075 0.133 0.059 0.035 0.012 0.033 0.065 0.036 0.021 0.059 0.111 0.062 0.022 0.036 0.019 0.044 0.038 0.008 0.051 0.084
108 G 0.074 0.025 0.047 0.074 0.011 0.021 0.034 0.428 0.014 0.02 0.028 0.036 0.01 0.016 0.019 0.07 0.034 0.005 0.011 0.025
109 N 0.07 0.042 0.283 0.075 0.01 0.034 0.074 0.061 0.028 0.023 0.033 0.053 0.011 0.017 0.021 0.067 0.046 0.004 0.015 0.03
110 P 0.081 0.025 0.022 0.029 0.011 0.02 0.035 0.038 0.012 0.029 0.049 0.039 0.012 0.015 0.45 0.045 0.036 0.003 0.013 0.035
111 G 0.075 0.022 0.037 0.032 0.01 0.018 0.024 0.531 0.013 0.018 0.027 0.032 0.009 0.016 0.018 0.049 0.028 0.005 0.01 0.023
112 A 0.292 0.029 0.024 0.027 0.019 0.024 0.038 0.07 0.017 0.041 0.058 0.041 0.017 0.031 0.027 0.076 0.046 0.007 0.05 0.064
113 L 0.054 0.026 0.021 0.021 0.016 0.019 0.025 0.028 0.012 0.095 0.254 0.029 0.052 0.08 0.016 0.055 0.063 0.007 0.027 0.101
114 R 0.059 0.214 0.039 0.036 0.01 0.061 0.055 0.04 0.021 0.024 0.042 0.111 0.015 0.016 0.071 0.087 0.044 0.005 0.017 0.032
115 V 0.063 0.023 0.018 0.019 0.018 0.018 0.024 0.025 0.009 0.136 0.153 0.028 0.047 0.036 0.017 0.037 0.068 0.006 0.02 0.235
116 L 0.062 0.027 0.027 0.026 0.015 0.021 0.028 0.083 0.013 0.097 0.213 0.033 0.048 0.038 0.019 0.08 0.067 0.006 0.019 0.08
117 T 0.077 0.035 0.044 0.038 0.017 0.027 0.04 0.046 0.014 0.046 0.058 0.045 0.018 0.022 0.027 0.122 0.239 0.006 0.017 0.062
118 V 0.067 0.021 0.016 0.017 0.018 0.016 0.022 0.024 0.008 0.158 0.125 0.025 0.03 0.034 0.016 0.031 0.047 0.005 0.02 0.3
119 L 0.047 0.029 0.019 0.018 0.014 0.025 0.026 0.026 0.021 0.087 0.185 0.033 0.146 0.063 0.015 0.032 0.035 0.011 0.088 0.08
120 V 0.081 0.021 0.016 0.018 0.016 0.015 0.022 0.028 0.01 0.136 0.146 0.025 0.03 0.111 0.016 0.033 0.04 0.008 0.033 0.193
121 V 0.052 0.02 0.015 0.016 0.016 0.014 0.02 0.023 0.01 0.147 0.187 0.023 0.033 0.115 0.014 0.027 0.038 0.008 0.033 0.188
122 Y 0.037 0.026 0.02 0.017 0.009 0.02 0.026 0.025 0.039 0.039 0.063 0.028 0.017 0.112 0.013 0.028 0.026 0.124 0.291 0.042
123 P 0.054 0.025 0.022 0.03 0.01 0.02 0.035 0.035 0.012 0.025 0.035 0.04 0.01 0.012 0.515 0.042 0.035 0.002 0.012 0.03
124 L 0.052 0.021 0.016 0.017 0.016 0.015 0.02 0.022 0.009 0.194 0.247 0.025 0.038 0.044 0.015 0.029 0.049 0.006 0.02 0.145
125 L 0.048 0.021 0.014 0.016 0.016 0.015 0.019 0.021 0.009 0.177 0.274 0.024 0.04 0.046 0.014 0.025 0.037 0.006 0.021 0.157
126 F 0.033 0.019 0.017 0.016 0.01 0.011 0.019 0.024 0.019 0.059 0.105 0.019 0.024 0.384 0.011 0.025 0.025 0.017 0.111 0.052
127 L 0.061 0.025 0.026 0.025 0.064 0.019 0.026 0.13 0.011 0.068 0.139 0.032 0.04 0.029 0.068 0.047 0.083 0.005 0.016 0.084
128 I 0.073 0.019 0.015 0.017 0.065 0.014 0.02 0.027 0.01 0.188 0.184 0.024 0.033 0.077 0.015 0.031 0.036 0.007 0.025 0.12
129 L 0.042 0.023 0.014 0.015 0.015 0.015 0.019 0.021 0.01 0.105 0.373 0.024 0.045 0.088 0.013 0.023 0.031 0.008 0.028 0.088
130 A 0.135 0.03 0.033 0.032 0.017 0.024 0.036 0.059 0.014 0.064 0.071 0.039 0.02 0.063 0.024 0.118 0.089 0.006 0.024 0.103
131 V 0.085 0.023 0.023 0.023 0.015 0.018 0.026 0.083 0.013 0.115 0.108 0.029 0.041 0.108 0.017 0.058 0.042 0.008 0.032 0.133
132 L 0.066 0.027 0.029 0.027 0.063 0.02 0.029 0.086 0.017 0.059 0.155 0.033 0.025 0.079 0.019 0.097 0.045 0.009 0.057 0.061
133 Y 0.038 0.024 0.018 0.017 0.01 0.018 0.024 0.024 0.032 0.075 0.112 0.027 0.023 0.132 0.013 0.027 0.028 0.07 0.227 0.061
134 K 0.064 0.109 0.04 0.039 0.011 0.096 0.066 0.042 0.021 0.039 0.051 0.144 0.018 0.018 0.024 0.089 0.047 0.005 0.018 0.06
135 G 0.05 0.041 0.136 0.093 0.008 0.054 0.081 0.144 0.095 0.021 0.032 0.051 0.012 0.019 0.02 0.053 0.036 0.005 0.022 0.025
136 K 0.052 0.082 0.071 0.062 0.01 0.056 0.078 0.103 0.019 0.079 0.061 0.106 0.018 0.021 0.02 0.047 0.037 0.005 0.016 0.057
137 N 0.057 0.043 0.135 0.07 0.011 0.042 0.129 0.048 0.024 0.032 0.044 0.058 0.015 0.019 0.024 0.072 0.112 0.005 0.017 0.043
138 L 0.044 0.029 0.036 0.132 0.012 0.024 0.045 0.031 0.064 0.097 0.175 0.034 0.049 0.037 0.017 0.036 0.034 0.006 0.024 0.075
139 L 0.056 0.032 0.058 0.031 0.014 0.044 0.036 0.036 0.016 0.109 0.158 0.039 0.045 0.072 0.018 0.075 0.048 0.007 0.026 0.081
140 E 0.05 0.039 0.05 0.099 0.009 0.047 0.16 0.035 0.093 0.054 0.055 0.052 0.016 0.061 0.02 0.045 0.033 0.007 0.03 0.044
141 G 0.079 0.023 0.039 0.034 0.011 0.019 0.026 0.508 0.014 0.019 0.028 0.034 0.009 0.016 0.019 0.052 0.03 0.005 0.011 0.024
142 R 0.045 0.342 0.039 0.031 0.008 0.049 0.053 0.033 0.023 0.023 0.047 0.121 0.016 0.017 0.019 0.045 0.035 0.006 0.017 0.031
143 G 0.092 0.049 0.101 0.051 0.012 0.035 0.074 0.151 0.02 0.025 0.037 0.1 0.013 0.017 0.024 0.098 0.047 0.005 0.015 0.034
144 L 0.046 0.021 0.014 0.016 0.016 0.015 0.019 0.021 0.009 0.173 0.302 0.024 0.042 0.048 0.014 0.024 0.035 0.006 0.021 0.136
145 I 0.05 0.038 0.03 0.044 0.011 0.048 0.059 0.08 0.055 0.098 0.08 0.065 0.021 0.075 0.018 0.038 0.034 0.009 0.061 0.087
146 K 0.052 0.203 0.038 0.035 0.008 0.046 0.056 0.086 0.02 0.024 0.041 0.204 0.014 0.016 0.022 0.048 0.035 0.005 0.016 0.03
147 L 0.054 0.024 0.021 0.021 0.015 0.017 0.025 0.028 0.012 0.096 0.218 0.028 0.033 0.115 0.016 0.055 0.063 0.008 0.033 0.118
148 F 0.039 0.021 0.016 0.016 0.013 0.014 0.02 0.023 0.014 0.103 0.2 0.023 0.057 0.231 0.012 0.026 0.03 0.011 0.053 0.08
149 I 0.052 0.072 0.025 0.025 0.013 0.026 0.034 0.029 0.013 0.14 0.104 0.091 0.028 0.068 0.018 0.039 0.062 0.007 0.025 0.129
150 I 0.049 0.022 0.018 0.018 0.013 0.016 0.022 0.024 0.021 0.143 0.14 0.026 0.028 0.116 0.015 0.03 0.042 0.013 0.127 0.119
151 A 0.162 0.027 0.031 0.031 0.066 0.022 0.034 0.152 0.013 0.061 0.059 0.038 0.017 0.022 0.024 0.1 0.059 0.005 0.015 0.061
152 A 0.183 0.03 0.034 0.033 0.017 0.025 0.038 0.15 0.015 0.04 0.081 0.042 0.018 0.023 0.025 0.121 0.052 0.005 0.016 0.053
153 L 0.038 0.022 0.015 0.016 0.013 0.015 0.02 0.024 0.013 0.099 0.21 0.023 0.051 0.142 0.012 0.025 0.029 0.111 0.046 0.077
154 L 0.112 0.027 0.024 0.024 0.017 0.02 0.03 0.041 0.013 0.079 0.197 0.033 0.036 0.074 0.019 0.082 0.045 0.007 0.026 0.093
155 L 0.046 0.02 0.014 0.016 0.016 0.014 0.018 0.02 0.009 0.211 0.254 0.023 0.04 0.046 0.014 0.024 0.037 0.006 0.02 0.151
156 V 0.099 0.026 0.028 0.027 0.066 0.021 0.031 0.058 0.012 0.101 0.114 0.034 0.024 0.029 0.021 0.103 0.052 0.005 0.018 0.131
157 L 0.052 0.021 0.015 0.016 0.016 0.015 0.02 0.022 0.009 0.144 0.233 0.024 0.037 0.08 0.014 0.027 0.038 0.007 0.027 0.183
158 L 0.054 0.023 0.019 0.02 0.015 0.017 0.024 0.026 0.017 0.155 0.171 0.028 0.031 0.057 0.016 0.049 0.04 0.01 0.085 0.142
159 D 0.06 0.045 0.076 0.121 0.011 0.094 0.067 0.046 0.021 0.036 0.076 0.057 0.018 0.02 0.023 0.095 0.07 0.005 0.017 0.041
160 L 0.04 0.02 0.015 0.016 0.014 0.013 0.018 0.021 0.011 0.153 0.242 0.022 0.037 0.158 0.013 0.024 0.032 0.009 0.04 0.103
161 L 0.12 0.029 0.03 0.029 0.016 0.023 0.034 0.096 0.015 0.056 0.136 0.037 0.04 0.068 0.021 0.108 0.049 0.007 0.024 0.06
162 F 0.036 0.022 0.018 0.017 0.01 0.015 0.022 0.024 0.027 0.077 0.097 0.023 0.023 0.261 0.012 0.026 0.027 0.019 0.183 0.061
163 L 0.049 0.02 0.014 0.016 0.016 0.014 0.019 0.021 0.009 0.216 0.226 0.024 0.038 0.044 0.014 0.025 0.038 0.006 0.02 0.172
164 L 0.056 0.023 0.021 0.02 0.014 0.017 0.023 0.077 0.015 0.096 0.195 0.027 0.033 0.123 0.015 0.036 0.056 0.01 0.065 0.08
165 S 0.074 0.033 0.045 0.075 0.012 0.027 0.045 0.129 0.059 0.028 0.041 0.042 0.014 0.041 0.022 0.133 0.05 0.009 0.085 0.035
166 A 0.141 0.031 0.063 0.041 0.014 0.027 0.065 0.103 0.018 0.036 0.056 0.042 0.016 0.098 0.022 0.097 0.046 0.007 0.029 0.046
167 L 0.051 0.024 0.022 0.021 0.014 0.018 0.025 0.028 0.018 0.133 0.162 0.029 0.029 0.094 0.016 0.055 0.062 0.011 0.091 0.096
168 G 0.07 0.022 0.029 0.026 0.011 0.017 0.023 0.33 0.013 0.041 0.082 0.029 0.016 0.066 0.016 0.041 0.029 0.058 0.031 0.049
169 L 0.048 0.021 0.017 0.017 0.014 0.015 0.02 0.073 0.011 0.115 0.215 0.024 0.033 0.081 0.013 0.027 0.033 0.066 0.031 0.123
170 D 0.051 0.027 0.039 0.126 0.01 0.023 0.046 0.098 0.06 0.062 0.058 0.036 0.015 0.069 0.111 0.053 0.035 0.006 0.027 0.047
171 G 0.067 0.025 0.033 0.03 0.011 0.019 0.029 0.283 0.018 0.029 0.045 0.034 0.013 0.079 0.08 0.068 0.035 0.009 0.063 0.033
172 G 0.098 0.036 0.115 0.047 0.012 0.053 0.045 0.236 0.02 0.024 0.036 0.048 0.013 0.017 0.022 0.083 0.043 0.005 0.014 0.033
173 L 0.056 0.025 0.024 0.025 0.012 0.023 0.029 0.095 0.013 0.057 0.122 0.032 0.022 0.079 0.119 0.06 0.037 0.07 0.031 0.067
174 L 0.049 0.021 0.016 0.017 0.015 0.015 0.021 0.022 0.015 0.161 0.164 0.024 0.032 0.106 0.014 0.027 0.037 0.01 0.075 0.16
175 Y 0.089 0.026 0.026 0.024 0.013 0.02 0.029 0.098 0.026 0.054 0.07 0.033 0.019 0.11 0.018 0.066 0.039 0.015 0.148 0.077
176 E 0.072 0.039 0.047 0.151 0.01 0.042 0.16 0.043 0.065 0.032 0.041 0.054 0.014 0.019 0.023 0.076 0.041 0.005 0.02 0.048
177 F 0.051 0.023 0.022 0.021 0.013 0.016 0.024 0.053 0.016 0.097 0.157 0.027 0.028 0.159 0.015 0.053 0.048 0.011 0.071 0.094
178 L 0.074 0.025 0.018 0.021 0.014 0.02 0.026 0.031 0.013 0.115 0.152 0.031 0.077 0.073 0.116 0.036 0.036 0.007 0.026 0.087
179 S 0.089 0.075 0.041 0.075 0.013 0.075 0.059 0.046 0.019 0.04 0.082 0.084 0.019 0.021 0.024 0.095 0.07 0.005 0.017 0.05
180 G 0.141 0.028 0.063 0.035 0.014 0.023 0.033 0.248 0.018 0.031 0.044 0.038 0.013 0.029 0.022 0.063 0.061 0.007 0.047 0.043
181 L 0.046 0.024 0.014 0.015 0.016 0.017 0.02 0.021 0.01 0.117 0.349 0.025 0.06 0.05 0.014 0.025 0.034 0.007 0.021 0.114
182 Y 0.038 0.028 0.023 0.02 0.009 0.021 0.028 0.025 0.076 0.042 0.067 0.03 0.018 0.144 0.015 0.03 0.026 0.024 0.292 0.043
183 G 0.078 0.029 0.041 0.116 0.012 0.027 0.072 0.165 0.015 0.079 0.059 0.041 0.016 0.022 0.021 0.087 0.043 0.005 0.014 0.059
184 P 0.052 0.033 0.026 0.045 0.011 0.034 0.119 0.031 0.016 0.054 0.151 0.047 0.024 0.028 0.179 0.041 0.035 0.005 0.017 0.053
185 F 0.04 0.018 0.016 0.017 0.013 0.012 0.018 0.023 0.013 0.167 0.141 0.021 0.031 0.216 0.013 0.025 0.033 0.011 0.055 0.116
186 D 0.042 0.037 0.193 0.24 0.008 0.032 0.07 0.056 0.025 0.022 0.03 0.049 0.01 0.016 0.021 0.061 0.042 0.004 0.013 0.026
187 D 0.046 0.032 0.046 0.196 0.009 0.032 0.112 0.085 0.054 0.039 0.105 0.044 0.018 0.024 0.02 0.044 0.032 0.005 0.018 0.038
188 G 0.115 0.037 0.03 0.034 0.014 0.028 0.059 0.142 0.015 0.051 0.128 0.066 0.039 0.027 0.022 0.073 0.041 0.006 0.017 0.055
189 A 0.22 0.038 0.03 0.032 0.018 0.069 0.05 0.062 0.017 0.048 0.06 0.051 0.019 0.021 0.026 0.088 0.049 0.005 0.018 0.08
190 V 0.09 0.024 0.05 0.024 0.018 0.018 0.026 0.033 0.011 0.132 0.108 0.029 0.027 0.031 0.017 0.04 0.047 0.005 0.019 0.249
191 V 0.055 0.02 0.015 0.017 0.016 0.014 0.02 0.022 0.009 0.187 0.162 0.024 0.033 0.076 0.014 0.028 0.041 0.007 0.026 0.215
192 D 0.047 0.029 0.088 0.311 0.008 0.027 0.071 0.144 0.018 0.021 0.027 0.042 0.009 0.015 0.021 0.051 0.034 0.004 0.011 0.024
193 F 0.053 0.034 0.098 0.079 0.011 0.046 0.046 0.043 0.028 0.061 0.065 0.043 0.018 0.108 0.019 0.085 0.044 0.009 0.058 0.05
194 G 0.117 0.061 0.033 0.03 0.012 0.024 0.033 0.242 0.021 0.029 0.044 0.044 0.014 0.039 0.021 0.071 0.037 0.01 0.08 0.038
195 S 0.088 0.036 0.048 0.127 0.012 0.035 0.109 0.108 0.019 0.027 0.037 0.051 0.013 0.018 0.025 0.136 0.053 0.005 0.015 0.038
196 G 0.06 0.063 0.108 0.082 0.01 0.026 0.04 0.282 0.018 0.023 0.033 0.047 0.011 0.017 0.02 0.056 0.059 0.005 0.013 0.029
197 Y 0.044 0.028 0.026 0.022 0.01 0.021 0.03 0.029 0.07 0.042 0.069 0.031 0.019 0.163 0.016 0.052 0.031 0.021 0.232 0.044
198 L 0.041 0.021 0.015 0.016 0.014 0.014 0.019 0.022 0.012 0.132 0.245 0.023 0.053 0.158 0.013 0.025 0.032 0.009 0.04 0.095
199 L 0.05 0.059 0.029 0.039 0.011 0.039 0.1 0.031 0.017 0.078 0.16 0.148 0.026 0.029 0.021 0.04 0.036 0.006 0.018 0.063
200 F 0.034 0.02 0.017 0.017 0.01 0.012 0.02 0.024 0.022 0.057 0.101 0.021 0.023 0.356 0.011 0.025 0.025 0.018 0.137 0.051
201 T 0.092 0.034 0.07 0.04 0.017 0.027 0.039 0.047 0.015 0.047 0.059 0.044 0.018 0.022 0.026 0.086 0.233 0.005 0.017 0.064
202 L 0.043 0.025 0.018 0.017 0.015 0.018 0.023 0.022 0.047 0.114 0.339 0.027 0.051 0.049 0.014 0.026 0.032 0.007 0.025 0.09
203 P 0.051 0.025 0.022 0.027 0.01 0.02 0.033 0.032 0.019 0.028 0.041 0.038 0.011 0.035 0.415 0.04 0.033 0.007 0.079 0.033
204 N 0.054 0.042 0.287 0.073 0.01 0.032 0.048 0.063 0.028 0.023 0.032 0.052 0.012 0.018 0.021 0.104 0.054 0.004 0.015 0.029
205 V 0.06 0.02 0.015 0.017 0.018 0.015 0.021 0.022 0.008 0.201 0.135 0.024 0.032 0.037 0.015 0.029 0.045 0.005 0.02 0.261
206 S 0.102 0.037 0.05 0.045 0.016 0.03 0.048 0.11 0.018 0.027 0.039 0.05 0.014 0.02 0.027 0.233 0.073 0.005 0.016 0.038
207 S 0.103 0.038 0.051 0.046 0.017 0.032 0.05 0.062 0.018 0.03 0.041 0.051 0.015 0.02 0.028 0.245 0.088 0.005 0.017 0.041
208 L 0.045 0.023 0.014 0.015 0.016 0.016 0.02 0.021 0.009 0.115 0.375 0.024 0.046 0.051 0.014 0.024 0.033 0.007 0.021 0.113
209 L 0.044 0.019 0.014 0.016 0.016 0.014 0.018 0.02 0.009 0.226 0.257 0.023 0.04 0.046 0.014 0.024 0.036 0.006 0.02 0.138
210 F 0.032 0.018 0.016 0.016 0.01 0.01 0.018 0.024 0.016 0.061 0.109 0.018 0.024 0.413 0.01 0.024 0.024 0.016 0.085 0.053
211 L 0.042 0.022 0.014 0.015 0.015 0.015 0.019 0.021 0.01 0.125 0.349 0.023 0.044 0.087 0.013 0.023 0.032 0.008 0.028 0.096
212 I 0.047 0.019 0.014 0.016 0.016 0.014 0.018 0.02 0.009 0.25 0.205 0.023 0.037 0.043 0.014 0.025 0.038 0.006 0.02 0.167
213 P 0.059 0.026 0.025 0.031 0.011 0.021 0.036 0.038 0.013 0.025 0.035 0.041 0.01 0.013 0.467 0.063 0.039 0.003 0.013 0.031
214 F 0.034 0.02 0.017 0.017 0.01 0.012 0.02 0.024 0.022 0.057 0.101 0.021 0.023 0.356 0.011 0.025 0.025 0.018 0.137 0.051
215 F 0.044 0.02 0.016 0.016 0.063 0.014 0.019 0.024 0.012 0.107 0.177 0.022 0.044 0.19 0.013 0.027 0.032 0.01 0.046 0.104
216 L 0.045 0.021 0.015 0.016 0.015 0.015 0.02 0.022 0.011 0.165 0.242 0.024 0.054 0.095 0.014 0.026 0.035 0.008 0.029 0.13
217 A 0.154 0.028 0.029 0.029 0.116 0.022 0.034 0.052 0.013 0.061 0.066 0.037 0.019 0.023 0.023 0.115 0.054 0.005 0.016 0.103
218 Y 0.106 0.062 0.027 0.025 0.013 0.024 0.033 0.089 0.027 0.043 0.089 0.043 0.019 0.065 0.02 0.065 0.037 0.014 0.149 0.05
219 L 0.077 0.022 0.016 0.017 0.016 0.016 0.022 0.027 0.013 0.156 0.204 0.026 0.034 0.049 0.016 0.032 0.038 0.008 0.053 0.156
220 L 0.041 0.021 0.015 0.016 0.014 0.015 0.019 0.022 0.012 0.13 0.244 0.023 0.053 0.158 0.013 0.025 0.032 0.009 0.04 0.097
221 L 0.053 0.023 0.021 0.02 0.113 0.017 0.023 0.028 0.014 0.078 0.176 0.027 0.028 0.081 0.017 0.041 0.082 0.009 0.057 0.092
222 R 0.047 0.139 0.127 0.045 0.009 0.048 0.051 0.052 0.023 0.024 0.041 0.067 0.014 0.025 0.018 0.068 0.04 0.107 0.026 0.03
223 D 0.041 0.03 0.069 0.395 0.008 0.03 0.092 0.047 0.019 0.022 0.028 0.045 0.009 0.015 0.022 0.052 0.036 0.004 0.011 0.024
224 K 0.049 0.09 0.069 0.087 0.008 0.042 0.11 0.039 0.024 0.025 0.04 0.135 0.013 0.026 0.072 0.049 0.036 0.007 0.048 0.031
225 K 0.103 0.072 0.088 0.047 0.012 0.042 0.058 0.056 0.021 0.029 0.043 0.169 0.015 0.018 0.027 0.09 0.049 0.005 0.017 0.039
226 P 0.047 0.033 0.137 0.171 0.009 0.028 0.059 0.049 0.021 0.024 0.032 0.047 0.01 0.015 0.179 0.055 0.04 0.004 0.013 0.027
227 F 0.034 0.019 0.017 0.017 0.011 0.011 0.019 0.025 0.017 0.064 0.114 0.019 0.025 0.385 0.011 0.025 0.025 0.017 0.089 0.055
228 Y 0.041 0.028 0.022 0.019 0.009 0.022 0.028 0.025 0.047 0.044 0.069 0.031 0.019 0.131 0.016 0.031 0.028 0.028 0.316 0.047
229 K 0.057 0.107 0.042 0.042 0.009 0.054 0.071 0.043 0.021 0.028 0.043 0.276 0.016 0.016 0.028 0.054 0.04 0.005 0.017 0.033
230 E 0.055 0.05 0.041 0.09 0.007 0.065 0.295 0.035 0.026 0.022 0.037 0.076 0.013 0.017 0.026 0.055 0.037 0.006 0.017 0.031
231 L 0.045 0.13 0.023 0.021 0.013 0.026 0.03 0.025 0.014 0.137 0.197 0.056 0.034 0.039 0.016 0.031 0.036 0.006 0.02 0.101
232 K 0.057 0.107 0.042 0.042 0.009 0.054 0.071 0.043 0.021 0.028 0.043 0.278 0.016 0.016 0.028 0.054 0.04 0.005 0.017 0.033
233 K 0.081 0.042 0.058 0.032 0.013 0.027 0.038 0.04 0.016 0.084 0.085 0.09 0.037 0.07 0.07 0.05 0.062 0.006 0.025 0.072
234 S 0.076 0.033 0.068 0.041 0.014 0.026 0.041 0.049 0.02 0.056 0.053 0.044 0.016 0.031 0.122 0.147 0.057 0.007 0.049 0.05
235 L 0.047 0.047 0.023 0.023 0.012 0.026 0.035 0.028 0.017 0.081 0.199 0.11 0.03 0.082 0.017 0.033 0.034 0.009 0.059 0.087
236 S 0.085 0.048 0.042 0.075 0.013 0.033 0.051 0.047 0.053 0.065 0.058 0.1 0.018 0.023 0.024 0.111 0.066 0.005 0.02 0.062
237 G 0.058 0.063 0.042 0.116 0.011 0.027 0.046 0.178 0.052 0.038 0.085 0.045 0.033 0.024 0.019 0.064 0.036 0.005 0.019 0.039
238 L 0.04 0.022 0.015 0.015 0.014 0.015 0.02 0.022 0.014 0.097 0.306 0.024 0.04 0.132 0.013 0.024 0.03 0.011 0.067 0.081
239 F 0.046 0.021 0.018 0.019 0.013 0.015 0.022 0.026 0.012 0.131 0.116 0.024 0.033 0.164 0.014 0.033 0.06 0.066 0.046 0.122
240 L 0.045 0.023 0.016 0.017 0.016 0.016 0.021 0.022 0.01 0.128 0.346 0.026 0.044 0.049 0.015 0.029 0.053 0.007 0.021 0.099
241 L 0.044 0.023 0.017 0.017 0.014 0.015 0.021 0.024 0.012 0.091 0.247 0.025 0.035 0.12 0.014 0.031 0.056 0.059 0.038 0.096
242 L 0.076 0.023 0.018 0.019 0.016 0.017 0.023 0.029 0.011 0.121 0.239 0.027 0.035 0.079 0.016 0.037 0.06 0.007 0.026 0.12
243 G 0.078 0.023 0.039 0.034 0.011 0.019 0.026 0.509 0.014 0.019 0.028 0.034 0.009 0.016 0.019 0.051 0.03 0.005 0.011 0.024
244 F 0.034 0.019 0.017 0.017 0.011 0.011 0.019 0.025 0.017 0.064 0.114 0.019 0.025 0.385 0.011 0.025 0.025 0.017 0.089 0.055
245 G 0.061 0.024 0.027 0.024 0.014 0.018 0.023 0.266 0.012 0.067 0.202 0.03 0.03 0.035 0.017 0.038 0.032 0.006 0.017 0.06
246 L 0.053 0.022 0.021 0.02 0.014 0.016 0.021 0.174 0.011 0.102 0.266 0.026 0.035 0.04 0.015 0.031 0.032 0.006 0.018 0.079
247 L 0.051 0.025 0.02 0.019 0.014 0.019 0.023 0.124 0.012 0.088 0.263 0.029 0.085 0.043 0.015 0.032 0.033 0.007 0.02 0.077
248 L 0.052 0.02 0.015 0.016 0.065 0.014 0.02 0.023 0.01 0.13 0.184 0.023 0.032 0.114 0.014 0.028 0.037 0.008 0.032 0.165
249 L 0.085 0.022 0.019 0.021 0.066 0.017 0.024 0.032 0.01 0.156 0.165 0.028 0.031 0.036 0.017 0.056 0.044 0.005 0.019 0.149
250 L 0.054 0.023 0.018 0.019 0.016 0.017 0.023 0.025 0.01 0.15 0.262 0.027 0.038 0.043 0.016 0.048 0.041 0.006 0.02 0.144
251 V 0.137 0.022 0.02 0.022 0.017 0.018 0.026 0.089 0.01 0.152 0.105 0.03 0.026 0.031 0.019 0.046 0.043 0.005 0.018 0.163
252 L 0.045 0.02 0.015 0.016 0.015 0.014 0.019 0.021 0.01 0.183 0.211 0.023 0.038 0.118 0.013 0.025 0.035 0.008 0.033 0.139
253 L 0.046 0.024 0.014 0.015 0.016 0.017 0.02 0.021 0.01 0.117 0.349 0.025 0.06 0.05 0.014 0.025 0.034 0.007 0.021 0.114
254 S 0.095 0.037 0.049 0.044 0.017 0.03 0.046 0.057 0.017 0.035 0.047 0.049 0.016 0.021 0.028 0.204 0.139 0.005 0.017 0.048
255 G 0.075 0.022 0.037 0.032 0.01 0.018 0.024 0.531 0.013 0.018 0.027 0.032 0.009 0.016 0.018 0.049 0.028 0.005 0.01 0.023
256 R 0.043 0.373 0.037 0.03 0.007 0.046 0.05 0.031 0.022 0.022 0.044 0.115 0.015 0.017 0.019 0.043 0.033 0.006 0.017 0.03
257 R 0.043 0.373 0.037 0.03 0.007 0.046 0.05 0.031 0.022 0.022 0.044 0.115 0.015 0.017 0.019 0.043 0.033 0.006 0.017 0.03
258 A 0.295 0.029 0.024 0.027 0.02 0.024 0.037 0.07 0.014 0.053 0.064 0.041 0.018 0.022 0.027 0.076 0.048 0.005 0.017 0.089
259 L 0.039 0.021 0.015 0.015 0.013 0.013 0.019 0.022 0.012 0.11 0.261 0.022 0.037 0.196 0.012 0.024 0.03 0.01 0.047 0.084
260 F 0.039 0.022 0.016 0.016 0.013 0.015 0.02 0.024 0.014 0.099 0.183 0.023 0.064 0.195 0.012 0.026 0.03 0.061 0.051 0.077
261 L 0.053 0.022 0.015 0.016 0.017 0.015 0.02 0.022 0.009 0.148 0.267 0.024 0.039 0.044 0.015 0.027 0.039 0.006 0.021 0.183
262 S 0.108 0.031 0.036 0.034 0.018 0.025 0.038 0.048 0.014 0.073 0.072 0.041 0.021 0.025 0.024 0.137 0.106 0.005 0.018 0.126
263 V 0.107 0.025 0.023 0.023 0.016 0.019 0.028 0.038 0.013 0.102 0.106 0.032 0.041 0.107 0.019 0.051 0.087 0.008 0.032 0.123
264 F 0.124 0.022 0.019 0.02 0.015 0.015 0.025 0.039 0.014 0.077 0.098 0.027 0.023 0.226 0.017 0.042 0.035 0.011 0.053 0.098
265 L 0.048 0.023 0.017 0.017 0.014 0.015 0.021 0.024 0.012 0.092 0.294 0.025 0.039 0.133 0.014 0.031 0.055 0.009 0.036 0.08
266 G 0.135 0.031 0.039 0.036 0.016 0.025 0.039 0.153 0.015 0.044 0.052 0.043 0.016 0.021 0.025 0.14 0.079 0.005 0.016 0.071
267 P 0.053 0.024 0.018 0.023 0.013 0.018 0.028 0.028 0.011 0.077 0.163 0.032 0.025 0.029 0.265 0.034 0.036 0.004 0.017 0.103
268 L 0.047 0.02 0.015 0.016 0.015 0.014 0.019 0.022 0.01 0.175 0.198 0.023 0.035 0.117 0.014 0.026 0.036 0.008 0.033 0.158
269 L 0.041 0.02 0.015 0.016 0.014 0.013 0.018 0.021 0.011 0.151 0.241 0.022 0.037 0.157 0.013 0.024 0.032 0.009 0.04 0.106
270 A 0.158 0.025 0.021 0.023 0.017 0.019 0.029 0.045 0.012 0.115 0.125 0.033 0.026 0.069 0.021 0.054 0.065 0.007 0.025 0.111
271 L 0.042 0.022 0.017 0.017 0.013 0.015 0.021 0.022 0.021 0.123 0.167 0.024 0.03 0.147 0.014 0.026 0.032 0.014 0.127 0.106
272 F 0.048 0.021 0.019 0.02 0.053 0.014 0.023 0.028 0.013 0.066 0.123 0.026 0.024 0.201 0.114 0.041 0.033 0.01 0.047 0.077
273 P 0.057 0.026 0.023 0.031 0.01 0.021 0.036 0.036 0.013 0.026 0.036 0.041 0.01 0.013 0.491 0.044 0.036 0.003 0.013 0.031
274 L 0.052 0.032 0.02 0.02 0.016 0.028 0.028 0.028 0.016 0.101 0.198 0.036 0.157 0.048 0.016 0.036 0.04 0.008 0.024 0.093
275 L 0.052 0.032 0.02 0.02 0.016 0.028 0.028 0.028 0.016 0.101 0.198 0.036 0.157 0.048 0.016 0.036 0.04 0.008 0.024 0.093
276 F 0.034 0.019 0.017 0.017 0.011 0.011 0.019 0.026 0.017 0.064 0.115 0.019 0.026 0.384 0.011 0.026 0.026 0.017 0.089 0.055
277 F 0.034 0.019 0.017 0.017 0.011 0.011 0.019 0.026 0.017 0.064 0.115 0.019 0.026 0.384 0.011 0.026 0.026 0.017 0.089 0.055
278 K 0.057 0.108 0.042 0.042 0.009 0.054 0.071 0.043 0.021 0.028 0.043 0.275 0.016 0.016 0.028 0.054 0.04 0.005 0.017 0.033
279 L 0.073 0.022 0.016 0.017 0.016 0.016 0.021 0.027 0.011 0.144 0.244 0.026 0.048 0.081 0.015 0.031 0.036 0.007 0.027 0.123
280 T 0.064 0.067 0.039 0.033 0.013 0.028 0.039 0.089 0.058 0.036 0.051 0.048 0.016 0.042 0.022 0.091 0.12 0.01 0.086 0.046
281 L 0.054 0.026 0.023 0.022 0.062 0.019 0.027 0.033 0.017 0.061 0.154 0.03 0.042 0.092 0.016 0.073 0.039 0.085 0.066 0.059
282 G 0.052 0.065 0.03 0.064 0.011 0.023 0.036 0.122 0.018 0.069 0.102 0.065 0.021 0.112 0.017 0.037 0.031 0.01 0.062 0.055
283 A 0.139 0.07 0.03 0.03 0.015 0.027 0.039 0.049 0.016 0.07 0.101 0.072 0.022 0.064 0.022 0.092 0.047 0.006 0.024 0.065
284 L 0.052 0.036 0.068 0.084 0.011 0.053 0.079 0.038 0.022 0.05 0.123 0.047 0.022 0.037 0.066 0.066 0.04 0.007 0.053 0.048
285 K 0.066 0.101 0.043 0.039 0.01 0.04 0.058 0.118 0.055 0.025 0.039 0.159 0.014 0.018 0.024 0.093 0.043 0.005 0.019 0.031
286 F 0.038 0.032 0.167 0.05 0.01 0.022 0.034 0.045 0.024 0.043 0.073 0.036 0.018 0.203 0.015 0.048 0.037 0.011 0.052 0.041
287 K 0.062 0.061 0.071 0.039 0.011 0.033 0.046 0.09 0.019 0.039 0.086 0.13 0.019 0.065 0.022 0.091 0.045 0.006 0.024 0.041
288 K 0.054 0.117 0.1 0.045 0.01 0.08 0.059 0.052 0.023 0.052 0.052 0.119 0.017 0.019 0.022 0.071 0.043 0.005 0.017 0.045
289 Q 0.056 0.074 0.044 0.047 0.009 0.213 0.103 0.041 0.029 0.027 0.047 0.091 0.021 0.015 0.024 0.056 0.041 0.006 0.021 0.035
290 G 0.054 0.051 0.029 0.028 0.01 0.026 0.036 0.174 0.015 0.044 0.06 0.112 0.017 0.101 0.018 0.04 0.032 0.058 0.034 0.06
291 R 0.045 0.133 0.074 0.084 0.01 0.036 0.052 0.037 0.019 0.044 0.121 0.123 0.021 0.025 0.02 0.044 0.036 0.016 0.018 0.043
292 I 0.131 0.057 0.02 0.022 0.016 0.02 0.028 0.039 0.012 0.143 0.106 0.038 0.026 0.069 0.019 0.045 0.041 0.006 0.025 0.139
293 L 0.071 0.023 0.049 0.024 0.014 0.016 0.023 0.031 0.013 0.145 0.177 0.027 0.034 0.114 0.015 0.035 0.037 0.008 0.032 0.112
294 K 0.064 0.09 0.034 0.032 0.074 0.033 0.044 0.04 0.017 0.044 0.083 0.113 0.04 0.056 0.021 0.093 0.046 0.006 0.023 0.048
295 K 0.056 0.129 0.069 0.039 0.009 0.04 0.052 0.091 0.023 0.026 0.042 0.163 0.014 0.027 0.022 0.069 0.04 0.007 0.049 0.032
296 V 0.054 0.023 0.048 0.023 0.016 0.017 0.023 0.027 0.011 0.139 0.173 0.027 0.032 0.075 0.015 0.032 0.041 0.007 0.026 0.193
297 S 0.084 0.039 0.036 0.034 0.016 0.028 0.041 0.054 0.015 0.069 0.102 0.07 0.022 0.027 0.023 0.129 0.082 0.005 0.018 0.105
298 L 0.053 0.067 0.023 0.022 0.014 0.024 0.031 0.029 0.013 0.092 0.191 0.064 0.03 0.044 0.017 0.053 0.039 0.057 0.025 0.112
299 I 0.053 0.027 0.026 0.024 0.014 0.021 0.028 0.029 0.023 0.124 0.1 0.033 0.025 0.066 0.019 0.049 0.106 0.013 0.12 0.098
300 A 0.146 0.03 0.032 0.032 0.016 0.023 0.037 0.056 0.017 0.045 0.071 0.039 0.019 0.144 0.023 0.111 0.052 0.009 0.041 0.055
301 F 0.047 0.03 0.021 0.021 0.012 0.018 0.026 0.082 0.014 0.074 0.158 0.054 0.027 0.194 0.015 0.035 0.032 0.01 0.047 0.083
302 T 0.073 0.036 0.044 0.038 0.018 0.028 0.039 0.044 0.014 0.053 0.065 0.046 0.02 0.024 0.028 0.093 0.245 0.006 0.018 0.071
303 F 0.034 0.019 0.017 0.017 0.011 0.011 0.019 0.025 0.017 0.064 0.114 0.019 0.025 0.385 0.011 0.025 0.025 0.017 0.089 0.055
304 V 0.075 0.023 0.022 0.022 0.018 0.018 0.026 0.03 0.01 0.159 0.115 0.03 0.028 0.033 0.018 0.06 0.072 0.005 0.019 0.217
305 F 0.051 0.021 0.023 0.022 0.013 0.015 0.022 0.119 0.013 0.09 0.124 0.026 0.025 0.184 0.015 0.04 0.056 0.01 0.044 0.089
306 V 0.057 0.022 0.019 0.021 0.016 0.016 0.023 0.05 0.009 0.165 0.143 0.028 0.029 0.034 0.066 0.036 0.064 0.005 0.018 0.176
307 A 0.291 0.031 0.026 0.03 0.022 0.026 0.04 0.078 0.015 0.043 0.059 0.044 0.017 0.022 0.03 0.085 0.05 0.005 0.017 0.069
308 F 0.034 0.019 0.017 0.017 0.011 0.011 0.019 0.025 0.017 0.063 0.114 0.019 0.025 0.387 0.011 0.025 0.025 0.017 0.089 0.055
309 L 0.128 0.025 0.024 0.024 0.016 0.019 0.029 0.1 0.013 0.067 0.138 0.032 0.025 0.106 0.019 0.067 0.045 0.008 0.031 0.084
310 F 0.04 0.018 0.015 0.016 0.013 0.012 0.018 0.022 0.012 0.183 0.168 0.021 0.032 0.192 0.012 0.024 0.032 0.01 0.046 0.114
311 L 0.045 0.024 0.014 0.015 0.016 0.016 0.02 0.021 0.01 0.116 0.374 0.025 0.05 0.055 0.014 0.024 0.033 0.007 0.022 0.096
312 S 0.11 0.04 0.054 0.049 0.018 0.033 0.053 0.066 0.019 0.03 0.042 0.054 0.016 0.021 0.03 0.218 0.082 0.005 0.018 0.042
313 C 0.065 0.016 0.016 0.016 0.482 0.012 0.016 0.033 0.008 0.045 0.065 0.02 0.016 0.02 0.016 0.041 0.037 0.004 0.012 0.057
314 V 0.07 0.022 0.017 0.018 0.019 0.017 0.023 0.025 0.008 0.165 0.131 0.026 0.032 0.036 0.017 0.033 0.05 0.006 0.021 0.267
315 L 0.045 0.024 0.014 0.015 0.016 0.016 0.02 0.021 0.01 0.116 0.374 0.025 0.05 0.055 0.014 0.024 0.033 0.007 0.022 0.096
316 L 0.068 0.022 0.021 0.021 0.015 0.017 0.022 0.135 0.011 0.146 0.176 0.028 0.038 0.036 0.016 0.037 0.048 0.006 0.018 0.118
317 L 0.048 0.022 0.015 0.016 0.016 0.016 0.02 0.022 0.011 0.135 0.257 0.025 0.056 0.087 0.014 0.027 0.036 0.007 0.028 0.142
318 V 0.136 0.024 0.021 0.022 0.017 0.019 0.027 0.089 0.014 0.107 0.12 0.031 0.025 0.04 0.019 0.046 0.041 0.008 0.051 0.143
319 I 0.05 0.02 0.015 0.017 0.016 0.014 0.019 0.022 0.01 0.194 0.178 0.023 0.035 0.093 0.014 0.027 0.039 0.007 0.03 0.177
320 F 0.037 0.023 0.019 0.018 0.01 0.016 0.023 0.025 0.032 0.053 0.091 0.025 0.022 0.259 0.013 0.028 0.027 0.022 0.204 0.051
