#Seq2Logo.py -f /work3/idamei/wzy_ssn/run/1e-50/run/150/MSAs/0021_49.afa -o /work3/idamei/wzy_ssn/run/1e-50/run/150/logos/0021_49.logo
#Position Specific Frequency Matrix
A R N D C Q E G H I L K M F P S T W Y V
0 M 0.049 0.03 0.019 0.019 0.015 0.026 0.026 0.026 0.015 0.094 0.185 0.034 0.212 0.045 0.015 0.034 0.038 0.008 0.023 0.087
1 L 0.132 0.025 0.044 0.024 0.016 0.019 0.027 0.04 0.015 0.107 0.162 0.031 0.027 0.07 0.018 0.045 0.038 0.008 0.05 0.1
2 I 0.043 0.018 0.014 0.016 0.014 0.012 0.018 0.021 0.01 0.228 0.163 0.021 0.033 0.13 0.013 0.024 0.035 0.008 0.034 0.145
3 Y 0.038 0.026 0.021 0.018 0.009 0.021 0.026 0.023 0.044 0.041 0.064 0.029 0.018 0.123 0.015 0.029 0.026 0.026 0.358 0.044
4 W 0.039 0.022 0.018 0.017 0.01 0.016 0.023 0.028 0.016 0.082 0.099 0.024 0.021 0.085 0.011 0.041 0.029 0.286 0.074 0.058
5 L 0.072 0.024 0.021 0.021 0.014 0.017 0.025 0.031 0.017 0.094 0.141 0.028 0.026 0.138 0.016 0.053 0.056 0.011 0.086 0.107
6 I 0.045 0.018 0.014 0.016 0.015 0.013 0.018 0.021 0.009 0.241 0.166 0.022 0.033 0.1 0.013 0.024 0.036 0.007 0.029 0.16
7 W 0.028 0.021 0.014 0.014 0.007 0.014 0.021 0.028 0.014 0.028 0.05 0.021 0.014 0.057 0.007 0.021 0.021 0.523 0.064 0.028
8 F 0.068 0.022 0.022 0.021 0.013 0.016 0.023 0.108 0.014 0.084 0.102 0.026 0.043 0.211 0.015 0.038 0.05 0.01 0.048 0.067
9 F 0.034 0.019 0.017 0.017 0.011 0.011 0.019 0.025 0.017 0.063 0.114 0.019 0.025 0.387 0.011 0.025 0.025 0.017 0.089 0.055
10 W 0.03 0.023 0.015 0.015 0.008 0.015 0.023 0.03 0.015 0.03 0.053 0.023 0.015 0.061 0.008 0.023 0.023 0.492 0.068 0.03
11 F 0.034 0.019 0.017 0.017 0.011 0.011 0.019 0.025 0.017 0.063 0.114 0.019 0.025 0.387 0.011 0.025 0.025 0.017 0.089 0.055
12 F 0.039 0.023 0.019 0.018 0.011 0.016 0.022 0.024 0.023 0.078 0.137 0.025 0.025 0.185 0.013 0.03 0.047 0.055 0.147 0.063
13 I 0.044 0.017 0.014 0.016 0.015 0.013 0.017 0.019 0.008 0.291 0.187 0.022 0.036 0.043 0.014 0.023 0.037 0.006 0.02 0.157
14 V 0.094 0.026 0.029 0.028 0.094 0.021 0.031 0.041 0.012 0.106 0.083 0.034 0.022 0.026 0.021 0.111 0.072 0.005 0.017 0.128
15 L 0.069 0.021 0.015 0.017 0.016 0.015 0.02 0.025 0.01 0.164 0.237 0.024 0.036 0.072 0.015 0.029 0.037 0.007 0.025 0.149
16 F 0.067 0.027 0.018 0.019 0.109 0.018 0.024 0.03 0.013 0.081 0.129 0.047 0.052 0.167 0.015 0.034 0.032 0.009 0.04 0.069
17 N 0.079 0.039 0.237 0.064 0.012 0.031 0.046 0.061 0.024 0.026 0.036 0.049 0.013 0.018 0.022 0.115 0.072 0.005 0.015 0.035
18 F 0.039 0.02 0.015 0.016 0.013 0.013 0.019 0.022 0.013 0.124 0.182 0.021 0.045 0.234 0.012 0.025 0.03 0.011 0.052 0.094
19 L 0.046 0.022 0.018 0.019 0.014 0.015 0.022 0.025 0.012 0.132 0.226 0.025 0.033 0.13 0.053 0.043 0.035 0.008 0.034 0.09
20 S 0.073 0.04 0.065 0.044 0.014 0.031 0.065 0.048 0.018 0.036 0.053 0.067 0.016 0.081 0.024 0.146 0.101 0.007 0.027 0.044
21 N 0.084 0.04 0.138 0.08 0.012 0.03 0.048 0.054 0.02 0.032 0.065 0.067 0.015 0.02 0.062 0.121 0.052 0.005 0.015 0.038
22 Y 0.043 0.036 0.109 0.071 0.009 0.026 0.04 0.038 0.028 0.053 0.054 0.061 0.015 0.053 0.102 0.044 0.035 0.011 0.128 0.044
23 K 0.052 0.081 0.112 0.047 0.008 0.044 0.059 0.084 0.021 0.024 0.037 0.236 0.013 0.015 0.024 0.054 0.039 0.005 0.015 0.029
24 N 0.05 0.067 0.137 0.045 0.011 0.029 0.04 0.042 0.019 0.061 0.068 0.07 0.017 0.021 0.104 0.055 0.082 0.005 0.016 0.06
25 G 0.069 0.043 0.034 0.031 0.013 0.028 0.039 0.135 0.021 0.056 0.061 0.087 0.018 0.043 0.021 0.081 0.045 0.01 0.08 0.086
26 L 0.048 0.027 0.021 0.026 0.013 0.039 0.052 0.067 0.016 0.129 0.163 0.033 0.029 0.091 0.015 0.032 0.034 0.009 0.055 0.104
27 S 0.125 0.033 0.067 0.041 0.015 0.026 0.041 0.14 0.017 0.031 0.045 0.044 0.015 0.052 0.024 0.16 0.057 0.006 0.021 0.041
28 K 0.052 0.129 0.039 0.041 0.008 0.051 0.085 0.039 0.02 0.025 0.041 0.278 0.014 0.015 0.025 0.049 0.037 0.005 0.016 0.031
29 I 0.046 0.05 0.017 0.018 0.014 0.018 0.023 0.022 0.013 0.2 0.148 0.041 0.03 0.074 0.015 0.028 0.036 0.008 0.05 0.149
30 L 0.039 0.02 0.018 0.048 0.013 0.014 0.023 0.023 0.012 0.15 0.211 0.023 0.033 0.16 0.013 0.025 0.031 0.009 0.039 0.097
31 F 0.038 0.022 0.017 0.017 0.011 0.015 0.021 0.023 0.02 0.068 0.186 0.024 0.028 0.208 0.052 0.026 0.028 0.014 0.122 0.06
32 L 0.066 0.02 0.017 0.018 0.014 0.014 0.02 0.064 0.011 0.176 0.201 0.024 0.033 0.099 0.014 0.03 0.034 0.007 0.029 0.109
33 L 0.042 0.019 0.014 0.016 0.014 0.013 0.018 0.021 0.01 0.18 0.222 0.022 0.035 0.132 0.013 0.024 0.033 0.008 0.035 0.128
34 F 0.047 0.024 0.025 0.023 0.013 0.017 0.025 0.03 0.014 0.06 0.113 0.028 0.024 0.241 0.016 0.048 0.127 0.011 0.053 0.06
35 F 0.073 0.024 0.023 0.023 0.014 0.017 0.026 0.034 0.014 0.11 0.15 0.028 0.034 0.17 0.016 0.075 0.04 0.009 0.041 0.08
36 L 0.09 0.021 0.016 0.017 0.054 0.015 0.022 0.03 0.011 0.113 0.186 0.025 0.03 0.126 0.015 0.034 0.035 0.008 0.034 0.118
37 F 0.034 0.018 0.015 0.016 0.011 0.011 0.018 0.023 0.014 0.095 0.148 0.019 0.028 0.336 0.011 0.024 0.026 0.014 0.069 0.069
38 L 0.043 0.022 0.014 0.015 0.015 0.015 0.019 0.02 0.009 0.15 0.353 0.024 0.044 0.049 0.014 0.023 0.033 0.006 0.021 0.114
39 F 0.043 0.019 0.018 0.018 0.051 0.013 0.02 0.025 0.015 0.122 0.11 0.022 0.025 0.22 0.013 0.031 0.05 0.012 0.074 0.099
40 L 0.042 0.02 0.015 0.016 0.014 0.013 0.019 0.022 0.011 0.14 0.214 0.022 0.034 0.176 0.013 0.024 0.032 0.009 0.042 0.124
41 F 0.036 0.019 0.016 0.016 0.011 0.013 0.019 0.023 0.017 0.102 0.13 0.021 0.04 0.298 0.011 0.025 0.028 0.014 0.088 0.073
42 I 0.055 0.021 0.02 0.021 0.016 0.016 0.023 0.025 0.009 0.217 0.127 0.027 0.03 0.035 0.017 0.04 0.098 0.005 0.019 0.177
43 G 0.074 0.022 0.037 0.032 0.01 0.018 0.024 0.539 0.013 0.018 0.027 0.032 0.009 0.015 0.018 0.048 0.028 0.005 0.01 0.023
44 L 0.04 0.02 0.016 0.016 0.012 0.013 0.019 0.062 0.013 0.079 0.242 0.022 0.033 0.22 0.012 0.025 0.028 0.011 0.049 0.067
45 R 0.042 0.384 0.036 0.029 0.007 0.046 0.049 0.031 0.022 0.022 0.044 0.113 0.015 0.016 0.018 0.042 0.033 0.005 0.016 0.029
46 F 0.036 0.027 0.022 0.02 0.009 0.035 0.03 0.026 0.057 0.047 0.081 0.029 0.02 0.246 0.013 0.029 0.026 0.018 0.182 0.045
47 E 0.052 0.056 0.039 0.075 0.007 0.083 0.279 0.034 0.024 0.022 0.036 0.102 0.013 0.015 0.024 0.052 0.035 0.005 0.016 0.03
48 V 0.059 0.02 0.015 0.017 0.017 0.015 0.021 0.022 0.008 0.195 0.134 0.024 0.038 0.036 0.015 0.029 0.044 0.005 0.019 0.264
49 G 0.074 0.022 0.037 0.032 0.01 0.018 0.024 0.539 0.013 0.018 0.027 0.032 0.009 0.015 0.018 0.048 0.028 0.005 0.01 0.023
50 G 0.101 0.022 0.03 0.027 0.013 0.018 0.025 0.347 0.011 0.057 0.056 0.031 0.015 0.021 0.018 0.047 0.035 0.005 0.013 0.106
51 D 0.039 0.028 0.065 0.433 0.007 0.028 0.086 0.044 0.018 0.021 0.026 0.042 0.009 0.014 0.021 0.049 0.033 0.003 0.011 0.023
52 W 0.031 0.077 0.018 0.017 0.007 0.019 0.026 0.029 0.015 0.027 0.049 0.035 0.014 0.051 0.009 0.025 0.023 0.443 0.057 0.029
53 D 0.041 0.041 0.037 0.152 0.009 0.025 0.069 0.032 0.026 0.037 0.058 0.039 0.016 0.127 0.017 0.041 0.049 0.013 0.133 0.039
54 N 0.057 0.038 0.217 0.122 0.011 0.031 0.052 0.057 0.024 0.025 0.034 0.049 0.012 0.018 0.022 0.111 0.07 0.004 0.015 0.031
55 Y 0.038 0.026 0.021 0.018 0.009 0.021 0.026 0.023 0.044 0.041 0.064 0.029 0.018 0.123 0.015 0.029 0.026 0.026 0.358 0.044
56 L 0.043 0.026 0.016 0.017 0.015 0.034 0.025 0.021 0.011 0.102 0.384 0.029 0.045 0.049 0.014 0.025 0.032 0.007 0.021 0.086
57 L 0.065 0.037 0.073 0.03 0.012 0.024 0.033 0.035 0.021 0.087 0.128 0.075 0.024 0.105 0.017 0.039 0.035 0.01 0.08 0.072
58 L 0.043 0.027 0.017 0.018 0.014 0.018 0.023 0.023 0.012 0.172 0.204 0.047 0.061 0.101 0.014 0.027 0.034 0.008 0.03 0.108
59 Y 0.037 0.025 0.02 0.017 0.009 0.019 0.025 0.023 0.04 0.044 0.071 0.028 0.019 0.169 0.014 0.029 0.026 0.025 0.316 0.045
60 D 0.044 0.042 0.065 0.264 0.007 0.073 0.144 0.041 0.021 0.022 0.032 0.067 0.011 0.014 0.022 0.051 0.035 0.004 0.013 0.026
61 L 0.043 0.038 0.048 0.025 0.011 0.025 0.032 0.028 0.039 0.07 0.172 0.075 0.033 0.066 0.016 0.034 0.032 0.013 0.138 0.06
62 F 0.062 0.021 0.03 0.02 0.013 0.015 0.022 0.047 0.018 0.134 0.13 0.025 0.026 0.169 0.014 0.031 0.032 0.012 0.091 0.088
63 K 0.059 0.061 0.062 0.068 0.01 0.035 0.051 0.118 0.017 0.056 0.052 0.168 0.016 0.019 0.022 0.064 0.04 0.005 0.015 0.061
64 G 0.081 0.034 0.035 0.061 0.01 0.041 0.04 0.251 0.022 0.027 0.04 0.06 0.013 0.04 0.019 0.055 0.033 0.01 0.092 0.033
65 L 0.047 0.027 0.023 0.059 0.014 0.024 0.075 0.026 0.012 0.103 0.256 0.034 0.034 0.039 0.017 0.035 0.054 0.006 0.019 0.097
66 N 0.043 0.045 0.317 0.083 0.009 0.034 0.049 0.065 0.032 0.022 0.032 0.054 0.011 0.018 0.02 0.07 0.049 0.004 0.016 0.027
67 N 0.064 0.044 0.14 0.082 0.011 0.049 0.054 0.053 0.022 0.024 0.035 0.072 0.013 0.016 0.1 0.12 0.052 0.004 0.015 0.031
68 F 0.036 0.019 0.015 0.015 0.012 0.012 0.018 0.022 0.013 0.094 0.205 0.02 0.032 0.28 0.011 0.024 0.027 0.012 0.059 0.072
69 K 0.061 0.078 0.036 0.035 0.011 0.037 0.051 0.041 0.017 0.057 0.083 0.182 0.019 0.052 0.023 0.094 0.045 0.006 0.022 0.049
70 E 0.053 0.042 0.044 0.163 0.009 0.042 0.179 0.038 0.02 0.048 0.057 0.075 0.015 0.019 0.023 0.072 0.039 0.005 0.015 0.042
71 A 0.189 0.027 0.027 0.028 0.018 0.022 0.034 0.053 0.013 0.092 0.079 0.037 0.021 0.056 0.023 0.092 0.067 0.006 0.022 0.095
72 L 0.065 0.021 0.014 0.016 0.016 0.015 0.019 0.024 0.009 0.19 0.277 0.025 0.039 0.045 0.015 0.028 0.035 0.006 0.02 0.121
73 L 0.051 0.026 0.026 0.024 0.013 0.019 0.027 0.069 0.042 0.083 0.164 0.03 0.041 0.125 0.017 0.056 0.073 0.008 0.036 0.069
74 I 0.053 0.022 0.022 0.021 0.013 0.017 0.024 0.105 0.019 0.12 0.094 0.027 0.023 0.112 0.015 0.049 0.036 0.012 0.106 0.111
75 T 0.095 0.033 0.051 0.038 0.016 0.026 0.04 0.049 0.015 0.04 0.054 0.043 0.017 0.051 0.064 0.133 0.157 0.006 0.021 0.053
76 D 0.044 0.035 0.055 0.299 0.007 0.041 0.183 0.04 0.02 0.021 0.03 0.053 0.01 0.015 0.022 0.05 0.034 0.004 0.012 0.025
77 P 0.052 0.024 0.02 0.025 0.011 0.019 0.031 0.031 0.014 0.047 0.084 0.035 0.03 0.028 0.367 0.038 0.034 0.005 0.041 0.061
78 G 0.129 0.024 0.031 0.029 0.013 0.02 0.027 0.352 0.013 0.036 0.075 0.034 0.029 0.022 0.02 0.053 0.033 0.005 0.013 0.043
79 Y 0.038 0.026 0.021 0.018 0.009 0.021 0.026 0.023 0.044 0.041 0.064 0.029 0.018 0.123 0.015 0.029 0.026 0.026 0.358 0.044
80 G 0.096 0.031 0.076 0.04 0.012 0.024 0.035 0.319 0.016 0.023 0.033 0.05 0.011 0.017 0.021 0.103 0.043 0.005 0.013 0.03
81 L 0.086 0.022 0.016 0.017 0.015 0.015 0.021 0.029 0.011 0.138 0.252 0.025 0.036 0.102 0.015 0.032 0.034 0.008 0.03 0.098
82 L 0.041 0.021 0.014 0.015 0.014 0.014 0.019 0.021 0.01 0.133 0.308 0.023 0.04 0.116 0.013 0.023 0.032 0.008 0.032 0.104
83 N 0.043 0.042 0.346 0.077 0.009 0.032 0.047 0.061 0.029 0.021 0.03 0.051 0.011 0.017 0.019 0.073 0.048 0.004 0.015 0.026
84 Y 0.038 0.024 0.018 0.017 0.01 0.018 0.024 0.023 0.031 0.086 0.103 0.027 0.022 0.095 0.013 0.027 0.028 0.098 0.235 0.064
85 L 0.069 0.023 0.016 0.018 0.016 0.017 0.022 0.026 0.01 0.15 0.256 0.027 0.064 0.043 0.016 0.032 0.046 0.006 0.02 0.122
86 G 0.107 0.03 0.042 0.038 0.014 0.024 0.037 0.283 0.015 0.024 0.035 0.041 0.012 0.018 0.023 0.151 0.052 0.005 0.014 0.034
87 N 0.044 0.057 0.133 0.05 0.009 0.084 0.074 0.041 0.066 0.054 0.08 0.055 0.019 0.053 0.018 0.048 0.037 0.006 0.027 0.045
88 K 0.068 0.046 0.034 0.06 0.01 0.064 0.051 0.036 0.08 0.047 0.084 0.085 0.02 0.069 0.019 0.042 0.034 0.01 0.081 0.062
89 L 0.04 0.02 0.014 0.015 0.014 0.013 0.019 0.022 0.011 0.111 0.265 0.022 0.037 0.178 0.012 0.024 0.03 0.01 0.042 0.1
90 G 0.059 0.032 0.138 0.078 0.009 0.042 0.041 0.316 0.019 0.02 0.029 0.043 0.01 0.016 0.019 0.054 0.035 0.005 0.012 0.024
91 F 0.039 0.021 0.017 0.016 0.011 0.014 0.02 0.023 0.021 0.105 0.128 0.023 0.026 0.225 0.013 0.026 0.029 0.016 0.138 0.09
92 K 0.079 0.082 0.04 0.077 0.009 0.063 0.089 0.088 0.02 0.026 0.04 0.191 0.014 0.015 0.024 0.053 0.037 0.005 0.016 0.033
93 D 0.056 0.029 0.054 0.254 0.009 0.029 0.085 0.159 0.017 0.022 0.03 0.043 0.01 0.015 0.022 0.076 0.047 0.004 0.012 0.027
94 I 0.053 0.025 0.023 0.023 0.016 0.019 0.025 0.027 0.011 0.177 0.151 0.031 0.057 0.037 0.018 0.045 0.116 0.006 0.019 0.123
95 L 0.045 0.022 0.019 0.018 0.012 0.016 0.023 0.026 0.019 0.13 0.133 0.026 0.026 0.091 0.014 0.044 0.034 0.091 0.109 0.101
96 F 0.035 0.019 0.018 0.017 0.011 0.012 0.019 0.025 0.015 0.063 0.127 0.02 0.025 0.364 0.011 0.029 0.045 0.014 0.074 0.056
97 V 0.066 0.021 0.016 0.017 0.018 0.016 0.022 0.023 0.008 0.155 0.123 0.025 0.03 0.034 0.016 0.031 0.046 0.005 0.019 0.312
98 N 0.04 0.042 0.358 0.078 0.008 0.032 0.046 0.061 0.03 0.021 0.03 0.051 0.011 0.017 0.019 0.066 0.046 0.004 0.015 0.025
99 L 0.117 0.025 0.023 0.023 0.015 0.018 0.028 0.04 0.014 0.069 0.157 0.03 0.026 0.152 0.018 0.074 0.041 0.009 0.038 0.082
100 I 0.06 0.021 0.02 0.021 0.093 0.017 0.023 0.029 0.01 0.181 0.12 0.027 0.041 0.033 0.017 0.065 0.045 0.005 0.018 0.151
101 C 0.068 0.019 0.021 0.02 0.438 0.015 0.021 0.035 0.009 0.04 0.058 0.024 0.015 0.019 0.017 0.073 0.041 0.004 0.012 0.051
102 A 0.26 0.031 0.031 0.032 0.019 0.025 0.04 0.107 0.015 0.036 0.05 0.043 0.015 0.02 0.027 0.121 0.052 0.005 0.016 0.056
103 L 0.107 0.024 0.021 0.022 0.016 0.018 0.026 0.037 0.012 0.127 0.159 0.03 0.028 0.094 0.018 0.065 0.051 0.007 0.029 0.107
104 I 0.044 0.018 0.014 0.016 0.053 0.013 0.017 0.021 0.009 0.226 0.205 0.022 0.035 0.071 0.014 0.025 0.035 0.006 0.024 0.131
105 F 0.045 0.019 0.015 0.016 0.014 0.013 0.019 0.023 0.012 0.116 0.163 0.021 0.03 0.217 0.012 0.026 0.033 0.01 0.049 0.147
106 C 0.048 0.019 0.017 0.017 0.148 0.014 0.019 0.045 0.016 0.095 0.116 0.022 0.024 0.135 0.014 0.03 0.032 0.011 0.084 0.096
107 L 0.047 0.022 0.02 0.019 0.051 0.016 0.022 0.066 0.017 0.101 0.137 0.025 0.025 0.13 0.014 0.046 0.033 0.051 0.087 0.072
108 F 0.067 0.024 0.052 0.029 0.089 0.017 0.027 0.116 0.015 0.042 0.068 0.03 0.017 0.174 0.017 0.075 0.047 0.009 0.04 0.045
109 L 0.039 0.02 0.015 0.015 0.013 0.013 0.018 0.022 0.012 0.131 0.235 0.021 0.035 0.192 0.012 0.024 0.03 0.01 0.045 0.099
110 Y 0.038 0.025 0.019 0.017 0.01 0.019 0.025 0.023 0.036 0.053 0.121 0.028 0.023 0.135 0.014 0.028 0.027 0.023 0.285 0.052
111 K 0.048 0.069 0.056 0.035 0.01 0.053 0.052 0.036 0.019 0.059 0.088 0.19 0.02 0.083 0.021 0.043 0.036 0.007 0.027 0.049
112 F 0.051 0.023 0.023 0.022 0.013 0.016 0.025 0.03 0.014 0.073 0.165 0.027 0.028 0.215 0.015 0.066 0.056 0.01 0.049 0.08
113 S 0.123 0.034 0.065 0.041 0.015 0.027 0.043 0.058 0.018 0.034 0.052 0.044 0.016 0.082 0.024 0.185 0.062 0.007 0.027 0.044
114 L 0.057 0.085 0.029 0.032 0.013 0.032 0.062 0.032 0.015 0.102 0.128 0.109 0.025 0.028 0.02 0.063 0.042 0.005 0.018 0.105
115 K 0.073 0.139 0.062 0.04 0.01 0.076 0.062 0.042 0.021 0.028 0.044 0.179 0.015 0.016 0.023 0.055 0.058 0.005 0.017 0.036
116 F 0.035 0.019 0.015 0.015 0.012 0.012 0.018 0.023 0.013 0.09 0.189 0.02 0.03 0.266 0.011 0.023 0.027 0.052 0.06 0.069
117 K 0.051 0.107 0.063 0.05 0.008 0.058 0.114 0.04 0.022 0.024 0.039 0.23 0.014 0.015 0.024 0.051 0.037 0.005 0.016 0.03
118 N 0.045 0.05 0.145 0.046 0.009 0.032 0.045 0.043 0.058 0.029 0.045 0.106 0.014 0.062 0.019 0.056 0.038 0.011 0.113 0.033
119 Y 0.04 0.022 0.017 0.017 0.011 0.016 0.022 0.023 0.027 0.101 0.12 0.025 0.025 0.167 0.013 0.027 0.029 0.018 0.191 0.089
120 W 0.056 0.022 0.015 0.016 0.01 0.015 0.022 0.031 0.014 0.048 0.088 0.023 0.019 0.08 0.01 0.027 0.026 0.364 0.055 0.06
121 L 0.044 0.021 0.014 0.015 0.015 0.014 0.019 0.021 0.01 0.15 0.307 0.023 0.041 0.076 0.013 0.024 0.034 0.007 0.025 0.128
122 P 0.077 0.024 0.021 0.025 0.09 0.018 0.03 0.035 0.011 0.047 0.078 0.034 0.016 0.019 0.291 0.045 0.056 0.004 0.014 0.065
123 L 0.063 0.022 0.015 0.016 0.015 0.015 0.02 0.025 0.011 0.127 0.299 0.024 0.039 0.105 0.014 0.028 0.032 0.008 0.03 0.094
124 L 0.04 0.022 0.014 0.015 0.014 0.014 0.019 0.021 0.011 0.097 0.342 0.022 0.041 0.137 0.013 0.023 0.03 0.009 0.035 0.082
125 V 0.06 0.02 0.018 0.019 0.017 0.015 0.022 0.025 0.009 0.213 0.131 0.026 0.031 0.036 0.016 0.046 0.045 0.005 0.019 0.23
126 C 0.101 0.025 0.025 0.024 0.11 0.02 0.028 0.078 0.021 0.048 0.109 0.032 0.02 0.052 0.019 0.076 0.04 0.011 0.108 0.054
127 F 0.035 0.022 0.018 0.017 0.009 0.016 0.022 0.024 0.031 0.05 0.084 0.024 0.02 0.262 0.013 0.027 0.025 0.022 0.232 0.048
128 P 0.067 0.03 0.034 0.034 0.013 0.024 0.038 0.041 0.013 0.035 0.045 0.042 0.014 0.017 0.256 0.094 0.14 0.004 0.015 0.045
129 Y 0.04 0.025 0.02 0.017 0.048 0.02 0.025 0.024 0.041 0.041 0.064 0.029 0.017 0.115 0.015 0.03 0.027 0.025 0.332 0.045
130 L 0.048 0.031 0.032 0.027 0.012 0.023 0.033 0.031 0.116 0.057 0.143 0.034 0.025 0.096 0.018 0.048 0.108 0.009 0.051 0.057
131 I 0.045 0.017 0.014 0.016 0.015 0.013 0.017 0.02 0.008 0.292 0.176 0.022 0.035 0.042 0.014 0.024 0.037 0.006 0.019 0.166
132 L 0.05 0.021 0.014 0.016 0.016 0.015 0.019 0.021 0.009 0.17 0.265 0.024 0.039 0.044 0.014 0.025 0.037 0.006 0.02 0.176
133 V 0.148 0.024 0.02 0.022 0.019 0.019 0.028 0.04 0.01 0.112 0.097 0.031 0.025 0.029 0.02 0.05 0.065 0.005 0.018 0.217
134 V 0.064 0.021 0.015 0.017 0.018 0.015 0.022 0.023 0.008 0.151 0.145 0.024 0.031 0.035 0.015 0.03 0.045 0.005 0.019 0.295
135 S 0.116 0.035 0.047 0.043 0.016 0.029 0.046 0.098 0.017 0.03 0.041 0.048 0.015 0.02 0.027 0.221 0.087 0.005 0.016 0.042
136 L 0.049 0.029 0.02 0.019 0.015 0.025 0.026 0.027 0.014 0.093 0.211 0.033 0.171 0.044 0.016 0.036 0.056 0.007 0.022 0.086
137 G 0.063 0.028 0.135 0.046 0.01 0.022 0.031 0.392 0.018 0.019 0.028 0.038 0.009 0.016 0.018 0.054 0.034 0.005 0.012 0.024
138 Y 0.038 0.026 0.021 0.018 0.009 0.021 0.026 0.023 0.044 0.041 0.064 0.029 0.018 0.123 0.015 0.029 0.026 0.026 0.358 0.044
139 T 0.064 0.032 0.061 0.036 0.016 0.025 0.035 0.039 0.013 0.076 0.071 0.04 0.02 0.024 0.024 0.076 0.234 0.005 0.017 0.09
140 R 0.042 0.384 0.036 0.029 0.007 0.046 0.049 0.031 0.022 0.022 0.044 0.113 0.015 0.016 0.018 0.042 0.033 0.005 0.016 0.029
141 Q 0.053 0.069 0.041 0.044 0.008 0.261 0.097 0.039 0.028 0.025 0.044 0.086 0.019 0.014 0.022 0.053 0.039 0.006 0.019 0.033
142 S 0.119 0.036 0.048 0.043 0.016 0.03 0.046 0.1 0.017 0.028 0.04 0.049 0.014 0.019 0.027 0.235 0.071 0.005 0.016 0.04
143 V 0.083 0.021 0.016 0.018 0.018 0.016 0.022 0.027 0.008 0.171 0.123 0.026 0.029 0.034 0.016 0.034 0.045 0.005 0.019 0.271
144 A 0.297 0.03 0.028 0.031 0.02 0.025 0.04 0.072 0.015 0.039 0.053 0.043 0.016 0.02 0.028 0.109 0.052 0.005 0.016 0.061
145 I 0.05 0.019 0.015 0.017 0.016 0.014 0.019 0.021 0.009 0.261 0.152 0.024 0.047 0.04 0.014 0.026 0.04 0.006 0.02 0.194
146 A 0.202 0.03 0.035 0.034 0.017 0.025 0.038 0.178 0.015 0.031 0.044 0.042 0.014 0.019 0.026 0.13 0.052 0.005 0.015 0.047
147 L 0.04 0.019 0.014 0.016 0.014 0.013 0.018 0.021 0.011 0.157 0.24 0.021 0.036 0.163 0.012 0.023 0.031 0.009 0.04 0.102
148 V 0.07 0.025 0.027 0.026 0.016 0.02 0.029 0.073 0.011 0.131 0.131 0.032 0.027 0.032 0.019 0.095 0.059 0.005 0.018 0.153
149 L 0.052 0.024 0.019 0.019 0.092 0.018 0.023 0.027 0.011 0.087 0.285 0.027 0.05 0.041 0.016 0.05 0.056 0.006 0.019 0.079
150 L 0.04 0.024 0.017 0.016 0.012 0.018 0.022 0.023 0.02 0.077 0.214 0.026 0.065 0.124 0.013 0.027 0.03 0.052 0.112 0.068
151 A 0.285 0.029 0.028 0.03 0.019 0.024 0.037 0.126 0.014 0.037 0.051 0.041 0.015 0.02 0.027 0.091 0.047 0.005 0.016 0.058
152 F 0.036 0.018 0.015 0.016 0.012 0.011 0.018 0.022 0.013 0.126 0.166 0.02 0.03 0.278 0.011 0.024 0.028 0.012 0.059 0.084
153 L 0.077 0.034 0.053 0.029 0.052 0.024 0.034 0.038 0.048 0.059 0.138 0.056 0.024 0.044 0.019 0.074 0.041 0.009 0.073 0.073
154 F 0.054 0.065 0.031 0.028 0.011 0.026 0.037 0.074 0.023 0.038 0.062 0.083 0.017 0.136 0.019 0.075 0.056 0.012 0.11 0.042
155 L 0.068 0.023 0.016 0.017 0.015 0.016 0.021 0.064 0.01 0.1 0.333 0.026 0.04 0.045 0.015 0.03 0.033 0.006 0.02 0.1
156 L 0.04 0.021 0.014 0.015 0.014 0.014 0.019 0.021 0.011 0.13 0.282 0.023 0.052 0.135 0.013 0.024 0.031 0.009 0.035 0.094
157 N 0.069 0.054 0.138 0.092 0.009 0.076 0.127 0.048 0.024 0.024 0.036 0.101 0.013 0.016 0.023 0.058 0.04 0.005 0.016 0.031
158 N 0.051 0.082 0.174 0.055 0.009 0.071 0.058 0.05 0.025 0.023 0.036 0.112 0.013 0.016 0.06 0.072 0.044 0.005 0.016 0.029
159 N 0.043 0.045 0.315 0.083 0.009 0.034 0.05 0.065 0.032 0.023 0.032 0.054 0.011 0.018 0.02 0.07 0.05 0.005 0.016 0.027
160 P 0.052 0.032 0.123 0.048 0.01 0.025 0.04 0.045 0.019 0.024 0.034 0.045 0.01 0.014 0.339 0.052 0.04 0.003 0.014 0.029
161 K 0.047 0.12 0.1 0.096 0.008 0.076 0.067 0.043 0.023 0.024 0.038 0.169 0.014 0.015 0.022 0.052 0.038 0.005 0.016 0.029
162 K 0.048 0.08 0.056 0.034 0.01 0.035 0.047 0.036 0.02 0.074 0.065 0.176 0.018 0.059 0.04 0.044 0.046 0.007 0.048 0.055
163 I 0.047 0.082 0.041 0.026 0.012 0.041 0.034 0.029 0.02 0.146 0.093 0.046 0.023 0.046 0.016 0.05 0.037 0.048 0.074 0.088
164 K 0.054 0.126 0.038 0.036 0.009 0.06 0.059 0.057 0.048 0.035 0.047 0.205 0.016 0.018 0.023 0.055 0.038 0.005 0.019 0.052
165 F 0.033 0.019 0.017 0.016 0.01 0.012 0.019 0.024 0.02 0.057 0.101 0.02 0.023 0.377 0.011 0.025 0.024 0.017 0.126 0.051
166 L 0.041 0.021 0.017 0.017 0.013 0.014 0.02 0.023 0.014 0.123 0.216 0.024 0.033 0.167 0.013 0.029 0.05 0.011 0.066 0.088
167 F 0.039 0.019 0.015 0.016 0.013 0.012 0.018 0.022 0.012 0.124 0.188 0.021 0.032 0.239 0.012 0.024 0.03 0.011 0.053 0.101
168 L 0.046 0.022 0.02 0.019 0.05 0.016 0.023 0.067 0.018 0.056 0.147 0.025 0.024 0.141 0.013 0.046 0.031 0.091 0.092 0.053
169 I 0.052 0.02 0.017 0.018 0.016 0.015 0.021 0.023 0.009 0.22 0.202 0.025 0.035 0.041 0.015 0.043 0.04 0.006 0.02 0.161
170 L 0.061 0.02 0.015 0.017 0.014 0.013 0.019 0.025 0.012 0.15 0.201 0.023 0.033 0.175 0.013 0.028 0.032 0.009 0.042 0.098
171 L 0.042 0.022 0.014 0.015 0.015 0.015 0.019 0.021 0.01 0.125 0.346 0.024 0.056 0.079 0.013 0.024 0.032 0.007 0.026 0.095
172 A 0.315 0.03 0.026 0.029 0.02 0.025 0.039 0.073 0.014 0.04 0.055 0.043 0.016 0.02 0.028 0.094 0.049 0.005 0.016 0.063
173 A 0.137 0.027 0.025 0.025 0.016 0.021 0.031 0.044 0.016 0.093 0.091 0.034 0.036 0.081 0.02 0.082 0.055 0.008 0.052 0.106
174 L 0.044 0.023 0.014 0.015 0.054 0.016 0.019 0.021 0.01 0.102 0.368 0.024 0.057 0.048 0.014 0.025 0.032 0.007 0.02 0.087
175 F 0.032 0.018 0.016 0.016 0.01 0.01 0.018 0.024 0.016 0.06 0.107 0.018 0.024 0.423 0.01 0.024 0.024 0.016 0.084 0.052
176 H 0.039 0.043 0.05 0.036 0.007 0.036 0.05 0.036 0.393 0.022 0.036 0.043 0.014 0.029 0.018 0.039 0.025 0.007 0.054 0.022
177 K 0.052 0.118 0.063 0.041 0.008 0.049 0.064 0.041 0.02 0.025 0.04 0.284 0.014 0.015 0.025 0.051 0.038 0.005 0.016 0.03
178 T 0.082 0.035 0.045 0.039 0.017 0.028 0.042 0.049 0.015 0.042 0.053 0.046 0.017 0.021 0.027 0.156 0.209 0.005 0.017 0.056
179 A 0.332 0.029 0.024 0.028 0.02 0.024 0.038 0.074 0.014 0.041 0.056 0.042 0.016 0.02 0.028 0.08 0.047 0.005 0.016 0.065
180 I 0.047 0.017 0.014 0.017 0.015 0.013 0.018 0.02 0.009 0.27 0.149 0.022 0.033 0.07 0.014 0.025 0.038 0.006 0.024 0.18
181 I 0.069 0.02 0.015 0.017 0.016 0.015 0.02 0.025 0.01 0.209 0.181 0.024 0.04 0.07 0.015 0.029 0.038 0.006 0.024 0.157
182 L 0.04 0.021 0.015 0.015 0.013 0.014 0.019 0.022 0.012 0.092 0.255 0.022 0.049 0.193 0.012 0.025 0.03 0.01 0.045 0.092
183 L 0.042 0.02 0.014 0.015 0.015 0.014 0.018 0.021 0.01 0.158 0.286 0.022 0.039 0.105 0.013 0.024 0.032 0.008 0.03 0.113
184 L 0.093 0.022 0.017 0.018 0.016 0.017 0.023 0.03 0.011 0.143 0.169 0.027 0.051 0.082 0.016 0.035 0.039 0.007 0.027 0.156
185 F 0.034 0.018 0.016 0.016 0.011 0.011 0.018 0.023 0.015 0.083 0.135 0.019 0.026 0.365 0.011 0.024 0.026 0.014 0.074 0.064
186 L 0.073 0.027 0.022 0.021 0.014 0.02 0.027 0.032 0.02 0.07 0.206 0.031 0.044 0.089 0.017 0.067 0.038 0.012 0.103 0.067
187 P 0.053 0.024 0.022 0.029 0.01 0.019 0.034 0.034 0.012 0.024 0.034 0.039 0.01 0.012 0.524 0.041 0.034 0.002 0.012 0.029
188 L 0.043 0.02 0.014 0.015 0.015 0.014 0.019 0.021 0.01 0.152 0.285 0.023 0.039 0.105 0.013 0.024 0.033 0.008 0.03 0.119
189 L 0.044 0.024 0.017 0.018 0.014 0.033 0.025 0.022 0.014 0.166 0.212 0.028 0.034 0.092 0.014 0.027 0.034 0.009 0.053 0.121
190 L 0.04 0.026 0.07 0.026 0.011 0.019 0.026 0.029 0.024 0.088 0.157 0.029 0.026 0.123 0.015 0.034 0.042 0.014 0.133 0.068
191 L 0.054 0.035 0.052 0.03 0.013 0.04 0.036 0.035 0.016 0.096 0.157 0.057 0.027 0.107 0.018 0.078 0.042 0.008 0.031 0.071
192 N 0.043 0.045 0.317 0.083 0.009 0.034 0.049 0.065 0.032 0.022 0.032 0.054 0.011 0.018 0.02 0.07 0.049 0.004 0.016 0.027
193 L 0.077 0.073 0.031 0.033 0.013 0.033 0.063 0.076 0.016 0.052 0.139 0.109 0.037 0.027 0.021 0.064 0.058 0.006 0.017 0.054
194 K 0.05 0.087 0.097 0.043 0.009 0.039 0.052 0.055 0.02 0.049 0.052 0.194 0.016 0.049 0.022 0.057 0.039 0.006 0.021 0.042
195 F 0.036 0.021 0.017 0.017 0.01 0.014 0.021 0.025 0.022 0.082 0.099 0.022 0.023 0.247 0.012 0.026 0.027 0.079 0.138 0.063
196 F 0.051 0.076 0.06 0.034 0.01 0.048 0.044 0.082 0.022 0.036 0.06 0.095 0.017 0.134 0.019 0.061 0.037 0.01 0.065 0.038
197 N 0.054 0.073 0.118 0.043 0.011 0.03 0.042 0.044 0.021 0.053 0.1 0.083 0.02 0.064 0.02 0.083 0.045 0.007 0.038 0.048
198 N 0.06 0.092 0.138 0.05 0.01 0.036 0.05 0.07 0.022 0.024 0.036 0.119 0.013 0.017 0.061 0.103 0.048 0.005 0.015 0.031
199 K 0.053 0.102 0.042 0.068 0.009 0.043 0.061 0.04 0.047 0.029 0.043 0.219 0.015 0.017 0.024 0.054 0.075 0.005 0.019 0.035
200 L 0.044 0.021 0.041 0.021 0.014 0.015 0.021 0.024 0.012 0.157 0.212 0.024 0.034 0.115 0.014 0.028 0.035 0.008 0.032 0.131
201 L 0.04 0.023 0.044 0.021 0.013 0.016 0.022 0.025 0.016 0.114 0.201 0.025 0.046 0.161 0.013 0.028 0.032 0.011 0.067 0.082
202 F 0.039 0.022 0.044 0.022 0.011 0.015 0.022 0.027 0.02 0.096 0.123 0.025 0.025 0.243 0.013 0.037 0.031 0.014 0.103 0.069
203 Y 0.064 0.024 0.024 0.023 0.012 0.018 0.026 0.09 0.02 0.086 0.102 0.03 0.022 0.104 0.016 0.067 0.037 0.051 0.108 0.073
204 L 0.043 0.021 0.016 0.017 0.014 0.014 0.02 0.022 0.011 0.142 0.268 0.024 0.037 0.118 0.014 0.028 0.051 0.008 0.032 0.099
205 Y 0.038 0.026 0.021 0.018 0.009 0.021 0.026 0.023 0.044 0.041 0.064 0.029 0.018 0.123 0.015 0.029 0.026 0.026 0.358 0.044
206 V 0.068 0.033 0.032 0.035 0.015 0.044 0.061 0.037 0.015 0.105 0.089 0.043 0.037 0.027 0.021 0.098 0.097 0.005 0.018 0.119
207 L 0.044 0.02 0.016 0.017 0.014 0.013 0.019 0.061 0.011 0.128 0.229 0.023 0.034 0.15 0.013 0.026 0.031 0.009 0.037 0.105
208 F 0.062 0.02 0.016 0.017 0.013 0.013 0.02 0.026 0.012 0.116 0.183 0.022 0.031 0.218 0.013 0.028 0.031 0.011 0.049 0.099
209 S 0.096 0.035 0.045 0.041 0.016 0.029 0.045 0.056 0.017 0.044 0.075 0.047 0.018 0.023 0.026 0.23 0.071 0.005 0.017 0.064
210 L 0.044 0.021 0.017 0.018 0.014 0.014 0.02 0.024 0.012 0.143 0.221 0.024 0.034 0.161 0.014 0.042 0.034 0.009 0.039 0.095
211 L 0.05 0.02 0.019 0.019 0.014 0.015 0.021 0.064 0.011 0.184 0.19 0.025 0.032 0.084 0.015 0.044 0.037 0.007 0.026 0.122
212 F 0.04 0.02 0.017 0.017 0.013 0.013 0.02 0.023 0.013 0.113 0.206 0.022 0.032 0.219 0.013 0.028 0.049 0.011 0.049 0.082
213 I 0.05 0.021 0.018 0.02 0.015 0.017 0.022 0.025 0.01 0.24 0.159 0.027 0.06 0.04 0.016 0.046 0.05 0.006 0.02 0.137
214 T 0.07 0.031 0.037 0.033 0.016 0.024 0.036 0.042 0.014 0.059 0.09 0.039 0.021 0.082 0.023 0.123 0.165 0.007 0.027 0.062
215 V 0.081 0.024 0.024 0.024 0.015 0.019 0.027 0.105 0.016 0.119 0.118 0.031 0.024 0.044 0.018 0.068 0.042 0.008 0.066 0.127
216 L 0.07 0.022 0.017 0.019 0.016 0.017 0.022 0.027 0.01 0.178 0.234 0.027 0.049 0.042 0.016 0.046 0.039 0.006 0.02 0.124
217 L 0.046 0.021 0.014 0.016 0.015 0.015 0.019 0.021 0.01 0.155 0.279 0.024 0.052 0.073 0.014 0.025 0.035 0.007 0.025 0.135
218 Y 0.04 0.026 0.021 0.018 0.009 0.02 0.027 0.025 0.041 0.04 0.062 0.029 0.017 0.114 0.015 0.037 0.028 0.061 0.326 0.043
219 L 0.043 0.023 0.018 0.018 0.012 0.017 0.023 0.024 0.023 0.114 0.16 0.026 0.041 0.126 0.014 0.035 0.032 0.015 0.15 0.086
220 S 0.146 0.033 0.039 0.037 0.017 0.027 0.042 0.059 0.016 0.055 0.058 0.044 0.017 0.052 0.026 0.184 0.063 0.006 0.022 0.056
221 S 0.106 0.04 0.049 0.045 0.016 0.048 0.052 0.06 0.018 0.03 0.042 0.053 0.016 0.02 0.027 0.226 0.09 0.005 0.017 0.042
222 L 0.074 0.023 0.017 0.018 0.016 0.017 0.022 0.027 0.01 0.142 0.25 0.027 0.036 0.041 0.016 0.035 0.058 0.006 0.02 0.145
223 S 0.071 0.048 0.096 0.047 0.012 0.08 0.057 0.087 0.024 0.026 0.04 0.075 0.015 0.025 0.023 0.14 0.054 0.006 0.041 0.034
224 G 0.079 0.032 0.041 0.121 0.009 0.034 0.139 0.22 0.018 0.022 0.032 0.048 0.011 0.016 0.04 0.059 0.034 0.005 0.013 0.029
225 E 0.095 0.041 0.055 0.108 0.011 0.07 0.139 0.045 0.02 0.033 0.067 0.056 0.016 0.019 0.023 0.077 0.06 0.005 0.016 0.042
226 N 0.049 0.041 0.303 0.072 0.01 0.031 0.046 0.06 0.027 0.024 0.033 0.05 0.012 0.018 0.02 0.089 0.067 0.004 0.015 0.03
227 I 0.072 0.02 0.017 0.019 0.016 0.015 0.022 0.027 0.009 0.223 0.173 0.026 0.033 0.039 0.016 0.046 0.041 0.006 0.019 0.16
228 Y 0.038 0.026 0.02 0.018 0.009 0.02 0.026 0.023 0.044 0.041 0.064 0.029 0.018 0.123 0.015 0.029 0.026 0.026 0.359 0.044
229 T 0.06 0.029 0.029 0.027 0.016 0.021 0.03 0.032 0.011 0.082 0.171 0.035 0.028 0.032 0.021 0.061 0.183 0.006 0.018 0.109
230 S 0.074 0.041 0.115 0.082 0.012 0.057 0.076 0.055 0.022 0.035 0.041 0.054 0.014 0.019 0.024 0.161 0.059 0.005 0.016 0.038
231 G 0.067 0.041 0.044 0.077 0.011 0.091 0.058 0.19 0.019 0.028 0.041 0.054 0.015 0.017 0.022 0.079 0.087 0.005 0.015 0.037
232 N 0.057 0.038 0.182 0.177 0.01 0.031 0.061 0.058 0.024 0.023 0.032 0.049 0.011 0.017 0.023 0.107 0.051 0.004 0.014 0.029
233 G 0.068 0.035 0.109 0.056 0.01 0.033 0.102 0.226 0.02 0.021 0.032 0.048 0.011 0.017 0.022 0.1 0.044 0.005 0.014 0.028
234 E 0.053 0.049 0.054 0.127 0.008 0.052 0.243 0.038 0.023 0.022 0.034 0.092 0.012 0.016 0.024 0.067 0.038 0.005 0.015 0.029
235 L 0.049 0.022 0.015 0.016 0.016 0.016 0.02 0.021 0.01 0.175 0.245 0.025 0.063 0.044 0.014 0.026 0.037 0.006 0.02 0.159
236 S 0.09 0.038 0.096 0.078 0.015 0.031 0.051 0.061 0.02 0.026 0.037 0.05 0.014 0.019 0.026 0.223 0.069 0.005 0.016 0.036
237 S 0.103 0.038 0.051 0.046 0.016 0.031 0.049 0.062 0.018 0.028 0.039 0.051 0.015 0.02 0.028 0.268 0.077 0.005 0.016 0.039
238 S 0.16 0.043 0.04 0.039 0.016 0.031 0.047 0.096 0.017 0.031 0.043 0.086 0.015 0.019 0.027 0.167 0.059 0.005 0.016 0.044
239 G 0.074 0.022 0.037 0.032 0.01 0.018 0.024 0.54 0.013 0.018 0.027 0.032 0.009 0.015 0.018 0.048 0.028 0.005 0.01 0.023
240 A 0.217 0.026 0.023 0.025 0.018 0.021 0.032 0.055 0.013 0.067 0.076 0.035 0.02 0.081 0.023 0.075 0.046 0.007 0.027 0.114
241 I 0.045 0.02 0.017 0.018 0.014 0.014 0.02 0.023 0.013 0.166 0.143 0.023 0.029 0.155 0.014 0.03 0.052 0.01 0.062 0.133
242 F 0.039 0.046 0.017 0.017 0.012 0.016 0.021 0.024 0.014 0.1 0.163 0.028 0.055 0.233 0.012 0.027 0.03 0.011 0.052 0.082
243 R 0.042 0.385 0.036 0.029 0.007 0.045 0.049 0.031 0.022 0.022 0.044 0.113 0.015 0.016 0.018 0.042 0.033 0.005 0.016 0.029
244 L 0.06 0.023 0.019 0.02 0.015 0.017 0.024 0.028 0.011 0.148 0.176 0.028 0.043 0.042 0.015 0.049 0.056 0.08 0.026 0.12
245 L 0.117 0.026 0.022 0.023 0.017 0.02 0.028 0.038 0.011 0.113 0.166 0.032 0.042 0.034 0.019 0.062 0.07 0.006 0.019 0.134
246 L 0.046 0.023 0.017 0.017 0.014 0.017 0.022 0.023 0.018 0.11 0.182 0.026 0.056 0.115 0.014 0.028 0.034 0.012 0.102 0.128
247 H 0.039 0.043 0.05 0.036 0.007 0.036 0.05 0.036 0.394 0.022 0.036 0.043 0.014 0.029 0.018 0.039 0.025 0.007 0.054 0.022
248 L 0.045 0.022 0.017 0.017 0.014 0.015 0.021 0.023 0.011 0.127 0.217 0.024 0.047 0.138 0.014 0.03 0.052 0.009 0.036 0.121
249 L 0.043 0.019 0.014 0.016 0.015 0.013 0.018 0.02 0.01 0.208 0.221 0.022 0.036 0.098 0.013 0.024 0.034 0.007 0.029 0.139
250 P 0.073 0.025 0.022 0.029 0.01 0.02 0.034 0.037 0.012 0.025 0.036 0.039 0.01 0.013 0.489 0.044 0.035 0.003 0.012 0.032
251 L 0.048 0.021 0.014 0.015 0.034 0.015 0.019 0.021 0.009 0.16 0.284 0.023 0.039 0.044 0.014 0.025 0.036 0.006 0.02 0.153
252 G 0.081 0.021 0.022 0.021 0.013 0.016 0.023 0.157 0.015 0.081 0.127 0.027 0.023 0.135 0.016 0.037 0.032 0.01 0.057 0.087
253 L 0.047 0.023 0.018 0.018 0.05 0.016 0.022 0.025 0.016 0.099 0.229 0.025 0.033 0.108 0.014 0.043 0.035 0.01 0.077 0.093
254 Y 0.038 0.026 0.02 0.017 0.009 0.02 0.026 0.023 0.042 0.042 0.067 0.028 0.018 0.144 0.014 0.029 0.026 0.026 0.34 0.044
255 L 0.042 0.021 0.015 0.015 0.013 0.014 0.02 0.022 0.014 0.107 0.226 0.022 0.033 0.147 0.012 0.025 0.031 0.047 0.063 0.11
256 L 0.042 0.028 0.019 0.019 0.011 0.019 0.025 0.025 0.023 0.095 0.155 0.047 0.027 0.123 0.014 0.036 0.031 0.051 0.141 0.07
257 Y 0.043 0.028 0.023 0.021 0.01 0.036 0.031 0.027 0.032 0.048 0.095 0.032 0.021 0.167 0.015 0.046 0.031 0.02 0.227 0.048
258 R 0.042 0.315 0.047 0.031 0.008 0.043 0.049 0.032 0.037 0.023 0.044 0.117 0.015 0.024 0.019 0.042 0.033 0.007 0.042 0.03
259 K 0.049 0.062 0.086 0.098 0.009 0.053 0.06 0.041 0.047 0.034 0.043 0.155 0.014 0.021 0.058 0.049 0.037 0.005 0.03 0.049
260 K 0.045 0.055 0.031 0.058 0.01 0.047 0.048 0.033 0.019 0.075 0.072 0.146 0.019 0.114 0.037 0.039 0.033 0.009 0.055 0.055
261 F 0.039 0.018 0.015 0.016 0.012 0.011 0.018 0.022 0.013 0.151 0.126 0.02 0.028 0.261 0.012 0.025 0.03 0.012 0.057 0.112
262 K 0.048 0.058 0.027 0.029 0.011 0.032 0.053 0.032 0.016 0.06 0.098 0.162 0.022 0.137 0.019 0.038 0.034 0.008 0.036 0.081
263 K 0.056 0.061 0.119 0.054 0.01 0.072 0.089 0.046 0.023 0.03 0.064 0.133 0.016 0.018 0.023 0.084 0.045 0.005 0.017 0.035
264 E 0.058 0.046 0.082 0.049 0.011 0.044 0.097 0.041 0.046 0.072 0.068 0.087 0.018 0.023 0.022 0.08 0.062 0.005 0.019 0.071
265 F 0.038 0.022 0.017 0.017 0.011 0.015 0.021 0.023 0.023 0.089 0.16 0.023 0.028 0.216 0.013 0.026 0.028 0.017 0.143 0.07
266 N 0.048 0.076 0.13 0.076 0.008 0.05 0.054 0.08 0.048 0.023 0.035 0.112 0.012 0.016 0.093 0.052 0.037 0.005 0.017 0.027
267 N 0.053 0.047 0.111 0.104 0.011 0.031 0.05 0.063 0.019 0.074 0.082 0.104 0.018 0.023 0.021 0.072 0.043 0.005 0.016 0.055
268 N 0.058 0.042 0.128 0.05 0.011 0.047 0.067 0.047 0.023 0.05 0.053 0.068 0.016 0.056 0.021 0.099 0.065 0.007 0.046 0.046
269 Y 0.043 0.051 0.02 0.02 0.011 0.036 0.029 0.023 0.026 0.136 0.118 0.036 0.025 0.073 0.015 0.03 0.032 0.014 0.165 0.094
270 R 0.045 0.16 0.03 0.027 0.01 0.063 0.045 0.029 0.047 0.048 0.107 0.067 0.021 0.06 0.053 0.037 0.033 0.008 0.049 0.061
271 L 0.042 0.019 0.014 0.016 0.015 0.014 0.018 0.02 0.01 0.209 0.245 0.023 0.044 0.082 0.013 0.024 0.034 0.007 0.026 0.125
272 L 0.04 0.021 0.014 0.015 0.014 0.014 0.019 0.022 0.012 0.108 0.291 0.023 0.051 0.157 0.013 0.024 0.03 0.009 0.039 0.084
273 D 0.039 0.054 0.063 0.405 0.007 0.029 0.083 0.043 0.018 0.021 0.028 0.047 0.009 0.014 0.021 0.049 0.033 0.004 0.011 0.023
274 Y 0.038 0.025 0.019 0.017 0.01 0.019 0.024 0.023 0.033 0.057 0.129 0.027 0.036 0.15 0.014 0.028 0.027 0.021 0.248 0.055
275 L 0.043 0.025 0.041 0.021 0.013 0.019 0.023 0.027 0.015 0.086 0.196 0.028 0.095 0.152 0.014 0.031 0.034 0.009 0.039 0.089
276 V 0.107 0.026 0.024 0.024 0.088 0.02 0.029 0.04 0.012 0.084 0.132 0.032 0.038 0.03 0.02 0.089 0.049 0.005 0.018 0.134
277 L 0.045 0.02 0.014 0.016 0.015 0.015 0.019 0.02 0.009 0.214 0.248 0.024 0.051 0.045 0.014 0.025 0.036 0.006 0.02 0.144
278 L 0.042 0.024 0.014 0.015 0.015 0.016 0.02 0.021 0.011 0.103 0.359 0.025 0.069 0.077 0.013 0.024 0.032 0.007 0.026 0.087
279 I 0.05 0.018 0.014 0.017 0.016 0.013 0.018 0.02 0.008 0.27 0.148 0.023 0.033 0.039 0.014 0.026 0.04 0.005 0.019 0.208
280 L 0.045 0.019 0.015 0.016 0.014 0.013 0.019 0.022 0.011 0.163 0.191 0.022 0.033 0.151 0.013 0.025 0.034 0.009 0.038 0.149
281 Y 0.044 0.024 0.02 0.019 0.011 0.018 0.025 0.026 0.028 0.077 0.107 0.027 0.023 0.163 0.014 0.044 0.032 0.018 0.203 0.076
282 C 0.06 0.023 0.022 0.021 0.194 0.018 0.024 0.032 0.011 0.082 0.101 0.028 0.061 0.057 0.017 0.058 0.075 0.006 0.021 0.088
283 L 0.042 0.021 0.014 0.015 0.014 0.013 0.019 0.022 0.011 0.114 0.266 0.022 0.037 0.164 0.013 0.024 0.031 0.009 0.04 0.11
284 F 0.088 0.022 0.02 0.021 0.043 0.016 0.024 0.094 0.013 0.064 0.128 0.028 0.036 0.141 0.088 0.039 0.032 0.008 0.035 0.059
285 L 0.045 0.022 0.014 0.015 0.016 0.015 0.019 0.02 0.009 0.13 0.354 0.024 0.043 0.048 0.014 0.024 0.034 0.006 0.021 0.128
286 A 0.193 0.03 0.036 0.034 0.017 0.025 0.038 0.168 0.015 0.033 0.045 0.042 0.014 0.019 0.026 0.127 0.069 0.005 0.015 0.049
287 F 0.043 0.019 0.018 0.018 0.013 0.013 0.02 0.025 0.013 0.146 0.141 0.022 0.028 0.232 0.013 0.041 0.033 0.011 0.051 0.1
288 V 0.07 0.02 0.017 0.02 0.014 0.015 0.023 0.046 0.011 0.14 0.114 0.026 0.025 0.115 0.088 0.033 0.037 0.007 0.032 0.148
289 F 0.034 0.02 0.017 0.016 0.01 0.013 0.02 0.023 0.021 0.059 0.12 0.021 0.024 0.333 0.011 0.025 0.025 0.017 0.138 0.053
290 S 0.103 0.038 0.051 0.046 0.016 0.031 0.049 0.062 0.018 0.028 0.039 0.051 0.015 0.02 0.028 0.268 0.077 0.005 0.016 0.039
291 T 0.069 0.033 0.041 0.035 0.017 0.026 0.037 0.041 0.013 0.05 0.061 0.043 0.018 0.022 0.026 0.087 0.292 0.006 0.017 0.067
292 L 0.042 0.022 0.013 0.014 0.015 0.015 0.019 0.02 0.009 0.123 0.395 0.024 0.046 0.051 0.013 0.023 0.032 0.007 0.021 0.096
293 A 0.227 0.029 0.028 0.029 0.019 0.024 0.037 0.06 0.013 0.062 0.067 0.04 0.019 0.023 0.025 0.11 0.053 0.005 0.017 0.113
294 D 0.038 0.028 0.065 0.434 0.007 0.028 0.086 0.044 0.018 0.021 0.026 0.042 0.009 0.014 0.021 0.049 0.033 0.003 0.011 0.023
295 R 0.042 0.385 0.036 0.029 0.007 0.045 0.049 0.031 0.022 0.022 0.044 0.113 0.015 0.016 0.018 0.042 0.033 0.005 0.016 0.029
296 F 0.034 0.019 0.015 0.016 0.011 0.011 0.018 0.023 0.015 0.07 0.173 0.019 0.029 0.344 0.011 0.024 0.025 0.014 0.07 0.06
297 N 0.045 0.039 0.313 0.071 0.009 0.03 0.043 0.13 0.027 0.021 0.029 0.048 0.01 0.017 0.019 0.063 0.044 0.004 0.014 0.025
298 L 0.041 0.022 0.014 0.014 0.015 0.015 0.019 0.02 0.01 0.105 0.392 0.023 0.045 0.078 0.013 0.023 0.031 0.007 0.025 0.088
299 Y 0.038 0.026 0.02 0.018 0.009 0.02 0.026 0.023 0.044 0.041 0.064 0.029 0.018 0.123 0.015 0.029 0.026 0.026 0.359 0.044
300 L 0.039 0.021 0.014 0.015 0.014 0.014 0.019 0.021 0.011 0.094 0.326 0.022 0.04 0.158 0.012 0.023 0.029 0.009 0.039 0.079
301 I 0.051 0.02 0.018 0.019 0.015 0.016 0.021 0.024 0.012 0.218 0.136 0.026 0.043 0.072 0.015 0.043 0.04 0.008 0.048 0.155
302 F 0.039 0.019 0.016 0.016 0.012 0.013 0.019 0.023 0.015 0.141 0.125 0.022 0.04 0.238 0.012 0.025 0.03 0.012 0.076 0.105
303 F 0.032 0.018 0.016 0.016 0.01 0.011 0.018 0.024 0.018 0.058 0.104 0.019 0.023 0.403 0.01 0.024 0.024 0.017 0.103 0.051
304 D 0.038 0.028 0.065 0.434 0.007 0.028 0.086 0.044 0.018 0.021 0.026 0.042 0.009 0.014 0.021 0.049 0.033 0.003 0.011 0.023
305 I 0.05 0.019 0.014 0.016 0.016 0.014 0.019 0.021 0.008 0.215 0.215 0.023 0.036 0.042 0.014 0.025 0.038 0.006 0.02 0.188
306 F 0.059 0.021 0.016 0.017 0.013 0.014 0.021 0.026 0.017 0.113 0.183 0.023 0.03 0.191 0.013 0.028 0.03 0.012 0.091 0.082
307 V 0.063 0.02 0.015 0.017 0.018 0.015 0.021 0.023 0.008 0.178 0.127 0.024 0.03 0.035 0.015 0.03 0.045 0.005 0.019 0.292
308 L 0.04 0.022 0.016 0.016 0.013 0.015 0.02 0.022 0.018 0.115 0.223 0.023 0.033 0.144 0.013 0.025 0.03 0.013 0.107 0.094
309 S 0.098 0.03 0.079 0.037 0.075 0.024 0.035 0.083 0.015 0.051 0.08 0.039 0.018 0.023 0.022 0.103 0.093 0.005 0.016 0.075
310 K 0.073 0.047 0.029 0.028 0.012 0.028 0.039 0.036 0.019 0.069 0.078 0.114 0.029 0.095 0.02 0.061 0.062 0.01 0.076 0.075
311 L 0.046 0.021 0.016 0.017 0.015 0.014 0.02 0.023 0.011 0.123 0.236 0.024 0.035 0.134 0.014 0.029 0.052 0.008 0.035 0.127
312 F 0.064 0.022 0.019 0.018 0.101 0.016 0.023 0.03 0.024 0.049 0.088 0.025 0.02 0.188 0.015 0.041 0.03 0.016 0.16 0.051
313 E 0.086 0.041 0.042 0.079 0.012 0.038 0.131 0.081 0.045 0.045 0.046 0.071 0.015 0.02 0.024 0.112 0.047 0.005 0.018 0.043
314 L 0.044 0.039 0.082 0.035 0.011 0.027 0.055 0.033 0.022 0.09 0.119 0.075 0.023 0.048 0.017 0.038 0.035 0.046 0.082 0.08
315 L 0.05 0.024 0.019 0.019 0.015 0.017 0.024 0.027 0.014 0.103 0.295 0.027 0.037 0.078 0.015 0.058 0.037 0.008 0.049 0.082
316 S 0.069 0.053 0.099 0.046 0.012 0.034 0.049 0.086 0.019 0.031 0.05 0.118 0.015 0.019 0.024 0.121 0.095 0.005 0.016 0.04
317 L 0.079 0.054 0.05 0.03 0.015 0.023 0.032 0.039 0.014 0.082 0.201 0.041 0.029 0.034 0.037 0.093 0.046 0.006 0.018 0.077
318 K 0.051 0.076 0.079 0.041 0.01 0.034 0.065 0.039 0.019 0.047 0.061 0.125 0.017 0.105 0.02 0.063 0.057 0.007 0.031 0.054
319 E 0.055 0.05 0.041 0.09 0.007 0.065 0.295 0.035 0.026 0.022 0.037 0.076 0.013 0.017 0.026 0.055 0.037 0.006 0.017 0.031
320 S 0.094 0.045 0.108 0.046 0.012 0.047 0.049 0.088 0.047 0.032 0.065 0.077 0.016 0.021 0.023 0.116 0.05 0.005 0.019 0.039
