#Seq2Logo.py -f /work3/idamei/wzy_ssn/run/1e-50/run/150/MSAs/0022_83.afa -o /work3/idamei/wzy_ssn/run/1e-50/run/150/logos/0022_83.logo
#Position Specific Frequency Matrix
A R N D C Q E G H I L K M F P S T W Y V
0 M 0.05 0.031 0.019 0.019 0.015 0.027 0.027 0.027 0.015 0.096 0.188 0.035 0.197 0.046 0.015 0.035 0.038 0.008 0.023 0.088
1 L 0.069 0.024 0.049 0.024 0.014 0.017 0.024 0.031 0.017 0.137 0.179 0.028 0.03 0.097 0.016 0.035 0.035 0.01 0.068 0.095
2 I 0.047 0.02 0.016 0.02 0.014 0.015 0.021 0.023 0.009 0.215 0.16 0.027 0.031 0.037 0.128 0.028 0.037 0.005 0.018 0.129
3 Y 0.039 0.027 0.021 0.018 0.009 0.021 0.027 0.024 0.045 0.042 0.066 0.03 0.018 0.126 0.015 0.03 0.027 0.027 0.345 0.045
4 L 0.045 0.023 0.052 0.023 0.014 0.016 0.022 0.026 0.012 0.16 0.218 0.026 0.035 0.084 0.014 0.03 0.037 0.007 0.027 0.128
5 L 0.082 0.022 0.02 0.021 0.071 0.016 0.024 0.033 0.012 0.125 0.14 0.027 0.032 0.12 0.017 0.053 0.048 0.008 0.033 0.097
6 I 0.048 0.02 0.015 0.017 0.016 0.015 0.019 0.021 0.009 0.228 0.201 0.025 0.055 0.044 0.014 0.026 0.038 0.006 0.02 0.162
7 F 0.033 0.019 0.016 0.016 0.011 0.011 0.018 0.024 0.016 0.065 0.135 0.019 0.026 0.38 0.01 0.024 0.025 0.015 0.08 0.056
8 L 0.091 0.025 0.025 0.025 0.016 0.019 0.029 0.038 0.013 0.124 0.142 0.032 0.028 0.087 0.019 0.085 0.054 0.007 0.028 0.112
9 L 0.06 0.022 0.022 0.022 0.108 0.017 0.023 0.087 0.011 0.118 0.163 0.028 0.033 0.052 0.017 0.06 0.04 0.006 0.02 0.092
10 L 0.042 0.021 0.014 0.016 0.015 0.014 0.018 0.021 0.01 0.17 0.285 0.023 0.041 0.09 0.013 0.024 0.033 0.007 0.028 0.114
11 L 0.128 0.028 0.025 0.025 0.018 0.021 0.031 0.044 0.012 0.089 0.194 0.035 0.03 0.035 0.021 0.087 0.048 0.006 0.019 0.107
12 L 0.055 0.023 0.021 0.021 0.016 0.017 0.023 0.027 0.011 0.159 0.183 0.028 0.033 0.082 0.017 0.04 0.09 0.007 0.027 0.121
13 L 0.041 0.022 0.024 0.017 0.028 0.014 0.02 0.023 0.012 0.117 0.286 0.023 0.039 0.131 0.013 0.025 0.032 0.009 0.035 0.089
14 A 0.175 0.034 0.039 0.038 0.06 0.028 0.043 0.065 0.016 0.034 0.048 0.046 0.016 0.02 0.027 0.175 0.064 0.005 0.016 0.05
15 L 0.042 0.023 0.016 0.016 0.041 0.016 0.021 0.022 0.018 0.085 0.271 0.025 0.036 0.108 0.014 0.026 0.03 0.012 0.102 0.075
16 L 0.046 0.024 0.019 0.021 0.013 0.017 0.025 0.027 0.012 0.072 0.209 0.029 0.03 0.125 0.129 0.035 0.059 0.008 0.034 0.066
17 N 0.052 0.061 0.142 0.056 0.009 0.039 0.076 0.047 0.022 0.027 0.039 0.139 0.013 0.016 0.08 0.06 0.068 0.005 0.016 0.033
18 G 0.052 0.024 0.025 0.025 0.01 0.018 0.027 0.15 0.022 0.037 0.061 0.031 0.016 0.138 0.136 0.037 0.029 0.013 0.109 0.039
19 Y 0.04 0.028 0.022 0.019 0.009 0.022 0.028 0.025 0.047 0.044 0.068 0.031 0.019 0.131 0.016 0.031 0.028 0.028 0.318 0.047
20 S 0.11 0.04 0.054 0.049 0.017 0.033 0.052 0.066 0.019 0.03 0.042 0.054 0.016 0.021 0.03 0.221 0.082 0.005 0.017 0.042
21 N 0.046 0.037 0.231 0.148 0.009 0.029 0.053 0.053 0.025 0.033 0.073 0.046 0.015 0.023 0.019 0.058 0.042 0.005 0.021 0.034
22 Q 0.049 0.084 0.067 0.083 0.009 0.1 0.064 0.095 0.063 0.033 0.079 0.068 0.018 0.021 0.02 0.048 0.035 0.006 0.021 0.036
23 N 0.043 0.045 0.315 0.083 0.009 0.034 0.05 0.065 0.032 0.023 0.032 0.054 0.011 0.018 0.02 0.07 0.05 0.005 0.016 0.027
24 K 0.054 0.124 0.037 0.036 0.065 0.046 0.06 0.039 0.019 0.028 0.044 0.252 0.015 0.016 0.024 0.049 0.037 0.005 0.016 0.034
25 T 0.073 0.035 0.043 0.037 0.018 0.028 0.039 0.043 0.014 0.053 0.065 0.045 0.02 0.024 0.028 0.093 0.247 0.006 0.018 0.071
26 K 0.057 0.107 0.041 0.041 0.009 0.053 0.071 0.043 0.021 0.028 0.043 0.279 0.015 0.015 0.028 0.053 0.04 0.005 0.017 0.033
27 L 0.044 0.024 0.014 0.015 0.016 0.016 0.02 0.021 0.01 0.115 0.376 0.025 0.05 0.055 0.014 0.024 0.033 0.007 0.022 0.096
28 S 0.11 0.04 0.054 0.049 0.017 0.033 0.052 0.066 0.019 0.03 0.042 0.054 0.016 0.021 0.03 0.221 0.082 0.005 0.017 0.042
29 N 0.043 0.045 0.317 0.083 0.009 0.034 0.049 0.065 0.031 0.022 0.031 0.054 0.011 0.018 0.02 0.07 0.049 0.004 0.016 0.027
30 K 0.05 0.09 0.029 0.029 0.011 0.056 0.047 0.032 0.02 0.08 0.083 0.123 0.022 0.077 0.019 0.041 0.043 0.009 0.057 0.084
31 L 0.084 0.021 0.016 0.018 0.029 0.015 0.022 0.03 0.011 0.134 0.172 0.026 0.03 0.084 0.015 0.033 0.036 0.065 0.032 0.125
32 F 0.037 0.022 0.016 0.016 0.012 0.014 0.021 0.023 0.021 0.074 0.199 0.023 0.031 0.223 0.012 0.025 0.028 0.015 0.123 0.065
33 Y 0.043 0.05 0.066 0.032 0.009 0.029 0.04 0.034 0.029 0.04 0.071 0.114 0.018 0.134 0.018 0.04 0.032 0.015 0.146 0.041
34 A 0.155 0.026 0.024 0.027 0.016 0.02 0.033 0.049 0.014 0.062 0.072 0.036 0.019 0.09 0.121 0.073 0.044 0.007 0.028 0.088
35 I 0.096 0.026 0.028 0.028 0.016 0.02 0.03 0.053 0.013 0.145 0.099 0.034 0.024 0.068 0.02 0.096 0.072 0.006 0.025 0.099
36 L 0.058 0.028 0.022 0.022 0.016 0.024 0.028 0.03 0.014 0.13 0.159 0.034 0.129 0.041 0.017 0.06 0.044 0.007 0.021 0.118
37 I 0.059 0.02 0.018 0.019 0.015 0.014 0.02 0.026 0.011 0.214 0.135 0.025 0.03 0.117 0.015 0.033 0.06 0.008 0.033 0.13
38 F 0.043 0.02 0.018 0.019 0.014 0.014 0.02 0.024 0.012 0.151 0.151 0.024 0.03 0.189 0.014 0.032 0.062 0.01 0.046 0.105
39 L 0.043 0.023 0.014 0.015 0.016 0.016 0.019 0.02 0.01 0.11 0.402 0.024 0.047 0.052 0.014 0.023 0.032 0.007 0.021 0.092
40 F 0.05 0.021 0.023 0.022 0.012 0.014 0.021 0.152 0.014 0.081 0.139 0.025 0.025 0.197 0.014 0.042 0.031 0.01 0.046 0.063
41 L 0.047 0.021 0.017 0.018 0.014 0.015 0.02 0.072 0.011 0.162 0.215 0.025 0.051 0.089 0.014 0.028 0.034 0.007 0.028 0.112
42 F 0.078 0.024 0.018 0.019 0.015 0.018 0.024 0.031 0.014 0.103 0.162 0.028 0.079 0.162 0.015 0.035 0.035 0.01 0.042 0.093
43 C 0.144 0.022 0.022 0.023 0.311 0.018 0.026 0.047 0.011 0.041 0.058 0.03 0.016 0.02 0.021 0.073 0.043 0.004 0.014 0.056
44 A 0.261 0.029 0.026 0.029 0.02 0.024 0.037 0.066 0.014 0.057 0.065 0.041 0.019 0.023 0.027 0.091 0.051 0.005 0.017 0.098
45 F 0.037 0.021 0.017 0.017 0.012 0.014 0.02 0.025 0.016 0.072 0.149 0.022 0.065 0.304 0.012 0.027 0.028 0.014 0.066 0.064
46 R 0.043 0.373 0.037 0.03 0.007 0.046 0.05 0.031 0.022 0.022 0.044 0.115 0.015 0.017 0.019 0.043 0.033 0.006 0.017 0.03
47 G 0.106 0.026 0.039 0.035 0.013 0.022 0.031 0.388 0.014 0.023 0.033 0.037 0.011 0.017 0.021 0.095 0.041 0.005 0.012 0.031
48 E 0.064 0.034 0.071 0.072 0.012 0.033 0.109 0.096 0.018 0.088 0.065 0.047 0.018 0.023 0.022 0.091 0.047 0.005 0.016 0.069
49 D 0.043 0.03 0.075 0.206 0.008 0.028 0.091 0.064 0.022 0.031 0.047 0.041 0.013 0.099 0.019 0.049 0.033 0.009 0.059 0.032
50 V 0.065 0.021 0.016 0.017 0.018 0.015 0.022 0.023 0.008 0.172 0.128 0.025 0.031 0.035 0.016 0.031 0.046 0.005 0.02 0.287
51 D 0.039 0.029 0.066 0.423 0.007 0.029 0.087 0.045 0.018 0.021 0.027 0.043 0.009 0.014 0.021 0.05 0.034 0.004 0.011 0.023
52 R 0.043 0.373 0.037 0.03 0.007 0.046 0.05 0.031 0.022 0.022 0.044 0.115 0.015 0.017 0.019 0.043 0.033 0.006 0.017 0.03
53 D 0.039 0.029 0.066 0.423 0.007 0.029 0.087 0.045 0.018 0.021 0.027 0.043 0.009 0.014 0.021 0.05 0.034 0.004 0.011 0.023
54 Y 0.039 0.03 0.027 0.022 0.009 0.024 0.032 0.026 0.112 0.038 0.06 0.033 0.017 0.106 0.016 0.032 0.027 0.023 0.289 0.04
55 E 0.086 0.057 0.069 0.053 0.011 0.083 0.121 0.045 0.022 0.031 0.045 0.106 0.016 0.017 0.025 0.064 0.084 0.005 0.017 0.042
56 N 0.055 0.038 0.194 0.058 0.013 0.029 0.042 0.052 0.022 0.036 0.046 0.048 0.015 0.02 0.023 0.078 0.163 0.005 0.016 0.047
57 Y 0.039 0.027 0.021 0.018 0.009 0.021 0.027 0.024 0.045 0.042 0.066 0.03 0.018 0.125 0.015 0.03 0.027 0.027 0.347 0.045
58 I 0.049 0.018 0.014 0.017 0.016 0.013 0.018 0.02 0.008 0.273 0.153 0.023 0.034 0.041 0.014 0.025 0.04 0.006 0.02 0.195
59 S 0.074 0.037 0.103 0.052 0.014 0.032 0.071 0.051 0.019 0.059 0.056 0.049 0.02 0.022 0.024 0.139 0.1 0.005 0.017 0.055
60 L 0.044 0.019 0.014 0.016 0.016 0.014 0.018 0.02 0.009 0.226 0.257 0.023 0.04 0.046 0.014 0.024 0.036 0.006 0.02 0.138
61 Y 0.042 0.024 0.019 0.018 0.012 0.019 0.024 0.023 0.031 0.125 0.106 0.028 0.041 0.092 0.015 0.029 0.031 0.019 0.217 0.086
62 E 0.057 0.033 0.069 0.086 0.011 0.031 0.097 0.09 0.019 0.036 0.054 0.045 0.015 0.097 0.021 0.075 0.086 0.007 0.029 0.041
63 Y 0.042 0.03 0.023 0.037 0.01 0.027 0.081 0.025 0.034 0.051 0.127 0.037 0.023 0.089 0.017 0.033 0.029 0.018 0.216 0.051
64 I 0.09 0.025 0.026 0.027 0.016 0.02 0.029 0.039 0.012 0.163 0.136 0.033 0.028 0.053 0.02 0.098 0.05 0.006 0.022 0.107
65 I 0.11 0.023 0.021 0.023 0.017 0.018 0.026 0.037 0.011 0.179 0.145 0.031 0.03 0.035 0.019 0.065 0.046 0.006 0.019 0.141
66 N 0.048 0.04 0.201 0.141 0.009 0.035 0.084 0.053 0.061 0.022 0.032 0.051 0.011 0.018 0.021 0.078 0.044 0.005 0.018 0.027
67 G 0.061 0.029 0.133 0.086 0.01 0.023 0.038 0.342 0.019 0.019 0.028 0.039 0.01 0.016 0.019 0.054 0.035 0.005 0.012 0.024
68 L 0.045 0.033 0.026 0.051 0.011 0.048 0.081 0.028 0.025 0.055 0.155 0.042 0.025 0.059 0.067 0.036 0.032 0.012 0.117 0.053
69 L 0.065 0.033 0.032 0.031 0.013 0.044 0.04 0.04 0.016 0.051 0.131 0.041 0.023 0.097 0.094 0.11 0.048 0.007 0.03 0.051
70 Y 0.039 0.026 0.02 0.018 0.01 0.02 0.026 0.023 0.041 0.049 0.1 0.029 0.021 0.123 0.015 0.029 0.027 0.025 0.31 0.05
71 P 0.111 0.028 0.028 0.03 0.015 0.022 0.035 0.043 0.013 0.044 0.084 0.04 0.018 0.021 0.221 0.062 0.11 0.004 0.016 0.055
72 I 0.047 0.017 0.014 0.017 0.016 0.013 0.017 0.02 0.008 0.288 0.157 0.023 0.035 0.041 0.014 0.025 0.039 0.006 0.02 0.182
73 E 0.053 0.048 0.039 0.086 0.007 0.062 0.327 0.033 0.025 0.021 0.035 0.072 0.012 0.016 0.025 0.053 0.035 0.005 0.016 0.03
74 P 0.053 0.024 0.021 0.028 0.011 0.019 0.032 0.032 0.012 0.06 0.062 0.037 0.014 0.017 0.44 0.039 0.035 0.003 0.014 0.048
75 T 0.081 0.034 0.044 0.039 0.016 0.027 0.04 0.097 0.015 0.041 0.052 0.045 0.017 0.021 0.026 0.134 0.194 0.005 0.016 0.055
76 F 0.032 0.018 0.016 0.016 0.01 0.01 0.018 0.024 0.016 0.061 0.109 0.018 0.024 0.413 0.01 0.024 0.024 0.016 0.085 0.053
77 K 0.045 0.057 0.03 0.028 0.009 0.033 0.044 0.032 0.062 0.062 0.067 0.141 0.019 0.092 0.019 0.038 0.032 0.013 0.127 0.05
78 L 0.047 0.02 0.014 0.016 0.016 0.014 0.019 0.021 0.009 0.198 0.263 0.024 0.04 0.046 0.014 0.025 0.037 0.006 0.02 0.153
79 L 0.049 0.021 0.015 0.017 0.014 0.015 0.019 0.023 0.012 0.168 0.203 0.024 0.054 0.137 0.013 0.027 0.034 0.009 0.037 0.111
80 S 0.101 0.038 0.05 0.045 0.017 0.031 0.049 0.061 0.018 0.031 0.043 0.051 0.016 0.02 0.028 0.233 0.104 0.005 0.017 0.044
81 F 0.038 0.029 0.019 0.019 0.01 0.018 0.025 0.026 0.019 0.097 0.101 0.051 0.023 0.169 0.013 0.027 0.029 0.114 0.105 0.069
82 I 0.048 0.018 0.014 0.017 0.016 0.013 0.018 0.02 0.009 0.26 0.186 0.023 0.036 0.043 0.014 0.025 0.038 0.006 0.02 0.176
83 S 0.17 0.036 0.044 0.041 0.018 0.03 0.047 0.067 0.017 0.032 0.045 0.049 0.016 0.02 0.028 0.202 0.069 0.005 0.017 0.048
84 V 0.05 0.039 0.088 0.034 0.012 0.026 0.036 0.034 0.049 0.078 0.105 0.068 0.023 0.048 0.018 0.04 0.039 0.01 0.087 0.117
85 N 0.06 0.046 0.122 0.042 0.011 0.029 0.041 0.043 0.02 0.049 0.117 0.092 0.021 0.032 0.019 0.052 0.062 0.057 0.03 0.054
86 L 0.054 0.022 0.015 0.017 0.016 0.016 0.021 0.023 0.01 0.17 0.246 0.026 0.06 0.045 0.015 0.028 0.038 0.006 0.021 0.154
87 L 0.106 0.026 0.024 0.024 0.016 0.019 0.028 0.038 0.013 0.077 0.133 0.032 0.026 0.126 0.019 0.054 0.103 0.008 0.035 0.093
88 G 0.066 0.028 0.109 0.069 0.01 0.022 0.034 0.382 0.017 0.019 0.028 0.038 0.01 0.016 0.019 0.058 0.034 0.005 0.012 0.024
89 G 0.105 0.029 0.042 0.075 0.014 0.024 0.04 0.238 0.015 0.03 0.04 0.041 0.013 0.018 0.023 0.102 0.091 0.005 0.014 0.041
90 P 0.047 0.025 0.021 0.022 0.01 0.02 0.029 0.028 0.029 0.047 0.06 0.033 0.016 0.074 0.203 0.035 0.032 0.016 0.189 0.065
91 F 0.038 0.024 0.019 0.024 0.01 0.019 0.052 0.025 0.024 0.06 0.091 0.028 0.021 0.222 0.013 0.029 0.027 0.067 0.144 0.062
92 F 0.036 0.02 0.015 0.016 0.012 0.012 0.019 0.023 0.014 0.083 0.22 0.021 0.033 0.272 0.012 0.024 0.027 0.012 0.06 0.069
93 I 0.051 0.019 0.014 0.016 0.016 0.014 0.019 0.021 0.008 0.221 0.198 0.024 0.036 0.042 0.014 0.026 0.04 0.006 0.02 0.193
94 F 0.032 0.018 0.016 0.016 0.01 0.01 0.018 0.024 0.016 0.061 0.109 0.018 0.024 0.413 0.01 0.024 0.024 0.016 0.085 0.053
95 I 0.049 0.019 0.014 0.016 0.065 0.014 0.018 0.022 0.009 0.211 0.193 0.023 0.035 0.05 0.014 0.026 0.038 0.006 0.021 0.158
96 I 0.105 0.021 0.017 0.019 0.017 0.016 0.023 0.032 0.01 0.167 0.149 0.027 0.03 0.074 0.017 0.037 0.041 0.007 0.026 0.165
97 F 0.036 0.023 0.019 0.017 0.009 0.016 0.023 0.024 0.033 0.05 0.084 0.025 0.021 0.248 0.013 0.027 0.026 0.022 0.236 0.048
98 A 0.27 0.027 0.025 0.028 0.068 0.023 0.035 0.116 0.013 0.039 0.054 0.039 0.016 0.02 0.026 0.074 0.045 0.005 0.016 0.06
99 L 0.086 0.023 0.018 0.019 0.015 0.016 0.023 0.081 0.012 0.081 0.226 0.026 0.032 0.133 0.016 0.035 0.033 0.009 0.035 0.082
100 L 0.047 0.02 0.014 0.016 0.016 0.014 0.019 0.02 0.009 0.212 0.247 0.023 0.039 0.045 0.014 0.025 0.037 0.006 0.02 0.157
101 A 0.204 0.032 0.037 0.036 0.018 0.027 0.042 0.127 0.016 0.033 0.046 0.045 0.015 0.02 0.027 0.146 0.058 0.005 0.016 0.05
102 I 0.047 0.019 0.014 0.016 0.015 0.013 0.018 0.021 0.009 0.222 0.192 0.023 0.035 0.08 0.014 0.025 0.037 0.007 0.027 0.165
103 Y 0.049 0.027 0.026 0.023 0.011 0.021 0.029 0.03 0.039 0.048 0.087 0.032 0.02 0.154 0.017 0.061 0.058 0.019 0.2 0.05
104 F 0.039 0.022 0.017 0.016 0.06 0.015 0.021 0.024 0.023 0.063 0.15 0.023 0.026 0.215 0.013 0.027 0.028 0.016 0.144 0.058
105 K 0.055 0.102 0.04 0.04 0.008 0.051 0.068 0.041 0.02 0.026 0.041 0.309 0.015 0.015 0.026 0.051 0.038 0.005 0.017 0.031
106 V 0.12 0.025 0.02 0.021 0.016 0.019 0.027 0.037 0.018 0.123 0.127 0.031 0.026 0.052 0.019 0.052 0.041 0.01 0.084 0.131
107 K 0.051 0.082 0.094 0.045 0.009 0.043 0.059 0.044 0.021 0.029 0.046 0.229 0.015 0.055 0.024 0.055 0.039 0.006 0.023 0.033
108 F 0.069 0.022 0.018 0.018 0.013 0.016 0.023 0.028 0.021 0.109 0.103 0.025 0.024 0.183 0.015 0.032 0.033 0.015 0.131 0.102
109 I 0.045 0.017 0.014 0.017 0.016 0.013 0.017 0.02 0.008 0.302 0.161 0.023 0.035 0.042 0.014 0.024 0.038 0.006 0.02 0.169
110 K 0.049 0.121 0.067 0.045 0.009 0.084 0.088 0.038 0.022 0.054 0.062 0.146 0.018 0.019 0.022 0.048 0.038 0.005 0.017 0.046
111 K 0.048 0.089 0.035 0.07 0.009 0.056 0.055 0.035 0.026 0.038 0.083 0.13 0.019 0.047 0.021 0.048 0.041 0.011 0.099 0.041
112 W 0.048 0.026 0.055 0.028 0.019 0.019 0.029 0.036 0.019 0.063 0.071 0.03 0.019 0.123 0.015 0.071 0.038 0.162 0.078 0.051
113 S 0.105 0.038 0.052 0.047 0.017 0.032 0.05 0.063 0.018 0.028 0.04 0.052 0.015 0.02 0.028 0.253 0.078 0.005 0.017 0.04
114 P 0.051 0.027 0.025 0.029 0.01 0.022 0.036 0.034 0.053 0.026 0.038 0.039 0.011 0.025 0.416 0.041 0.033 0.005 0.05 0.03
115 Y 0.04 0.024 0.019 0.017 0.01 0.017 0.024 0.024 0.032 0.059 0.085 0.026 0.021 0.203 0.014 0.028 0.028 0.021 0.236 0.073
116 L 0.046 0.022 0.017 0.02 0.013 0.016 0.023 0.025 0.011 0.118 0.214 0.028 0.031 0.074 0.164 0.029 0.033 0.006 0.025 0.085
117 L 0.046 0.024 0.016 0.016 0.064 0.018 0.021 0.024 0.012 0.094 0.275 0.026 0.087 0.083 0.014 0.028 0.033 0.008 0.027 0.083
118 L 0.043 0.023 0.014 0.015 0.016 0.016 0.019 0.02 0.01 0.11 0.402 0.024 0.047 0.052 0.014 0.023 0.032 0.007 0.021 0.092
119 S 0.105 0.038 0.052 0.047 0.017 0.032 0.05 0.063 0.018 0.028 0.04 0.052 0.015 0.02 0.028 0.253 0.078 0.005 0.017 0.04
120 L 0.057 0.022 0.015 0.016 0.017 0.016 0.021 0.022 0.009 0.139 0.236 0.025 0.037 0.041 0.015 0.028 0.041 0.006 0.02 0.217
121 L 0.043 0.022 0.014 0.015 0.016 0.015 0.019 0.02 0.009 0.149 0.354 0.024 0.045 0.05 0.014 0.023 0.033 0.007 0.021 0.107
122 V 0.06 0.021 0.015 0.016 0.018 0.016 0.021 0.023 0.008 0.149 0.195 0.025 0.035 0.039 0.015 0.029 0.043 0.006 0.02 0.245
123 Y 0.038 0.026 0.02 0.017 0.01 0.019 0.025 0.024 0.038 0.05 0.104 0.028 0.021 0.147 0.014 0.029 0.027 0.024 0.288 0.05
124 Y 0.037 0.024 0.019 0.017 0.009 0.018 0.024 0.024 0.036 0.047 0.079 0.026 0.02 0.212 0.013 0.028 0.026 0.024 0.269 0.047
125 S 0.105 0.038 0.052 0.047 0.017 0.032 0.05 0.063 0.018 0.028 0.04 0.052 0.015 0.02 0.028 0.253 0.078 0.005 0.017 0.04
126 N 0.041 0.043 0.346 0.08 0.009 0.032 0.047 0.062 0.03 0.022 0.03 0.052 0.011 0.017 0.019 0.067 0.047 0.004 0.015 0.026
127 V 0.06 0.024 0.024 0.024 0.016 0.018 0.026 0.031 0.012 0.133 0.108 0.03 0.026 0.108 0.018 0.062 0.09 0.008 0.032 0.152
128 Y 0.036 0.023 0.019 0.017 0.009 0.017 0.023 0.024 0.033 0.049 0.083 0.025 0.02 0.24 0.013 0.028 0.026 0.023 0.242 0.048
129 L 0.039 0.021 0.015 0.015 0.013 0.013 0.019 0.022 0.012 0.097 0.277 0.022 0.038 0.196 0.012 0.024 0.029 0.011 0.047 0.079
130 L 0.045 0.023 0.014 0.015 0.016 0.016 0.02 0.021 0.009 0.115 0.375 0.024 0.046 0.051 0.014 0.024 0.033 0.007 0.021 0.113
131 H 0.043 0.049 0.049 0.038 0.008 0.079 0.061 0.037 0.312 0.023 0.038 0.053 0.016 0.026 0.019 0.043 0.028 0.007 0.048 0.024
132 E 0.047 0.04 0.05 0.221 0.007 0.048 0.231 0.038 0.022 0.021 0.032 0.06 0.011 0.015 0.023 0.052 0.035 0.005 0.014 0.027
133 L 0.047 0.028 0.018 0.018 0.015 0.024 0.025 0.026 0.015 0.094 0.209 0.032 0.16 0.084 0.015 0.032 0.036 0.008 0.029 0.085
134 T 0.07 0.034 0.042 0.036 0.017 0.026 0.038 0.042 0.013 0.051 0.062 0.043 0.019 0.023 0.026 0.089 0.279 0.006 0.017 0.068
135 Q 0.053 0.07 0.042 0.045 0.008 0.249 0.098 0.039 0.028 0.025 0.045 0.087 0.02 0.014 0.022 0.053 0.039 0.006 0.02 0.034
136 I 0.045 0.017 0.014 0.017 0.016 0.013 0.017 0.02 0.008 0.302 0.161 0.023 0.035 0.042 0.014 0.024 0.038 0.006 0.02 0.169
137 R 0.043 0.373 0.037 0.03 0.007 0.046 0.05 0.031 0.022 0.022 0.044 0.115 0.015 0.017 0.019 0.043 0.033 0.006 0.017 0.03
138 I 0.132 0.022 0.018 0.02 0.018 0.017 0.025 0.037 0.01 0.195 0.122 0.029 0.029 0.034 0.019 0.043 0.043 0.005 0.019 0.164
139 G 0.124 0.023 0.035 0.031 0.012 0.019 0.027 0.44 0.013 0.023 0.033 0.034 0.011 0.017 0.02 0.056 0.032 0.005 0.012 0.032
140 V 0.091 0.023 0.016 0.018 0.018 0.017 0.023 0.029 0.009 0.129 0.2 0.027 0.034 0.038 0.017 0.035 0.043 0.006 0.02 0.209
141 A 0.296 0.029 0.026 0.029 0.02 0.024 0.037 0.121 0.014 0.039 0.054 0.042 0.016 0.02 0.027 0.078 0.046 0.005 0.016 0.062
142 G 0.088 0.03 0.04 0.036 0.015 0.024 0.037 0.196 0.015 0.051 0.053 0.041 0.016 0.021 0.023 0.148 0.057 0.005 0.015 0.087
143 A 0.241 0.028 0.028 0.03 0.018 0.023 0.036 0.125 0.014 0.063 0.062 0.04 0.017 0.022 0.026 0.089 0.047 0.005 0.016 0.068
144 I 0.045 0.018 0.014 0.017 0.016 0.013 0.017 0.02 0.009 0.283 0.185 0.023 0.036 0.043 0.014 0.024 0.037 0.006 0.02 0.161
145 G 0.1 0.024 0.031 0.029 0.063 0.019 0.027 0.287 0.012 0.052 0.054 0.032 0.015 0.021 0.019 0.068 0.04 0.005 0.014 0.088
146 F 0.037 0.019 0.016 0.016 0.061 0.011 0.018 0.024 0.014 0.069 0.163 0.02 0.028 0.302 0.011 0.026 0.027 0.013 0.065 0.061
147 Y 0.037 0.024 0.019 0.017 0.01 0.017 0.023 0.024 0.032 0.055 0.113 0.025 0.023 0.212 0.013 0.027 0.027 0.021 0.229 0.052
148 S 0.164 0.036 0.044 0.042 0.018 0.03 0.047 0.067 0.017 0.032 0.045 0.049 0.015 0.02 0.028 0.206 0.07 0.005 0.017 0.047
149 L 0.048 0.023 0.014 0.015 0.016 0.015 0.02 0.021 0.009 0.125 0.341 0.024 0.044 0.048 0.014 0.025 0.035 0.006 0.021 0.136
150 L 0.044 0.024 0.014 0.015 0.016 0.016 0.02 0.021 0.01 0.114 0.383 0.025 0.049 0.054 0.014 0.024 0.033 0.007 0.022 0.095
151 K 0.061 0.079 0.041 0.041 0.01 0.102 0.071 0.043 0.021 0.03 0.05 0.189 0.017 0.017 0.025 0.075 0.066 0.005 0.018 0.038
152 Y 0.037 0.027 0.023 0.019 0.009 0.02 0.027 0.025 0.072 0.044 0.072 0.029 0.019 0.18 0.014 0.03 0.026 0.022 0.259 0.044
153 L 0.099 0.024 0.016 0.018 0.017 0.017 0.023 0.031 0.01 0.121 0.303 0.028 0.04 0.045 0.017 0.035 0.036 0.006 0.02 0.096
154 I 0.054 0.035 0.02 0.022 0.015 0.021 0.029 0.025 0.011 0.2 0.125 0.081 0.03 0.034 0.017 0.032 0.041 0.005 0.019 0.184
155 E 0.078 0.079 0.098 0.1 0.011 0.039 0.101 0.047 0.021 0.03 0.042 0.088 0.014 0.018 0.024 0.064 0.087 0.005 0.016 0.04
156 G 0.082 0.052 0.109 0.085 0.01 0.034 0.057 0.172 0.02 0.025 0.036 0.118 0.012 0.016 0.022 0.058 0.042 0.005 0.014 0.031
157 N 0.046 0.073 0.196 0.078 0.008 0.043 0.109 0.05 0.026 0.023 0.034 0.114 0.012 0.016 0.022 0.059 0.042 0.005 0.016 0.028
158 K 0.055 0.09 0.066 0.039 0.01 0.061 0.058 0.039 0.02 0.076 0.063 0.195 0.019 0.02 0.023 0.048 0.039 0.005 0.017 0.057
159 K 0.049 0.131 0.071 0.036 0.01 0.038 0.047 0.037 0.019 0.058 0.105 0.143 0.046 0.025 0.02 0.05 0.039 0.006 0.018 0.052
160 K 0.09 0.083 0.04 0.041 0.011 0.045 0.066 0.049 0.019 0.028 0.043 0.231 0.015 0.016 0.027 0.091 0.046 0.005 0.017 0.036
161 F 0.035 0.022 0.018 0.017 0.01 0.014 0.022 0.024 0.028 0.053 0.092 0.023 0.022 0.298 0.012 0.027 0.025 0.02 0.19 0.049
162 V 0.05 0.02 0.016 0.017 0.064 0.014 0.02 0.023 0.013 0.139 0.144 0.023 0.029 0.121 0.014 0.028 0.036 0.01 0.065 0.154
163 L 0.051 0.023 0.017 0.017 0.014 0.017 0.022 0.024 0.015 0.139 0.225 0.027 0.065 0.091 0.015 0.029 0.04 0.01 0.06 0.1
164 L 0.043 0.021 0.016 0.016 0.111 0.015 0.02 0.025 0.018 0.086 0.157 0.024 0.031 0.107 0.013 0.028 0.03 0.063 0.105 0.07
165 I 0.053 0.018 0.015 0.017 0.017 0.014 0.019 0.021 0.008 0.248 0.147 0.023 0.033 0.039 0.015 0.027 0.042 0.006 0.02 0.218
166 L 0.046 0.021 0.018 0.018 0.013 0.014 0.02 0.074 0.012 0.107 0.197 0.023 0.032 0.174 0.013 0.031 0.032 0.01 0.043 0.102
167 L 0.08 0.021 0.016 0.018 0.016 0.015 0.021 0.028 0.01 0.17 0.211 0.025 0.035 0.079 0.016 0.032 0.037 0.007 0.026 0.138
168 A 0.304 0.03 0.026 0.029 0.02 0.025 0.039 0.086 0.014 0.04 0.055 0.043 0.016 0.021 0.028 0.089 0.049 0.005 0.017 0.063
169 S 0.084 0.033 0.038 0.035 0.065 0.027 0.038 0.047 0.015 0.05 0.081 0.043 0.057 0.026 0.024 0.143 0.11 0.006 0.018 0.059
170 L 0.062 0.028 0.029 0.027 0.065 0.021 0.029 0.034 0.012 0.091 0.172 0.034 0.028 0.033 0.02 0.074 0.136 0.006 0.018 0.081
171 F 0.034 0.018 0.016 0.016 0.011 0.01 0.018 0.024 0.015 0.085 0.114 0.019 0.025 0.376 0.011 0.024 0.026 0.015 0.078 0.064
172 H 0.04 0.044 0.051 0.037 0.007 0.037 0.051 0.037 0.383 0.022 0.037 0.044 0.015 0.029 0.018 0.04 0.026 0.007 0.055 0.022
173 F 0.038 0.02 0.017 0.017 0.011 0.014 0.02 0.023 0.022 0.128 0.112 0.023 0.026 0.216 0.013 0.026 0.029 0.016 0.144 0.085
174 S 0.095 0.037 0.049 0.044 0.017 0.03 0.046 0.057 0.017 0.035 0.047 0.049 0.016 0.021 0.028 0.204 0.139 0.005 0.017 0.048
175 A 0.156 0.031 0.024 0.025 0.018 0.026 0.033 0.047 0.015 0.07 0.129 0.038 0.103 0.034 0.022 0.059 0.07 0.006 0.02 0.077
176 L 0.078 0.022 0.015 0.017 0.066 0.016 0.021 0.028 0.009 0.136 0.235 0.025 0.035 0.04 0.016 0.033 0.038 0.006 0.019 0.144
177 L 0.08 0.022 0.016 0.017 0.017 0.016 0.022 0.027 0.009 0.168 0.21 0.026 0.035 0.04 0.016 0.032 0.04 0.006 0.02 0.182
178 F 0.035 0.02 0.016 0.016 0.011 0.012 0.019 0.024 0.015 0.069 0.146 0.02 0.044 0.34 0.011 0.025 0.026 0.014 0.072 0.06
179 L 0.039 0.021 0.015 0.015 0.013 0.013 0.019 0.022 0.012 0.091 0.29 0.022 0.039 0.191 0.012 0.024 0.029 0.01 0.046 0.077
180 I 0.046 0.019 0.015 0.017 0.015 0.013 0.018 0.021 0.01 0.207 0.168 0.022 0.033 0.116 0.014 0.025 0.036 0.008 0.033 0.163
181 L 0.142 0.026 0.021 0.022 0.017 0.019 0.028 0.042 0.012 0.086 0.178 0.032 0.029 0.072 0.02 0.061 0.043 0.007 0.026 0.117
182 L 0.046 0.024 0.016 0.019 0.014 0.017 0.024 0.025 0.01 0.085 0.292 0.029 0.036 0.04 0.164 0.029 0.033 0.006 0.019 0.073
183 L 0.096 0.034 0.052 0.027 0.015 0.022 0.031 0.037 0.014 0.1 0.229 0.059 0.037 0.038 0.018 0.042 0.038 0.006 0.019 0.087
184 F 0.043 0.022 0.02 0.019 0.012 0.015 0.022 0.028 0.015 0.071 0.169 0.024 0.045 0.265 0.013 0.048 0.033 0.012 0.059 0.063
185 D 0.043 0.076 0.168 0.169 0.008 0.033 0.06 0.049 0.023 0.022 0.032 0.08 0.011 0.016 0.07 0.055 0.04 0.004 0.014 0.026
186 K 0.088 0.098 0.034 0.032 0.014 0.033 0.044 0.041 0.016 0.054 0.092 0.111 0.021 0.023 0.031 0.076 0.093 0.005 0.017 0.076
187 K 0.049 0.094 0.136 0.088 0.008 0.044 0.057 0.096 0.023 0.023 0.036 0.146 0.013 0.018 0.022 0.054 0.039 0.005 0.02 0.028
188 K 0.067 0.1 0.094 0.04 0.011 0.037 0.049 0.042 0.019 0.058 0.061 0.149 0.018 0.021 0.021 0.05 0.042 0.005 0.017 0.099
189 I 0.049 0.018 0.014 0.017 0.016 0.014 0.018 0.021 0.008 0.254 0.178 0.023 0.035 0.042 0.014 0.025 0.039 0.006 0.02 0.188
190 S 0.095 0.044 0.057 0.046 0.016 0.033 0.051 0.059 0.018 0.03 0.042 0.077 0.015 0.02 0.028 0.212 0.094 0.005 0.017 0.042
191 S 0.07 0.105 0.08 0.043 0.012 0.036 0.049 0.098 0.02 0.03 0.057 0.11 0.016 0.019 0.023 0.118 0.057 0.005 0.016 0.036
192 R 0.047 0.186 0.053 0.036 0.009 0.063 0.057 0.036 0.057 0.032 0.078 0.145 0.018 0.021 0.021 0.045 0.035 0.006 0.021 0.036
193 F 0.038 0.026 0.021 0.024 0.009 0.021 0.054 0.025 0.032 0.047 0.079 0.03 0.02 0.222 0.014 0.03 0.027 0.021 0.216 0.046
194 I 0.049 0.036 0.019 0.021 0.014 0.021 0.028 0.025 0.011 0.194 0.182 0.08 0.033 0.038 0.017 0.03 0.038 0.006 0.019 0.139
195 L 0.044 0.022 0.018 0.018 0.014 0.015 0.021 0.024 0.015 0.13 0.214 0.025 0.034 0.129 0.014 0.031 0.056 0.01 0.066 0.099
196 I 0.046 0.023 0.059 0.027 0.014 0.017 0.024 0.029 0.014 0.178 0.128 0.029 0.045 0.112 0.015 0.044 0.045 0.008 0.032 0.111
197 Y 0.044 0.027 0.023 0.02 0.01 0.021 0.028 0.026 0.038 0.068 0.074 0.031 0.02 0.106 0.016 0.043 0.043 0.023 0.281 0.058
198 F 0.049 0.022 0.021 0.02 0.037 0.016 0.023 0.054 0.015 0.09 0.151 0.026 0.027 0.154 0.014 0.055 0.035 0.061 0.061 0.069
199 L 0.046 0.02 0.015 0.016 0.064 0.015 0.019 0.022 0.01 0.178 0.229 0.024 0.053 0.062 0.014 0.026 0.035 0.007 0.023 0.122
200 L 0.097 0.03 0.032 0.03 0.017 0.023 0.034 0.043 0.013 0.077 0.159 0.038 0.03 0.032 0.022 0.111 0.095 0.006 0.019 0.092
201 L 0.044 0.021 0.014 0.016 0.016 0.015 0.019 0.021 0.009 0.181 0.303 0.024 0.042 0.048 0.014 0.025 0.04 0.006 0.021 0.12
202 I 0.054 0.021 0.021 0.022 0.014 0.015 0.022 0.09 0.012 0.16 0.122 0.026 0.027 0.129 0.015 0.051 0.038 0.008 0.035 0.12
203 G 0.124 0.025 0.026 0.025 0.016 0.019 0.027 0.173 0.012 0.068 0.159 0.033 0.025 0.04 0.02 0.052 0.06 0.006 0.018 0.073
204 A 0.163 0.025 0.022 0.023 0.116 0.02 0.029 0.06 0.012 0.061 0.16 0.033 0.025 0.03 0.021 0.068 0.042 0.005 0.017 0.068
205 Y 0.041 0.025 0.02 0.018 0.067 0.02 0.025 0.025 0.04 0.042 0.065 0.029 0.018 0.113 0.015 0.031 0.028 0.024 0.308 0.046
206 F 0.075 0.02 0.018 0.018 0.104 0.014 0.021 0.043 0.012 0.113 0.137 0.024 0.027 0.147 0.015 0.039 0.035 0.009 0.037 0.094
207 L 0.054 0.024 0.019 0.019 0.106 0.018 0.023 0.028 0.011 0.092 0.27 0.028 0.052 0.042 0.016 0.054 0.039 0.006 0.019 0.081
208 Y 0.048 0.026 0.023 0.021 0.011 0.02 0.027 0.028 0.031 0.094 0.086 0.03 0.022 0.123 0.016 0.058 0.036 0.019 0.211 0.07
209 Y 0.069 0.03 0.022 0.021 0.012 0.042 0.033 0.03 0.031 0.061 0.135 0.035 0.025 0.101 0.017 0.036 0.031 0.017 0.195 0.059
210 F 0.078 0.024 0.019 0.019 0.013 0.017 0.024 0.032 0.017 0.072 0.157 0.027 0.027 0.161 0.015 0.038 0.055 0.062 0.076 0.066
211 N 0.052 0.057 0.193 0.058 0.009 0.035 0.049 0.15 0.024 0.022 0.033 0.125 0.012 0.016 0.021 0.059 0.041 0.005 0.015 0.027
212 I 0.05 0.018 0.015 0.017 0.016 0.013 0.018 0.021 0.008 0.26 0.15 0.023 0.034 0.05 0.014 0.026 0.04 0.006 0.021 0.199
213 N 0.047 0.036 0.217 0.176 0.009 0.03 0.057 0.104 0.024 0.022 0.029 0.047 0.01 0.016 0.02 0.069 0.043 0.004 0.013 0.026
214 L 0.043 0.022 0.016 0.018 0.013 0.015 0.022 0.024 0.011 0.105 0.255 0.026 0.035 0.117 0.101 0.027 0.032 0.008 0.032 0.081
215 L 0.088 0.028 0.025 0.025 0.017 0.021 0.03 0.037 0.012 0.089 0.23 0.034 0.033 0.038 0.02 0.082 0.069 0.006 0.019 0.099
216 T 0.06 0.044 0.113 0.05 0.013 0.031 0.074 0.044 0.019 0.054 0.088 0.048 0.02 0.024 0.022 0.082 0.117 0.005 0.017 0.075
217 L 0.048 0.021 0.014 0.016 0.016 0.014 0.019 0.021 0.01 0.16 0.252 0.023 0.038 0.082 0.014 0.025 0.036 0.007 0.027 0.156
218 L 0.043 0.02 0.014 0.016 0.015 0.014 0.018 0.021 0.01 0.181 0.262 0.023 0.039 0.096 0.013 0.024 0.034 0.008 0.029 0.121
219 K 0.058 0.12 0.076 0.049 0.009 0.054 0.09 0.092 0.022 0.024 0.038 0.151 0.014 0.016 0.023 0.072 0.041 0.005 0.016 0.03
220 Y 0.039 0.032 0.022 0.02 0.009 0.022 0.029 0.026 0.036 0.044 0.073 0.055 0.019 0.177 0.015 0.031 0.027 0.022 0.257 0.045
221 I 0.044 0.018 0.014 0.017 0.015 0.013 0.017 0.02 0.009 0.259 0.18 0.022 0.035 0.08 0.014 0.024 0.036 0.007 0.026 0.15
222 P 0.051 0.029 0.097 0.119 0.009 0.024 0.047 0.092 0.017 0.023 0.031 0.042 0.01 0.014 0.268 0.049 0.036 0.003 0.012 0.027
223 I 0.056 0.019 0.016 0.018 0.017 0.015 0.02 0.023 0.009 0.235 0.142 0.025 0.033 0.038 0.015 0.035 0.043 0.005 0.02 0.217
224 G 0.071 0.028 0.044 0.114 0.011 0.024 0.046 0.194 0.015 0.023 0.032 0.041 0.011 0.016 0.133 0.104 0.045 0.004 0.013 0.029
225 Y 0.044 0.023 0.018 0.017 0.012 0.016 0.022 0.023 0.024 0.102 0.129 0.025 0.026 0.149 0.014 0.028 0.032 0.016 0.164 0.115
226 I 0.05 0.018 0.014 0.017 0.016 0.014 0.018 0.021 0.008 0.257 0.164 0.023 0.035 0.041 0.014 0.026 0.04 0.006 0.02 0.198
227 Q 0.052 0.082 0.072 0.047 0.008 0.182 0.086 0.042 0.027 0.025 0.043 0.129 0.018 0.015 0.023 0.054 0.04 0.005 0.019 0.032
228 E 0.085 0.041 0.098 0.053 0.011 0.057 0.104 0.048 0.028 0.029 0.044 0.054 0.015 0.039 0.023 0.094 0.046 0.009 0.083 0.038
229 K 0.055 0.102 0.04 0.04 0.008 0.051 0.068 0.041 0.02 0.026 0.041 0.309 0.015 0.015 0.026 0.051 0.038 0.005 0.017 0.031
230 F 0.037 0.023 0.018 0.017 0.01 0.016 0.023 0.023 0.029 0.06 0.139 0.025 0.025 0.206 0.013 0.027 0.027 0.02 0.205 0.056
231 L 0.062 0.069 0.092 0.079 0.012 0.049 0.048 0.042 0.019 0.089 0.099 0.052 0.021 0.026 0.02 0.08 0.051 0.005 0.017 0.066
232 L 0.047 0.033 0.033 0.115 0.011 0.051 0.102 0.03 0.016 0.122 0.124 0.044 0.041 0.03 0.019 0.039 0.036 0.005 0.018 0.083
233 Y 0.039 0.027 0.021 0.018 0.009 0.021 0.027 0.024 0.045 0.042 0.066 0.03 0.018 0.125 0.015 0.03 0.027 0.027 0.347 0.045
234 I 0.081 0.078 0.062 0.037 0.013 0.052 0.053 0.041 0.018 0.11 0.079 0.091 0.021 0.025 0.021 0.068 0.05 0.005 0.018 0.077
235 E 0.057 0.043 0.074 0.087 0.01 0.037 0.104 0.042 0.026 0.035 0.057 0.075 0.032 0.041 0.022 0.084 0.043 0.009 0.082 0.04
236 Q 0.058 0.101 0.042 0.043 0.009 0.187 0.086 0.041 0.026 0.025 0.044 0.109 0.018 0.015 0.023 0.072 0.043 0.006 0.019 0.034
237 G 0.081 0.028 0.035 0.031 0.016 0.023 0.033 0.139 0.013 0.072 0.07 0.037 0.02 0.024 0.022 0.094 0.119 0.005 0.016 0.124
238 Q 0.088 0.046 0.094 0.049 0.011 0.096 0.091 0.045 0.023 0.058 0.061 0.064 0.018 0.059 0.021 0.054 0.04 0.006 0.024 0.052
239 G 0.063 0.037 0.105 0.089 0.01 0.052 0.077 0.194 0.02 0.024 0.035 0.05 0.012 0.017 0.022 0.078 0.065 0.005 0.014 0.032
240 G 0.107 0.032 0.134 0.124 0.011 0.026 0.047 0.19 0.019 0.025 0.034 0.043 0.011 0.017 0.021 0.066 0.04 0.005 0.013 0.033
241 D 0.048 0.032 0.043 0.195 0.01 0.033 0.11 0.085 0.017 0.045 0.098 0.044 0.051 0.025 0.02 0.045 0.034 0.005 0.015 0.045
242 F 0.045 0.021 0.017 0.017 0.013 0.015 0.022 0.023 0.021 0.127 0.112 0.024 0.026 0.169 0.014 0.028 0.033 0.015 0.13 0.127
243 V 0.06 0.03 0.026 0.031 0.015 0.045 0.062 0.029 0.013 0.138 0.102 0.039 0.026 0.03 0.019 0.046 0.09 0.005 0.019 0.174
244 P 0.069 0.072 0.066 0.077 0.01 0.035 0.049 0.044 0.018 0.025 0.037 0.078 0.012 0.015 0.232 0.07 0.041 0.004 0.014 0.032
245 V 0.065 0.021 0.016 0.017 0.018 0.015 0.022 0.023 0.008 0.172 0.128 0.025 0.031 0.035 0.016 0.031 0.046 0.005 0.02 0.287
246 N 0.041 0.043 0.346 0.08 0.009 0.032 0.047 0.062 0.03 0.022 0.03 0.052 0.011 0.017 0.019 0.067 0.047 0.004 0.015 0.026
247 V 0.058 0.019 0.015 0.017 0.017 0.014 0.02 0.022 0.008 0.219 0.14 0.024 0.032 0.038 0.015 0.028 0.043 0.005 0.02 0.245
248 F 0.035 0.02 0.018 0.017 0.01 0.013 0.02 0.025 0.022 0.058 0.107 0.021 0.023 0.337 0.012 0.027 0.031 0.018 0.134 0.052
249 S 0.105 0.038 0.052 0.047 0.017 0.032 0.05 0.063 0.018 0.028 0.04 0.052 0.015 0.02 0.028 0.253 0.078 0.005 0.017 0.04
250 V 0.128 0.024 0.02 0.022 0.017 0.018 0.027 0.039 0.011 0.119 0.131 0.031 0.027 0.07 0.019 0.048 0.066 0.007 0.025 0.151
251 L 0.049 0.026 0.02 0.019 0.015 0.019 0.024 0.026 0.013 0.094 0.201 0.029 0.08 0.116 0.015 0.037 0.067 0.009 0.034 0.106
252 Q 0.053 0.07 0.042 0.045 0.008 0.249 0.098 0.039 0.028 0.025 0.045 0.087 0.02 0.014 0.022 0.053 0.039 0.006 0.02 0.034
253 L 0.043 0.022 0.015 0.016 0.015 0.015 0.02 0.021 0.013 0.145 0.302 0.024 0.041 0.066 0.014 0.024 0.033 0.009 0.055 0.108
254 L 0.048 0.022 0.018 0.019 0.015 0.015 0.021 0.025 0.011 0.15 0.235 0.025 0.036 0.118 0.015 0.047 0.037 0.008 0.033 0.102
255 H 0.041 0.119 0.077 0.039 0.007 0.039 0.051 0.038 0.257 0.022 0.038 0.067 0.014 0.025 0.019 0.044 0.03 0.007 0.041 0.024
256 L 0.044 0.02 0.014 0.016 0.016 0.014 0.018 0.02 0.009 0.216 0.269 0.023 0.041 0.047 0.014 0.024 0.035 0.006 0.02 0.134
257 L 0.098 0.022 0.019 0.02 0.027 0.016 0.023 0.059 0.013 0.091 0.176 0.026 0.029 0.162 0.016 0.039 0.039 0.009 0.041 0.076
258 I 0.058 0.018 0.015 0.017 0.065 0.013 0.018 0.023 0.008 0.245 0.142 0.023 0.032 0.038 0.015 0.028 0.04 0.005 0.019 0.178
259 I 0.073 0.024 0.023 0.023 0.017 0.018 0.026 0.031 0.01 0.166 0.158 0.03 0.031 0.036 0.018 0.061 0.08 0.006 0.019 0.151
260 F 0.042 0.02 0.017 0.018 0.013 0.014 0.02 0.04 0.015 0.16 0.157 0.023 0.03 0.161 0.014 0.028 0.042 0.011 0.072 0.103
261 L 0.04 0.021 0.015 0.016 0.013 0.013 0.02 0.023 0.012 0.097 0.233 0.022 0.034 0.202 0.037 0.025 0.03 0.01 0.048 0.086
262 L 0.12 0.028 0.028 0.028 0.017 0.022 0.032 0.044 0.013 0.111 0.148 0.036 0.027 0.032 0.021 0.105 0.052 0.006 0.019 0.111
263 F 0.043 0.023 0.017 0.017 0.013 0.017 0.021 0.024 0.014 0.088 0.179 0.025 0.08 0.211 0.013 0.028 0.032 0.011 0.05 0.094
264 Y 0.082 0.026 0.03 0.023 0.039 0.02 0.028 0.034 0.022 0.1 0.117 0.032 0.024 0.06 0.018 0.063 0.042 0.012 0.117 0.11
265 Y 0.052 0.03 0.061 0.031 0.011 0.023 0.033 0.036 0.062 0.069 0.073 0.035 0.019 0.127 0.017 0.078 0.04 0.014 0.132 0.056
266 S 0.108 0.066 0.037 0.034 0.016 0.028 0.04 0.049 0.019 0.071 0.066 0.049 0.019 0.034 0.023 0.145 0.058 0.007 0.05 0.081
267 R 0.059 0.153 0.05 0.075 0.01 0.04 0.056 0.042 0.023 0.027 0.043 0.132 0.014 0.028 0.023 0.092 0.044 0.007 0.049 0.033
268 K 0.058 0.135 0.041 0.038 0.009 0.044 0.061 0.09 0.056 0.024 0.04 0.186 0.014 0.017 0.023 0.068 0.039 0.005 0.02 0.03
269 F 0.039 0.048 0.092 0.034 0.01 0.023 0.033 0.035 0.019 0.07 0.085 0.073 0.021 0.217 0.015 0.038 0.033 0.011 0.051 0.055
270 K 0.061 0.083 0.053 0.054 0.012 0.043 0.09 0.04 0.019 0.059 0.093 0.107 0.02 0.023 0.023 0.088 0.057 0.005 0.017 0.053
271 L 0.051 0.029 0.087 0.05 0.012 0.025 0.063 0.089 0.02 0.068 0.105 0.036 0.021 0.08 0.017 0.041 0.037 0.009 0.061 0.099
272 D 0.053 0.033 0.118 0.218 0.01 0.028 0.063 0.05 0.02 0.028 0.033 0.046 0.011 0.016 0.095 0.086 0.045 0.004 0.013 0.03
273 E 0.087 0.107 0.039 0.094 0.01 0.044 0.145 0.051 0.027 0.026 0.04 0.095 0.013 0.017 0.051 0.055 0.043 0.005 0.016 0.035
274 K 0.061 0.097 0.04 0.065 0.01 0.042 0.095 0.041 0.019 0.035 0.08 0.148 0.018 0.02 0.038 0.086 0.044 0.005 0.017 0.039
275 L 0.047 0.033 0.025 0.029 0.012 0.033 0.062 0.037 0.019 0.085 0.13 0.05 0.043 0.127 0.017 0.039 0.059 0.011 0.07 0.07
276 V 0.051 0.02 0.016 0.017 0.015 0.015 0.02 0.022 0.013 0.182 0.158 0.024 0.032 0.086 0.014 0.027 0.038 0.009 0.059 0.183
277 L 0.047 0.022 0.017 0.017 0.016 0.016 0.021 0.022 0.01 0.163 0.289 0.026 0.04 0.046 0.015 0.03 0.059 0.006 0.02 0.118
278 L 0.049 0.024 0.018 0.018 0.015 0.018 0.023 0.025 0.012 0.127 0.217 0.027 0.067 0.092 0.015 0.033 0.06 0.008 0.029 0.122
279 L 0.077 0.023 0.017 0.018 0.041 0.017 0.022 0.029 0.01 0.136 0.261 0.027 0.037 0.042 0.016 0.042 0.039 0.006 0.02 0.12
280 K 0.052 0.157 0.039 0.038 0.008 0.05 0.064 0.039 0.02 0.026 0.042 0.27 0.015 0.015 0.025 0.049 0.037 0.005 0.017 0.031
281 L 0.048 0.019 0.014 0.016 0.065 0.014 0.018 0.021 0.009 0.204 0.22 0.023 0.036 0.042 0.014 0.026 0.037 0.006 0.019 0.148
282 Y 0.038 0.026 0.02 0.017 0.01 0.019 0.025 0.024 0.038 0.05 0.104 0.028 0.021 0.147 0.014 0.029 0.027 0.024 0.288 0.05
283 S 0.12 0.035 0.045 0.042 0.017 0.029 0.045 0.06 0.017 0.058 0.054 0.048 0.017 0.022 0.027 0.209 0.076 0.005 0.017 0.056
284 L 0.042 0.022 0.014 0.015 0.015 0.015 0.019 0.021 0.01 0.125 0.349 0.023 0.044 0.087 0.013 0.023 0.032 0.008 0.028 0.096
285 G 0.134 0.038 0.041 0.038 0.015 0.028 0.042 0.204 0.016 0.028 0.04 0.07 0.014 0.018 0.025 0.138 0.053 0.005 0.015 0.039
286 P 0.051 0.023 0.021 0.027 0.01 0.018 0.031 0.032 0.012 0.056 0.055 0.036 0.014 0.055 0.415 0.038 0.034 0.004 0.02 0.046
287 I 0.045 0.018 0.014 0.016 0.016 0.013 0.018 0.02 0.009 0.26 0.208 0.023 0.038 0.044 0.014 0.024 0.037 0.006 0.02 0.157
288 A 0.152 0.03 0.034 0.032 0.152 0.025 0.037 0.055 0.051 0.036 0.051 0.039 0.016 0.021 0.024 0.122 0.052 0.005 0.019 0.05
289 L 0.04 0.023 0.015 0.015 0.013 0.015 0.02 0.022 0.014 0.09 0.304 0.024 0.039 0.096 0.013 0.024 0.03 0.06 0.065 0.077
290 V 0.068 0.021 0.015 0.017 0.017 0.015 0.021 0.024 0.009 0.186 0.188 0.025 0.035 0.04 0.015 0.03 0.041 0.006 0.02 0.208
291 L 0.1 0.058 0.019 0.019 0.016 0.02 0.026 0.033 0.012 0.104 0.216 0.036 0.033 0.076 0.017 0.038 0.037 0.007 0.026 0.107
292 F 0.035 0.02 0.015 0.016 0.012 0.012 0.019 0.023 0.014 0.076 0.197 0.02 0.031 0.305 0.011 0.024 0.027 0.013 0.066 0.064
293 S 0.092 0.035 0.044 0.041 0.016 0.028 0.044 0.055 0.017 0.04 0.083 0.046 0.019 0.063 0.025 0.208 0.068 0.006 0.024 0.047
294 A 0.117 0.031 0.068 0.076 0.015 0.025 0.043 0.053 0.017 0.062 0.062 0.042 0.018 0.061 0.036 0.112 0.074 0.006 0.023 0.059
295 V 0.058 0.024 0.019 0.02 0.016 0.018 0.024 0.027 0.011 0.171 0.171 0.029 0.063 0.04 0.016 0.051 0.044 0.006 0.02 0.172
296 P 0.053 0.025 0.022 0.028 0.01 0.02 0.034 0.034 0.016 0.026 0.038 0.039 0.011 0.024 0.465 0.041 0.034 0.005 0.046 0.031
297 G 0.168 0.025 0.026 0.026 0.016 0.02 0.03 0.196 0.016 0.058 0.062 0.035 0.017 0.032 0.021 0.057 0.04 0.007 0.048 0.098
298 F 0.034 0.019 0.016 0.016 0.011 0.011 0.018 0.024 0.015 0.066 0.142 0.019 0.027 0.372 0.011 0.024 0.025 0.015 0.078 0.057
299 A 0.212 0.034 0.038 0.038 0.019 0.028 0.045 0.069 0.016 0.035 0.049 0.047 0.016 0.02 0.028 0.167 0.063 0.005 0.017 0.053
300 L 0.044 0.021 0.014 0.015 0.016 0.015 0.019 0.02 0.009 0.174 0.321 0.024 0.043 0.049 0.014 0.024 0.034 0.006 0.021 0.118
301 R 0.043 0.372 0.037 0.03 0.007 0.046 0.05 0.032 0.022 0.022 0.045 0.115 0.015 0.017 0.019 0.043 0.033 0.006 0.017 0.03
302 L 0.048 0.022 0.016 0.017 0.015 0.017 0.021 0.023 0.011 0.159 0.216 0.026 0.072 0.086 0.014 0.027 0.037 0.008 0.028 0.14
303 S 0.105 0.038 0.052 0.047 0.017 0.032 0.05 0.064 0.018 0.028 0.04 0.052 0.015 0.02 0.028 0.252 0.079 0.005 0.017 0.04
304 E 0.053 0.048 0.039 0.087 0.007 0.062 0.325 0.034 0.025 0.021 0.035 0.072 0.012 0.016 0.025 0.053 0.035 0.005 0.016 0.03
305 L 0.043 0.022 0.014 0.015 0.015 0.015 0.019 0.021 0.01 0.13 0.364 0.024 0.045 0.065 0.014 0.023 0.032 0.007 0.024 0.099
306 F 0.034 0.019 0.016 0.016 0.011 0.011 0.019 0.024 0.017 0.065 0.139 0.02 0.027 0.356 0.011 0.025 0.025 0.016 0.093 0.057
307 S 0.134 0.035 0.076 0.044 0.016 0.028 0.043 0.115 0.018 0.032 0.044 0.047 0.015 0.02 0.026 0.156 0.085 0.005 0.016 0.045
308 V 0.058 0.02 0.015 0.017 0.017 0.015 0.021 0.023 0.009 0.179 0.131 0.024 0.031 0.078 0.015 0.029 0.043 0.007 0.027 0.243
309 A 0.17 0.027 0.03 0.029 0.071 0.022 0.033 0.163 0.013 0.042 0.086 0.037 0.018 0.023 0.023 0.092 0.046 0.005 0.015 0.054
310 E 0.052 0.048 0.042 0.119 0.007 0.079 0.274 0.035 0.024 0.022 0.035 0.071 0.013 0.016 0.024 0.053 0.036 0.005 0.016 0.03
311 I 0.048 0.017 0.014 0.017 0.016 0.013 0.018 0.02 0.008 0.285 0.157 0.023 0.035 0.041 0.014 0.025 0.039 0.006 0.02 0.184
312 I 0.053 0.019 0.015 0.017 0.017 0.014 0.019 0.021 0.008 0.224 0.174 0.024 0.035 0.04 0.015 0.027 0.041 0.006 0.02 0.211
313 L 0.046 0.022 0.014 0.015 0.016 0.015 0.019 0.021 0.009 0.137 0.344 0.024 0.044 0.049 0.014 0.024 0.034 0.007 0.021 0.124
314 L 0.042 0.023 0.014 0.015 0.015 0.015 0.019 0.021 0.01 0.111 0.38 0.024 0.046 0.072 0.013 0.023 0.032 0.007 0.025 0.092
315 P 0.054 0.025 0.022 0.03 0.01 0.02 0.035 0.035 0.012 0.025 0.035 0.04 0.01 0.012 0.514 0.042 0.035 0.002 0.012 0.03
316 L 0.049 0.027 0.021 0.02 0.013 0.022 0.026 0.028 0.022 0.097 0.136 0.031 0.099 0.116 0.015 0.047 0.037 0.013 0.103 0.079
317 L 0.044 0.021 0.014 0.015 0.069 0.014 0.018 0.022 0.01 0.124 0.298 0.023 0.04 0.087 0.014 0.025 0.032 0.007 0.027 0.094
318 V 0.155 0.024 0.02 0.022 0.018 0.019 0.029 0.043 0.011 0.105 0.093 0.033 0.024 0.027 0.066 0.05 0.046 0.005 0.018 0.192
319 R 0.056 0.122 0.033 0.03 0.011 0.035 0.044 0.036 0.024 0.042 0.098 0.114 0.02 0.046 0.021 0.075 0.047 0.01 0.09 0.045
320 L 0.05 0.086 0.033 0.031 0.011 0.079 0.053 0.034 0.063 0.049 0.121 0.085 0.042 0.039 0.019 0.052 0.037 0.008 0.06 0.049
321 I 0.046 0.017 0.015 0.017 0.123 0.012 0.017 0.023 0.01 0.19 0.128 0.021 0.028 0.119 0.014 0.027 0.034 0.008 0.033 0.118
