#Seq2Logo.py -f /work3/idamei/wzy_ssn/run/1e-50/run/150/MSAs/0024_15.afa -o /work3/idamei/wzy_ssn/run/1e-50/run/150/logos/0024_15.logo
#Position Specific Frequency Matrix
A R N D C Q E G H I L K M F P S T W Y V
0 M 0.049 0.03 0.019 0.019 0.015 0.026 0.026 0.026 0.015 0.095 0.185 0.034 0.209 0.045 0.015 0.034 0.038 0.008 0.023 0.087
1 K 0.064 0.057 0.118 0.051 0.011 0.054 0.065 0.049 0.021 0.044 0.048 0.124 0.016 0.019 0.023 0.104 0.051 0.005 0.017 0.058
2 N 0.048 0.035 0.19 0.053 0.011 0.027 0.038 0.047 0.029 0.058 0.061 0.042 0.017 0.046 0.018 0.052 0.044 0.01 0.086 0.087
3 H 0.047 0.046 0.035 0.03 0.011 0.031 0.042 0.032 0.152 0.125 0.09 0.084 0.024 0.033 0.019 0.037 0.034 0.006 0.034 0.086
4 N 0.043 0.045 0.317 0.083 0.009 0.034 0.049 0.065 0.032 0.022 0.032 0.054 0.011 0.018 0.02 0.07 0.049 0.004 0.016 0.027
5 L 0.052 0.032 0.02 0.02 0.016 0.028 0.028 0.028 0.016 0.1 0.197 0.036 0.161 0.048 0.016 0.036 0.04 0.008 0.024 0.092
6 L 0.045 0.024 0.014 0.015 0.016 0.016 0.02 0.021 0.01 0.115 0.375 0.025 0.05 0.055 0.014 0.024 0.033 0.007 0.022 0.096
7 K 0.057 0.107 0.042 0.042 0.009 0.054 0.071 0.043 0.021 0.028 0.043 0.278 0.016 0.016 0.028 0.054 0.04 0.005 0.017 0.033
8 N 0.041 0.041 0.281 0.073 0.009 0.03 0.045 0.059 0.029 0.028 0.043 0.048 0.013 0.072 0.019 0.063 0.045 0.006 0.026 0.031
9 I 0.061 0.043 0.037 0.034 0.013 0.059 0.048 0.038 0.07 0.11 0.083 0.065 0.023 0.028 0.022 0.077 0.078 0.006 0.025 0.081
10 L 0.038 0.02 0.015 0.016 0.013 0.013 0.019 0.022 0.015 0.124 0.215 0.022 0.033 0.199 0.012 0.024 0.029 0.012 0.072 0.087
11 L 0.051 0.064 0.026 0.026 0.013 0.028 0.037 0.03 0.013 0.122 0.156 0.119 0.028 0.031 0.019 0.042 0.071 0.006 0.018 0.1
12 V 0.054 0.021 0.039 0.021 0.016 0.016 0.022 0.024 0.01 0.2 0.154 0.026 0.032 0.037 0.015 0.03 0.042 0.005 0.019 0.218
13 R 0.047 0.199 0.095 0.042 0.008 0.045 0.056 0.041 0.022 0.024 0.04 0.192 0.014 0.016 0.022 0.05 0.037 0.005 0.016 0.029
14 K 0.05 0.126 0.034 0.033 0.009 0.043 0.056 0.036 0.02 0.038 0.078 0.234 0.018 0.026 0.023 0.045 0.036 0.007 0.041 0.047
15 D 0.05 0.062 0.108 0.155 0.009 0.038 0.131 0.043 0.021 0.03 0.061 0.056 0.014 0.019 0.022 0.069 0.058 0.005 0.015 0.035
16 L 0.084 0.034 0.032 0.03 0.015 0.024 0.036 0.042 0.016 0.056 0.118 0.056 0.023 0.104 0.021 0.109 0.086 0.008 0.042 0.065
17 L 0.05 0.023 0.017 0.018 0.016 0.016 0.021 0.023 0.01 0.14 0.292 0.026 0.039 0.044 0.015 0.037 0.055 0.006 0.02 0.131
18 L 0.043 0.022 0.04 0.021 0.013 0.016 0.022 0.025 0.014 0.145 0.204 0.026 0.032 0.074 0.05 0.029 0.034 0.03 0.05 0.11
19 F 0.038 0.021 0.019 0.018 0.01 0.013 0.022 0.027 0.021 0.054 0.095 0.022 0.022 0.34 0.012 0.042 0.028 0.017 0.128 0.05
20 L 0.039 0.022 0.014 0.015 0.013 0.015 0.02 0.022 0.012 0.102 0.271 0.023 0.049 0.118 0.012 0.024 0.03 0.082 0.038 0.08
21 L 0.046 0.021 0.015 0.016 0.015 0.015 0.02 0.022 0.01 0.139 0.268 0.024 0.037 0.084 0.05 0.026 0.034 0.007 0.027 0.127
22 L 0.046 0.019 0.014 0.016 0.015 0.013 0.018 0.021 0.01 0.193 0.213 0.022 0.036 0.097 0.013 0.025 0.036 0.007 0.029 0.156
23 A 0.153 0.031 0.035 0.034 0.018 0.025 0.039 0.055 0.014 0.063 0.065 0.042 0.019 0.023 0.025 0.146 0.078 0.005 0.017 0.111
24 L 0.061 0.025 0.025 0.025 0.016 0.019 0.027 0.032 0.011 0.164 0.184 0.031 0.031 0.037 0.018 0.087 0.064 0.006 0.019 0.119
25 P 0.046 0.021 0.018 0.021 0.012 0.015 0.024 0.027 0.012 0.121 0.138 0.028 0.025 0.119 0.181 0.038 0.034 0.007 0.032 0.08
26 F 0.065 0.021 0.017 0.017 0.014 0.014 0.021 0.027 0.012 0.092 0.166 0.023 0.029 0.208 0.014 0.032 0.042 0.01 0.048 0.126
27 A 0.174 0.03 0.033 0.033 0.018 0.025 0.038 0.057 0.014 0.094 0.071 0.041 0.02 0.025 0.025 0.146 0.058 0.005 0.017 0.076
28 L 0.042 0.021 0.014 0.015 0.032 0.014 0.018 0.021 0.01 0.129 0.319 0.023 0.041 0.102 0.013 0.024 0.031 0.008 0.029 0.095
29 I 0.046 0.019 0.014 0.016 0.016 0.013 0.018 0.02 0.009 0.25 0.212 0.023 0.037 0.043 0.014 0.024 0.037 0.006 0.02 0.165
30 V 0.104 0.023 0.019 0.02 0.018 0.018 0.025 0.032 0.009 0.131 0.109 0.028 0.027 0.031 0.018 0.042 0.064 0.005 0.019 0.258
31 G 0.113 0.024 0.036 0.032 0.012 0.02 0.028 0.438 0.013 0.022 0.032 0.035 0.01 0.016 0.02 0.068 0.034 0.005 0.012 0.03
32 L 0.043 0.029 0.129 0.038 0.012 0.021 0.03 0.038 0.019 0.059 0.15 0.034 0.042 0.147 0.015 0.055 0.038 0.009 0.037 0.054
33 R 0.042 0.384 0.036 0.029 0.007 0.045 0.049 0.031 0.022 0.022 0.044 0.113 0.015 0.016 0.018 0.042 0.033 0.005 0.016 0.029
34 G 0.074 0.022 0.037 0.032 0.01 0.018 0.024 0.54 0.013 0.018 0.027 0.032 0.009 0.015 0.018 0.048 0.028 0.005 0.01 0.023
35 G 0.109 0.031 0.144 0.142 0.011 0.026 0.049 0.168 0.02 0.024 0.034 0.042 0.011 0.017 0.021 0.061 0.039 0.004 0.013 0.033
36 T 0.069 0.033 0.041 0.035 0.017 0.026 0.037 0.041 0.013 0.05 0.061 0.043 0.019 0.022 0.026 0.087 0.292 0.006 0.017 0.067
37 P 0.045 0.131 0.124 0.042 0.009 0.03 0.041 0.04 0.02 0.029 0.062 0.062 0.014 0.018 0.197 0.047 0.037 0.004 0.015 0.032
38 D 0.039 0.028 0.065 0.434 0.007 0.028 0.086 0.044 0.018 0.021 0.026 0.042 0.009 0.014 0.021 0.049 0.033 0.003 0.011 0.023
39 T 0.069 0.033 0.041 0.035 0.017 0.026 0.037 0.041 0.013 0.05 0.061 0.043 0.019 0.022 0.026 0.087 0.292 0.006 0.017 0.067
40 I 0.05 0.034 0.033 0.087 0.011 0.072 0.06 0.033 0.022 0.114 0.08 0.044 0.021 0.059 0.018 0.061 0.039 0.009 0.078 0.074
41 V 0.06 0.029 0.096 0.036 0.015 0.022 0.032 0.037 0.014 0.103 0.085 0.036 0.022 0.027 0.02 0.056 0.127 0.005 0.018 0.161
42 Y 0.038 0.026 0.02 0.018 0.009 0.02 0.026 0.023 0.044 0.041 0.064 0.029 0.018 0.123 0.015 0.029 0.026 0.026 0.359 0.044
43 Y 0.062 0.042 0.025 0.023 0.009 0.027 0.036 0.031 0.037 0.038 0.059 0.092 0.017 0.093 0.018 0.037 0.03 0.02 0.262 0.043
44 N 0.054 0.032 0.098 0.077 0.012 0.026 0.04 0.041 0.024 0.062 0.079 0.039 0.056 0.056 0.019 0.089 0.044 0.01 0.088 0.054
45 V 0.055 0.019 0.015 0.016 0.017 0.014 0.019 0.021 0.008 0.217 0.155 0.023 0.033 0.038 0.015 0.027 0.042 0.005 0.019 0.241
46 F 0.033 0.019 0.017 0.016 0.01 0.012 0.019 0.024 0.021 0.056 0.098 0.02 0.022 0.366 0.011 0.025 0.024 0.018 0.139 0.05
47 K 0.049 0.098 0.082 0.071 0.008 0.044 0.079 0.041 0.02 0.03 0.063 0.218 0.016 0.017 0.023 0.05 0.037 0.005 0.016 0.033
48 N 0.047 0.038 0.198 0.057 0.009 0.031 0.061 0.065 0.054 0.027 0.04 0.046 0.013 0.039 0.019 0.07 0.058 0.009 0.087 0.033
49 I 0.045 0.017 0.014 0.017 0.015 0.013 0.017 0.019 0.008 0.309 0.155 0.022 0.034 0.041 0.014 0.024 0.038 0.005 0.019 0.174
50 D 0.048 0.037 0.079 0.185 0.008 0.037 0.076 0.141 0.02 0.025 0.037 0.07 0.012 0.049 0.02 0.048 0.033 0.007 0.04 0.028
51 S 0.067 0.061 0.114 0.047 0.013 0.046 0.056 0.049 0.021 0.041 0.07 0.053 0.017 0.025 0.022 0.131 0.07 0.006 0.03 0.058
52 Y 0.037 0.023 0.018 0.016 0.01 0.017 0.022 0.023 0.029 0.075 0.139 0.025 0.025 0.176 0.013 0.026 0.027 0.019 0.217 0.061
53 D 0.051 0.03 0.099 0.218 0.009 0.027 0.061 0.046 0.018 0.023 0.03 0.044 0.01 0.015 0.156 0.079 0.041 0.003 0.012 0.027
54 L 0.042 0.022 0.013 0.014 0.015 0.015 0.019 0.02 0.009 0.122 0.399 0.024 0.046 0.05 0.013 0.023 0.032 0.007 0.021 0.095
55 L 0.075 0.033 0.052 0.031 0.014 0.024 0.033 0.073 0.015 0.054 0.13 0.055 0.027 0.056 0.02 0.072 0.114 0.041 0.025 0.058
56 N 0.056 0.04 0.255 0.1 0.01 0.031 0.051 0.06 0.026 0.023 0.032 0.05 0.011 0.017 0.021 0.114 0.053 0.004 0.015 0.029
57 P 0.044 0.022 0.019 0.022 0.01 0.016 0.026 0.028 0.017 0.074 0.073 0.03 0.018 0.133 0.252 0.033 0.031 0.01 0.086 0.055
58 S 0.072 0.043 0.035 0.033 0.014 0.028 0.04 0.076 0.015 0.082 0.077 0.095 0.02 0.026 0.022 0.127 0.052 0.04 0.02 0.086
59 L 0.063 0.037 0.038 0.089 0.012 0.043 0.066 0.106 0.016 0.051 0.118 0.061 0.021 0.025 0.021 0.09 0.06 0.005 0.016 0.064
60 F 0.032 0.018 0.016 0.016 0.01 0.01 0.018 0.024 0.016 0.059 0.107 0.018 0.024 0.427 0.01 0.024 0.024 0.016 0.083 0.051
61 Y 0.038 0.026 0.02 0.017 0.009 0.02 0.026 0.023 0.044 0.041 0.064 0.029 0.017 0.122 0.015 0.029 0.026 0.026 0.362 0.044
62 D 0.089 0.032 0.102 0.119 0.012 0.04 0.048 0.08 0.018 0.06 0.106 0.042 0.019 0.024 0.02 0.071 0.042 0.005 0.016 0.055
63 E 0.072 0.056 0.036 0.057 0.009 0.104 0.186 0.038 0.022 0.032 0.049 0.066 0.016 0.057 0.022 0.064 0.038 0.006 0.024 0.045
64 T 0.073 0.034 0.042 0.036 0.017 0.026 0.038 0.043 0.014 0.047 0.058 0.044 0.018 0.022 0.026 0.111 0.267 0.005 0.017 0.063
65 G 0.068 0.022 0.034 0.03 0.01 0.018 0.024 0.473 0.017 0.021 0.031 0.031 0.01 0.029 0.017 0.045 0.028 0.008 0.057 0.026
66 V 0.054 0.025 0.017 0.018 0.016 0.021 0.024 0.025 0.012 0.116 0.154 0.029 0.128 0.066 0.015 0.032 0.04 0.007 0.025 0.176
67 E 0.052 0.046 0.038 0.084 0.007 0.06 0.343 0.033 0.024 0.021 0.034 0.071 0.012 0.016 0.024 0.052 0.034 0.005 0.016 0.029
68 I 0.048 0.019 0.014 0.016 0.015 0.014 0.019 0.021 0.011 0.226 0.188 0.023 0.034 0.047 0.014 0.025 0.037 0.007 0.042 0.178
69 G 0.073 0.021 0.037 0.031 0.01 0.018 0.024 0.542 0.013 0.018 0.026 0.031 0.009 0.015 0.018 0.048 0.028 0.005 0.01 0.023
70 F 0.031 0.02 0.016 0.015 0.009 0.013 0.02 0.026 0.019 0.044 0.078 0.021 0.019 0.238 0.009 0.023 0.023 0.221 0.113 0.041
71 G 0.091 0.022 0.036 0.031 0.011 0.018 0.025 0.511 0.013 0.019 0.028 0.032 0.009 0.015 0.018 0.05 0.029 0.005 0.011 0.025
72 L 0.038 0.022 0.015 0.015 0.012 0.015 0.02 0.022 0.015 0.12 0.22 0.023 0.032 0.06 0.012 0.023 0.029 0.147 0.078 0.082
73 Y 0.039 0.024 0.019 0.017 0.01 0.019 0.024 0.022 0.034 0.087 0.123 0.027 0.024 0.102 0.014 0.028 0.028 0.021 0.271 0.066
74 S 0.127 0.035 0.065 0.043 0.05 0.029 0.045 0.061 0.017 0.03 0.042 0.047 0.015 0.019 0.026 0.216 0.068 0.005 0.016 0.043
75 K 0.063 0.059 0.028 0.027 0.009 0.032 0.044 0.035 0.022 0.036 0.067 0.166 0.017 0.085 0.019 0.04 0.032 0.08 0.099 0.039
76 L 0.061 0.02 0.015 0.017 0.014 0.014 0.02 0.025 0.01 0.185 0.193 0.024 0.032 0.11 0.048 0.028 0.034 0.007 0.03 0.111
77 I 0.042 0.017 0.014 0.016 0.014 0.012 0.017 0.021 0.01 0.239 0.141 0.021 0.031 0.144 0.013 0.024 0.034 0.008 0.036 0.145
78 S 0.078 0.045 0.064 0.042 0.013 0.046 0.049 0.084 0.021 0.029 0.044 0.085 0.015 0.052 0.024 0.166 0.057 0.007 0.044 0.037
79 L 0.049 0.025 0.043 0.024 0.014 0.018 0.025 0.029 0.017 0.106 0.23 0.029 0.032 0.088 0.015 0.06 0.038 0.01 0.071 0.079
80 F 0.037 0.019 0.015 0.016 0.012 0.011 0.018 0.023 0.013 0.093 0.173 0.02 0.029 0.3 0.011 0.024 0.028 0.013 0.062 0.084
81 S 0.076 0.034 0.069 0.095 0.014 0.028 0.048 0.084 0.017 0.033 0.043 0.045 0.014 0.019 0.025 0.151 0.139 0.005 0.015 0.044
82 N 0.046 0.035 0.136 0.128 0.01 0.043 0.07 0.044 0.021 0.035 0.072 0.044 0.016 0.101 0.019 0.07 0.04 0.007 0.028 0.036
83 S 0.094 0.036 0.052 0.098 0.015 0.031 0.054 0.06 0.018 0.027 0.037 0.049 0.014 0.019 0.027 0.241 0.071 0.005 0.016 0.037
84 P 0.056 0.044 0.053 0.036 0.011 0.025 0.053 0.039 0.042 0.034 0.055 0.05 0.015 0.126 0.154 0.088 0.041 0.007 0.035 0.036
85 V 0.056 0.047 0.023 0.022 0.014 0.018 0.026 0.029 0.013 0.129 0.104 0.033 0.025 0.136 0.016 0.064 0.058 0.008 0.035 0.143
86 V 0.054 0.02 0.017 0.018 0.016 0.015 0.021 0.023 0.011 0.181 0.133 0.025 0.03 0.068 0.015 0.031 0.057 0.007 0.046 0.211
87 L 0.039 0.021 0.014 0.015 0.014 0.014 0.019 0.021 0.011 0.095 0.334 0.022 0.04 0.151 0.012 0.023 0.029 0.009 0.037 0.08
88 F 0.038 0.02 0.018 0.017 0.011 0.012 0.02 0.026 0.015 0.067 0.164 0.021 0.028 0.325 0.012 0.04 0.029 0.013 0.066 0.058
89 T 0.07 0.028 0.031 0.029 0.014 0.021 0.031 0.071 0.014 0.054 0.114 0.034 0.022 0.125 0.02 0.087 0.135 0.008 0.033 0.059
90 I 0.044 0.019 0.014 0.016 0.014 0.013 0.018 0.021 0.01 0.199 0.193 0.022 0.034 0.124 0.013 0.024 0.034 0.008 0.033 0.146
91 F 0.033 0.019 0.016 0.016 0.01 0.011 0.019 0.023 0.019 0.074 0.104 0.02 0.024 0.361 0.011 0.024 0.025 0.016 0.116 0.058
92 S 0.118 0.037 0.049 0.045 0.017 0.031 0.048 0.063 0.018 0.029 0.04 0.05 0.015 0.02 0.028 0.258 0.075 0.005 0.016 0.041
93 F 0.034 0.019 0.015 0.016 0.011 0.011 0.018 0.023 0.014 0.086 0.168 0.019 0.029 0.331 0.011 0.024 0.026 0.013 0.067 0.066
94 L 0.041 0.021 0.014 0.015 0.014 0.014 0.019 0.021 0.011 0.112 0.297 0.022 0.038 0.15 0.013 0.024 0.031 0.009 0.037 0.1
95 T 0.059 0.033 0.101 0.041 0.015 0.025 0.036 0.042 0.016 0.08 0.067 0.041 0.019 0.024 0.023 0.074 0.211 0.005 0.017 0.071
96 F 0.032 0.018 0.016 0.016 0.01 0.01 0.018 0.024 0.016 0.06 0.111 0.018 0.024 0.422 0.01 0.024 0.024 0.016 0.082 0.052
97 L 0.041 0.022 0.017 0.016 0.012 0.016 0.021 0.023 0.022 0.091 0.156 0.024 0.027 0.147 0.013 0.026 0.03 0.049 0.15 0.098
98 F 0.044 0.021 0.02 0.02 0.013 0.014 0.022 0.026 0.013 0.11 0.107 0.024 0.025 0.242 0.014 0.037 0.083 0.011 0.053 0.1
99 I 0.041 0.017 0.014 0.016 0.014 0.012 0.017 0.02 0.01 0.253 0.164 0.021 0.033 0.119 0.013 0.023 0.034 0.008 0.032 0.137
100 Y 0.042 0.045 0.025 0.023 0.009 0.028 0.036 0.028 0.035 0.038 0.061 0.107 0.017 0.114 0.017 0.034 0.029 0.02 0.251 0.041
101 K 0.05 0.152 0.037 0.035 0.008 0.047 0.06 0.037 0.019 0.03 0.066 0.263 0.017 0.017 0.023 0.047 0.036 0.005 0.016 0.034
102 T 0.101 0.027 0.03 0.029 0.017 0.022 0.031 0.04 0.012 0.133 0.09 0.036 0.023 0.028 0.022 0.088 0.139 0.005 0.018 0.109
103 S 0.114 0.035 0.045 0.042 0.063 0.029 0.045 0.06 0.017 0.03 0.042 0.047 0.015 0.02 0.027 0.236 0.071 0.005 0.016 0.042
104 D 0.045 0.135 0.088 0.156 0.008 0.041 0.117 0.04 0.021 0.023 0.036 0.086 0.012 0.016 0.021 0.052 0.053 0.005 0.014 0.029
105 L 0.045 0.039 0.112 0.04 0.012 0.027 0.054 0.035 0.019 0.107 0.142 0.074 0.025 0.036 0.018 0.041 0.038 0.007 0.041 0.09
106 L 0.045 0.02 0.015 0.016 0.014 0.014 0.019 0.022 0.013 0.152 0.204 0.023 0.039 0.125 0.013 0.025 0.034 0.009 0.055 0.142
107 E 0.051 0.074 0.123 0.059 0.009 0.041 0.125 0.109 0.022 0.032 0.039 0.111 0.013 0.017 0.022 0.054 0.046 0.005 0.015 0.033
108 I 0.068 0.02 0.016 0.018 0.016 0.015 0.02 0.025 0.009 0.212 0.211 0.025 0.035 0.041 0.015 0.036 0.039 0.006 0.019 0.154
109 K 0.049 0.078 0.145 0.052 0.008 0.042 0.066 0.046 0.022 0.024 0.036 0.203 0.013 0.015 0.057 0.054 0.04 0.004 0.015 0.029
110 F 0.066 0.026 0.046 0.027 0.011 0.019 0.029 0.035 0.035 0.061 0.075 0.031 0.019 0.18 0.05 0.066 0.036 0.013 0.12 0.052
111 L 0.045 0.022 0.038 0.02 0.014 0.015 0.021 0.024 0.013 0.153 0.207 0.025 0.033 0.098 0.014 0.028 0.035 0.008 0.051 0.137
112 Y 0.04 0.026 0.043 0.023 0.01 0.019 0.027 0.027 0.054 0.054 0.104 0.029 0.021 0.139 0.048 0.032 0.029 0.017 0.192 0.064
113 V 0.068 0.022 0.019 0.02 0.018 0.017 0.025 0.027 0.009 0.138 0.112 0.027 0.028 0.032 0.017 0.05 0.065 0.005 0.019 0.282
114 L 0.046 0.024 0.016 0.016 0.015 0.019 0.022 0.023 0.012 0.118 0.264 0.027 0.104 0.072 0.014 0.028 0.035 0.007 0.025 0.114
115 L 0.049 0.022 0.015 0.016 0.082 0.015 0.02 0.023 0.01 0.099 0.296 0.024 0.037 0.068 0.014 0.034 0.035 0.007 0.023 0.111
116 F 0.045 0.019 0.016 0.016 0.147 0.014 0.019 0.025 0.017 0.088 0.123 0.022 0.024 0.155 0.013 0.029 0.031 0.012 0.103 0.083
117 Y 0.038 0.026 0.02 0.017 0.009 0.02 0.026 0.023 0.044 0.041 0.064 0.029 0.017 0.122 0.015 0.029 0.026 0.026 0.362 0.044
118 L 0.048 0.023 0.016 0.017 0.015 0.016 0.021 0.023 0.01 0.134 0.337 0.025 0.042 0.047 0.014 0.04 0.036 0.006 0.02 0.112
119 P 0.089 0.029 0.032 0.034 0.013 0.024 0.039 0.046 0.014 0.026 0.037 0.043 0.012 0.015 0.327 0.12 0.049 0.003 0.014 0.035
120 S 0.084 0.033 0.042 0.038 0.017 0.027 0.04 0.048 0.015 0.053 0.059 0.044 0.018 0.022 0.025 0.165 0.16 0.005 0.017 0.087
121 G 0.126 0.026 0.037 0.034 0.013 0.022 0.032 0.358 0.014 0.024 0.035 0.038 0.011 0.017 0.022 0.097 0.041 0.005 0.013 0.034
122 F 0.034 0.021 0.018 0.016 0.009 0.014 0.021 0.024 0.027 0.052 0.09 0.022 0.021 0.305 0.012 0.026 0.025 0.02 0.195 0.048
123 F 0.033 0.019 0.017 0.016 0.01 0.012 0.019 0.024 0.021 0.056 0.098 0.02 0.022 0.366 0.011 0.025 0.024 0.018 0.139 0.05
124 L 0.079 0.024 0.017 0.018 0.014 0.017 0.023 0.03 0.014 0.077 0.193 0.027 0.079 0.183 0.014 0.034 0.032 0.01 0.043 0.071
125 L 0.045 0.029 0.063 0.025 0.014 0.024 0.027 0.029 0.017 0.084 0.217 0.033 0.13 0.048 0.015 0.035 0.036 0.008 0.044 0.076
126 Q 0.049 0.062 0.044 0.042 0.008 0.205 0.084 0.038 0.126 0.024 0.042 0.074 0.018 0.018 0.021 0.049 0.035 0.006 0.028 0.03
127 Q 0.052 0.069 0.041 0.044 0.008 0.266 0.096 0.039 0.027 0.025 0.044 0.085 0.019 0.014 0.022 0.052 0.039 0.006 0.019 0.033
128 F 0.032 0.019 0.015 0.015 0.01 0.011 0.018 0.024 0.015 0.062 0.14 0.019 0.025 0.328 0.01 0.023 0.024 0.083 0.072 0.053
129 M 0.069 0.03 0.021 0.02 0.015 0.026 0.028 0.03 0.015 0.087 0.167 0.035 0.189 0.042 0.017 0.04 0.055 0.007 0.022 0.084
130 Q 0.051 0.067 0.042 0.043 0.008 0.251 0.093 0.038 0.052 0.025 0.043 0.082 0.019 0.015 0.022 0.051 0.038 0.006 0.022 0.032
131 I 0.046 0.019 0.015 0.017 0.015 0.015 0.019 0.021 0.01 0.263 0.16 0.025 0.07 0.042 0.014 0.026 0.038 0.006 0.02 0.159
132 R 0.046 0.364 0.037 0.03 0.008 0.044 0.049 0.033 0.022 0.022 0.043 0.108 0.014 0.016 0.019 0.057 0.036 0.005 0.016 0.03
133 Q 0.051 0.066 0.04 0.042 0.008 0.25 0.092 0.037 0.029 0.026 0.045 0.081 0.019 0.021 0.021 0.051 0.038 0.007 0.042 0.034
134 G 0.09 0.023 0.036 0.031 0.011 0.019 0.026 0.477 0.013 0.021 0.031 0.033 0.01 0.016 0.019 0.053 0.047 0.005 0.011 0.028
135 L 0.037 0.022 0.017 0.016 0.012 0.014 0.02 0.023 0.038 0.086 0.238 0.022 0.033 0.225 0.012 0.024 0.028 0.011 0.052 0.07
136 A 0.286 0.03 0.027 0.029 0.019 0.024 0.038 0.068 0.014 0.043 0.077 0.042 0.018 0.022 0.027 0.101 0.05 0.005 0.017 0.063
137 I 0.055 0.02 0.017 0.018 0.016 0.015 0.021 0.023 0.009 0.212 0.151 0.025 0.032 0.037 0.016 0.033 0.066 0.005 0.019 0.211
138 P 0.117 0.026 0.025 0.028 0.048 0.021 0.034 0.044 0.012 0.044 0.072 0.038 0.016 0.019 0.251 0.078 0.046 0.004 0.015 0.063
139 L 0.087 0.022 0.016 0.018 0.016 0.017 0.023 0.029 0.01 0.144 0.216 0.028 0.045 0.038 0.05 0.034 0.038 0.006 0.019 0.143
140 V 0.141 0.023 0.021 0.022 0.018 0.018 0.027 0.073 0.01 0.117 0.095 0.031 0.024 0.028 0.02 0.049 0.061 0.005 0.018 0.2
141 L 0.043 0.02 0.015 0.016 0.014 0.014 0.019 0.021 0.015 0.163 0.181 0.023 0.032 0.13 0.013 0.025 0.033 0.01 0.078 0.133
142 Y 0.039 0.024 0.018 0.017 0.044 0.018 0.023 0.023 0.032 0.054 0.128 0.026 0.023 0.144 0.014 0.028 0.027 0.02 0.245 0.053
143 A 0.201 0.029 0.033 0.032 0.016 0.024 0.037 0.161 0.015 0.034 0.049 0.04 0.015 0.046 0.025 0.12 0.049 0.006 0.02 0.048
144 L 0.087 0.027 0.029 0.028 0.05 0.021 0.031 0.04 0.012 0.108 0.146 0.035 0.026 0.031 0.02 0.115 0.068 0.005 0.018 0.102
145 L 0.106 0.026 0.026 0.026 0.017 0.02 0.031 0.041 0.012 0.112 0.135 0.034 0.026 0.059 0.02 0.103 0.05 0.006 0.023 0.128
146 L 0.045 0.049 0.019 0.018 0.049 0.019 0.024 0.024 0.04 0.088 0.257 0.031 0.034 0.075 0.014 0.028 0.032 0.008 0.051 0.096
147 Y 0.06 0.022 0.017 0.017 0.012 0.016 0.022 0.026 0.023 0.113 0.143 0.025 0.027 0.152 0.014 0.03 0.03 0.015 0.155 0.08
148 L 0.043 0.022 0.015 0.016 0.015 0.015 0.02 0.021 0.012 0.153 0.312 0.024 0.04 0.053 0.014 0.026 0.042 0.008 0.045 0.105
149 L 0.117 0.049 0.031 0.031 0.016 0.03 0.042 0.046 0.015 0.059 0.137 0.099 0.025 0.029 0.025 0.063 0.094 0.006 0.019 0.067
150 N 0.059 0.06 0.16 0.059 0.01 0.04 0.081 0.052 0.023 0.024 0.036 0.14 0.013 0.017 0.024 0.103 0.049 0.005 0.016 0.03
151 G 0.056 0.099 0.073 0.071 0.009 0.036 0.069 0.148 0.019 0.025 0.04 0.122 0.013 0.045 0.021 0.064 0.037 0.006 0.019 0.03
152 K 0.053 0.117 0.099 0.073 0.009 0.054 0.056 0.08 0.021 0.029 0.048 0.133 0.028 0.018 0.021 0.066 0.04 0.005 0.016 0.033
153 K 0.05 0.123 0.083 0.041 0.009 0.043 0.057 0.041 0.047 0.034 0.045 0.212 0.015 0.018 0.023 0.049 0.038 0.005 0.019 0.049
154 L 0.046 0.043 0.025 0.051 0.012 0.022 0.033 0.028 0.031 0.114 0.17 0.056 0.028 0.081 0.016 0.047 0.035 0.009 0.074 0.078
155 L 0.067 0.039 0.022 0.023 0.014 0.023 0.031 0.031 0.013 0.13 0.177 0.09 0.029 0.076 0.018 0.041 0.054 0.007 0.026 0.089
156 P 0.132 0.027 0.021 0.025 0.016 0.021 0.032 0.045 0.013 0.061 0.158 0.037 0.026 0.03 0.18 0.051 0.04 0.005 0.017 0.065
157 S 0.129 0.03 0.037 0.036 0.015 0.025 0.039 0.126 0.015 0.031 0.045 0.042 0.014 0.047 0.096 0.152 0.054 0.005 0.02 0.041
158 L 0.047 0.022 0.017 0.018 0.014 0.016 0.022 0.026 0.012 0.119 0.197 0.025 0.044 0.099 0.014 0.042 0.036 0.081 0.035 0.115
159 L 0.046 0.031 0.018 0.019 0.014 0.027 0.027 0.024 0.012 0.129 0.235 0.057 0.035 0.095 0.015 0.028 0.034 0.007 0.029 0.12
160 F 0.034 0.019 0.017 0.017 0.011 0.011 0.019 0.025 0.017 0.063 0.114 0.019 0.025 0.391 0.011 0.025 0.025 0.017 0.088 0.055
161 L 0.051 0.022 0.015 0.016 0.017 0.015 0.02 0.022 0.009 0.167 0.264 0.025 0.042 0.047 0.015 0.026 0.039 0.006 0.021 0.16
162 F 0.055 0.025 0.025 0.024 0.014 0.018 0.027 0.034 0.016 0.068 0.162 0.029 0.029 0.214 0.016 0.075 0.041 0.011 0.054 0.062
163 L 0.06 0.021 0.015 0.016 0.014 0.014 0.02 0.026 0.012 0.086 0.236 0.023 0.033 0.208 0.013 0.028 0.03 0.01 0.047 0.088
164 F 0.045 0.023 0.02 0.02 0.013 0.016 0.023 0.027 0.016 0.072 0.146 0.025 0.039 0.237 0.014 0.047 0.051 0.012 0.076 0.078
165 L 0.047 0.023 0.017 0.018 0.015 0.016 0.021 0.023 0.011 0.157 0.289 0.026 0.039 0.047 0.015 0.038 0.054 0.007 0.028 0.109
166 L 0.047 0.022 0.017 0.017 0.015 0.015 0.021 0.023 0.01 0.146 0.282 0.025 0.038 0.081 0.014 0.041 0.036 0.007 0.026 0.115
167 A 0.233 0.03 0.033 0.033 0.018 0.025 0.038 0.148 0.015 0.034 0.047 0.042 0.015 0.019 0.026 0.121 0.051 0.005 0.015 0.051
168 L 0.068 0.019 0.015 0.017 0.063 0.014 0.02 0.026 0.01 0.142 0.158 0.023 0.029 0.13 0.014 0.031 0.036 0.008 0.034 0.142
169 F 0.06 0.026 0.028 0.026 0.014 0.019 0.029 0.036 0.015 0.067 0.164 0.031 0.027 0.173 0.017 0.111 0.045 0.009 0.042 0.06
170 F 0.039 0.019 0.017 0.017 0.012 0.012 0.019 0.024 0.013 0.119 0.137 0.021 0.028 0.278 0.012 0.028 0.047 0.012 0.059 0.086
171 H 0.041 0.043 0.05 0.036 0.007 0.036 0.05 0.036 0.385 0.022 0.036 0.043 0.014 0.028 0.018 0.045 0.026 0.007 0.053 0.022
172 Q 0.052 0.06 0.11 0.051 0.009 0.191 0.08 0.044 0.027 0.026 0.042 0.074 0.017 0.015 0.022 0.063 0.059 0.005 0.018 0.034
173 V 0.089 0.031 0.033 0.03 0.017 0.024 0.035 0.041 0.012 0.084 0.079 0.044 0.022 0.026 0.022 0.111 0.121 0.005 0.018 0.156
174 A 0.17 0.028 0.027 0.028 0.018 0.022 0.034 0.05 0.012 0.085 0.078 0.037 0.021 0.025 0.023 0.099 0.07 0.005 0.018 0.146
175 L 0.051 0.023 0.02 0.02 0.014 0.016 0.023 0.063 0.011 0.118 0.228 0.027 0.033 0.096 0.015 0.048 0.054 0.007 0.028 0.102
176 P 0.131 0.025 0.019 0.023 0.015 0.019 0.029 0.04 0.011 0.071 0.163 0.033 0.025 0.029 0.167 0.045 0.039 0.005 0.017 0.094
177 F 0.041 0.02 0.016 0.016 0.013 0.013 0.02 0.022 0.017 0.115 0.155 0.022 0.029 0.212 0.013 0.025 0.031 0.013 0.096 0.111
178 I 0.044 0.018 0.015 0.016 0.014 0.013 0.018 0.021 0.012 0.225 0.158 0.022 0.032 0.103 0.013 0.025 0.035 0.009 0.054 0.151
179 L 0.064 0.021 0.015 0.016 0.015 0.015 0.02 0.024 0.01 0.177 0.261 0.024 0.038 0.072 0.014 0.028 0.035 0.007 0.025 0.122
180 F 0.045 0.019 0.017 0.018 0.013 0.013 0.02 0.024 0.012 0.133 0.118 0.022 0.027 0.229 0.013 0.03 0.051 0.011 0.051 0.134
181 L 0.045 0.024 0.014 0.015 0.016 0.016 0.02 0.021 0.01 0.115 0.375 0.025 0.05 0.055 0.014 0.024 0.033 0.007 0.022 0.096
182 I 0.047 0.018 0.015 0.018 0.016 0.013 0.018 0.021 0.009 0.271 0.168 0.024 0.037 0.044 0.015 0.025 0.04 0.006 0.021 0.177
183 F 0.065 0.021 0.044 0.023 0.049 0.015 0.022 0.105 0.014 0.072 0.122 0.025 0.023 0.204 0.014 0.035 0.03 0.01 0.046 0.06
184 I 0.066 0.026 0.017 0.019 0.014 0.017 0.024 0.027 0.011 0.173 0.153 0.046 0.043 0.111 0.015 0.031 0.036 0.008 0.031 0.131
185 L 0.082 0.032 0.05 0.03 0.015 0.023 0.033 0.039 0.014 0.118 0.129 0.055 0.039 0.06 0.019 0.084 0.055 0.006 0.023 0.093
186 F 0.04 0.056 0.022 0.02 0.01 0.019 0.026 0.027 0.026 0.048 0.082 0.034 0.02 0.242 0.014 0.042 0.041 0.018 0.164 0.047
187 L 0.059 0.032 0.027 0.026 0.014 0.043 0.035 0.057 0.02 0.065 0.205 0.038 0.03 0.053 0.018 0.084 0.042 0.01 0.082 0.062
188 K 0.057 0.107 0.042 0.042 0.009 0.054 0.071 0.043 0.021 0.028 0.043 0.276 0.016 0.016 0.028 0.054 0.04 0.005 0.017 0.033
189 F 0.039 0.025 0.017 0.018 0.012 0.015 0.022 0.023 0.015 0.123 0.18 0.043 0.03 0.203 0.013 0.026 0.03 0.011 0.07 0.083
190 L 0.048 0.02 0.015 0.016 0.014 0.013 0.019 0.022 0.011 0.162 0.194 0.022 0.04 0.151 0.013 0.026 0.034 0.009 0.038 0.134
191 F 0.034 0.019 0.017 0.017 0.011 0.011 0.019 0.025 0.017 0.064 0.114 0.019 0.025 0.385 0.011 0.025 0.025 0.017 0.089 0.055
192 N 0.043 0.1 0.144 0.075 0.009 0.034 0.049 0.042 0.024 0.035 0.081 0.113 0.017 0.043 0.019 0.049 0.038 0.007 0.043 0.036
193 T 0.073 0.036 0.043 0.038 0.018 0.028 0.039 0.043 0.014 0.053 0.065 0.045 0.02 0.024 0.028 0.093 0.246 0.006 0.018 0.071
194 K 0.06 0.088 0.1 0.074 0.009 0.039 0.069 0.08 0.02 0.03 0.064 0.167 0.015 0.018 0.022 0.052 0.038 0.005 0.015 0.034
195 F 0.049 0.041 0.024 0.023 0.012 0.022 0.031 0.03 0.018 0.081 0.132 0.075 0.025 0.147 0.017 0.052 0.054 0.011 0.076 0.08
196 L 0.042 0.026 0.017 0.018 0.012 0.016 0.023 0.024 0.014 0.127 0.188 0.045 0.03 0.147 0.051 0.027 0.031 0.01 0.061 0.089
197 L 0.046 0.043 0.023 0.024 0.011 0.025 0.035 0.029 0.019 0.059 0.161 0.096 0.026 0.102 0.091 0.035 0.032 0.01 0.077 0.055
198 F 0.042 0.025 0.02 0.026 0.012 0.02 0.055 0.026 0.014 0.101 0.138 0.037 0.026 0.186 0.082 0.031 0.031 0.01 0.045 0.074
199 N 0.056 0.042 0.108 0.088 0.011 0.042 0.091 0.09 0.02 0.061 0.052 0.073 0.015 0.02 0.022 0.074 0.065 0.005 0.015 0.05
200 L 0.077 0.05 0.086 0.036 0.014 0.045 0.039 0.049 0.017 0.089 0.132 0.045 0.025 0.029 0.02 0.055 0.093 0.006 0.018 0.077
201 S 0.078 0.052 0.071 0.078 0.013 0.037 0.076 0.053 0.019 0.027 0.038 0.111 0.014 0.018 0.026 0.169 0.065 0.005 0.016 0.035
202 K 0.056 0.043 0.053 0.031 0.012 0.027 0.037 0.073 0.017 0.074 0.094 0.097 0.021 0.062 0.042 0.06 0.058 0.007 0.047 0.088
203 F 0.046 0.042 0.054 0.051 0.01 0.046 0.064 0.053 0.02 0.084 0.096 0.083 0.021 0.107 0.018 0.043 0.034 0.009 0.057 0.061
204 R 0.047 0.161 0.079 0.042 0.008 0.042 0.073 0.038 0.026 0.026 0.043 0.155 0.014 0.032 0.021 0.05 0.036 0.008 0.067 0.032
205 F 0.033 0.018 0.016 0.016 0.01 0.011 0.018 0.024 0.017 0.077 0.108 0.019 0.024 0.371 0.011 0.024 0.025 0.016 0.099 0.06
206 K 0.052 0.097 0.032 0.03 0.011 0.032 0.042 0.035 0.049 0.074 0.069 0.109 0.019 0.078 0.019 0.071 0.039 0.01 0.078 0.056
207 I 0.042 0.045 0.016 0.017 0.013 0.015 0.02 0.022 0.011 0.22 0.127 0.029 0.029 0.07 0.013 0.026 0.038 0.084 0.031 0.131
208 L 0.051 0.035 0.024 0.023 0.051 0.022 0.03 0.03 0.015 0.105 0.154 0.072 0.04 0.084 0.017 0.053 0.056 0.008 0.051 0.078
209 S 0.084 0.032 0.112 0.042 0.052 0.025 0.036 0.048 0.018 0.082 0.097 0.04 0.034 0.027 0.021 0.113 0.052 0.005 0.017 0.065
210 L 0.046 0.02 0.014 0.016 0.015 0.014 0.019 0.021 0.01 0.186 0.21 0.023 0.035 0.073 0.013 0.025 0.035 0.045 0.028 0.154
211 L 0.055 0.024 0.021 0.021 0.016 0.018 0.024 0.028 0.011 0.136 0.251 0.029 0.036 0.047 0.017 0.061 0.06 0.006 0.021 0.12
212 L 0.051 0.022 0.018 0.019 0.015 0.016 0.022 0.044 0.011 0.158 0.191 0.026 0.046 0.097 0.015 0.044 0.038 0.007 0.029 0.132
213 L 0.075 0.022 0.016 0.017 0.015 0.016 0.022 0.028 0.012 0.109 0.23 0.025 0.047 0.134 0.015 0.031 0.034 0.009 0.035 0.109
214 I 0.046 0.018 0.015 0.016 0.015 0.013 0.018 0.021 0.01 0.207 0.158 0.022 0.032 0.126 0.013 0.025 0.036 0.008 0.034 0.166
215 I 0.08 0.023 0.022 0.023 0.016 0.018 0.026 0.032 0.011 0.159 0.128 0.029 0.035 0.073 0.018 0.069 0.054 0.006 0.025 0.153
216 G 0.059 0.023 0.027 0.025 0.013 0.017 0.025 0.158 0.013 0.063 0.1 0.029 0.021 0.144 0.017 0.059 0.073 0.009 0.036 0.088
217 F 0.045 0.02 0.018 0.018 0.014 0.013 0.02 0.024 0.012 0.134 0.117 0.023 0.027 0.219 0.013 0.031 0.056 0.01 0.05 0.136
218 L 0.067 0.02 0.015 0.017 0.016 0.015 0.02 0.025 0.01 0.182 0.222 0.024 0.038 0.071 0.015 0.029 0.037 0.007 0.025 0.147
219 L 0.047 0.021 0.015 0.016 0.015 0.015 0.02 0.022 0.011 0.147 0.211 0.023 0.048 0.123 0.013 0.026 0.035 0.008 0.034 0.152
220 C 0.119 0.024 0.024 0.024 0.165 0.018 0.028 0.044 0.013 0.052 0.071 0.03 0.018 0.111 0.019 0.087 0.044 0.007 0.03 0.072
221 R 0.046 0.277 0.038 0.033 0.008 0.047 0.056 0.035 0.021 0.023 0.043 0.191 0.015 0.016 0.021 0.045 0.035 0.005 0.016 0.03
222 F 0.05 0.021 0.018 0.018 0.013 0.014 0.022 0.027 0.013 0.104 0.157 0.024 0.035 0.221 0.014 0.044 0.035 0.011 0.05 0.109
223 L 0.044 0.019 0.015 0.016 0.014 0.013 0.019 0.022 0.011 0.156 0.181 0.022 0.032 0.17 0.013 0.025 0.034 0.009 0.041 0.144
224 L 0.042 0.021 0.014 0.015 0.014 0.014 0.019 0.021 0.011 0.143 0.289 0.023 0.04 0.12 0.013 0.024 0.032 0.008 0.033 0.105
225 L 0.058 0.027 0.024 0.023 0.015 0.02 0.027 0.031 0.014 0.109 0.216 0.032 0.051 0.046 0.018 0.075 0.062 0.008 0.045 0.1
226 D 0.059 0.055 0.056 0.164 0.011 0.027 0.054 0.08 0.016 0.033 0.039 0.047 0.012 0.017 0.134 0.087 0.043 0.004 0.013 0.05
227 L 0.072 0.021 0.016 0.017 0.015 0.015 0.021 0.026 0.013 0.147 0.216 0.025 0.034 0.105 0.015 0.03 0.034 0.009 0.055 0.115
228 L 0.15 0.026 0.025 0.025 0.016 0.02 0.029 0.158 0.012 0.064 0.16 0.034 0.025 0.03 0.02 0.066 0.04 0.006 0.017 0.08
229 L 0.043 0.02 0.015 0.016 0.014 0.014 0.019 0.022 0.011 0.176 0.204 0.023 0.052 0.129 0.013 0.025 0.034 0.008 0.035 0.127
230 I 0.078 0.029 0.034 0.033 0.017 0.023 0.035 0.043 0.014 0.151 0.105 0.039 0.026 0.032 0.022 0.123 0.061 0.006 0.019 0.109
231 D 0.089 0.03 0.057 0.136 0.013 0.025 0.049 0.124 0.016 0.037 0.047 0.041 0.014 0.049 0.022 0.122 0.049 0.005 0.019 0.056
232 L 0.088 0.025 0.02 0.02 0.014 0.018 0.026 0.033 0.018 0.086 0.177 0.029 0.042 0.125 0.016 0.052 0.036 0.011 0.091 0.073
233 F 0.065 0.028 0.033 0.03 0.014 0.021 0.032 0.041 0.016 0.065 0.079 0.034 0.021 0.183 0.019 0.124 0.085 0.009 0.044 0.058
234 D 0.083 0.037 0.064 0.205 0.011 0.055 0.09 0.051 0.019 0.025 0.035 0.052 0.013 0.016 0.024 0.119 0.049 0.004 0.014 0.033
235 R 0.042 0.383 0.037 0.029 0.007 0.046 0.049 0.031 0.022 0.022 0.044 0.113 0.015 0.016 0.018 0.042 0.033 0.005 0.016 0.029
236 L 0.046 0.021 0.014 0.015 0.016 0.015 0.019 0.02 0.009 0.162 0.311 0.024 0.041 0.047 0.014 0.024 0.035 0.006 0.02 0.141
237 Q 0.063 0.052 0.04 0.052 0.01 0.139 0.139 0.077 0.023 0.034 0.046 0.068 0.017 0.017 0.023 0.082 0.043 0.005 0.017 0.053
238 A 0.143 0.037 0.085 0.046 0.015 0.047 0.067 0.094 0.019 0.032 0.045 0.05 0.015 0.019 0.025 0.109 0.086 0.005 0.016 0.046
239 Y 0.038 0.026 0.021 0.018 0.009 0.021 0.026 0.023 0.044 0.041 0.065 0.029 0.018 0.123 0.015 0.029 0.026 0.026 0.357 0.044
240 S 0.148 0.036 0.046 0.043 0.017 0.03 0.047 0.065 0.017 0.03 0.043 0.049 0.015 0.02 0.028 0.229 0.071 0.005 0.016 0.044
241 N 0.051 0.043 0.128 0.11 0.011 0.049 0.075 0.045 0.021 0.032 0.046 0.069 0.015 0.048 0.022 0.068 0.103 0.006 0.02 0.039
242 S 0.093 0.035 0.044 0.04 0.018 0.028 0.043 0.053 0.016 0.059 0.062 0.046 0.019 0.024 0.026 0.168 0.109 0.005 0.018 0.093
243 T 0.093 0.032 0.045 0.106 0.015 0.027 0.047 0.092 0.015 0.038 0.048 0.043 0.015 0.02 0.025 0.108 0.161 0.005 0.015 0.05
244 D 0.041 0.03 0.069 0.397 0.008 0.03 0.091 0.047 0.019 0.022 0.028 0.045 0.009 0.015 0.022 0.052 0.035 0.004 0.011 0.024
245 D 0.056 0.04 0.107 0.183 0.009 0.056 0.116 0.066 0.022 0.023 0.033 0.055 0.012 0.016 0.023 0.091 0.045 0.004 0.014 0.029
246 Y 0.039 0.026 0.02 0.017 0.009 0.02 0.026 0.023 0.042 0.046 0.091 0.029 0.02 0.118 0.015 0.029 0.027 0.025 0.329 0.048
247 S 0.153 0.037 0.065 0.05 0.016 0.034 0.09 0.061 0.019 0.03 0.043 0.052 0.015 0.019 0.027 0.164 0.06 0.005 0.016 0.044
248 E 0.073 0.046 0.037 0.081 0.008 0.058 0.311 0.036 0.024 0.022 0.036 0.069 0.013 0.016 0.025 0.054 0.036 0.005 0.016 0.032
249 S 0.072 0.047 0.07 0.086 0.012 0.056 0.122 0.049 0.021 0.027 0.039 0.078 0.014 0.018 0.025 0.136 0.072 0.005 0.016 0.036
250 V 0.05 0.13 0.021 0.02 0.014 0.024 0.029 0.024 0.013 0.151 0.141 0.051 0.029 0.033 0.016 0.032 0.038 0.006 0.019 0.159
251 G 0.1 0.028 0.043 0.067 0.013 0.023 0.038 0.317 0.015 0.023 0.033 0.039 0.011 0.017 0.022 0.117 0.045 0.005 0.013 0.031
252 L 0.04 0.02 0.014 0.015 0.014 0.013 0.018 0.021 0.011 0.14 0.259 0.022 0.037 0.163 0.013 0.023 0.031 0.009 0.04 0.097
253 F 0.037 0.019 0.015 0.016 0.012 0.012 0.019 0.023 0.014 0.079 0.174 0.02 0.03 0.305 0.011 0.024 0.028 0.013 0.065 0.084
254 H 0.065 0.09 0.07 0.041 0.011 0.033 0.046 0.122 0.133 0.023 0.037 0.055 0.013 0.021 0.021 0.112 0.045 0.006 0.027 0.029
255 L 0.046 0.023 0.016 0.019 0.014 0.017 0.024 0.025 0.01 0.083 0.294 0.029 0.036 0.04 0.169 0.029 0.032 0.005 0.018 0.072
256 P 0.148 0.027 0.026 0.03 0.015 0.022 0.036 0.049 0.013 0.05 0.056 0.04 0.016 0.019 0.216 0.086 0.047 0.004 0.015 0.085
257 N 0.041 0.042 0.328 0.074 0.009 0.031 0.045 0.059 0.029 0.027 0.042 0.05 0.026 0.019 0.019 0.064 0.046 0.005 0.015 0.03
258 L 0.044 0.019 0.014 0.016 0.015 0.014 0.018 0.02 0.009 0.24 0.245 0.023 0.039 0.045 0.014 0.023 0.036 0.006 0.02 0.141
259 R 0.048 0.251 0.038 0.034 0.008 0.048 0.058 0.036 0.021 0.024 0.043 0.207 0.015 0.016 0.022 0.046 0.035 0.005 0.016 0.03
260 A 0.124 0.028 0.031 0.029 0.015 0.022 0.033 0.085 0.017 0.044 0.065 0.036 0.018 0.12 0.022 0.091 0.099 0.009 0.058 0.054
261 Y 0.044 0.023 0.018 0.017 0.05 0.017 0.022 0.024 0.024 0.073 0.119 0.025 0.038 0.159 0.014 0.029 0.031 0.016 0.163 0.094
262 L 0.066 0.02 0.015 0.017 0.034 0.014 0.02 0.025 0.01 0.17 0.223 0.024 0.035 0.086 0.015 0.029 0.035 0.007 0.027 0.127
263 L 0.052 0.031 0.026 0.04 0.013 0.031 0.119 0.028 0.014 0.107 0.18 0.041 0.029 0.033 0.019 0.043 0.074 0.006 0.018 0.097
264 L 0.04 0.021 0.015 0.015 0.013 0.014 0.019 0.022 0.015 0.089 0.245 0.022 0.035 0.197 0.012 0.025 0.029 0.012 0.071 0.089
265 L 0.065 0.022 0.016 0.017 0.015 0.016 0.021 0.026 0.012 0.123 0.217 0.025 0.06 0.13 0.014 0.03 0.034 0.009 0.035 0.11
266 F 0.044 0.019 0.015 0.016 0.014 0.012 0.019 0.023 0.012 0.144 0.146 0.021 0.03 0.215 0.012 0.026 0.033 0.01 0.049 0.141
267 I 0.062 0.019 0.015 0.017 0.014 0.013 0.019 0.025 0.011 0.181 0.174 0.023 0.032 0.158 0.014 0.028 0.033 0.009 0.039 0.112
268 L 0.045 0.023 0.016 0.016 0.015 0.016 0.021 0.022 0.01 0.105 0.337 0.025 0.042 0.076 0.014 0.029 0.052 0.007 0.025 0.103
269 L 0.039 0.02 0.015 0.016 0.013 0.013 0.019 0.022 0.014 0.134 0.223 0.022 0.034 0.18 0.012 0.024 0.03 0.011 0.068 0.092
270 F 0.035 0.019 0.015 0.016 0.011 0.011 0.018 0.023 0.014 0.087 0.158 0.019 0.028 0.334 0.011 0.024 0.026 0.014 0.069 0.067
271 R 0.102 0.138 0.032 0.029 0.014 0.032 0.04 0.043 0.017 0.058 0.105 0.063 0.055 0.027 0.021 0.095 0.047 0.006 0.018 0.058
272 N 0.061 0.042 0.17 0.054 0.012 0.031 0.046 0.053 0.039 0.036 0.043 0.068 0.014 0.019 0.061 0.106 0.07 0.005 0.017 0.054
273 K 0.052 0.064 0.123 0.062 0.008 0.046 0.129 0.089 0.023 0.023 0.035 0.15 0.012 0.016 0.023 0.055 0.039 0.005 0.015 0.029
274 K 0.057 0.151 0.071 0.041 0.01 0.044 0.056 0.043 0.021 0.028 0.043 0.183 0.015 0.017 0.024 0.075 0.066 0.005 0.016 0.035
275 L 0.046 0.026 0.051 0.06 0.014 0.019 0.029 0.028 0.013 0.121 0.242 0.03 0.05 0.041 0.016 0.034 0.048 0.006 0.019 0.108
276 L 0.045 0.067 0.024 0.023 0.011 0.026 0.033 0.028 0.022 0.076 0.151 0.083 0.026 0.058 0.017 0.036 0.052 0.054 0.106 0.064
277 N 0.05 0.071 0.109 0.077 0.01 0.067 0.075 0.041 0.021 0.074 0.084 0.076 0.019 0.023 0.02 0.064 0.042 0.005 0.017 0.056
278 N 0.041 0.045 0.285 0.13 0.008 0.033 0.054 0.057 0.027 0.022 0.03 0.07 0.011 0.016 0.02 0.062 0.044 0.004 0.014 0.026
279 K 0.056 0.071 0.085 0.046 0.01 0.041 0.076 0.042 0.02 0.057 0.054 0.191 0.017 0.019 0.023 0.066 0.043 0.005 0.017 0.063
280 L 0.044 0.022 0.043 0.023 0.013 0.015 0.023 0.028 0.013 0.143 0.182 0.026 0.031 0.157 0.014 0.045 0.036 0.009 0.039 0.094
281 F 0.037 0.022 0.017 0.016 0.011 0.015 0.021 0.023 0.023 0.085 0.168 0.023 0.028 0.215 0.013 0.025 0.028 0.016 0.148 0.068
282 D 0.052 0.091 0.036 0.12 0.012 0.029 0.049 0.034 0.015 0.11 0.078 0.089 0.02 0.024 0.02 0.056 0.04 0.005 0.016 0.104
283 F 0.043 0.022 0.017 0.016 0.012 0.015 0.021 0.023 0.021 0.085 0.151 0.024 0.028 0.186 0.013 0.027 0.031 0.015 0.133 0.116
284 L 0.041 0.022 0.015 0.016 0.013 0.015 0.02 0.023 0.013 0.092 0.237 0.023 0.061 0.191 0.013 0.026 0.031 0.01 0.045 0.092
285 L 0.067 0.021 0.018 0.018 0.015 0.015 0.022 0.027 0.012 0.138 0.161 0.025 0.03 0.155 0.015 0.034 0.054 0.009 0.039 0.126
286 F 0.04 0.021 0.017 0.017 0.013 0.014 0.02 0.024 0.016 0.095 0.183 0.023 0.044 0.224 0.013 0.028 0.039 0.012 0.076 0.082
287 L 0.048 0.021 0.016 0.017 0.016 0.015 0.02 0.022 0.009 0.181 0.263 0.025 0.039 0.044 0.015 0.029 0.055 0.006 0.02 0.14
288 F 0.038 0.025 0.019 0.019 0.01 0.034 0.027 0.025 0.025 0.073 0.1 0.028 0.037 0.24 0.013 0.029 0.028 0.017 0.153 0.06
289 V 0.109 0.028 0.03 0.029 0.017 0.022 0.033 0.042 0.013 0.091 0.083 0.036 0.022 0.056 0.022 0.09 0.123 0.006 0.023 0.125
290 I 0.05 0.019 0.016 0.018 0.016 0.014 0.019 0.022 0.009 0.251 0.165 0.024 0.034 0.04 0.015 0.03 0.058 0.006 0.019 0.175
291 G 0.133 0.023 0.034 0.031 0.013 0.019 0.027 0.43 0.013 0.023 0.034 0.034 0.011 0.017 0.02 0.056 0.033 0.005 0.012 0.033
292 L 0.048 0.022 0.014 0.015 0.016 0.015 0.02 0.021 0.009 0.135 0.324 0.024 0.042 0.047 0.014 0.025 0.036 0.006 0.021 0.147
293 A 0.181 0.031 0.037 0.035 0.017 0.025 0.038 0.175 0.015 0.032 0.045 0.043 0.014 0.019 0.026 0.129 0.071 0.005 0.015 0.048
294 L 0.064 0.021 0.017 0.018 0.014 0.015 0.021 0.027 0.012 0.131 0.205 0.025 0.033 0.158 0.015 0.033 0.052 0.009 0.039 0.093
295 R 0.041 0.357 0.035 0.028 0.007 0.043 0.047 0.031 0.021 0.022 0.044 0.107 0.015 0.019 0.017 0.041 0.032 0.042 0.02 0.029
296 I 0.069 0.02 0.015 0.017 0.016 0.014 0.02 0.025 0.01 0.181 0.169 0.024 0.032 0.094 0.015 0.03 0.038 0.007 0.029 0.175
297 G 0.133 0.026 0.036 0.033 0.013 0.021 0.031 0.371 0.014 0.024 0.035 0.037 0.011 0.017 0.021 0.086 0.039 0.005 0.012 0.034
298 F 0.032 0.018 0.016 0.016 0.01 0.01 0.018 0.024 0.016 0.06 0.108 0.018 0.024 0.422 0.01 0.024 0.024 0.016 0.084 0.052
299 Y 0.062 0.028 0.03 0.027 0.048 0.022 0.033 0.038 0.028 0.039 0.061 0.035 0.017 0.122 0.019 0.113 0.045 0.016 0.172 0.044
300 D 0.041 0.031 0.061 0.383 0.007 0.033 0.122 0.042 0.019 0.021 0.028 0.046 0.009 0.014 0.022 0.05 0.034 0.004 0.011 0.024
301 F 0.034 0.018 0.016 0.016 0.011 0.01 0.018 0.024 0.015 0.067 0.109 0.018 0.024 0.395 0.01 0.024 0.026 0.015 0.079 0.07
302 A 0.19 0.028 0.022 0.027 0.017 0.023 0.052 0.085 0.013 0.062 0.179 0.037 0.026 0.031 0.022 0.055 0.039 0.006 0.018 0.069
303 I 0.044 0.017 0.014 0.017 0.015 0.013 0.017 0.019 0.008 0.313 0.158 0.022 0.035 0.042 0.014 0.024 0.037 0.006 0.019 0.166
304 L 0.043 0.024 0.014 0.015 0.015 0.017 0.02 0.021 0.01 0.107 0.375 0.026 0.071 0.051 0.014 0.025 0.033 0.007 0.021 0.091
305 S 0.104 0.038 0.051 0.046 0.017 0.031 0.05 0.063 0.018 0.028 0.04 0.051 0.015 0.02 0.028 0.262 0.078 0.005 0.017 0.04
306 G 0.074 0.022 0.037 0.032 0.01 0.018 0.024 0.536 0.013 0.018 0.027 0.032 0.009 0.015 0.018 0.049 0.028 0.005 0.01 0.023
307 R 0.042 0.38 0.037 0.029 0.007 0.046 0.05 0.031 0.022 0.022 0.044 0.114 0.015 0.016 0.018 0.042 0.033 0.005 0.016 0.029
308 L 0.042 0.021 0.014 0.015 0.015 0.014 0.019 0.021 0.01 0.119 0.316 0.023 0.041 0.114 0.013 0.024 0.032 0.008 0.032 0.106
309 S 0.134 0.035 0.045 0.042 0.016 0.029 0.045 0.099 0.017 0.03 0.043 0.048 0.015 0.03 0.027 0.213 0.068 0.005 0.018 0.042
310 T 0.059 0.037 0.159 0.052 0.014 0.028 0.041 0.049 0.019 0.039 0.049 0.046 0.016 0.02 0.024 0.084 0.192 0.005 0.016 0.051
311 A 0.157 0.025 0.02 0.022 0.018 0.019 0.028 0.043 0.011 0.125 0.143 0.032 0.027 0.032 0.02 0.051 0.061 0.005 0.018 0.142
312 F 0.032 0.018 0.016 0.016 0.01 0.01 0.018 0.024 0.017 0.059 0.107 0.018 0.024 0.413 0.01 0.024 0.024 0.016 0.091 0.052
313 L 0.073 0.031 0.035 0.032 0.053 0.024 0.035 0.042 0.013 0.059 0.158 0.038 0.025 0.03 0.022 0.128 0.116 0.006 0.018 0.063
314 F 0.037 0.023 0.018 0.017 0.01 0.016 0.022 0.024 0.028 0.058 0.118 0.025 0.037 0.235 0.013 0.027 0.027 0.019 0.193 0.054
315 V 0.126 0.028 0.029 0.029 0.018 0.022 0.034 0.046 0.013 0.113 0.087 0.037 0.023 0.028 0.022 0.119 0.056 0.005 0.018 0.147
316 E 0.052 0.047 0.038 0.085 0.007 0.061 0.334 0.033 0.024 0.021 0.035 0.071 0.012 0.016 0.024 0.052 0.035 0.005 0.016 0.03
317 I 0.046 0.017 0.014 0.017 0.016 0.013 0.017 0.02 0.008 0.298 0.156 0.023 0.034 0.041 0.014 0.024 0.038 0.006 0.019 0.178
318 F 0.032 0.018 0.016 0.016 0.01 0.01 0.018 0.024 0.017 0.059 0.106 0.018 0.024 0.408 0.01 0.024 0.024 0.016 0.094 0.052
319 L 0.087 0.022 0.015 0.017 0.016 0.016 0.021 0.028 0.01 0.176 0.258 0.026 0.038 0.043 0.016 0.032 0.036 0.006 0.02 0.116
320 L 0.046 0.023 0.015 0.016 0.016 0.017 0.021 0.022 0.01 0.156 0.278 0.026 0.079 0.047 0.014 0.026 0.036 0.007 0.021 0.124
