#Seq2Logo.py -f /work3/idamei/wzy_ssn/run/1e-50/run/150/MSAs/0026_9.afa -o /work3/idamei/wzy_ssn/run/1e-50/run/150/logos/0026_9.logo
#Position Specific Frequency Matrix
A R N D C Q E G H I L K M F P S T W Y V
0 M 0.049 0.03 0.019 0.019 0.015 0.026 0.026 0.026 0.015 0.094 0.183 0.034 0.217 0.045 0.015 0.034 0.037 0.007 0.022 0.086
1 L 0.044 0.036 0.099 0.042 0.011 0.028 0.078 0.033 0.018 0.1 0.154 0.06 0.03 0.064 0.017 0.04 0.036 0.007 0.032 0.071
2 L 0.069 0.038 0.057 0.041 0.012 0.03 0.086 0.037 0.018 0.071 0.122 0.065 0.023 0.066 0.02 0.066 0.068 0.008 0.042 0.062
3 N 0.05 0.057 0.15 0.05 0.011 0.035 0.056 0.045 0.021 0.064 0.057 0.135 0.017 0.02 0.021 0.055 0.064 0.005 0.016 0.07
4 N 0.043 0.045 0.315 0.083 0.009 0.034 0.05 0.065 0.032 0.023 0.032 0.054 0.011 0.018 0.02 0.07 0.05 0.005 0.016 0.027
5 L 0.045 0.024 0.014 0.015 0.016 0.016 0.02 0.021 0.01 0.116 0.373 0.025 0.05 0.055 0.014 0.024 0.034 0.007 0.022 0.097
6 R 0.045 0.343 0.039 0.031 0.008 0.049 0.052 0.033 0.023 0.023 0.047 0.121 0.016 0.017 0.019 0.045 0.035 0.006 0.017 0.031
7 L 0.045 0.024 0.014 0.015 0.016 0.016 0.02 0.021 0.01 0.116 0.373 0.025 0.05 0.055 0.014 0.024 0.034 0.007 0.022 0.097
8 L 0.045 0.024 0.014 0.015 0.016 0.016 0.02 0.021 0.01 0.116 0.373 0.025 0.05 0.055 0.014 0.024 0.034 0.007 0.022 0.097
9 L 0.052 0.032 0.02 0.02 0.016 0.028 0.028 0.028 0.016 0.101 0.197 0.036 0.158 0.048 0.016 0.036 0.04 0.008 0.024 0.093
10 L 0.045 0.024 0.014 0.015 0.016 0.016 0.02 0.021 0.01 0.116 0.373 0.025 0.05 0.055 0.014 0.024 0.034 0.007 0.022 0.097
11 Y 0.041 0.028 0.022 0.019 0.009 0.022 0.028 0.025 0.047 0.044 0.069 0.031 0.019 0.131 0.016 0.031 0.028 0.028 0.316 0.047
12 K 0.05 0.136 0.066 0.039 0.009 0.08 0.06 0.038 0.021 0.034 0.077 0.157 0.018 0.019 0.022 0.051 0.06 0.005 0.017 0.039
13 I 0.053 0.064 0.031 0.033 0.013 0.027 0.061 0.031 0.039 0.121 0.089 0.044 0.023 0.067 0.019 0.057 0.111 0.007 0.027 0.084
14 N 0.084 0.041 0.129 0.047 0.013 0.029 0.042 0.05 0.019 0.059 0.054 0.071 0.016 0.021 0.073 0.083 0.095 0.005 0.016 0.054
15 K 0.062 0.126 0.041 0.047 0.01 0.048 0.105 0.042 0.021 0.025 0.04 0.188 0.014 0.016 0.025 0.091 0.044 0.005 0.016 0.032
16 N 0.063 0.06 0.181 0.06 0.011 0.081 0.059 0.056 0.026 0.024 0.037 0.062 0.014 0.017 0.023 0.119 0.054 0.005 0.017 0.032
17 K 0.083 0.073 0.047 0.045 0.013 0.043 0.061 0.054 0.02 0.028 0.042 0.169 0.015 0.018 0.028 0.14 0.06 0.005 0.017 0.037
18 L 0.051 0.029 0.019 0.02 0.016 0.025 0.026 0.027 0.015 0.129 0.19 0.034 0.146 0.047 0.016 0.034 0.04 0.008 0.023 0.106
19 A 0.174 0.109 0.033 0.034 0.015 0.038 0.052 0.059 0.018 0.034 0.051 0.137 0.016 0.019 0.027 0.067 0.044 0.005 0.017 0.05
20 G 0.078 0.023 0.039 0.033 0.011 0.019 0.025 0.514 0.013 0.019 0.028 0.033 0.009 0.016 0.019 0.051 0.029 0.005 0.011 0.024
21 F 0.034 0.019 0.017 0.017 0.011 0.011 0.019 0.025 0.017 0.063 0.113 0.019 0.025 0.392 0.011 0.025 0.025 0.017 0.088 0.055
22 R 0.059 0.119 0.038 0.045 0.011 0.04 0.108 0.037 0.018 0.061 0.058 0.094 0.017 0.021 0.023 0.078 0.095 0.005 0.017 0.055
23 S 0.103 0.076 0.063 0.078 0.013 0.053 0.056 0.053 0.019 0.03 0.043 0.082 0.015 0.018 0.025 0.135 0.076 0.005 0.016 0.04
24 G 0.091 0.03 0.045 0.04 0.014 0.025 0.038 0.295 0.016 0.023 0.034 0.042 0.012 0.018 0.023 0.148 0.054 0.005 0.014 0.032
25 K 0.063 0.053 0.034 0.033 0.014 0.032 0.044 0.038 0.015 0.09 0.124 0.125 0.025 0.028 0.023 0.081 0.083 0.006 0.018 0.073
26 Y 0.045 0.021 0.017 0.016 0.096 0.015 0.02 0.024 0.021 0.105 0.12 0.024 0.025 0.129 0.014 0.029 0.031 0.014 0.142 0.093
27 L 0.04 0.022 0.016 0.016 0.013 0.015 0.02 0.021 0.019 0.118 0.232 0.024 0.034 0.13 0.013 0.025 0.03 0.013 0.116 0.085
28 L 0.042 0.024 0.02 0.019 0.013 0.016 0.023 0.025 0.018 0.071 0.194 0.026 0.03 0.183 0.015 0.035 0.071 0.013 0.097 0.066
29 L 0.1 0.025 0.022 0.022 0.016 0.018 0.027 0.036 0.012 0.114 0.223 0.031 0.032 0.07 0.018 0.073 0.042 0.007 0.024 0.087
30 L 0.057 0.024 0.023 0.022 0.015 0.018 0.026 0.03 0.012 0.107 0.201 0.029 0.031 0.102 0.017 0.07 0.062 0.007 0.03 0.117
31 L 0.044 0.021 0.014 0.015 0.054 0.015 0.019 0.021 0.009 0.15 0.31 0.024 0.054 0.046 0.014 0.025 0.033 0.006 0.02 0.104
32 F 0.047 0.019 0.018 0.018 0.128 0.013 0.02 0.028 0.013 0.064 0.116 0.022 0.023 0.241 0.013 0.046 0.033 0.011 0.052 0.074
33 C 0.059 0.018 0.018 0.018 0.362 0.013 0.019 0.031 0.009 0.052 0.117 0.022 0.021 0.055 0.016 0.052 0.036 0.005 0.019 0.058
34 A 0.163 0.031 0.036 0.035 0.017 0.026 0.04 0.057 0.015 0.078 0.064 0.043 0.019 0.023 0.026 0.159 0.078 0.005 0.017 0.069
35 F 0.033 0.019 0.017 0.016 0.01 0.012 0.019 0.024 0.02 0.057 0.1 0.02 0.023 0.379 0.011 0.025 0.024 0.017 0.126 0.05
36 F 0.036 0.019 0.015 0.016 0.012 0.012 0.018 0.022 0.013 0.11 0.186 0.02 0.031 0.28 0.011 0.024 0.028 0.012 0.059 0.078
37 S 0.103 0.038 0.051 0.046 0.016 0.031 0.049 0.062 0.018 0.028 0.039 0.051 0.015 0.02 0.028 0.269 0.077 0.005 0.016 0.039
38 I 0.05 0.018 0.014 0.016 0.016 0.013 0.018 0.021 0.009 0.231 0.162 0.023 0.033 0.069 0.014 0.026 0.039 0.006 0.024 0.197
39 N 0.052 0.041 0.24 0.063 0.01 0.032 0.047 0.056 0.083 0.024 0.034 0.049 0.012 0.02 0.021 0.094 0.067 0.005 0.021 0.03
40 D 0.041 0.03 0.069 0.397 0.008 0.03 0.091 0.047 0.019 0.022 0.028 0.045 0.009 0.015 0.022 0.052 0.035 0.004 0.011 0.024
41 F 0.067 0.028 0.036 0.062 0.013 0.022 0.038 0.043 0.019 0.06 0.07 0.036 0.019 0.154 0.02 0.139 0.05 0.01 0.063 0.052
42 L 0.05 0.025 0.019 0.019 0.015 0.018 0.024 0.027 0.011 0.09 0.329 0.028 0.039 0.047 0.015 0.06 0.038 0.046 0.024 0.078
43 P 0.097 0.025 0.023 0.027 0.012 0.02 0.033 0.039 0.012 0.041 0.052 0.037 0.014 0.048 0.331 0.048 0.056 0.004 0.019 0.061
44 I 0.05 0.018 0.014 0.017 0.016 0.013 0.018 0.02 0.008 0.271 0.147 0.023 0.033 0.039 0.014 0.026 0.04 0.005 0.019 0.208
45 N 0.04 0.042 0.36 0.078 0.008 0.032 0.046 0.061 0.03 0.021 0.03 0.051 0.01 0.017 0.019 0.065 0.046 0.004 0.015 0.025
46 P 0.051 0.024 0.021 0.027 0.011 0.019 0.032 0.032 0.012 0.037 0.092 0.036 0.015 0.018 0.446 0.038 0.034 0.003 0.013 0.038
47 V 0.123 0.025 0.023 0.024 0.018 0.019 0.028 0.038 0.01 0.141 0.101 0.032 0.025 0.03 0.02 0.053 0.101 0.005 0.018 0.165
48 Y 0.038 0.026 0.02 0.018 0.009 0.02 0.026 0.023 0.044 0.041 0.064 0.029 0.018 0.123 0.015 0.029 0.026 0.026 0.36 0.044
49 I 0.047 0.018 0.016 0.018 0.078 0.014 0.02 0.023 0.012 0.209 0.118 0.025 0.027 0.05 0.093 0.029 0.035 0.007 0.045 0.118
50 L 0.041 0.023 0.015 0.015 0.014 0.016 0.02 0.021 0.016 0.114 0.293 0.025 0.052 0.09 0.013 0.025 0.031 0.01 0.078 0.088
51 G 0.069 0.022 0.032 0.028 0.012 0.018 0.023 0.421 0.012 0.057 0.056 0.03 0.028 0.021 0.017 0.044 0.031 0.005 0.012 0.061
52 L 0.114 0.021 0.018 0.019 0.118 0.015 0.022 0.049 0.011 0.085 0.136 0.026 0.025 0.121 0.017 0.041 0.035 0.008 0.032 0.089
53 G 0.054 0.02 0.022 0.023 0.012 0.015 0.022 0.183 0.011 0.112 0.107 0.027 0.022 0.088 0.093 0.034 0.032 0.007 0.025 0.089
54 L 0.066 0.022 0.015 0.017 0.053 0.016 0.021 0.026 0.01 0.089 0.299 0.025 0.037 0.072 0.054 0.03 0.033 0.007 0.024 0.083
55 L 0.046 0.019 0.014 0.016 0.015 0.014 0.018 0.02 0.009 0.208 0.227 0.023 0.037 0.073 0.014 0.024 0.036 0.007 0.025 0.157
56 L 0.072 0.023 0.022 0.022 0.05 0.016 0.024 0.069 0.013 0.082 0.176 0.027 0.028 0.146 0.016 0.065 0.037 0.009 0.036 0.068
57 I 0.05 0.02 0.015 0.017 0.065 0.015 0.019 0.022 0.009 0.198 0.197 0.024 0.051 0.041 0.014 0.027 0.038 0.006 0.02 0.152
58 L 0.063 0.024 0.026 0.024 0.015 0.018 0.025 0.129 0.011 0.126 0.153 0.03 0.028 0.033 0.018 0.06 0.065 0.006 0.018 0.128
59 F 0.061 0.021 0.017 0.018 0.013 0.014 0.021 0.027 0.012 0.121 0.173 0.024 0.029 0.179 0.014 0.032 0.049 0.047 0.045 0.084
60 L 0.065 0.029 0.029 0.028 0.015 0.023 0.031 0.073 0.014 0.082 0.148 0.036 0.078 0.062 0.019 0.103 0.065 0.007 0.023 0.071
61 L 0.045 0.036 0.048 0.027 0.012 0.056 0.038 0.029 0.043 0.103 0.162 0.057 0.041 0.09 0.016 0.035 0.035 0.007 0.031 0.089
62 L 0.051 0.021 0.018 0.019 0.014 0.015 0.022 0.025 0.011 0.137 0.176 0.025 0.03 0.12 0.051 0.044 0.038 0.008 0.033 0.142
63 F 0.043 0.022 0.018 0.018 0.048 0.015 0.021 0.026 0.016 0.067 0.167 0.023 0.041 0.239 0.013 0.043 0.031 0.012 0.075 0.061
64 L 0.053 0.023 0.019 0.02 0.016 0.017 0.023 0.026 0.01 0.15 0.236 0.027 0.035 0.059 0.016 0.052 0.058 0.006 0.023 0.132
65 K 0.048 0.181 0.059 0.041 0.008 0.047 0.077 0.038 0.022 0.024 0.041 0.218 0.014 0.018 0.023 0.048 0.036 0.005 0.024 0.03
66 F 0.034 0.019 0.017 0.017 0.011 0.011 0.019 0.025 0.017 0.063 0.114 0.019 0.025 0.39 0.011 0.025 0.025 0.017 0.088 0.055
67 L 0.118 0.033 0.029 0.028 0.015 0.025 0.034 0.111 0.014 0.054 0.121 0.056 0.059 0.028 0.055 0.08 0.059 0.006 0.017 0.059
68 K 0.07 0.157 0.058 0.04 0.01 0.043 0.073 0.04 0.02 0.032 0.046 0.183 0.015 0.017 0.023 0.052 0.055 0.005 0.016 0.047
69 I 0.047 0.018 0.014 0.016 0.015 0.013 0.018 0.02 0.009 0.251 0.164 0.023 0.037 0.066 0.014 0.025 0.038 0.006 0.024 0.181
70 N 0.055 0.049 0.155 0.134 0.01 0.065 0.064 0.052 0.023 0.023 0.034 0.09 0.013 0.016 0.022 0.1 0.047 0.004 0.015 0.029
71 K 0.051 0.095 0.082 0.047 0.008 0.048 0.081 0.042 0.021 0.025 0.038 0.269 0.014 0.015 0.025 0.052 0.038 0.005 0.016 0.03
72 F 0.034 0.019 0.016 0.016 0.011 0.012 0.018 0.023 0.016 0.068 0.166 0.02 0.028 0.333 0.011 0.024 0.025 0.015 0.089 0.058
73 T 0.098 0.039 0.043 0.04 0.016 0.06 0.05 0.051 0.017 0.037 0.049 0.051 0.017 0.02 0.026 0.156 0.158 0.005 0.017 0.051
74 L 0.046 0.022 0.015 0.016 0.048 0.016 0.02 0.022 0.013 0.113 0.255 0.024 0.06 0.083 0.014 0.027 0.034 0.008 0.048 0.116
75 V 0.074 0.022 0.02 0.02 0.014 0.017 0.023 0.095 0.016 0.135 0.104 0.028 0.037 0.05 0.016 0.035 0.037 0.01 0.087 0.161
76 T 0.058 0.028 0.029 0.026 0.014 0.021 0.03 0.034 0.019 0.061 0.116 0.034 0.023 0.101 0.019 0.079 0.125 0.011 0.096 0.076
77 F 0.039 0.018 0.015 0.016 0.012 0.013 0.018 0.022 0.016 0.175 0.123 0.021 0.028 0.207 0.012 0.024 0.03 0.012 0.091 0.107
78 L 0.045 0.02 0.014 0.015 0.049 0.014 0.018 0.021 0.009 0.182 0.268 0.023 0.038 0.052 0.014 0.025 0.035 0.006 0.021 0.133
79 F 0.034 0.02 0.017 0.016 0.01 0.013 0.02 0.024 0.022 0.057 0.102 0.021 0.035 0.335 0.011 0.025 0.025 0.018 0.143 0.052
80 A 0.146 0.027 0.028 0.029 0.015 0.021 0.033 0.049 0.015 0.059 0.071 0.036 0.019 0.14 0.054 0.111 0.047 0.008 0.035 0.057
81 L 0.075 0.027 0.025 0.024 0.015 0.02 0.028 0.034 0.013 0.083 0.179 0.032 0.053 0.086 0.018 0.073 0.091 0.007 0.027 0.089
82 L 0.106 0.023 0.016 0.018 0.016 0.017 0.023 0.032 0.011 0.144 0.227 0.028 0.054 0.066 0.016 0.036 0.036 0.007 0.024 0.1
83 F 0.053 0.022 0.023 0.023 0.013 0.016 0.025 0.031 0.014 0.126 0.105 0.027 0.025 0.211 0.015 0.081 0.04 0.01 0.047 0.095
84 L 0.061 0.024 0.02 0.02 0.048 0.017 0.024 0.029 0.011 0.098 0.275 0.028 0.035 0.066 0.016 0.062 0.055 0.007 0.023 0.081
85 L 0.047 0.021 0.017 0.017 0.015 0.015 0.021 0.024 0.011 0.149 0.246 0.025 0.044 0.102 0.014 0.04 0.036 0.007 0.029 0.12
86 S 0.068 0.03 0.054 0.04 0.111 0.027 0.073 0.043 0.016 0.04 0.084 0.04 0.018 0.079 0.02 0.13 0.049 0.006 0.025 0.046
87 Q 0.046 0.054 0.034 0.036 0.009 0.194 0.073 0.034 0.024 0.035 0.062 0.065 0.02 0.134 0.018 0.044 0.034 0.008 0.038 0.038
88 L 0.074 0.021 0.016 0.017 0.015 0.015 0.022 0.026 0.014 0.136 0.189 0.025 0.031 0.101 0.015 0.031 0.035 0.01 0.072 0.135
89 I 0.045 0.02 0.017 0.022 0.014 0.017 0.04 0.022 0.01 0.235 0.172 0.026 0.032 0.064 0.015 0.029 0.052 0.006 0.023 0.137
90 G 0.107 0.022 0.035 0.031 0.011 0.018 0.026 0.483 0.013 0.02 0.03 0.033 0.01 0.016 0.019 0.052 0.03 0.005 0.011 0.028
91 I 0.049 0.02 0.018 0.019 0.015 0.014 0.02 0.056 0.01 0.219 0.187 0.024 0.033 0.065 0.015 0.041 0.037 0.006 0.023 0.13
92 Y 0.039 0.029 0.064 0.057 0.009 0.024 0.054 0.03 0.075 0.054 0.064 0.034 0.017 0.12 0.016 0.036 0.029 0.016 0.186 0.045
93 Y 0.045 0.024 0.043 0.023 0.011 0.018 0.025 0.061 0.024 0.102 0.127 0.028 0.024 0.116 0.015 0.046 0.033 0.014 0.149 0.071
94 F 0.072 0.039 0.049 0.034 0.012 0.041 0.058 0.037 0.016 0.06 0.072 0.075 0.019 0.113 0.052 0.06 0.056 0.007 0.032 0.096
95 N 0.065 0.052 0.108 0.047 0.012 0.034 0.048 0.049 0.023 0.033 0.046 0.104 0.015 0.031 0.024 0.105 0.1 0.007 0.053 0.042
96 N 0.059 0.049 0.138 0.055 0.01 0.098 0.064 0.051 0.025 0.025 0.038 0.063 0.015 0.016 0.103 0.088 0.049 0.005 0.017 0.032
97 N 0.043 0.045 0.315 0.083 0.009 0.034 0.05 0.065 0.032 0.023 0.032 0.054 0.011 0.018 0.02 0.07 0.05 0.005 0.016 0.027
98 L 0.067 0.033 0.037 0.032 0.016 0.026 0.037 0.039 0.072 0.071 0.121 0.039 0.025 0.031 0.022 0.086 0.119 0.006 0.025 0.097
99 S 0.067 0.037 0.058 0.062 0.014 0.027 0.042 0.043 0.016 0.068 0.091 0.064 0.032 0.051 0.022 0.123 0.084 0.006 0.021 0.073
100 F 0.05 0.024 0.047 0.027 0.012 0.017 0.025 0.129 0.016 0.083 0.101 0.029 0.021 0.149 0.016 0.043 0.082 0.01 0.057 0.063
101 Y 0.042 0.024 0.019 0.018 0.011 0.018 0.024 0.023 0.029 0.099 0.108 0.027 0.023 0.112 0.015 0.031 0.047 0.018 0.224 0.086
102 P 0.055 0.029 0.098 0.092 0.01 0.024 0.042 0.108 0.019 0.024 0.033 0.041 0.011 0.021 0.217 0.069 0.039 0.005 0.035 0.028
103 N 0.069 0.048 0.174 0.066 0.01 0.04 0.125 0.05 0.024 0.025 0.036 0.09 0.012 0.017 0.033 0.07 0.059 0.005 0.015 0.033
104 E 0.055 0.05 0.04 0.09 0.007 0.064 0.296 0.035 0.026 0.022 0.037 0.076 0.013 0.017 0.026 0.055 0.037 0.006 0.017 0.031
105 I 0.047 0.018 0.015 0.018 0.016 0.013 0.018 0.021 0.009 0.271 0.168 0.024 0.037 0.044 0.015 0.025 0.04 0.006 0.021 0.177
106 G 0.099 0.036 0.08 0.073 0.012 0.031 0.09 0.178 0.018 0.032 0.04 0.063 0.013 0.018 0.022 0.083 0.042 0.005 0.014 0.051
107 P 0.054 0.021 0.018 0.022 0.013 0.017 0.026 0.027 0.01 0.125 0.108 0.03 0.022 0.026 0.247 0.033 0.038 0.004 0.016 0.143
108 N 0.065 0.047 0.235 0.056 0.012 0.027 0.039 0.051 0.022 0.054 0.075 0.045 0.017 0.022 0.019 0.06 0.045 0.005 0.016 0.089
109 Y 0.044 0.048 0.021 0.019 0.011 0.021 0.027 0.024 0.032 0.082 0.079 0.034 0.02 0.089 0.015 0.033 0.048 0.019 0.242 0.091
110 L 0.046 0.029 0.018 0.019 0.014 0.033 0.027 0.024 0.012 0.136 0.268 0.047 0.036 0.067 0.015 0.035 0.035 0.007 0.024 0.107
111 S 0.087 0.035 0.046 0.041 0.016 0.029 0.043 0.052 0.016 0.038 0.049 0.047 0.016 0.021 0.027 0.189 0.177 0.005 0.016 0.051
112 P 0.063 0.027 0.03 0.032 0.012 0.021 0.035 0.04 0.014 0.033 0.048 0.039 0.014 0.069 0.284 0.097 0.076 0.005 0.023 0.039
113 L 0.04 0.019 0.014 0.015 0.014 0.013 0.018 0.02 0.01 0.181 0.257 0.022 0.037 0.12 0.013 0.023 0.032 0.008 0.032 0.111
114 L 0.042 0.022 0.013 0.014 0.015 0.015 0.018 0.02 0.009 0.135 0.385 0.023 0.045 0.05 0.013 0.023 0.032 0.006 0.021 0.099
115 F 0.033 0.02 0.017 0.016 0.01 0.012 0.02 0.024 0.022 0.055 0.097 0.02 0.022 0.36 0.011 0.025 0.024 0.018 0.146 0.049
116 L 0.051 0.023 0.021 0.021 0.013 0.016 0.024 0.061 0.016 0.09 0.163 0.027 0.027 0.148 0.015 0.059 0.036 0.011 0.08 0.097
117 Y 0.038 0.023 0.018 0.017 0.01 0.017 0.023 0.022 0.031 0.099 0.09 0.025 0.022 0.166 0.013 0.027 0.028 0.02 0.244 0.068
118 S 0.088 0.031 0.04 0.037 0.13 0.025 0.039 0.052 0.015 0.033 0.048 0.041 0.015 0.046 0.024 0.205 0.063 0.005 0.019 0.043
119 I 0.042 0.02 0.015 0.016 0.014 0.015 0.019 0.022 0.011 0.217 0.14 0.024 0.066 0.045 0.013 0.025 0.034 0.107 0.028 0.126
120 L 0.044 0.021 0.014 0.015 0.015 0.014 0.019 0.02 0.009 0.138 0.327 0.023 0.041 0.072 0.013 0.024 0.033 0.007 0.024 0.126
121 L 0.042 0.02 0.015 0.016 0.014 0.015 0.019 0.02 0.013 0.2 0.239 0.024 0.044 0.055 0.014 0.024 0.034 0.009 0.065 0.119
122 G 0.117 0.029 0.039 0.036 0.045 0.024 0.035 0.252 0.015 0.026 0.037 0.04 0.013 0.018 0.023 0.148 0.051 0.005 0.013 0.036
123 A 0.148 0.023 0.021 0.022 0.047 0.018 0.027 0.041 0.011 0.126 0.095 0.03 0.023 0.077 0.02 0.051 0.071 0.006 0.025 0.117
124 G 0.06 0.031 0.029 0.028 0.104 0.07 0.039 0.127 0.015 0.046 0.082 0.039 0.019 0.095 0.017 0.067 0.037 0.007 0.027 0.06
125 V 0.054 0.021 0.019 0.02 0.016 0.016 0.022 0.025 0.01 0.172 0.137 0.026 0.029 0.083 0.016 0.037 0.086 0.007 0.026 0.18
126 I 0.052 0.026 0.084 0.032 0.013 0.02 0.029 0.035 0.016 0.129 0.107 0.033 0.023 0.059 0.079 0.065 0.042 0.007 0.042 0.108
127 E 0.085 0.041 0.074 0.064 0.01 0.058 0.208 0.071 0.022 0.031 0.071 0.058 0.016 0.019 0.022 0.053 0.037 0.005 0.016 0.038
128 V 0.064 0.024 0.027 0.025 0.015 0.019 0.027 0.119 0.013 0.124 0.089 0.031 0.023 0.034 0.018 0.064 0.091 0.007 0.039 0.147
129 G 0.07 0.021 0.025 0.023 0.012 0.015 0.023 0.202 0.013 0.077 0.097 0.026 0.02 0.172 0.015 0.05 0.032 0.009 0.039 0.058
130 L 0.049 0.071 0.048 0.03 0.011 0.057 0.042 0.033 0.042 0.057 0.135 0.066 0.054 0.034 0.08 0.053 0.037 0.007 0.041 0.053
131 G 0.053 0.075 0.109 0.064 0.011 0.027 0.038 0.12 0.02 0.042 0.055 0.047 0.027 0.029 0.018 0.063 0.06 0.039 0.04 0.062
132 L 0.046 0.026 0.018 0.019 0.015 0.017 0.023 0.024 0.01 0.174 0.23 0.043 0.035 0.064 0.015 0.032 0.066 0.006 0.023 0.113
133 N 0.056 0.057 0.136 0.052 0.01 0.035 0.071 0.067 0.021 0.028 0.058 0.111 0.014 0.018 0.084 0.086 0.044 0.004 0.015 0.033
134 K 0.054 0.049 0.032 0.033 0.01 0.032 0.061 0.044 0.068 0.055 0.077 0.117 0.018 0.041 0.051 0.063 0.037 0.009 0.085 0.065
135 D 0.05 0.045 0.088 0.169 0.009 0.035 0.094 0.042 0.021 0.043 0.043 0.097 0.013 0.024 0.022 0.069 0.055 0.006 0.036 0.039
136 R 0.054 0.109 0.059 0.084 0.011 0.047 0.052 0.039 0.02 0.039 0.057 0.099 0.016 0.033 0.021 0.07 0.087 0.006 0.038 0.056
137 R 0.041 0.392 0.036 0.029 0.007 0.045 0.049 0.031 0.022 0.022 0.043 0.112 0.014 0.016 0.018 0.041 0.032 0.005 0.016 0.029
138 L 0.051 0.039 0.043 0.026 0.014 0.038 0.035 0.029 0.013 0.139 0.155 0.085 0.028 0.032 0.018 0.038 0.054 0.005 0.018 0.139
139 K 0.051 0.114 0.031 0.032 0.01 0.039 0.062 0.032 0.02 0.094 0.07 0.13 0.019 0.034 0.02 0.056 0.053 0.008 0.059 0.064
140 I 0.049 0.018 0.014 0.016 0.077 0.013 0.017 0.021 0.008 0.239 0.162 0.022 0.032 0.038 0.014 0.026 0.038 0.005 0.018 0.172
141 Y 0.038 0.029 0.021 0.019 0.009 0.035 0.03 0.024 0.042 0.04 0.062 0.032 0.017 0.115 0.015 0.03 0.027 0.025 0.346 0.043
142 K 0.046 0.09 0.087 0.037 0.01 0.033 0.043 0.067 0.018 0.069 0.083 0.148 0.019 0.071 0.019 0.043 0.035 0.006 0.024 0.051
143 K 0.046 0.112 0.058 0.03 0.041 0.031 0.04 0.032 0.02 0.056 0.102 0.126 0.02 0.06 0.018 0.039 0.034 0.008 0.063 0.063
144 L 0.07 0.021 0.019 0.019 0.046 0.016 0.022 0.059 0.011 0.149 0.15 0.026 0.04 0.083 0.016 0.046 0.038 0.007 0.026 0.136
145 L 0.063 0.024 0.041 0.023 0.012 0.018 0.025 0.061 0.022 0.101 0.134 0.029 0.024 0.112 0.016 0.048 0.034 0.013 0.128 0.072
146 N 0.061 0.087 0.203 0.066 0.01 0.033 0.046 0.049 0.023 0.048 0.055 0.087 0.032 0.02 0.019 0.055 0.041 0.005 0.016 0.042
147 L 0.061 0.021 0.017 0.018 0.013 0.015 0.021 0.026 0.016 0.132 0.158 0.024 0.029 0.158 0.014 0.034 0.038 0.011 0.086 0.108
148 L 0.107 0.025 0.023 0.023 0.015 0.019 0.028 0.038 0.013 0.086 0.214 0.031 0.03 0.098 0.018 0.08 0.042 0.007 0.029 0.074
149 I 0.049 0.019 0.017 0.018 0.015 0.015 0.02 0.023 0.01 0.243 0.161 0.025 0.044 0.064 0.015 0.04 0.039 0.006 0.023 0.155
150 I 0.052 0.019 0.015 0.017 0.015 0.014 0.019 0.022 0.01 0.222 0.162 0.023 0.05 0.085 0.014 0.027 0.037 0.007 0.027 0.163
151 F 0.032 0.018 0.016 0.016 0.01 0.011 0.018 0.024 0.017 0.058 0.104 0.018 0.023 0.409 0.01 0.024 0.024 0.016 0.1 0.051
152 L 0.042 0.025 0.016 0.016 0.014 0.018 0.021 0.023 0.013 0.093 0.269 0.026 0.11 0.117 0.013 0.027 0.032 0.009 0.033 0.081
153 L 0.047 0.021 0.016 0.017 0.045 0.014 0.02 0.024 0.011 0.133 0.249 0.024 0.035 0.109 0.014 0.04 0.035 0.008 0.03 0.11
154 L 0.046 0.019 0.014 0.015 0.046 0.014 0.018 0.021 0.009 0.2 0.25 0.023 0.037 0.043 0.014 0.025 0.036 0.006 0.019 0.147
155 E 0.051 0.045 0.039 0.105 0.007 0.058 0.33 0.033 0.024 0.021 0.034 0.069 0.012 0.015 0.024 0.051 0.034 0.005 0.015 0.029
156 L 0.041 0.022 0.015 0.016 0.014 0.015 0.02 0.022 0.011 0.095 0.34 0.024 0.04 0.118 0.013 0.027 0.046 0.008 0.032 0.081
157 L 0.043 0.019 0.014 0.016 0.014 0.013 0.018 0.021 0.01 0.181 0.209 0.022 0.034 0.137 0.013 0.024 0.033 0.008 0.035 0.136
158 L 0.065 0.03 0.032 0.029 0.016 0.023 0.032 0.037 0.012 0.067 0.187 0.037 0.028 0.032 0.021 0.097 0.161 0.006 0.018 0.07
159 R 0.041 0.391 0.036 0.029 0.007 0.045 0.049 0.031 0.022 0.022 0.043 0.112 0.014 0.016 0.018 0.041 0.032 0.005 0.016 0.029
160 I 0.05 0.02 0.016 0.017 0.015 0.014 0.02 0.022 0.009 0.186 0.164 0.024 0.032 0.093 0.014 0.029 0.053 0.007 0.028 0.185
161 L 0.078 0.022 0.016 0.017 0.015 0.016 0.022 0.027 0.013 0.124 0.243 0.026 0.046 0.094 0.015 0.031 0.034 0.008 0.048 0.104
162 N 0.039 0.03 0.163 0.042 0.011 0.022 0.031 0.038 0.023 0.089 0.133 0.035 0.023 0.089 0.015 0.042 0.037 0.009 0.067 0.063
163 G 0.082 0.028 0.032 0.029 0.012 0.022 0.032 0.178 0.025 0.03 0.045 0.036 0.014 0.055 0.05 0.097 0.04 0.012 0.141 0.037
164 D 0.054 0.057 0.135 0.148 0.009 0.045 0.073 0.14 0.021 0.021 0.031 0.052 0.011 0.016 0.021 0.08 0.041 0.004 0.013 0.027
165 L 0.059 0.042 0.03 0.032 0.013 0.029 0.061 0.077 0.017 0.06 0.184 0.084 0.027 0.04 0.02 0.074 0.04 0.008 0.047 0.057
166 S 0.064 0.039 0.125 0.078 0.011 0.034 0.079 0.081 0.09 0.024 0.034 0.049 0.013 0.019 0.022 0.127 0.054 0.005 0.022 0.03
167 E 0.053 0.092 0.097 0.052 0.01 0.04 0.11 0.041 0.021 0.03 0.045 0.109 0.014 0.042 0.022 0.07 0.087 0.006 0.02 0.037
168 G 0.066 0.026 0.068 0.04 0.01 0.023 0.052 0.392 0.015 0.039 0.037 0.036 0.011 0.017 0.018 0.051 0.047 0.005 0.012 0.035
169 F 0.064 0.026 0.03 0.028 0.013 0.019 0.03 0.1 0.014 0.083 0.095 0.032 0.021 0.126 0.018 0.117 0.046 0.039 0.035 0.061
170 F 0.037 0.019 0.015 0.015 0.013 0.012 0.018 0.022 0.012 0.123 0.22 0.02 0.033 0.233 0.012 0.023 0.029 0.011 0.05 0.085
171 Y 0.038 0.026 0.02 0.017 0.009 0.02 0.026 0.023 0.043 0.041 0.064 0.029 0.017 0.122 0.015 0.029 0.026 0.026 0.365 0.043
172 A 0.186 0.033 0.041 0.155 0.014 0.027 0.054 0.089 0.016 0.031 0.042 0.059 0.013 0.017 0.025 0.09 0.044 0.005 0.014 0.044
173 F 0.035 0.022 0.017 0.016 0.01 0.014 0.021 0.023 0.025 0.06 0.141 0.023 0.025 0.256 0.012 0.025 0.026 0.018 0.175 0.055
174 K 0.053 0.1 0.039 0.039 0.008 0.05 0.066 0.04 0.019 0.026 0.04 0.328 0.014 0.014 0.026 0.05 0.037 0.005 0.016 0.031
175 A 0.09 0.041 0.033 0.054 0.011 0.041 0.044 0.073 0.022 0.032 0.05 0.082 0.015 0.066 0.02 0.085 0.04 0.073 0.089 0.039
176 S 0.099 0.036 0.048 0.044 0.016 0.03 0.046 0.09 0.017 0.031 0.041 0.048 0.015 0.02 0.027 0.253 0.072 0.005 0.016 0.046
177 L 0.045 0.024 0.017 0.018 0.013 0.031 0.026 0.024 0.017 0.096 0.191 0.028 0.03 0.122 0.045 0.028 0.033 0.011 0.083 0.118
178 L 0.039 0.021 0.016 0.016 0.012 0.014 0.02 0.024 0.013 0.079 0.234 0.022 0.044 0.232 0.023 0.032 0.029 0.011 0.051 0.068
179 Y 0.037 0.025 0.02 0.017 0.009 0.019 0.025 0.023 0.04 0.043 0.069 0.028 0.018 0.16 0.014 0.028 0.026 0.025 0.329 0.044
180 F 0.039 0.021 0.02 0.019 0.011 0.013 0.021 0.027 0.017 0.058 0.116 0.022 0.024 0.335 0.012 0.043 0.045 0.014 0.088 0.053
181 D 0.038 0.028 0.064 0.439 0.007 0.028 0.085 0.043 0.017 0.021 0.026 0.042 0.009 0.014 0.021 0.049 0.033 0.003 0.01 0.023
182 S 0.1 0.037 0.05 0.045 0.016 0.031 0.048 0.06 0.018 0.029 0.04 0.05 0.015 0.02 0.028 0.262 0.09 0.005 0.016 0.041
183 N 0.04 0.042 0.364 0.077 0.008 0.031 0.046 0.061 0.029 0.021 0.029 0.05 0.01 0.017 0.019 0.065 0.046 0.004 0.015 0.025
184 F 0.031 0.018 0.016 0.016 0.01 0.01 0.018 0.024 0.016 0.059 0.106 0.018 0.024 0.429 0.01 0.024 0.024 0.016 0.083 0.051
185 T 0.106 0.032 0.036 0.033 0.017 0.025 0.036 0.045 0.013 0.059 0.065 0.041 0.019 0.023 0.025 0.102 0.207 0.005 0.017 0.094
186 G 0.099 0.027 0.04 0.036 0.013 0.022 0.033 0.364 0.014 0.022 0.032 0.038 0.011 0.017 0.021 0.12 0.044 0.005 0.012 0.03
187 L 0.039 0.022 0.036 0.019 0.013 0.014 0.02 0.023 0.012 0.117 0.283 0.024 0.037 0.142 0.013 0.026 0.031 0.009 0.036 0.085
188 V 0.059 0.019 0.015 0.017 0.017 0.014 0.02 0.022 0.008 0.206 0.132 0.024 0.031 0.036 0.015 0.028 0.043 0.005 0.019 0.271
189 I 0.043 0.019 0.017 0.042 0.015 0.014 0.021 0.021 0.009 0.249 0.214 0.024 0.036 0.042 0.014 0.025 0.035 0.006 0.019 0.137
190 L 0.047 0.022 0.016 0.016 0.047 0.016 0.02 0.022 0.01 0.128 0.308 0.025 0.051 0.044 0.014 0.029 0.05 0.006 0.02 0.109
191 S 0.078 0.03 0.037 0.034 0.046 0.023 0.036 0.047 0.016 0.046 0.064 0.038 0.018 0.123 0.022 0.169 0.073 0.008 0.033 0.062
192 F 0.036 0.019 0.015 0.015 0.012 0.012 0.018 0.022 0.013 0.107 0.21 0.02 0.032 0.262 0.011 0.023 0.028 0.012 0.055 0.077
193 L 0.044 0.02 0.014 0.015 0.074 0.014 0.018 0.022 0.012 0.118 0.272 0.022 0.036 0.094 0.013 0.025 0.032 0.008 0.047 0.1
194 M 0.101 0.03 0.029 0.028 0.045 0.026 0.033 0.073 0.015 0.06 0.109 0.038 0.112 0.031 0.02 0.111 0.049 0.006 0.018 0.064
195 F 0.034 0.019 0.015 0.015 0.011 0.012 0.019 0.023 0.016 0.069 0.177 0.02 0.028 0.318 0.011 0.024 0.025 0.014 0.09 0.059
196 L 0.12 0.027 0.044 0.027 0.014 0.021 0.031 0.043 0.018 0.056 0.147 0.034 0.024 0.111 0.019 0.084 0.042 0.01 0.07 0.058
197 L 0.046 0.021 0.015 0.016 0.015 0.015 0.019 0.021 0.011 0.172 0.243 0.024 0.047 0.063 0.014 0.025 0.035 0.008 0.043 0.148
198 F 0.034 0.022 0.018 0.016 0.009 0.015 0.022 0.023 0.029 0.05 0.086 0.023 0.021 0.285 0.012 0.026 0.025 0.021 0.216 0.047
199 L 0.042 0.026 0.015 0.016 0.015 0.017 0.021 0.021 0.01 0.141 0.352 0.041 0.042 0.047 0.014 0.024 0.032 0.006 0.02 0.099
200 K 0.048 0.115 0.075 0.042 0.008 0.044 0.073 0.039 0.024 0.026 0.042 0.221 0.014 0.027 0.022 0.048 0.036 0.007 0.057 0.031
201 K 0.046 0.055 0.125 0.098 0.008 0.038 0.088 0.043 0.026 0.026 0.039 0.13 0.013 0.034 0.021 0.057 0.038 0.008 0.077 0.03
202 K 0.049 0.118 0.071 0.036 0.01 0.063 0.051 0.036 0.023 0.048 0.057 0.14 0.017 0.031 0.02 0.044 0.038 0.007 0.058 0.083
203 K 0.051 0.059 0.056 0.032 0.011 0.032 0.043 0.065 0.016 0.055 0.138 0.165 0.023 0.049 0.02 0.044 0.051 0.006 0.021 0.064
204 I 0.071 0.033 0.047 0.056 0.013 0.024 0.052 0.094 0.014 0.15 0.089 0.068 0.022 0.027 0.019 0.054 0.04 0.005 0.016 0.108
205 L 0.046 0.024 0.058 0.024 0.013 0.018 0.025 0.028 0.018 0.095 0.145 0.028 0.026 0.098 0.015 0.034 0.05 0.041 0.09 0.123
206 N 0.044 0.072 0.178 0.14 0.008 0.035 0.064 0.047 0.022 0.03 0.037 0.117 0.012 0.016 0.021 0.054 0.04 0.004 0.014 0.044
207 L 0.042 0.028 0.04 0.046 0.013 0.016 0.024 0.025 0.012 0.169 0.186 0.027 0.031 0.112 0.014 0.028 0.034 0.007 0.031 0.115
208 G 0.057 0.058 0.115 0.045 0.009 0.034 0.046 0.223 0.019 0.022 0.033 0.159 0.011 0.015 0.021 0.052 0.036 0.005 0.014 0.026
209 K 0.045 0.071 0.059 0.033 0.009 0.034 0.045 0.034 0.024 0.066 0.062 0.174 0.018 0.067 0.02 0.041 0.034 0.01 0.103 0.05
210 I 0.049 0.034 0.047 0.03 0.012 0.073 0.041 0.032 0.024 0.122 0.094 0.041 0.031 0.11 0.017 0.055 0.068 0.008 0.032 0.079
211 R 0.052 0.198 0.034 0.031 0.01 0.039 0.048 0.035 0.018 0.064 0.077 0.153 0.019 0.021 0.021 0.068 0.039 0.005 0.017 0.05
212 F 0.033 0.019 0.016 0.016 0.01 0.01 0.019 0.025 0.016 0.062 0.111 0.019 0.025 0.402 0.01 0.025 0.025 0.016 0.087 0.054
213 L 0.053 0.09 0.025 0.023 0.042 0.023 0.03 0.031 0.019 0.081 0.143 0.044 0.025 0.07 0.017 0.073 0.039 0.01 0.083 0.077
214 I 0.063 0.02 0.015 0.017 0.015 0.015 0.02 0.024 0.01 0.217 0.165 0.024 0.054 0.078 0.014 0.029 0.037 0.007 0.026 0.15
215 L 0.044 0.023 0.015 0.016 0.045 0.016 0.02 0.022 0.011 0.096 0.357 0.025 0.041 0.051 0.014 0.028 0.047 0.007 0.04 0.083
216 F 0.044 0.022 0.019 0.019 0.013 0.015 0.022 0.025 0.017 0.129 0.16 0.025 0.028 0.162 0.014 0.043 0.048 0.012 0.098 0.085
217 L 0.045 0.02 0.014 0.015 0.015 0.013 0.019 0.021 0.01 0.149 0.239 0.022 0.035 0.123 0.013 0.025 0.034 0.008 0.033 0.146
218 L 0.039 0.022 0.014 0.015 0.014 0.014 0.019 0.021 0.011 0.095 0.333 0.023 0.051 0.14 0.012 0.023 0.03 0.009 0.035 0.08
219 L 0.045 0.022 0.015 0.016 0.015 0.015 0.02 0.022 0.01 0.141 0.352 0.025 0.042 0.047 0.014 0.038 0.035 0.006 0.02 0.099
220 L 0.044 0.02 0.014 0.015 0.014 0.014 0.019 0.021 0.01 0.148 0.254 0.022 0.036 0.12 0.013 0.024 0.033 0.008 0.032 0.137
221 L 0.079 0.024 0.017 0.017 0.015 0.017 0.022 0.058 0.011 0.089 0.308 0.027 0.06 0.067 0.015 0.032 0.033 0.007 0.023 0.08
222 T 0.068 0.033 0.04 0.035 0.017 0.026 0.037 0.04 0.013 0.049 0.06 0.042 0.018 0.022 0.026 0.086 0.301 0.005 0.017 0.066
223 F 0.036 0.019 0.015 0.016 0.012 0.012 0.018 0.023 0.014 0.1 0.136 0.02 0.038 0.317 0.011 0.024 0.028 0.013 0.064 0.085
224 S 0.102 0.037 0.05 0.045 0.016 0.031 0.049 0.061 0.018 0.028 0.039 0.05 0.015 0.019 0.028 0.277 0.076 0.005 0.016 0.039
225 R 0.041 0.393 0.036 0.029 0.007 0.045 0.049 0.031 0.022 0.022 0.043 0.111 0.014 0.016 0.018 0.041 0.032 0.005 0.016 0.029
226 A 0.252 0.029 0.031 0.031 0.018 0.024 0.037 0.154 0.014 0.034 0.047 0.041 0.015 0.019 0.026 0.108 0.048 0.005 0.015 0.052
227 A 0.255 0.031 0.031 0.032 0.019 0.025 0.04 0.066 0.015 0.043 0.054 0.043 0.017 0.021 0.027 0.134 0.055 0.005 0.016 0.072
228 I 0.044 0.018 0.014 0.017 0.015 0.014 0.018 0.02 0.011 0.285 0.162 0.023 0.045 0.046 0.014 0.024 0.036 0.007 0.04 0.149
229 V 0.103 0.021 0.016 0.018 0.016 0.015 0.023 0.031 0.01 0.158 0.124 0.026 0.028 0.092 0.016 0.036 0.04 0.007 0.028 0.193
230 A 0.191 0.032 0.036 0.035 0.017 0.026 0.04 0.09 0.015 0.037 0.05 0.043 0.016 0.02 0.026 0.137 0.114 0.005 0.016 0.055
231 F 0.053 0.023 0.024 0.023 0.013 0.017 0.025 0.091 0.015 0.064 0.157 0.027 0.025 0.178 0.015 0.072 0.036 0.01 0.061 0.07
232 I 0.042 0.018 0.014 0.016 0.044 0.012 0.017 0.021 0.01 0.216 0.196 0.021 0.034 0.111 0.013 0.024 0.033 0.007 0.03 0.122
233 I 0.082 0.02 0.015 0.017 0.016 0.015 0.021 0.027 0.009 0.195 0.173 0.025 0.032 0.069 0.015 0.031 0.038 0.006 0.024 0.169
234 S 0.091 0.032 0.036 0.033 0.016 0.026 0.037 0.046 0.014 0.068 0.114 0.041 0.045 0.028 0.023 0.147 0.115 0.006 0.018 0.065
235 Y 0.039 0.067 0.04 0.021 0.011 0.021 0.026 0.025 0.026 0.1 0.141 0.037 0.025 0.094 0.014 0.03 0.031 0.015 0.166 0.07
236 I 0.061 0.02 0.016 0.017 0.014 0.014 0.02 0.024 0.014 0.177 0.15 0.023 0.03 0.126 0.014 0.028 0.034 0.01 0.072 0.136
237 I 0.065 0.019 0.018 0.018 0.043 0.014 0.02 0.087 0.013 0.143 0.123 0.024 0.026 0.132 0.014 0.031 0.033 0.009 0.053 0.115
238 T 0.073 0.036 0.043 0.038 0.018 0.028 0.039 0.043 0.014 0.053 0.065 0.045 0.02 0.024 0.028 0.093 0.246 0.006 0.018 0.071
239 L 0.049 0.024 0.04 0.023 0.013 0.017 0.024 0.029 0.015 0.089 0.178 0.027 0.029 0.158 0.015 0.057 0.037 0.01 0.058 0.109
240 N 0.051 0.067 0.131 0.044 0.01 0.031 0.043 0.102 0.044 0.042 0.048 0.103 0.015 0.049 0.019 0.061 0.039 0.007 0.042 0.051
241 S 0.07 0.06 0.117 0.046 0.013 0.03 0.044 0.051 0.021 0.036 0.083 0.066 0.017 0.028 0.022 0.155 0.056 0.006 0.037 0.041
242 L 0.056 0.043 0.062 0.035 0.012 0.042 0.042 0.068 0.039 0.073 0.101 0.091 0.021 0.048 0.05 0.077 0.056 0.006 0.023 0.056
243 K 0.095 0.067 0.059 0.06 0.012 0.045 0.049 0.076 0.019 0.039 0.068 0.101 0.017 0.026 0.022 0.099 0.046 0.006 0.037 0.056
244 K 0.052 0.166 0.059 0.038 0.009 0.044 0.056 0.04 0.042 0.025 0.041 0.203 0.014 0.017 0.023 0.063 0.053 0.005 0.018 0.032
245 F 0.038 0.021 0.017 0.016 0.011 0.015 0.021 0.022 0.023 0.117 0.139 0.023 0.026 0.185 0.013 0.025 0.029 0.016 0.161 0.082
246 R 0.047 0.239 0.036 0.032 0.008 0.043 0.052 0.064 0.02 0.025 0.045 0.183 0.015 0.04 0.02 0.044 0.033 0.006 0.02 0.03
247 T 0.06 0.044 0.034 0.031 0.012 0.027 0.038 0.107 0.015 0.058 0.081 0.104 0.019 0.071 0.021 0.071 0.114 0.017 0.025 0.054
248 K 0.048 0.159 0.031 0.031 0.009 0.037 0.048 0.033 0.019 0.042 0.048 0.161 0.015 0.022 0.141 0.042 0.034 0.006 0.036 0.038
249 S 0.14 0.029 0.031 0.031 0.017 0.023 0.036 0.05 0.014 0.088 0.084 0.038 0.021 0.049 0.023 0.142 0.056 0.006 0.021 0.103
250 F 0.072 0.022 0.017 0.017 0.012 0.016 0.023 0.028 0.022 0.075 0.146 0.025 0.025 0.202 0.014 0.031 0.029 0.015 0.144 0.064
251 L 0.045 0.021 0.017 0.017 0.014 0.014 0.02 0.023 0.013 0.149 0.207 0.024 0.033 0.138 0.014 0.039 0.034 0.009 0.055 0.115
252 L 0.077 0.022 0.018 0.02 0.016 0.017 0.023 0.028 0.01 0.177 0.209 0.027 0.037 0.039 0.016 0.048 0.055 0.006 0.019 0.137
253 L 0.043 0.02 0.016 0.017 0.013 0.014 0.02 0.024 0.012 0.139 0.207 0.023 0.032 0.18 0.013 0.038 0.033 0.009 0.042 0.104
254 L 0.103 0.025 0.019 0.02 0.016 0.019 0.025 0.033 0.011 0.104 0.248 0.03 0.045 0.039 0.018 0.053 0.055 0.006 0.019 0.112
255 I 0.107 0.024 0.021 0.023 0.016 0.018 0.026 0.036 0.011 0.162 0.139 0.03 0.039 0.057 0.018 0.072 0.044 0.006 0.022 0.129
256 A 0.112 0.027 0.028 0.027 0.016 0.021 0.031 0.06 0.016 0.098 0.098 0.035 0.022 0.038 0.021 0.083 0.097 0.008 0.058 0.103
257 L 0.052 0.023 0.019 0.018 0.013 0.017 0.023 0.055 0.018 0.108 0.192 0.027 0.041 0.082 0.015 0.032 0.048 0.011 0.105 0.102
258 L 0.068 0.021 0.017 0.018 0.045 0.015 0.021 0.028 0.011 0.129 0.163 0.024 0.029 0.129 0.015 0.044 0.038 0.008 0.033 0.145
259 V 0.052 0.022 0.019 0.019 0.044 0.017 0.023 0.025 0.019 0.141 0.102 0.027 0.025 0.059 0.016 0.035 0.067 0.011 0.121 0.157
260 F 0.062 0.02 0.018 0.018 0.012 0.013 0.021 0.029 0.014 0.074 0.156 0.023 0.027 0.292 0.013 0.043 0.03 0.012 0.06 0.062
261 S 0.124 0.029 0.034 0.033 0.016 0.024 0.037 0.05 0.014 0.103 0.074 0.04 0.02 0.049 0.023 0.156 0.072 0.006 0.021 0.075
262 Y 0.047 0.025 0.023 0.021 0.012 0.02 0.027 0.028 0.027 0.091 0.09 0.03 0.037 0.121 0.016 0.057 0.055 0.016 0.19 0.068
263 L 0.047 0.053 0.029 0.025 0.013 0.029 0.045 0.028 0.015 0.078 0.224 0.095 0.098 0.038 0.017 0.034 0.035 0.006 0.02 0.07
264 L 0.061 0.027 0.026 0.025 0.045 0.021 0.029 0.033 0.014 0.085 0.203 0.033 0.052 0.041 0.018 0.092 0.074 0.007 0.039 0.074
265 V 0.05 0.02 0.015 0.016 0.015 0.015 0.02 0.021 0.014 0.185 0.158 0.024 0.031 0.053 0.014 0.027 0.038 0.009 0.081 0.193
266 G 0.078 0.06 0.075 0.047 0.011 0.061 0.093 0.133 0.02 0.032 0.067 0.06 0.027 0.02 0.021 0.09 0.043 0.005 0.016 0.039
267 Y 0.041 0.042 0.024 0.023 0.009 0.026 0.035 0.027 0.041 0.054 0.065 0.099 0.018 0.108 0.017 0.033 0.029 0.019 0.241 0.047
268 L 0.046 0.023 0.018 0.018 0.013 0.017 0.023 0.024 0.022 0.132 0.156 0.026 0.028 0.092 0.015 0.041 0.035 0.013 0.146 0.113
269 F 0.044 0.024 0.021 0.026 0.012 0.02 0.06 0.026 0.017 0.107 0.13 0.03 0.025 0.139 0.015 0.035 0.062 0.041 0.077 0.088
270 L 0.079 0.034 0.037 0.083 0.013 0.054 0.065 0.072 0.017 0.044 0.113 0.044 0.021 0.072 0.021 0.11 0.045 0.006 0.024 0.046
271 G 0.063 0.036 0.061 0.108 0.01 0.026 0.045 0.222 0.016 0.027 0.055 0.072 0.013 0.02 0.02 0.086 0.039 0.036 0.016 0.031
272 D 0.061 0.033 0.058 0.109 0.012 0.054 0.067 0.099 0.016 0.079 0.062 0.044 0.018 0.022 0.02 0.085 0.049 0.005 0.015 0.092
273 S 0.075 0.038 0.169 0.08 0.013 0.031 0.05 0.06 0.022 0.025 0.035 0.05 0.013 0.018 0.024 0.184 0.062 0.004 0.015 0.033
274 Y 0.035 0.023 0.018 0.017 0.009 0.016 0.022 0.023 0.031 0.051 0.101 0.024 0.021 0.236 0.013 0.027 0.025 0.021 0.238 0.049
275 V 0.068 0.075 0.031 0.03 0.014 0.054 0.041 0.037 0.015 0.102 0.086 0.049 0.034 0.026 0.02 0.106 0.051 0.005 0.018 0.138
276 D 0.053 0.031 0.127 0.212 0.009 0.027 0.058 0.108 0.02 0.024 0.034 0.042 0.011 0.04 0.02 0.091 0.042 0.005 0.017 0.028
277 I 0.048 0.018 0.014 0.016 0.015 0.013 0.018 0.02 0.009 0.243 0.176 0.022 0.034 0.063 0.014 0.025 0.038 0.006 0.023 0.186
278 D 0.038 0.028 0.064 0.441 0.007 0.028 0.085 0.043 0.017 0.021 0.026 0.042 0.009 0.014 0.021 0.048 0.033 0.003 0.01 0.023
279 G 0.071 0.021 0.035 0.031 0.01 0.018 0.024 0.516 0.012 0.018 0.027 0.032 0.009 0.015 0.048 0.047 0.028 0.005 0.01 0.023
280 S 0.102 0.037 0.05 0.045 0.016 0.031 0.049 0.061 0.018 0.028 0.039 0.05 0.015 0.019 0.028 0.277 0.076 0.005 0.016 0.039
281 F 0.032 0.018 0.016 0.016 0.01 0.01 0.018 0.023 0.015 0.062 0.124 0.018 0.025 0.409 0.01 0.023 0.024 0.015 0.079 0.053
282 N 0.04 0.042 0.367 0.077 0.008 0.031 0.046 0.06 0.029 0.021 0.029 0.05 0.01 0.017 0.019 0.065 0.046 0.004 0.015 0.025
283 S 0.1 0.037 0.05 0.045 0.016 0.03 0.048 0.06 0.018 0.029 0.04 0.05 0.015 0.02 0.027 0.265 0.089 0.005 0.016 0.04
284 K 0.053 0.099 0.038 0.038 0.008 0.05 0.066 0.04 0.019 0.026 0.04 0.331 0.014 0.014 0.026 0.05 0.037 0.005 0.016 0.03
285 F 0.031 0.018 0.016 0.016 0.01 0.01 0.018 0.024 0.016 0.059 0.106 0.018 0.024 0.431 0.01 0.024 0.024 0.016 0.082 0.051
286 Y 0.055 0.025 0.02 0.018 0.009 0.02 0.026 0.026 0.039 0.042 0.066 0.029 0.018 0.14 0.015 0.031 0.027 0.024 0.324 0.045
287 I 0.043 0.018 0.014 0.016 0.015 0.013 0.017 0.019 0.009 0.27 0.2 0.022 0.036 0.066 0.013 0.023 0.035 0.006 0.023 0.144
288 I 0.048 0.018 0.014 0.016 0.015 0.013 0.018 0.021 0.009 0.242 0.14 0.022 0.031 0.085 0.014 0.025 0.038 0.007 0.027 0.197
289 S 0.078 0.045 0.105 0.076 0.013 0.035 0.07 0.056 0.02 0.025 0.036 0.084 0.013 0.018 0.025 0.186 0.061 0.005 0.016 0.034
290 I 0.071 0.068 0.03 0.034 0.012 0.1 0.071 0.035 0.018 0.111 0.078 0.088 0.022 0.023 0.02 0.056 0.041 0.005 0.018 0.099
291 A 0.342 0.029 0.024 0.028 0.02 0.024 0.038 0.073 0.014 0.04 0.055 0.041 0.016 0.02 0.028 0.079 0.046 0.005 0.016 0.064
292 I 0.042 0.021 0.017 0.024 0.013 0.018 0.056 0.022 0.012 0.203 0.179 0.027 0.032 0.109 0.014 0.026 0.033 0.007 0.03 0.115
293 D 0.05 0.036 0.089 0.21 0.009 0.031 0.079 0.074 0.064 0.04 0.038 0.061 0.012 0.018 0.021 0.075 0.039 0.005 0.018 0.034
294 L 0.039 0.025 0.1 0.055 0.012 0.018 0.029 0.032 0.016 0.083 0.18 0.029 0.027 0.151 0.014 0.035 0.034 0.008 0.037 0.077
295 Y 0.037 0.025 0.02 0.017 0.009 0.02 0.025 0.023 0.042 0.042 0.066 0.028 0.018 0.14 0.014 0.029 0.026 0.025 0.351 0.044
296 S 0.087 0.04 0.056 0.09 0.012 0.036 0.114 0.078 0.018 0.026 0.037 0.067 0.013 0.017 0.055 0.134 0.065 0.005 0.015 0.036
297 S 0.067 0.059 0.06 0.067 0.013 0.032 0.08 0.074 0.017 0.038 0.085 0.066 0.018 0.022 0.023 0.12 0.093 0.005 0.016 0.045
298 L 0.048 0.032 0.02 0.025 0.014 0.064 0.053 0.025 0.014 0.113 0.236 0.038 0.056 0.038 0.016 0.032 0.036 0.006 0.02 0.115
299 P 0.061 0.026 0.029 0.056 0.011 0.022 0.039 0.039 0.013 0.024 0.034 0.041 0.01 0.013 0.412 0.083 0.041 0.003 0.013 0.03
300 L 0.043 0.02 0.016 0.017 0.013 0.014 0.02 0.022 0.015 0.158 0.178 0.023 0.031 0.143 0.013 0.031 0.038 0.01 0.075 0.12
301 L 0.053 0.029 0.027 0.057 0.013 0.027 0.085 0.059 0.016 0.091 0.164 0.037 0.049 0.038 0.018 0.052 0.052 0.007 0.038 0.09
302 N 0.05 0.033 0.184 0.047 0.013 0.025 0.035 0.043 0.019 0.066 0.126 0.039 0.033 0.028 0.018 0.063 0.059 0.005 0.017 0.096
303 K 0.049 0.073 0.039 0.035 0.009 0.041 0.055 0.036 0.13 0.049 0.05 0.21 0.016 0.021 0.022 0.044 0.034 0.006 0.027 0.053
304 L 0.038 0.02 0.014 0.015 0.013 0.014 0.019 0.022 0.012 0.133 0.22 0.022 0.044 0.15 0.012 0.023 0.03 0.07 0.042 0.089
305 F 0.031 0.018 0.016 0.016 0.01 0.01 0.018 0.024 0.016 0.059 0.106 0.018 0.024 0.431 0.01 0.024 0.024 0.016 0.082 0.051
306 G 0.073 0.021 0.036 0.031 0.01 0.018 0.024 0.546 0.013 0.018 0.026 0.031 0.009 0.015 0.018 0.048 0.028 0.005 0.01 0.023
307 I 0.045 0.017 0.014 0.016 0.015 0.013 0.017 0.019 0.008 0.314 0.154 0.022 0.034 0.041 0.014 0.024 0.037 0.005 0.019 0.173
308 G 0.073 0.021 0.036 0.031 0.01 0.018 0.024 0.546 0.013 0.018 0.026 0.031 0.009 0.015 0.018 0.048 0.028 0.005 0.01 0.023
309 L 0.043 0.024 0.015 0.016 0.015 0.018 0.021 0.022 0.011 0.1 0.332 0.026 0.096 0.071 0.013 0.026 0.032 0.007 0.025 0.086
310 G 0.084 0.027 0.108 0.042 0.011 0.022 0.031 0.375 0.017 0.02 0.03 0.037 0.01 0.016 0.019 0.071 0.036 0.005 0.012 0.027
311 N 0.04 0.042 0.367 0.077 0.008 0.031 0.046 0.06 0.029 0.021 0.029 0.05 0.01 0.017 0.019 0.065 0.046 0.004 0.015 0.025
312 F 0.069 0.026 0.028 0.026 0.014 0.018 0.028 0.036 0.014 0.052 0.08 0.031 0.02 0.214 0.018 0.067 0.142 0.01 0.047 0.057
313 E 0.064 0.041 0.039 0.076 0.011 0.039 0.152 0.041 0.021 0.033 0.066 0.068 0.016 0.05 0.023 0.115 0.061 0.007 0.04 0.039
314 Y 0.047 0.042 0.051 0.058 0.01 0.084 0.068 0.033 0.027 0.041 0.095 0.064 0.02 0.075 0.018 0.054 0.035 0.012 0.124 0.043
315 Y 0.037 0.022 0.017 0.016 0.01 0.016 0.022 0.022 0.027 0.074 0.144 0.024 0.025 0.195 0.013 0.026 0.027 0.018 0.202 0.061
316 L 0.091 0.026 0.025 0.024 0.016 0.02 0.028 0.036 0.012 0.116 0.207 0.033 0.042 0.036 0.019 0.082 0.074 0.006 0.019 0.088
317 D 0.043 0.032 0.118 0.319 0.008 0.029 0.077 0.081 0.021 0.022 0.028 0.045 0.009 0.015 0.021 0.055 0.037 0.004 0.012 0.024
318 G 0.066 0.029 0.077 0.061 0.01 0.022 0.032 0.429 0.015 0.019 0.027 0.052 0.009 0.015 0.018 0.05 0.031 0.005 0.011 0.023
319 I 0.042 0.039 0.015 0.017 0.014 0.015 0.019 0.021 0.01 0.261 0.145 0.027 0.043 0.086 0.014 0.025 0.035 0.007 0.027 0.138
320 F 0.031 0.018 0.016 0.016 0.01 0.01 0.018 0.024 0.016 0.059 0.106 0.018 0.024 0.431 0.01 0.024 0.024 0.016 0.082 0.051
321 A 0.336 0.028 0.023 0.027 0.02 0.023 0.037 0.071 0.014 0.04 0.056 0.04 0.016 0.032 0.027 0.077 0.045 0.005 0.018 0.063
