#Seq2Logo.py -f /work3/idamei/wzy_ssn/run/1e-50/run/150/MSAs/0026_110.afa -o /work3/idamei/wzy_ssn/run/1e-50/run/150/logos/0026_110.logo
#Position Specific Frequency Matrix
A R N D C Q E G H I L K M F P S T W Y V
0 M 0.049 0.03 0.019 0.019 0.015 0.026 0.026 0.026 0.015 0.094 0.184 0.034 0.215 0.045 0.015 0.034 0.038 0.007 0.023 0.086
1 L 0.059 0.028 0.026 0.032 0.014 0.025 0.071 0.067 0.013 0.106 0.196 0.036 0.029 0.034 0.018 0.075 0.052 0.006 0.018 0.094
2 F 0.049 0.024 0.047 0.026 0.012 0.018 0.026 0.068 0.019 0.09 0.131 0.029 0.024 0.158 0.015 0.064 0.037 0.011 0.085 0.066
3 L 0.042 0.023 0.041 0.021 0.014 0.016 0.021 0.025 0.012 0.141 0.276 0.025 0.037 0.093 0.014 0.033 0.034 0.007 0.028 0.096
4 A 0.287 0.031 0.026 0.03 0.022 0.026 0.041 0.079 0.015 0.043 0.06 0.045 0.018 0.022 0.03 0.085 0.05 0.005 0.018 0.069
5 L 0.044 0.022 0.019 0.018 0.013 0.016 0.022 0.025 0.018 0.098 0.202 0.025 0.031 0.173 0.014 0.045 0.033 0.013 0.096 0.075
6 L 0.065 0.022 0.014 0.016 0.016 0.015 0.02 0.024 0.009 0.136 0.332 0.025 0.041 0.046 0.015 0.027 0.034 0.006 0.02 0.115
7 L 0.039 0.022 0.014 0.015 0.014 0.014 0.019 0.021 0.011 0.098 0.35 0.022 0.042 0.132 0.013 0.023 0.03 0.009 0.034 0.082
8 L 0.072 0.022 0.02 0.02 0.056 0.016 0.023 0.03 0.011 0.125 0.167 0.027 0.029 0.11 0.017 0.041 0.076 0.008 0.031 0.1
9 I 0.046 0.019 0.014 0.016 0.015 0.014 0.018 0.02 0.009 0.241 0.211 0.023 0.049 0.043 0.014 0.025 0.037 0.006 0.02 0.158
10 G 0.08 0.028 0.028 0.034 0.014 0.025 0.075 0.112 0.014 0.093 0.101 0.037 0.022 0.065 0.019 0.06 0.077 0.006 0.023 0.087
11 L 0.046 0.023 0.017 0.026 0.014 0.02 0.064 0.022 0.011 0.2 0.21 0.03 0.034 0.04 0.015 0.028 0.036 0.006 0.019 0.139
12 L 0.067 0.021 0.017 0.018 0.05 0.014 0.021 0.027 0.011 0.117 0.172 0.024 0.029 0.148 0.015 0.034 0.052 0.008 0.037 0.116
13 L 0.104 0.023 0.016 0.018 0.016 0.017 0.023 0.033 0.011 0.111 0.267 0.027 0.037 0.084 0.016 0.036 0.035 0.007 0.027 0.09
14 L 0.04 0.022 0.014 0.014 0.014 0.014 0.019 0.02 0.01 0.101 0.372 0.023 0.043 0.105 0.013 0.023 0.03 0.008 0.03 0.084
15 L 0.064 0.021 0.017 0.017 0.05 0.015 0.021 0.027 0.011 0.114 0.236 0.024 0.033 0.124 0.015 0.033 0.051 0.008 0.033 0.086
16 F 0.045 0.019 0.016 0.017 0.049 0.014 0.02 0.024 0.011 0.138 0.14 0.023 0.041 0.164 0.05 0.028 0.033 0.009 0.04 0.121
17 L 0.042 0.02 0.014 0.015 0.014 0.013 0.019 0.021 0.011 0.129 0.241 0.022 0.035 0.163 0.013 0.024 0.032 0.009 0.04 0.121
18 A 0.148 0.032 0.057 0.035 0.052 0.026 0.038 0.055 0.018 0.041 0.06 0.042 0.03 0.029 0.024 0.124 0.088 0.007 0.041 0.054
19 Y 0.036 0.024 0.019 0.017 0.01 0.017 0.023 0.023 0.033 0.051 0.101 0.026 0.021 0.204 0.013 0.027 0.026 0.022 0.258 0.049
20 L 0.047 0.047 0.026 0.02 0.05 0.017 0.023 0.025 0.013 0.161 0.176 0.031 0.03 0.071 0.015 0.039 0.036 0.008 0.048 0.116
21 L 0.067 0.023 0.018 0.019 0.015 0.016 0.023 0.028 0.012 0.119 0.222 0.026 0.046 0.124 0.015 0.046 0.036 0.008 0.033 0.103
22 F 0.063 0.028 0.054 0.032 0.049 0.021 0.032 0.041 0.016 0.047 0.093 0.034 0.02 0.167 0.019 0.12 0.065 0.009 0.04 0.049
23 N 0.049 0.051 0.124 0.115 0.008 0.061 0.12 0.091 0.023 0.03 0.037 0.1 0.013 0.016 0.021 0.053 0.038 0.005 0.015 0.031
24 R 0.046 0.256 0.053 0.034 0.008 0.058 0.053 0.071 0.048 0.022 0.041 0.127 0.014 0.017 0.019 0.045 0.033 0.005 0.019 0.028
25 D 0.038 0.028 0.065 0.436 0.007 0.028 0.086 0.044 0.017 0.021 0.026 0.042 0.009 0.014 0.021 0.049 0.033 0.003 0.01 0.023
26 I 0.045 0.019 0.014 0.016 0.015 0.014 0.018 0.02 0.009 0.243 0.195 0.023 0.048 0.063 0.014 0.025 0.036 0.006 0.023 0.152
27 L 0.063 0.022 0.016 0.017 0.014 0.016 0.021 0.026 0.012 0.135 0.219 0.026 0.073 0.126 0.014 0.03 0.033 0.008 0.034 0.095
28 S 0.138 0.066 0.042 0.043 0.015 0.066 0.074 0.057 0.019 0.029 0.043 0.059 0.016 0.018 0.026 0.166 0.059 0.005 0.017 0.042
29 P 0.053 0.024 0.022 0.029 0.01 0.019 0.034 0.034 0.012 0.024 0.034 0.039 0.01 0.012 0.526 0.041 0.034 0.002 0.012 0.029
30 S 0.1 0.033 0.042 0.067 0.015 0.027 0.046 0.053 0.016 0.032 0.045 0.045 0.015 0.047 0.097 0.177 0.077 0.005 0.02 0.041
31 V 0.061 0.021 0.017 0.018 0.053 0.015 0.022 0.025 0.009 0.138 0.121 0.025 0.028 0.06 0.016 0.034 0.061 0.006 0.023 0.248
32 L 0.052 0.023 0.017 0.018 0.016 0.017 0.022 0.023 0.01 0.16 0.218 0.026 0.061 0.041 0.015 0.031 0.057 0.006 0.02 0.169
33 L 0.049 0.027 0.018 0.018 0.015 0.022 0.025 0.025 0.016 0.097 0.178 0.03 0.149 0.077 0.015 0.032 0.037 0.009 0.051 0.114
34 C 0.064 0.024 0.024 0.023 0.159 0.019 0.026 0.033 0.013 0.095 0.095 0.03 0.035 0.034 0.018 0.074 0.079 0.007 0.041 0.107
35 I 0.132 0.025 0.044 0.026 0.016 0.019 0.028 0.041 0.012 0.151 0.15 0.032 0.028 0.033 0.019 0.06 0.043 0.005 0.018 0.116
36 L 0.08 0.027 0.023 0.023 0.015 0.023 0.027 0.105 0.013 0.087 0.129 0.033 0.117 0.035 0.017 0.055 0.041 0.006 0.019 0.122
37 F 0.033 0.019 0.016 0.016 0.01 0.011 0.019 0.024 0.02 0.057 0.101 0.019 0.023 0.383 0.011 0.025 0.024 0.017 0.123 0.05
38 I 0.066 0.019 0.015 0.017 0.015 0.014 0.019 0.024 0.01 0.208 0.175 0.023 0.033 0.095 0.014 0.028 0.036 0.007 0.028 0.153
39 I 0.048 0.019 0.014 0.016 0.016 0.014 0.018 0.02 0.008 0.228 0.217 0.023 0.037 0.042 0.014 0.025 0.038 0.006 0.02 0.178
40 S 0.114 0.034 0.045 0.041 0.052 0.028 0.044 0.095 0.017 0.029 0.041 0.046 0.014 0.019 0.026 0.224 0.068 0.005 0.016 0.041
41 T 0.083 0.028 0.031 0.029 0.017 0.021 0.031 0.037 0.012 0.132 0.091 0.036 0.023 0.028 0.022 0.077 0.17 0.005 0.018 0.11
42 L 0.077 0.025 0.023 0.022 0.016 0.018 0.026 0.031 0.011 0.111 0.164 0.03 0.029 0.062 0.018 0.047 0.112 0.006 0.023 0.149
43 F 0.083 0.021 0.019 0.02 0.048 0.014 0.023 0.034 0.015 0.072 0.095 0.024 0.022 0.283 0.014 0.05 0.033 0.012 0.059 0.061
44 A 0.318 0.029 0.025 0.029 0.02 0.024 0.038 0.072 0.014 0.04 0.055 0.042 0.016 0.02 0.028 0.087 0.057 0.005 0.016 0.064
45 L 0.053 0.023 0.019 0.019 0.051 0.017 0.023 0.026 0.012 0.126 0.222 0.027 0.037 0.045 0.016 0.048 0.057 0.007 0.043 0.127
46 L 0.046 0.021 0.016 0.017 0.014 0.015 0.021 0.023 0.013 0.136 0.204 0.025 0.045 0.102 0.05 0.027 0.034 0.009 0.053 0.129
47 N 0.04 0.042 0.361 0.078 0.008 0.032 0.046 0.061 0.029 0.021 0.029 0.05 0.01 0.017 0.019 0.065 0.046 0.004 0.015 0.025
48 I 0.071 0.046 0.018 0.019 0.015 0.017 0.024 0.027 0.013 0.184 0.118 0.032 0.028 0.068 0.016 0.038 0.039 0.008 0.048 0.17
49 K 0.05 0.083 0.116 0.077 0.009 0.049 0.076 0.044 0.025 0.026 0.04 0.141 0.014 0.036 0.022 0.066 0.04 0.007 0.05 0.031
50 N 0.076 0.037 0.22 0.058 0.012 0.028 0.042 0.055 0.022 0.044 0.048 0.046 0.015 0.02 0.021 0.092 0.068 0.005 0.016 0.075
51 W 0.028 0.021 0.014 0.014 0.007 0.014 0.021 0.028 0.014 0.028 0.05 0.021 0.014 0.057 0.007 0.021 0.021 0.525 0.064 0.028
52 G 0.053 0.045 0.133 0.083 0.009 0.035 0.089 0.153 0.048 0.023 0.034 0.087 0.012 0.017 0.021 0.056 0.055 0.005 0.017 0.029
53 I 0.047 0.018 0.016 0.018 0.015 0.014 0.018 0.021 0.009 0.287 0.148 0.024 0.033 0.039 0.015 0.028 0.056 0.005 0.019 0.169
54 D 0.041 0.036 0.105 0.258 0.007 0.034 0.108 0.043 0.049 0.022 0.032 0.053 0.011 0.023 0.021 0.05 0.035 0.006 0.04 0.026
55 Y 0.038 0.024 0.018 0.016 0.011 0.017 0.023 0.022 0.03 0.078 0.152 0.026 0.026 0.145 0.014 0.027 0.028 0.019 0.224 0.063
56 S 0.116 0.042 0.067 0.047 0.014 0.066 0.075 0.056 0.047 0.028 0.041 0.055 0.015 0.019 0.025 0.165 0.058 0.005 0.019 0.039
57 F 0.066 0.024 0.047 0.055 0.012 0.023 0.031 0.069 0.014 0.09 0.103 0.031 0.021 0.121 0.101 0.038 0.034 0.007 0.032 0.08
58 K 0.052 0.085 0.082 0.05 0.009 0.043 0.113 0.04 0.02 0.042 0.084 0.153 0.018 0.02 0.022 0.064 0.04 0.005 0.016 0.041
59 T 0.158 0.031 0.034 0.032 0.018 0.025 0.037 0.051 0.013 0.064 0.064 0.041 0.019 0.023 0.026 0.093 0.178 0.005 0.017 0.071
60 F 0.068 0.022 0.023 0.022 0.013 0.016 0.024 0.103 0.017 0.103 0.09 0.028 0.022 0.155 0.016 0.041 0.068 0.011 0.085 0.074
61 L 0.075 0.027 0.02 0.02 0.014 0.035 0.028 0.063 0.015 0.087 0.18 0.032 0.055 0.071 0.016 0.035 0.035 0.045 0.045 0.103
62 I 0.043 0.019 0.014 0.016 0.015 0.014 0.018 0.02 0.011 0.238 0.224 0.023 0.037 0.05 0.014 0.024 0.035 0.007 0.044 0.135
63 I 0.047 0.022 0.018 0.019 0.015 0.016 0.021 0.024 0.01 0.205 0.18 0.026 0.055 0.068 0.015 0.034 0.072 0.007 0.024 0.123
64 L 0.05 0.022 0.02 0.02 0.015 0.016 0.022 0.062 0.011 0.153 0.234 0.027 0.034 0.068 0.015 0.047 0.054 0.007 0.023 0.1
65 L 0.073 0.029 0.032 0.03 0.016 0.023 0.034 0.041 0.014 0.083 0.166 0.037 0.027 0.06 0.02 0.147 0.055 0.006 0.023 0.083
66 G 0.073 0.021 0.037 0.032 0.01 0.018 0.024 0.542 0.013 0.018 0.026 0.032 0.009 0.015 0.018 0.048 0.028 0.005 0.01 0.023
67 I 0.065 0.02 0.017 0.018 0.014 0.015 0.021 0.026 0.011 0.18 0.163 0.025 0.03 0.095 0.015 0.032 0.053 0.044 0.031 0.125
68 L 0.064 0.022 0.015 0.016 0.015 0.015 0.02 0.025 0.011 0.143 0.253 0.025 0.049 0.099 0.014 0.028 0.034 0.008 0.029 0.115
69 V 0.071 0.025 0.025 0.024 0.053 0.019 0.028 0.033 0.01 0.126 0.1 0.031 0.029 0.03 0.019 0.086 0.069 0.005 0.018 0.2
70 F 0.076 0.02 0.017 0.018 0.011 0.013 0.021 0.031 0.018 0.055 0.096 0.022 0.022 0.347 0.013 0.032 0.027 0.015 0.093 0.053
71 I 0.057 0.022 0.022 0.022 0.015 0.017 0.024 0.029 0.011 0.165 0.136 0.028 0.029 0.091 0.016 0.065 0.061 0.007 0.028 0.155
72 I 0.096 0.023 0.021 0.022 0.052 0.017 0.025 0.035 0.011 0.151 0.137 0.029 0.035 0.071 0.018 0.069 0.043 0.006 0.024 0.114
73 A 0.135 0.025 0.025 0.027 0.016 0.02 0.031 0.079 0.012 0.086 0.072 0.035 0.019 0.023 0.13 0.067 0.061 0.005 0.016 0.116
74 E 0.055 0.035 0.082 0.084 0.01 0.036 0.146 0.11 0.019 0.058 0.075 0.049 0.017 0.022 0.02 0.063 0.039 0.005 0.015 0.063
75 L 0.046 0.024 0.042 0.022 0.05 0.019 0.024 0.026 0.016 0.141 0.174 0.029 0.061 0.051 0.015 0.034 0.053 0.009 0.068 0.095
76 L 0.063 0.022 0.017 0.018 0.014 0.016 0.021 0.027 0.012 0.13 0.211 0.025 0.046 0.135 0.015 0.033 0.051 0.009 0.043 0.092
77 I 0.075 0.024 0.024 0.023 0.015 0.018 0.026 0.068 0.014 0.142 0.125 0.03 0.035 0.067 0.018 0.057 0.075 0.008 0.047 0.11
78 R 0.051 0.147 0.097 0.04 0.01 0.036 0.047 0.04 0.049 0.036 0.049 0.11 0.015 0.034 0.02 0.065 0.058 0.006 0.037 0.053
79 L 0.051 0.057 0.047 0.026 0.012 0.023 0.031 0.03 0.021 0.102 0.129 0.057 0.025 0.063 0.017 0.055 0.039 0.011 0.102 0.103
80 L 0.074 0.034 0.024 0.025 0.014 0.022 0.032 0.034 0.013 0.114 0.127 0.072 0.025 0.096 0.055 0.068 0.041 0.007 0.029 0.094
81 C 0.051 0.027 0.028 0.024 0.17 0.021 0.029 0.03 0.124 0.113 0.09 0.03 0.023 0.032 0.017 0.036 0.034 0.006 0.03 0.085
82 K 0.057 0.107 0.041 0.041 0.009 0.053 0.071 0.043 0.021 0.028 0.043 0.28 0.015 0.015 0.028 0.053 0.04 0.005 0.017 0.033
83 I 0.078 0.029 0.034 0.033 0.017 0.023 0.035 0.043 0.014 0.151 0.105 0.039 0.026 0.033 0.022 0.123 0.061 0.006 0.019 0.109
84 L 0.05 0.035 0.034 0.026 0.012 0.023 0.032 0.032 0.027 0.089 0.102 0.072 0.022 0.098 0.053 0.059 0.037 0.046 0.072 0.079
85 G 0.07 0.102 0.029 0.054 0.047 0.027 0.037 0.106 0.019 0.045 0.097 0.072 0.025 0.049 0.018 0.041 0.033 0.009 0.067 0.054
86 K 0.095 0.071 0.094 0.042 0.011 0.032 0.051 0.083 0.018 0.047 0.047 0.108 0.014 0.018 0.094 0.069 0.042 0.005 0.015 0.044
87 K 0.055 0.079 0.033 0.032 0.012 0.065 0.05 0.035 0.018 0.065 0.074 0.129 0.02 0.052 0.021 0.057 0.093 0.007 0.03 0.072
88 K 0.054 0.122 0.03 0.029 0.012 0.037 0.047 0.033 0.016 0.071 0.129 0.149 0.025 0.027 0.021 0.041 0.039 0.006 0.019 0.094
89 F 0.041 0.046 0.091 0.039 0.009 0.029 0.042 0.039 0.09 0.039 0.067 0.085 0.018 0.171 0.017 0.043 0.033 0.01 0.053 0.038
90 I 0.047 0.018 0.015 0.018 0.016 0.013 0.018 0.021 0.009 0.268 0.169 0.024 0.037 0.044 0.015 0.025 0.04 0.006 0.021 0.177
91 Q 0.056 0.074 0.044 0.047 0.009 0.212 0.103 0.041 0.03 0.027 0.047 0.092 0.021 0.015 0.024 0.056 0.041 0.006 0.021 0.035
92 G 0.07 0.159 0.041 0.035 0.011 0.033 0.041 0.233 0.018 0.022 0.038 0.071 0.013 0.017 0.021 0.084 0.042 0.005 0.015 0.03
93 L 0.052 0.045 0.088 0.038 0.013 0.028 0.039 0.038 0.017 0.099 0.138 0.087 0.026 0.031 0.021 0.052 0.084 0.006 0.018 0.08
94 D 0.048 0.032 0.104 0.189 0.011 0.027 0.057 0.044 0.018 0.047 0.107 0.042 0.02 0.025 0.021 0.057 0.082 0.005 0.015 0.048
95 V 0.089 0.031 0.035 0.033 0.018 0.025 0.038 0.045 0.014 0.097 0.086 0.04 0.024 0.028 0.023 0.129 0.065 0.005 0.019 0.158
96 D 0.041 0.03 0.069 0.395 0.008 0.03 0.092 0.047 0.019 0.022 0.028 0.045 0.009 0.015 0.022 0.052 0.036 0.004 0.011 0.024
97 K 0.048 0.085 0.032 0.035 0.009 0.052 0.077 0.032 0.054 0.042 0.076 0.122 0.018 0.039 0.056 0.041 0.034 0.009 0.081 0.057
98 Y 0.044 0.023 0.018 0.018 0.013 0.018 0.023 0.023 0.028 0.158 0.118 0.027 0.028 0.087 0.015 0.028 0.034 0.017 0.17 0.112
99 G 0.057 0.038 0.08 0.048 0.011 0.064 0.106 0.133 0.019 0.055 0.077 0.05 0.018 0.021 0.02 0.055 0.056 0.005 0.016 0.07
100 P 0.051 0.046 0.093 0.043 0.009 0.051 0.056 0.091 0.019 0.024 0.037 0.09 0.012 0.019 0.169 0.049 0.036 0.055 0.02 0.029
101 N 0.043 0.045 0.314 0.083 0.009 0.034 0.05 0.065 0.032 0.023 0.032 0.054 0.011 0.018 0.02 0.07 0.05 0.005 0.016 0.027
102 I 0.048 0.029 0.12 0.039 0.013 0.022 0.03 0.036 0.022 0.136 0.098 0.035 0.024 0.048 0.017 0.042 0.042 0.009 0.07 0.121
103 C 0.052 0.067 0.054 0.036 0.088 0.031 0.068 0.034 0.044 0.067 0.087 0.086 0.019 0.024 0.045 0.045 0.056 0.005 0.019 0.072
104 V 0.054 0.059 0.056 0.061 0.012 0.058 0.045 0.035 0.021 0.065 0.069 0.047 0.02 0.065 0.019 0.063 0.076 0.009 0.071 0.096
105 D 0.062 0.039 0.045 0.167 0.01 0.034 0.106 0.042 0.038 0.046 0.044 0.073 0.014 0.02 0.059 0.08 0.051 0.005 0.022 0.041
106 L 0.042 0.027 0.052 0.114 0.012 0.022 0.054 0.03 0.016 0.087 0.191 0.037 0.028 0.068 0.016 0.035 0.034 0.008 0.046 0.082
107 K 0.056 0.13 0.037 0.042 0.01 0.068 0.097 0.037 0.02 0.035 0.047 0.133 0.016 0.017 0.059 0.065 0.058 0.005 0.016 0.054
108 L 0.07 0.09 0.026 0.033 0.012 0.032 0.08 0.032 0.015 0.065 0.133 0.09 0.023 0.026 0.092 0.041 0.036 0.005 0.017 0.082
109 I 0.044 0.025 0.016 0.018 0.014 0.017 0.022 0.021 0.012 0.217 0.21 0.045 0.039 0.048 0.015 0.026 0.035 0.007 0.044 0.125
110 E 0.052 0.06 0.057 0.073 0.011 0.049 0.107 0.035 0.02 0.075 0.077 0.052 0.019 0.029 0.056 0.062 0.057 0.006 0.041 0.062
111 I 0.051 0.019 0.016 0.018 0.015 0.014 0.02 0.022 0.009 0.233 0.155 0.025 0.032 0.037 0.051 0.029 0.048 0.005 0.019 0.183
112 D 0.078 0.067 0.07 0.155 0.011 0.065 0.065 0.048 0.02 0.025 0.037 0.076 0.013 0.016 0.059 0.099 0.045 0.004 0.015 0.032
113 P 0.068 0.091 0.062 0.034 0.01 0.03 0.041 0.039 0.04 0.033 0.051 0.089 0.015 0.062 0.093 0.051 0.071 0.009 0.071 0.04
114 W 0.045 0.028 0.021 0.021 0.011 0.019 0.027 0.031 0.016 0.082 0.074 0.047 0.019 0.076 0.014 0.054 0.043 0.23 0.067 0.074
115 K 0.072 0.072 0.031 0.032 0.011 0.037 0.05 0.037 0.016 0.08 0.069 0.218 0.019 0.05 0.022 0.045 0.038 0.006 0.022 0.074
116 L 0.045 0.021 0.039 0.02 0.015 0.016 0.02 0.023 0.011 0.209 0.221 0.026 0.049 0.042 0.014 0.027 0.037 0.006 0.02 0.139
117 I 0.092 0.022 0.02 0.048 0.014 0.017 0.027 0.031 0.016 0.155 0.135 0.028 0.027 0.084 0.016 0.036 0.036 0.009 0.073 0.114
118 L 0.074 0.024 0.022 0.022 0.014 0.018 0.026 0.068 0.015 0.091 0.176 0.029 0.032 0.111 0.016 0.066 0.039 0.009 0.054 0.093
119 V 0.072 0.022 0.022 0.022 0.017 0.017 0.024 0.147 0.009 0.127 0.104 0.028 0.026 0.031 0.017 0.037 0.044 0.005 0.018 0.212
120 I 0.047 0.018 0.015 0.018 0.016 0.013 0.018 0.02 0.009 0.277 0.167 0.023 0.037 0.044 0.015 0.025 0.039 0.006 0.02 0.175
121 L 0.092 0.024 0.018 0.019 0.016 0.018 0.024 0.031 0.011 0.103 0.216 0.028 0.046 0.066 0.017 0.039 0.056 0.007 0.024 0.146
122 I 0.07 0.019 0.015 0.017 0.016 0.014 0.02 0.024 0.009 0.229 0.178 0.024 0.034 0.039 0.015 0.029 0.039 0.006 0.019 0.183
123 L 0.092 0.023 0.019 0.02 0.052 0.017 0.024 0.032 0.011 0.148 0.175 0.028 0.043 0.05 0.017 0.047 0.059 0.006 0.021 0.116
124 L 0.042 0.02 0.014 0.016 0.014 0.013 0.018 0.021 0.011 0.141 0.226 0.021 0.034 0.172 0.013 0.024 0.032 0.009 0.041 0.119
125 N 0.046 0.038 0.181 0.154 0.044 0.048 0.091 0.084 0.023 0.022 0.032 0.05 0.011 0.016 0.02 0.056 0.039 0.004 0.014 0.028
126 L 0.084 0.021 0.016 0.017 0.015 0.015 0.021 0.028 0.013 0.165 0.225 0.026 0.034 0.075 0.015 0.032 0.035 0.008 0.048 0.107
127 L 0.051 0.02 0.016 0.017 0.015 0.014 0.02 0.058 0.009 0.155 0.209 0.024 0.034 0.078 0.014 0.027 0.036 0.007 0.025 0.17
128 I 0.058 0.024 0.024 0.024 0.016 0.019 0.026 0.029 0.01 0.176 0.118 0.031 0.041 0.033 0.019 0.052 0.126 0.006 0.019 0.151
129 L 0.071 0.023 0.019 0.02 0.016 0.017 0.023 0.027 0.01 0.16 0.207 0.028 0.046 0.039 0.017 0.038 0.074 0.006 0.019 0.138
130 F 0.061 0.021 0.017 0.017 0.013 0.015 0.022 0.027 0.019 0.104 0.145 0.024 0.027 0.187 0.014 0.033 0.031 0.014 0.117 0.091
131 L 0.038 0.021 0.014 0.015 0.013 0.014 0.019 0.022 0.011 0.101 0.279 0.022 0.036 0.132 0.012 0.023 0.029 0.083 0.04 0.078
132 Y 0.038 0.026 0.02 0.017 0.009 0.02 0.026 0.023 0.041 0.046 0.089 0.029 0.02 0.117 0.014 0.029 0.027 0.025 0.337 0.047
133 F 0.06 0.08 0.022 0.021 0.011 0.022 0.03 0.029 0.024 0.067 0.103 0.059 0.022 0.168 0.015 0.034 0.03 0.014 0.135 0.056
134 K 0.05 0.143 0.035 0.034 0.01 0.073 0.057 0.035 0.026 0.038 0.097 0.175 0.02 0.021 0.022 0.047 0.054 0.005 0.018 0.041
135 E 0.058 0.052 0.042 0.097 0.008 0.052 0.242 0.039 0.022 0.022 0.035 0.102 0.013 0.016 0.025 0.082 0.041 0.005 0.015 0.03
136 I 0.07 0.019 0.015 0.018 0.016 0.015 0.02 0.024 0.009 0.247 0.144 0.025 0.045 0.038 0.015 0.03 0.04 0.006 0.019 0.185
137 R 0.048 0.127 0.051 0.029 0.011 0.047 0.042 0.031 0.033 0.075 0.071 0.086 0.02 0.041 0.018 0.039 0.036 0.009 0.082 0.103
138 R 0.07 0.173 0.062 0.038 0.01 0.055 0.053 0.044 0.023 0.026 0.043 0.112 0.015 0.024 0.022 0.103 0.046 0.007 0.041 0.034
139 L 0.046 0.02 0.014 0.015 0.016 0.014 0.018 0.02 0.009 0.197 0.272 0.023 0.039 0.045 0.014 0.024 0.036 0.006 0.02 0.152
140 A 0.195 0.028 0.026 0.027 0.019 0.022 0.034 0.053 0.012 0.077 0.075 0.037 0.021 0.025 0.024 0.091 0.069 0.005 0.017 0.144
141 G 0.135 0.027 0.031 0.03 0.015 0.022 0.032 0.191 0.013 0.053 0.123 0.036 0.021 0.026 0.021 0.098 0.05 0.005 0.016 0.055
142 L 0.056 0.033 0.027 0.027 0.013 0.061 0.039 0.033 0.019 0.091 0.124 0.04 0.026 0.12 0.017 0.073 0.042 0.01 0.063 0.088
143 G 0.142 0.027 0.043 0.06 0.013 0.022 0.036 0.229 0.027 0.034 0.067 0.037 0.015 0.028 0.021 0.073 0.038 0.007 0.04 0.042
144 G 0.068 0.023 0.062 0.064 0.01 0.019 0.03 0.472 0.014 0.018 0.027 0.034 0.009 0.015 0.018 0.049 0.029 0.005 0.01 0.023
145 L 0.052 0.032 0.02 0.02 0.016 0.028 0.028 0.028 0.016 0.101 0.198 0.036 0.157 0.048 0.016 0.036 0.04 0.008 0.024 0.093
146 T 0.073 0.036 0.044 0.038 0.018 0.028 0.04 0.044 0.014 0.054 0.065 0.046 0.02 0.024 0.028 0.093 0.244 0.006 0.018 0.071
147 Y 0.06 0.058 0.081 0.051 0.011 0.027 0.04 0.042 0.028 0.037 0.073 0.045 0.017 0.058 0.02 0.113 0.046 0.013 0.14 0.041
148 S 0.066 0.028 0.034 0.059 0.015 0.022 0.036 0.048 0.016 0.089 0.098 0.036 0.022 0.062 0.021 0.109 0.098 0.007 0.046 0.088
149 W 0.036 0.034 0.166 0.049 0.008 0.024 0.036 0.048 0.023 0.026 0.042 0.038 0.013 0.039 0.014 0.046 0.036 0.249 0.042 0.029
150 D 0.049 0.045 0.039 0.137 0.01 0.034 0.09 0.037 0.017 0.042 0.105 0.093 0.019 0.022 0.118 0.045 0.036 0.005 0.015 0.042
151 G 0.09 0.025 0.035 0.031 0.012 0.02 0.029 0.33 0.014 0.029 0.044 0.034 0.013 0.075 0.019 0.081 0.055 0.007 0.022 0.035
152 Y 0.041 0.028 0.022 0.019 0.009 0.022 0.028 0.025 0.047 0.044 0.069 0.031 0.019 0.131 0.016 0.031 0.028 0.028 0.315 0.047
153 S 0.11 0.035 0.042 0.097 0.014 0.046 0.073 0.051 0.018 0.036 0.071 0.048 0.017 0.049 0.024 0.145 0.053 0.006 0.021 0.044
154 N 0.06 0.038 0.228 0.063 0.011 0.029 0.043 0.157 0.024 0.022 0.031 0.047 0.011 0.017 0.021 0.101 0.049 0.005 0.014 0.028
155 L 0.045 0.021 0.015 0.016 0.015 0.016 0.02 0.021 0.012 0.187 0.224 0.025 0.062 0.061 0.014 0.026 0.035 0.008 0.046 0.131
156 T 0.072 0.035 0.043 0.037 0.018 0.027 0.039 0.043 0.014 0.053 0.065 0.045 0.02 0.024 0.027 0.092 0.252 0.006 0.018 0.07
157 D 0.041 0.03 0.068 0.402 0.007 0.03 0.091 0.046 0.019 0.022 0.028 0.044 0.009 0.015 0.022 0.052 0.035 0.004 0.011 0.024
158 L 0.044 0.024 0.014 0.015 0.016 0.016 0.02 0.021 0.01 0.115 0.38 0.025 0.049 0.054 0.014 0.024 0.033 0.007 0.022 0.095
159 L 0.043 0.033 0.022 0.023 0.012 0.07 0.037 0.027 0.017 0.087 0.163 0.038 0.081 0.148 0.015 0.033 0.033 0.009 0.039 0.071
160 W 0.073 0.033 0.029 0.027 0.012 0.056 0.04 0.038 0.043 0.048 0.058 0.04 0.018 0.035 0.017 0.073 0.057 0.191 0.037 0.076
161 F 0.104 0.034 0.087 0.038 0.012 0.027 0.058 0.044 0.074 0.044 0.062 0.048 0.017 0.116 0.019 0.049 0.036 0.009 0.06 0.061
162 Y 0.037 0.023 0.018 0.017 0.01 0.017 0.023 0.023 0.033 0.084 0.087 0.026 0.021 0.176 0.013 0.027 0.027 0.021 0.253 0.063
163 R 0.043 0.346 0.037 0.03 0.007 0.046 0.051 0.032 0.021 0.022 0.043 0.143 0.014 0.016 0.019 0.043 0.033 0.005 0.016 0.029
164 N 0.046 0.123 0.148 0.048 0.009 0.033 0.061 0.077 0.025 0.038 0.054 0.061 0.028 0.031 0.018 0.049 0.038 0.007 0.053 0.053
165 L 0.089 0.027 0.069 0.029 0.015 0.021 0.029 0.038 0.016 0.103 0.128 0.033 0.038 0.066 0.018 0.06 0.043 0.008 0.047 0.123
166 Y 0.041 0.028 0.022 0.019 0.009 0.022 0.028 0.025 0.047 0.044 0.069 0.031 0.019 0.131 0.016 0.031 0.028 0.028 0.315 0.047
167 G 0.079 0.023 0.039 0.034 0.011 0.019 0.026 0.508 0.014 0.019 0.028 0.034 0.009 0.016 0.019 0.051 0.03 0.005 0.011 0.024
168 G 0.079 0.023 0.039 0.034 0.011 0.019 0.026 0.508 0.014 0.019 0.028 0.034 0.009 0.016 0.019 0.051 0.03 0.005 0.011 0.024
169 L 0.045 0.024 0.014 0.015 0.016 0.016 0.02 0.021 0.01 0.116 0.373 0.025 0.05 0.055 0.014 0.024 0.034 0.007 0.022 0.097
170 T 0.091 0.028 0.035 0.032 0.015 0.022 0.032 0.157 0.013 0.069 0.063 0.038 0.018 0.023 0.023 0.082 0.158 0.005 0.016 0.081
171 I 0.052 0.019 0.015 0.018 0.017 0.014 0.019 0.021 0.009 0.251 0.157 0.024 0.035 0.042 0.015 0.027 0.042 0.006 0.02 0.2
172 N 0.106 0.037 0.186 0.15 0.012 0.03 0.057 0.063 0.024 0.027 0.037 0.049 0.012 0.018 0.023 0.068 0.045 0.004 0.015 0.036
173 S 0.108 0.041 0.057 0.043 0.015 0.048 0.051 0.057 0.021 0.029 0.043 0.062 0.015 0.027 0.026 0.203 0.065 0.007 0.043 0.04
174 Y 0.04 0.028 0.021 0.022 0.01 0.023 0.049 0.024 0.035 0.054 0.125 0.032 0.037 0.097 0.015 0.03 0.029 0.02 0.256 0.053
175 A 0.131 0.047 0.04 0.053 0.014 0.088 0.126 0.054 0.022 0.03 0.045 0.065 0.016 0.018 0.027 0.107 0.051 0.005 0.018 0.043
176 G 0.068 0.031 0.097 0.043 0.011 0.025 0.035 0.239 0.024 0.026 0.039 0.04 0.013 0.039 0.02 0.088 0.043 0.009 0.078 0.032
177 E 0.073 0.051 0.061 0.056 0.009 0.061 0.162 0.078 0.05 0.03 0.066 0.098 0.016 0.019 0.022 0.051 0.036 0.005 0.019 0.036
178 G 0.083 0.026 0.053 0.133 0.012 0.022 0.044 0.222 0.014 0.043 0.046 0.037 0.013 0.019 0.02 0.067 0.056 0.005 0.013 0.072
179 E 0.055 0.032 0.054 0.074 0.012 0.032 0.121 0.033 0.016 0.106 0.1 0.043 0.022 0.027 0.02 0.06 0.059 0.005 0.017 0.112
180 A 0.287 0.031 0.026 0.03 0.022 0.026 0.041 0.079 0.015 0.043 0.06 0.045 0.018 0.022 0.03 0.085 0.05 0.005 0.018 0.069
181 E 0.114 0.033 0.045 0.051 0.014 0.033 0.121 0.041 0.017 0.074 0.119 0.045 0.035 0.027 0.021 0.065 0.041 0.005 0.017 0.08
182 G 0.069 0.057 0.061 0.04 0.013 0.029 0.058 0.15 0.016 0.054 0.059 0.047 0.029 0.022 0.022 0.102 0.099 0.005 0.016 0.051
183 L 0.052 0.021 0.017 0.017 0.016 0.015 0.021 0.023 0.01 0.147 0.191 0.024 0.033 0.094 0.015 0.031 0.056 0.007 0.029 0.183
184 N 0.068 0.061 0.156 0.053 0.012 0.029 0.043 0.126 0.021 0.023 0.034 0.051 0.012 0.017 0.058 0.133 0.053 0.005 0.015 0.03
185 G 0.109 0.027 0.035 0.032 0.013 0.022 0.032 0.261 0.013 0.029 0.04 0.038 0.012 0.017 0.094 0.076 0.092 0.005 0.013 0.04
186 L 0.055 0.036 0.024 0.024 0.014 0.023 0.031 0.03 0.013 0.098 0.205 0.072 0.044 0.048 0.018 0.061 0.058 0.025 0.023 0.1
187 I 0.047 0.02 0.015 0.016 0.016 0.015 0.019 0.021 0.009 0.218 0.211 0.024 0.062 0.043 0.014 0.026 0.037 0.006 0.02 0.159
188 N 0.073 0.113 0.18 0.053 0.011 0.033 0.044 0.07 0.023 0.027 0.04 0.061 0.013 0.018 0.021 0.083 0.081 0.005 0.015 0.036
189 Q 0.047 0.043 0.028 0.033 0.011 0.125 0.075 0.029 0.021 0.09 0.124 0.053 0.026 0.067 0.018 0.039 0.035 0.008 0.049 0.078
190 L 0.04 0.022 0.015 0.015 0.014 0.015 0.02 0.022 0.012 0.092 0.294 0.023 0.064 0.158 0.013 0.025 0.03 0.009 0.039 0.078
191 L 0.062 0.024 0.022 0.022 0.016 0.018 0.025 0.028 0.01 0.145 0.195 0.029 0.032 0.037 0.018 0.053 0.095 0.006 0.019 0.146
192 K 0.05 0.189 0.038 0.036 0.008 0.049 0.061 0.037 0.02 0.025 0.041 0.259 0.014 0.015 0.023 0.047 0.036 0.005 0.016 0.03
193 I 0.043 0.02 0.016 0.017 0.014 0.014 0.019 0.022 0.011 0.199 0.18 0.023 0.046 0.124 0.014 0.027 0.046 0.008 0.033 0.124
194 V 0.065 0.023 0.022 0.022 0.053 0.018 0.025 0.029 0.009 0.141 0.105 0.029 0.026 0.03 0.018 0.058 0.094 0.005 0.018 0.208
195 D 0.069 0.041 0.064 0.157 0.01 0.034 0.097 0.041 0.02 0.036 0.044 0.085 0.014 0.024 0.058 0.052 0.055 0.006 0.039 0.054
196 A 0.203 0.026 0.025 0.026 0.018 0.021 0.032 0.125 0.012 0.08 0.072 0.036 0.019 0.024 0.023 0.074 0.045 0.005 0.016 0.118
197 T 0.088 0.029 0.033 0.031 0.051 0.022 0.033 0.043 0.014 0.067 0.093 0.037 0.021 0.082 0.022 0.117 0.12 0.007 0.026 0.064
198 G 0.167 0.025 0.032 0.03 0.014 0.02 0.03 0.339 0.013 0.028 0.039 0.036 0.012 0.017 0.022 0.062 0.054 0.005 0.013 0.041
199 Y 0.037 0.024 0.019 0.017 0.01 0.017 0.023 0.023 0.033 0.052 0.107 0.026 0.022 0.197 0.013 0.027 0.026 0.022 0.257 0.05
200 V 0.054 0.019 0.015 0.016 0.016 0.014 0.019 0.021 0.008 0.226 0.159 0.023 0.033 0.038 0.015 0.027 0.041 0.005 0.019 0.231
201 F 0.093 0.024 0.025 0.024 0.049 0.017 0.028 0.039 0.017 0.047 0.079 0.029 0.02 0.23 0.017 0.086 0.039 0.012 0.074 0.05
202 L 0.116 0.025 0.025 0.024 0.015 0.02 0.027 0.146 0.012 0.095 0.151 0.032 0.038 0.031 0.019 0.05 0.073 0.006 0.017 0.077
203 F 0.034 0.021 0.018 0.017 0.009 0.014 0.021 0.024 0.028 0.051 0.089 0.023 0.021 0.296 0.012 0.026 0.025 0.02 0.203 0.048
204 I 0.079 0.024 0.025 0.025 0.016 0.019 0.027 0.033 0.011 0.177 0.109 0.032 0.026 0.032 0.019 0.064 0.116 0.005 0.018 0.142
205 F 0.039 0.02 0.016 0.016 0.012 0.012 0.019 0.059 0.013 0.091 0.208 0.021 0.031 0.244 0.012 0.025 0.028 0.011 0.053 0.07
206 I 0.045 0.021 0.015 0.017 0.015 0.016 0.019 0.021 0.01 0.243 0.183 0.025 0.084 0.043 0.014 0.026 0.037 0.006 0.02 0.139
207 N 0.043 0.089 0.218 0.055 0.045 0.048 0.045 0.048 0.027 0.03 0.048 0.057 0.027 0.026 0.018 0.054 0.041 0.006 0.04 0.034
208 N 0.041 0.042 0.338 0.078 0.008 0.034 0.067 0.059 0.029 0.021 0.03 0.052 0.011 0.017 0.019 0.064 0.045 0.004 0.015 0.026
209 L 0.048 0.049 0.02 0.019 0.013 0.019 0.025 0.026 0.018 0.111 0.148 0.033 0.04 0.118 0.015 0.045 0.036 0.011 0.095 0.11
210 L 0.046 0.019 0.014 0.016 0.015 0.013 0.018 0.021 0.01 0.188 0.204 0.022 0.034 0.108 0.013 0.025 0.035 0.007 0.031 0.16
211 I 0.096 0.027 0.029 0.059 0.05 0.023 0.055 0.039 0.018 0.116 0.081 0.036 0.021 0.04 0.02 0.077 0.06 0.008 0.066 0.081
212 K 0.081 0.092 0.039 0.036 0.011 0.04 0.054 0.044 0.049 0.03 0.045 0.178 0.015 0.026 0.024 0.086 0.062 0.007 0.046 0.038
213 K 0.059 0.109 0.069 0.102 0.01 0.04 0.085 0.052 0.047 0.024 0.037 0.113 0.013 0.017 0.023 0.102 0.045 0.005 0.018 0.03
214 E 0.055 0.05 0.041 0.091 0.007 0.065 0.294 0.035 0.026 0.022 0.037 0.076 0.013 0.017 0.026 0.055 0.037 0.006 0.017 0.031
215 N 0.043 0.045 0.314 0.083 0.009 0.034 0.05 0.065 0.032 0.023 0.032 0.054 0.011 0.018 0.02 0.07 0.05 0.005 0.016 0.027
216 K 0.074 0.05 0.036 0.067 0.011 0.032 0.048 0.038 0.085 0.076 0.065 0.112 0.019 0.033 0.021 0.048 0.058 0.007 0.054 0.065
217 R 0.072 0.142 0.061 0.066 0.009 0.054 0.056 0.078 0.02 0.024 0.039 0.14 0.014 0.016 0.058 0.061 0.038 0.005 0.015 0.032
218 I 0.047 0.104 0.025 0.024 0.012 0.04 0.034 0.028 0.017 0.11 0.109 0.049 0.024 0.066 0.016 0.039 0.071 0.045 0.051 0.091
219 L 0.045 0.024 0.014 0.015 0.016 0.016 0.02 0.021 0.01 0.116 0.375 0.025 0.05 0.055 0.014 0.024 0.033 0.007 0.022 0.096
220 R 0.051 0.226 0.04 0.036 0.008 0.051 0.062 0.038 0.022 0.025 0.045 0.199 0.016 0.016 0.024 0.049 0.037 0.006 0.017 0.032
221 V 0.07 0.022 0.017 0.018 0.019 0.017 0.023 0.025 0.008 0.165 0.13 0.026 0.032 0.036 0.017 0.033 0.049 0.006 0.021 0.268
222 L 0.057 0.023 0.015 0.017 0.018 0.016 0.022 0.023 0.009 0.14 0.253 0.026 0.041 0.045 0.015 0.029 0.041 0.006 0.021 0.182
223 K 0.063 0.091 0.038 0.036 0.049 0.055 0.055 0.043 0.019 0.028 0.043 0.17 0.015 0.019 0.039 0.095 0.045 0.045 0.02 0.034
224 K 0.056 0.159 0.037 0.034 0.01 0.061 0.055 0.038 0.02 0.036 0.052 0.159 0.017 0.046 0.022 0.076 0.041 0.006 0.022 0.054
225 N 0.041 0.061 0.178 0.136 0.009 0.045 0.053 0.045 0.027 0.045 0.045 0.05 0.014 0.033 0.019 0.051 0.038 0.007 0.064 0.038
226 L 0.051 0.024 0.018 0.019 0.05 0.033 0.025 0.061 0.013 0.118 0.18 0.028 0.03 0.079 0.015 0.03 0.035 0.008 0.049 0.135
227 L 0.055 0.057 0.023 0.026 0.013 0.025 0.05 0.064 0.015 0.097 0.201 0.058 0.043 0.042 0.017 0.037 0.052 0.007 0.043 0.075
228 L 0.041 0.026 0.041 0.02 0.012 0.019 0.024 0.025 0.024 0.077 0.246 0.028 0.046 0.074 0.014 0.029 0.031 0.014 0.142 0.069
229 L 0.068 0.022 0.015 0.016 0.052 0.016 0.02 0.025 0.01 0.138 0.27 0.025 0.05 0.042 0.015 0.03 0.036 0.006 0.02 0.125
230 I 0.054 0.018 0.014 0.017 0.016 0.014 0.019 0.021 0.008 0.251 0.164 0.023 0.034 0.039 0.014 0.026 0.04 0.005 0.019 0.203
231 P 0.048 0.024 0.044 0.029 0.011 0.018 0.03 0.032 0.013 0.059 0.102 0.035 0.018 0.05 0.343 0.038 0.034 0.004 0.019 0.049
232 I 0.072 0.02 0.015 0.017 0.016 0.015 0.02 0.025 0.009 0.204 0.16 0.024 0.032 0.054 0.015 0.03 0.04 0.006 0.022 0.203
233 L 0.09 0.022 0.019 0.02 0.015 0.016 0.023 0.091 0.012 0.114 0.149 0.027 0.04 0.118 0.016 0.036 0.035 0.008 0.032 0.118
234 L 0.043 0.022 0.014 0.015 0.015 0.015 0.019 0.02 0.01 0.152 0.344 0.024 0.056 0.049 0.014 0.024 0.033 0.006 0.021 0.106
235 F 0.055 0.026 0.028 0.026 0.012 0.019 0.029 0.036 0.02 0.047 0.078 0.031 0.02 0.238 0.017 0.099 0.059 0.013 0.099 0.048
236 I 0.092 0.022 0.019 0.02 0.016 0.017 0.024 0.031 0.011 0.185 0.146 0.028 0.043 0.064 0.017 0.051 0.041 0.006 0.024 0.144
237 L 0.069 0.023 0.018 0.019 0.015 0.018 0.024 0.028 0.015 0.144 0.2 0.028 0.045 0.062 0.016 0.047 0.038 0.009 0.07 0.113
238 P 0.052 0.059 0.032 0.035 0.009 0.099 0.06 0.036 0.021 0.031 0.052 0.133 0.029 0.023 0.166 0.045 0.036 0.006 0.041 0.036
239 T 0.092 0.03 0.057 0.034 0.052 0.023 0.035 0.08 0.014 0.062 0.064 0.038 0.018 0.023 0.022 0.106 0.122 0.005 0.016 0.107
240 L 0.049 0.023 0.018 0.019 0.015 0.016 0.022 0.025 0.01 0.143 0.265 0.026 0.037 0.07 0.015 0.046 0.055 0.007 0.024 0.114
241 L 0.043 0.023 0.015 0.016 0.014 0.017 0.02 0.022 0.012 0.133 0.261 0.025 0.089 0.101 0.013 0.026 0.033 0.008 0.03 0.096
242 G 0.087 0.059 0.035 0.032 0.013 0.026 0.035 0.186 0.014 0.041 0.096 0.063 0.018 0.023 0.022 0.086 0.095 0.005 0.015 0.048
243 G 0.134 0.025 0.036 0.033 0.013 0.021 0.031 0.373 0.014 0.024 0.035 0.036 0.011 0.017 0.021 0.086 0.039 0.005 0.012 0.034
244 G 0.071 0.023 0.06 0.035 0.01 0.019 0.026 0.507 0.014 0.018 0.027 0.033 0.009 0.015 0.018 0.049 0.029 0.005 0.01 0.023
245 R 0.042 0.387 0.036 0.029 0.007 0.045 0.049 0.031 0.022 0.022 0.043 0.112 0.014 0.016 0.018 0.042 0.033 0.005 0.016 0.029
246 Q 0.056 0.041 0.056 0.036 0.012 0.101 0.052 0.073 0.021 0.049 0.092 0.051 0.021 0.058 0.02 0.065 0.076 0.008 0.047 0.065
247 D 0.05 0.037 0.07 0.189 0.009 0.065 0.106 0.077 0.019 0.026 0.036 0.052 0.012 0.015 0.058 0.056 0.072 0.004 0.014 0.032
248 L 0.046 0.02 0.014 0.016 0.016 0.014 0.018 0.02 0.009 0.205 0.263 0.023 0.039 0.044 0.014 0.024 0.036 0.006 0.02 0.155
249 L 0.043 0.022 0.014 0.015 0.015 0.016 0.019 0.021 0.01 0.151 0.327 0.025 0.068 0.048 0.014 0.024 0.033 0.007 0.021 0.106
250 K 0.089 0.155 0.035 0.034 0.01 0.073 0.059 0.041 0.02 0.027 0.045 0.173 0.015 0.019 0.022 0.05 0.036 0.042 0.02 0.035
251 L 0.042 0.023 0.014 0.015 0.015 0.016 0.02 0.021 0.011 0.115 0.338 0.025 0.067 0.05 0.013 0.024 0.032 0.044 0.024 0.09
252 L 0.049 0.021 0.016 0.017 0.015 0.015 0.02 0.059 0.01 0.148 0.209 0.024 0.046 0.096 0.014 0.027 0.035 0.007 0.028 0.144
253 A 0.128 0.026 0.027 0.027 0.053 0.021 0.031 0.045 0.013 0.105 0.084 0.034 0.022 0.055 0.021 0.108 0.051 0.006 0.022 0.121
254 A 0.182 0.028 0.029 0.029 0.016 0.022 0.034 0.126 0.015 0.043 0.066 0.038 0.03 0.079 0.023 0.092 0.062 0.007 0.025 0.055
255 A 0.166 0.026 0.023 0.024 0.052 0.021 0.03 0.047 0.015 0.063 0.124 0.034 0.036 0.064 0.021 0.071 0.047 0.008 0.047 0.082
256 L 0.067 0.021 0.015 0.017 0.016 0.015 0.021 0.025 0.01 0.15 0.205 0.025 0.046 0.092 0.015 0.03 0.037 0.007 0.028 0.158
257 V 0.051 0.019 0.015 0.016 0.016 0.013 0.019 0.021 0.009 0.205 0.154 0.023 0.032 0.09 0.014 0.026 0.039 0.007 0.028 0.205
258 L 0.067 0.03 0.021 0.021 0.014 0.052 0.033 0.028 0.02 0.127 0.134 0.036 0.062 0.053 0.016 0.035 0.037 0.01 0.088 0.117
259 Y 0.069 0.028 0.028 0.026 0.014 0.023 0.031 0.035 0.024 0.086 0.105 0.035 0.04 0.062 0.019 0.086 0.076 0.013 0.133 0.07
260 Y 0.038 0.027 0.043 0.021 0.02 0.021 0.027 0.026 0.042 0.039 0.062 0.03 0.017 0.113 0.015 0.032 0.028 0.024 0.331 0.043
261 I 0.047 0.019 0.015 0.017 0.015 0.014 0.019 0.021 0.011 0.259 0.154 0.024 0.045 0.046 0.014 0.025 0.038 0.007 0.042 0.17
262 L 0.045 0.028 0.02 0.02 0.047 0.049 0.03 0.025 0.014 0.109 0.241 0.033 0.034 0.071 0.015 0.033 0.05 0.008 0.046 0.083
263 W 0.047 0.033 0.024 0.028 0.044 0.069 0.059 0.031 0.018 0.062 0.086 0.04 0.02 0.049 0.015 0.049 0.034 0.18 0.05 0.065
264 H 0.048 0.06 0.062 0.039 0.009 0.079 0.065 0.038 0.146 0.037 0.054 0.125 0.029 0.023 0.021 0.045 0.034 0.006 0.03 0.05
265 R 0.067 0.183 0.034 0.032 0.009 0.097 0.056 0.036 0.026 0.028 0.049 0.079 0.017 0.044 0.02 0.06 0.037 0.009 0.08 0.036
266 K 0.051 0.108 0.035 0.035 0.009 0.052 0.057 0.07 0.018 0.047 0.052 0.235 0.016 0.044 0.023 0.046 0.035 0.006 0.021 0.04
267 N 0.056 0.055 0.123 0.04 0.013 0.025 0.035 0.04 0.021 0.067 0.088 0.043 0.02 0.038 0.018 0.075 0.057 0.008 0.063 0.114
268 G 0.067 0.025 0.079 0.038 0.01 0.02 0.028 0.444 0.021 0.018 0.027 0.035 0.009 0.015 0.043 0.05 0.03 0.005 0.012 0.023
269 W 0.03 0.026 0.016 0.016 0.007 0.017 0.024 0.029 0.015 0.028 0.049 0.041 0.014 0.054 0.008 0.023 0.022 0.491 0.061 0.028
270 N 0.051 0.111 0.16 0.12 0.009 0.034 0.054 0.083 0.023 0.022 0.034 0.078 0.012 0.016 0.021 0.083 0.043 0.005 0.014 0.028
271 Q 0.055 0.073 0.044 0.047 0.009 0.221 0.102 0.041 0.029 0.026 0.047 0.091 0.02 0.015 0.023 0.055 0.041 0.006 0.02 0.035
272 K 0.049 0.136 0.056 0.036 0.009 0.041 0.052 0.071 0.019 0.032 0.069 0.206 0.017 0.045 0.021 0.046 0.035 0.006 0.02 0.035
273 V 0.058 0.04 0.082 0.037 0.013 0.058 0.044 0.038 0.044 0.081 0.071 0.062 0.02 0.031 0.02 0.071 0.061 0.007 0.043 0.119
274 I 0.044 0.03 0.016 0.018 0.014 0.017 0.021 0.021 0.012 0.22 0.196 0.04 0.046 0.047 0.015 0.026 0.035 0.007 0.042 0.131
275 S 0.092 0.042 0.07 0.046 0.015 0.032 0.049 0.059 0.018 0.029 0.041 0.068 0.015 0.019 0.027 0.226 0.091 0.005 0.016 0.04
276 G 0.05 0.03 0.028 0.025 0.011 0.021 0.03 0.133 0.065 0.078 0.101 0.049 0.033 0.081 0.016 0.049 0.032 0.076 0.036 0.057
277 K 0.052 0.117 0.038 0.038 0.008 0.049 0.064 0.039 0.019 0.032 0.043 0.304 0.015 0.015 0.025 0.049 0.037 0.005 0.016 0.034
278 Y 0.041 0.026 0.042 0.021 0.011 0.02 0.025 0.026 0.03 0.075 0.093 0.029 0.046 0.134 0.014 0.031 0.031 0.018 0.211 0.075
279 L 0.043 0.02 0.014 0.016 0.015 0.014 0.018 0.02 0.01 0.21 0.243 0.023 0.055 0.071 0.013 0.024 0.034 0.007 0.024 0.125
280 K 0.074 0.087 0.035 0.032 0.012 0.033 0.044 0.073 0.052 0.055 0.065 0.122 0.03 0.049 0.021 0.065 0.072 0.006 0.024 0.051
281 L 0.047 0.085 0.027 0.051 0.011 0.026 0.037 0.062 0.014 0.122 0.126 0.097 0.024 0.031 0.017 0.035 0.034 0.04 0.02 0.092
282 G 0.112 0.023 0.032 0.03 0.013 0.019 0.027 0.368 0.013 0.048 0.067 0.033 0.015 0.02 0.019 0.064 0.035 0.005 0.013 0.044
283 L 0.042 0.02 0.016 0.017 0.014 0.013 0.019 0.023 0.011 0.147 0.201 0.023 0.033 0.171 0.013 0.028 0.049 0.009 0.041 0.111
284 L 0.091 0.024 0.02 0.021 0.016 0.018 0.025 0.033 0.012 0.116 0.168 0.029 0.042 0.088 0.017 0.054 0.057 0.007 0.028 0.135
285 G 0.088 0.023 0.027 0.026 0.048 0.018 0.026 0.171 0.011 0.119 0.102 0.031 0.022 0.027 0.019 0.072 0.054 0.005 0.016 0.095
286 L 0.062 0.02 0.015 0.016 0.015 0.014 0.02 0.024 0.011 0.143 0.24 0.023 0.035 0.129 0.014 0.028 0.033 0.008 0.034 0.117
287 L 0.081 0.021 0.016 0.019 0.014 0.015 0.023 0.029 0.011 0.134 0.186 0.026 0.03 0.114 0.083 0.033 0.034 0.007 0.031 0.091
288 I 0.086 0.02 0.016 0.018 0.049 0.015 0.021 0.029 0.01 0.179 0.14 0.025 0.032 0.087 0.016 0.035 0.043 0.007 0.027 0.144
289 G 0.082 0.021 0.027 0.025 0.013 0.017 0.023 0.302 0.011 0.089 0.11 0.029 0.02 0.026 0.017 0.041 0.033 0.005 0.014 0.093
290 I 0.061 0.019 0.015 0.017 0.014 0.014 0.019 0.024 0.011 0.205 0.177 0.023 0.045 0.119 0.014 0.028 0.034 0.008 0.032 0.12
291 P 0.053 0.022 0.019 0.023 0.013 0.017 0.027 0.028 0.011 0.076 0.114 0.031 0.021 0.051 0.287 0.035 0.036 0.005 0.02 0.112
292 A 0.169 0.028 0.029 0.029 0.016 0.022 0.033 0.152 0.013 0.049 0.12 0.037 0.021 0.025 0.023 0.088 0.067 0.005 0.016 0.058
293 F 0.032 0.018 0.016 0.016 0.01 0.01 0.018 0.024 0.016 0.059 0.107 0.018 0.024 0.427 0.01 0.024 0.024 0.016 0.083 0.051
294 Y 0.037 0.025 0.02 0.017 0.009 0.019 0.025 0.024 0.04 0.041 0.066 0.028 0.018 0.138 0.014 0.028 0.026 0.059 0.324 0.043
295 Y 0.04 0.023 0.019 0.017 0.011 0.017 0.022 0.057 0.027 0.06 0.157 0.025 0.025 0.165 0.013 0.028 0.027 0.018 0.193 0.055
296 L 0.104 0.029 0.03 0.029 0.016 0.023 0.032 0.11 0.014 0.074 0.144 0.037 0.049 0.03 0.021 0.106 0.064 0.006 0.017 0.067
297 L 0.049 0.048 0.025 0.025 0.013 0.028 0.036 0.029 0.013 0.074 0.241 0.122 0.044 0.036 0.019 0.04 0.067 0.006 0.019 0.068
298 F 0.059 0.034 0.109 0.043 0.01 0.026 0.071 0.039 0.02 0.041 0.068 0.055 0.018 0.198 0.017 0.046 0.05 0.01 0.045 0.042
299 L 0.045 0.022 0.014 0.015 0.015 0.015 0.02 0.021 0.01 0.119 0.33 0.024 0.053 0.071 0.013 0.025 0.033 0.007 0.024 0.124
300 L 0.116 0.023 0.017 0.019 0.017 0.017 0.024 0.033 0.01 0.142 0.204 0.028 0.032 0.037 0.017 0.044 0.04 0.006 0.019 0.154
301 G 0.071 0.044 0.036 0.031 0.01 0.019 0.025 0.512 0.013 0.018 0.027 0.036 0.009 0.015 0.018 0.047 0.028 0.005 0.01 0.023
302 I 0.047 0.018 0.015 0.018 0.016 0.013 0.018 0.021 0.009 0.268 0.169 0.024 0.037 0.044 0.015 0.025 0.04 0.006 0.021 0.177
303 R 0.041 0.367 0.035 0.028 0.007 0.043 0.047 0.03 0.021 0.024 0.047 0.106 0.015 0.042 0.018 0.04 0.032 0.006 0.02 0.03
304 S 0.094 0.039 0.061 0.044 0.015 0.031 0.068 0.071 0.017 0.04 0.049 0.064 0.016 0.02 0.025 0.145 0.118 0.005 0.016 0.062
305 T 0.076 0.034 0.043 0.038 0.016 0.027 0.04 0.046 0.014 0.044 0.055 0.044 0.017 0.021 0.026 0.133 0.243 0.005 0.016 0.059
306 T 0.087 0.041 0.061 0.043 0.015 0.046 0.064 0.047 0.017 0.038 0.05 0.066 0.016 0.02 0.025 0.113 0.176 0.005 0.016 0.052
307 R 0.047 0.278 0.036 0.057 0.009 0.04 0.066 0.032 0.02 0.035 0.07 0.09 0.017 0.019 0.019 0.055 0.036 0.005 0.016 0.051
308 T 0.071 0.033 0.065 0.091 0.014 0.027 0.046 0.063 0.016 0.035 0.045 0.044 0.015 0.019 0.056 0.129 0.162 0.005 0.015 0.047
309 L 0.04 0.02 0.015 0.016 0.013 0.014 0.019 0.022 0.012 0.132 0.212 0.022 0.057 0.19 0.012 0.025 0.031 0.01 0.044 0.095
310 F 0.034 0.019 0.017 0.017 0.011 0.011 0.019 0.026 0.017 0.064 0.115 0.019 0.026 0.384 0.011 0.026 0.026 0.017 0.089 0.055
311 A nan nan nan nan nan nan nan nan nan nan nan nan nan nan nan nan nan nan nan nan
312 A nan nan nan nan nan nan nan nan nan nan nan nan nan nan nan nan nan nan nan nan
313 A nan nan nan nan nan nan nan nan nan nan nan nan nan nan nan nan nan nan nan nan
314 A nan nan nan nan nan nan nan nan nan nan nan nan nan nan nan nan nan nan nan nan
315 A nan nan nan nan nan nan nan nan nan nan nan nan nan nan nan nan nan nan nan nan
316 A nan nan nan nan nan nan nan nan nan nan nan nan nan nan nan nan nan nan nan nan
317 A nan nan nan nan nan nan nan nan nan nan nan nan nan nan nan nan nan nan nan nan
318 A nan nan nan nan nan nan nan nan nan nan nan nan nan nan nan nan nan nan nan nan
319 A nan nan nan nan nan nan nan nan nan nan nan nan nan nan nan nan nan nan nan nan
320 L 0.045 0.024 0.014 0.015 0.016 0.016 0.02 0.021 0.01 0.116 0.373 0.025 0.05 0.055 0.014 0.024 0.034 0.007 0.022 0.097
321 F 0.039 0.019 0.015 0.016 0.013 0.013 0.018 0.022 0.013 0.125 0.18 0.021 0.042 0.237 0.012 0.024 0.03 0.011 0.051 0.099
322 E 0.053 0.041 0.044 0.158 0.009 0.071 0.191 0.038 0.021 0.032 0.041 0.059 0.014 0.017 0.023 0.066 0.054 0.005 0.015 0.049
323 Y 0.058 0.03 0.03 0.026 0.011 0.024 0.033 0.035 0.035 0.037 0.056 0.036 0.017 0.09 0.019 0.106 0.042 0.019 0.256 0.042
