#Seq2Logo.py -f /work3/idamei/wzy_ssn/run/1e-50/run/150/MSAs/0035_20.afa -o /work3/idamei/wzy_ssn/run/1e-50/run/150/logos/0035_20.logo
#Position Specific Frequency Matrix
A R N D C Q E G H I L K M F P S T W Y V
0 L 0.052 0.032 0.02 0.02 0.016 0.028 0.028 0.028 0.016 0.1 0.197 0.036 0.161 0.048 0.016 0.036 0.04 0.008 0.024 0.092
1 G 0.078 0.023 0.039 0.034 0.011 0.019 0.026 0.51 0.014 0.019 0.028 0.034 0.009 0.016 0.019 0.051 0.03 0.005 0.011 0.024
2 S 0.11 0.04 0.054 0.049 0.018 0.033 0.052 0.066 0.019 0.03 0.042 0.054 0.016 0.021 0.03 0.22 0.082 0.005 0.018 0.042
3 Q 0.056 0.074 0.044 0.047 0.009 0.215 0.103 0.041 0.029 0.026 0.047 0.091 0.021 0.015 0.024 0.056 0.041 0.006 0.021 0.035
4 D 0.041 0.03 0.069 0.397 0.008 0.03 0.091 0.047 0.019 0.022 0.028 0.045 0.009 0.015 0.022 0.052 0.035 0.004 0.011 0.024
5 M 0.047 0.029 0.018 0.018 0.014 0.025 0.025 0.025 0.014 0.09 0.177 0.032 0.247 0.043 0.014 0.032 0.036 0.007 0.022 0.083
6 D 0.065 0.03 0.055 0.165 0.011 0.029 0.099 0.062 0.016 0.062 0.078 0.042 0.026 0.021 0.044 0.07 0.057 0.005 0.014 0.049
7 H 0.042 0.046 0.054 0.038 0.008 0.038 0.054 0.038 0.352 0.023 0.038 0.046 0.015 0.031 0.019 0.042 0.027 0.008 0.058 0.023
8 K 0.057 0.108 0.042 0.042 0.009 0.054 0.071 0.043 0.021 0.028 0.043 0.275 0.016 0.016 0.028 0.054 0.04 0.005 0.017 0.033
9 A 0.287 0.031 0.026 0.03 0.022 0.026 0.041 0.079 0.015 0.043 0.06 0.045 0.018 0.022 0.03 0.085 0.05 0.005 0.018 0.069
10 L 0.052 0.032 0.02 0.02 0.016 0.028 0.028 0.028 0.016 0.101 0.198 0.036 0.157 0.048 0.016 0.036 0.04 0.008 0.024 0.093
11 P 0.057 0.026 0.023 0.031 0.01 0.021 0.036 0.036 0.013 0.026 0.036 0.041 0.01 0.013 0.491 0.044 0.036 0.003 0.013 0.031
12 Q 0.056 0.074 0.044 0.047 0.009 0.211 0.103 0.041 0.03 0.027 0.047 0.092 0.021 0.015 0.024 0.056 0.041 0.006 0.021 0.035
13 A 0.287 0.031 0.026 0.03 0.022 0.026 0.041 0.079 0.015 0.043 0.06 0.045 0.018 0.022 0.03 0.085 0.05 0.005 0.018 0.069
14 L 0.045 0.024 0.014 0.015 0.016 0.016 0.02 0.021 0.01 0.116 0.373 0.025 0.05 0.055 0.014 0.024 0.034 0.007 0.022 0.097
15 A 0.287 0.031 0.026 0.03 0.022 0.026 0.041 0.079 0.015 0.043 0.06 0.045 0.018 0.022 0.03 0.085 0.05 0.005 0.018 0.069
16 L 0.045 0.024 0.014 0.015 0.016 0.016 0.02 0.021 0.01 0.116 0.373 0.025 0.05 0.055 0.014 0.024 0.034 0.007 0.022 0.097
17 F 0.034 0.019 0.017 0.017 0.011 0.011 0.019 0.026 0.017 0.064 0.115 0.019 0.026 0.384 0.011 0.026 0.026 0.017 0.089 0.055
18 L 0.045 0.024 0.014 0.015 0.016 0.016 0.02 0.021 0.01 0.116 0.373 0.025 0.05 0.055 0.014 0.024 0.034 0.007 0.022 0.097
19 I 0.047 0.018 0.015 0.018 0.016 0.013 0.018 0.021 0.009 0.268 0.169 0.024 0.037 0.044 0.015 0.025 0.04 0.006 0.021 0.177
20 V 0.07 0.022 0.017 0.018 0.019 0.017 0.023 0.025 0.008 0.165 0.131 0.026 0.032 0.036 0.017 0.033 0.05 0.006 0.021 0.266
21 L 0.052 0.032 0.02 0.02 0.016 0.028 0.028 0.028 0.016 0.101 0.198 0.036 0.157 0.048 0.016 0.036 0.04 0.008 0.024 0.093
22 I 0.047 0.018 0.015 0.018 0.016 0.013 0.018 0.021 0.009 0.268 0.169 0.024 0.037 0.044 0.015 0.025 0.04 0.006 0.021 0.177
23 I 0.047 0.018 0.015 0.018 0.016 0.013 0.018 0.021 0.009 0.268 0.169 0.024 0.037 0.044 0.015 0.025 0.04 0.006 0.021 0.177
24 A 0.287 0.031 0.026 0.03 0.022 0.026 0.041 0.079 0.015 0.043 0.06 0.045 0.018 0.022 0.03 0.085 0.05 0.005 0.018 0.069
25 T 0.073 0.036 0.044 0.038 0.018 0.028 0.04 0.044 0.014 0.054 0.065 0.046 0.02 0.024 0.028 0.093 0.243 0.006 0.018 0.071
26 L 0.045 0.024 0.014 0.015 0.016 0.016 0.02 0.021 0.01 0.116 0.373 0.025 0.05 0.055 0.014 0.024 0.034 0.007 0.022 0.097
27 I 0.047 0.018 0.015 0.018 0.016 0.013 0.018 0.021 0.009 0.268 0.169 0.024 0.037 0.044 0.015 0.025 0.04 0.006 0.021 0.177
28 Q 0.056 0.074 0.044 0.047 0.009 0.211 0.103 0.041 0.03 0.027 0.047 0.092 0.021 0.015 0.024 0.056 0.041 0.006 0.021 0.035
29 Q 0.056 0.074 0.044 0.047 0.009 0.211 0.103 0.041 0.03 0.027 0.047 0.092 0.021 0.015 0.024 0.056 0.041 0.006 0.021 0.035
30 H 0.042 0.046 0.054 0.038 0.008 0.038 0.054 0.038 0.352 0.023 0.038 0.046 0.015 0.031 0.019 0.042 0.027 0.008 0.058 0.023
31 L 0.045 0.024 0.014 0.015 0.016 0.016 0.02 0.021 0.01 0.116 0.373 0.025 0.05 0.055 0.014 0.024 0.034 0.007 0.022 0.097
32 I 0.047 0.018 0.015 0.018 0.016 0.013 0.018 0.021 0.009 0.268 0.169 0.024 0.037 0.044 0.015 0.025 0.04 0.006 0.021 0.177
33 S 0.11 0.04 0.054 0.049 0.018 0.033 0.053 0.067 0.019 0.03 0.042 0.054 0.016 0.021 0.03 0.217 0.082 0.005 0.018 0.042
34 G 0.079 0.023 0.039 0.034 0.011 0.019 0.026 0.508 0.014 0.019 0.028 0.034 0.009 0.016 0.019 0.052 0.03 0.005 0.011 0.024
35 S 0.11 0.04 0.054 0.049 0.018 0.033 0.053 0.067 0.019 0.03 0.042 0.054 0.016 0.021 0.03 0.217 0.082 0.005 0.018 0.042
36 P 0.057 0.026 0.023 0.031 0.01 0.021 0.036 0.036 0.013 0.026 0.036 0.041 0.01 0.013 0.491 0.044 0.036 0.003 0.013 0.031
37 V 0.07 0.022 0.017 0.018 0.019 0.017 0.023 0.025 0.008 0.165 0.131 0.026 0.032 0.036 0.017 0.033 0.05 0.006 0.021 0.266
38 T 0.073 0.036 0.044 0.038 0.018 0.028 0.04 0.044 0.014 0.054 0.065 0.046 0.02 0.024 0.028 0.093 0.243 0.006 0.018 0.071
39 E 0.053 0.032 0.035 0.106 0.01 0.034 0.153 0.066 0.017 0.057 0.063 0.046 0.016 0.022 0.052 0.06 0.053 0.038 0.018 0.069
40 D 0.094 0.032 0.035 0.1 0.014 0.031 0.087 0.041 0.016 0.087 0.091 0.044 0.045 0.028 0.022 0.057 0.076 0.006 0.018 0.076
41 A 0.29 0.031 0.026 0.03 0.022 0.026 0.04 0.078 0.015 0.043 0.059 0.045 0.018 0.022 0.03 0.085 0.05 0.005 0.018 0.069
42 D 0.039 0.025 0.035 0.173 0.01 0.022 0.072 0.031 0.015 0.093 0.108 0.033 0.021 0.134 0.016 0.036 0.032 0.008 0.034 0.064
43 L 0.04 0.021 0.034 0.019 0.012 0.015 0.021 0.023 0.016 0.142 0.158 0.024 0.028 0.126 0.013 0.026 0.031 0.051 0.09 0.111
44 L 0.047 0.021 0.018 0.019 0.014 0.016 0.022 0.024 0.013 0.158 0.186 0.026 0.041 0.087 0.041 0.042 0.049 0.008 0.051 0.12
45 L 0.06 0.031 0.06 0.079 0.011 0.03 0.121 0.057 0.017 0.048 0.144 0.041 0.03 0.066 0.044 0.052 0.034 0.006 0.024 0.047
46 K 0.048 0.115 0.051 0.036 0.008 0.044 0.058 0.049 0.019 0.024 0.039 0.289 0.014 0.017 0.023 0.046 0.034 0.04 0.018 0.029
47 L 0.06 0.021 0.017 0.018 0.036 0.015 0.021 0.026 0.011 0.141 0.213 0.025 0.04 0.109 0.014 0.049 0.036 0.007 0.029 0.112
48 L 0.06 0.019 0.015 0.016 0.015 0.014 0.019 0.045 0.009 0.189 0.195 0.023 0.032 0.081 0.014 0.027 0.035 0.006 0.025 0.163
49 A 0.196 0.031 0.074 0.037 0.037 0.025 0.038 0.103 0.016 0.033 0.049 0.041 0.024 0.019 0.024 0.135 0.051 0.005 0.015 0.047
50 I 0.044 0.018 0.013 0.015 0.015 0.013 0.017 0.019 0.009 0.245 0.216 0.022 0.035 0.063 0.013 0.023 0.035 0.006 0.022 0.158
51 F 0.064 0.021 0.022 0.021 0.035 0.015 0.022 0.121 0.013 0.093 0.119 0.025 0.032 0.174 0.015 0.054 0.033 0.009 0.038 0.076
52 F 0.039 0.019 0.016 0.016 0.012 0.013 0.018 0.044 0.014 0.13 0.178 0.021 0.038 0.201 0.012 0.025 0.029 0.011 0.072 0.092
53 S 0.135 0.034 0.044 0.04 0.016 0.028 0.044 0.082 0.016 0.029 0.04 0.046 0.014 0.019 0.026 0.244 0.078 0.005 0.016 0.042
54 L 0.108 0.024 0.02 0.021 0.038 0.018 0.026 0.035 0.012 0.085 0.23 0.029 0.03 0.076 0.021 0.074 0.04 0.006 0.024 0.084
55 G 0.098 0.025 0.025 0.024 0.014 0.02 0.026 0.172 0.013 0.06 0.147 0.031 0.06 0.058 0.018 0.064 0.049 0.006 0.021 0.069
56 I 0.041 0.018 0.014 0.016 0.035 0.013 0.017 0.02 0.01 0.244 0.165 0.021 0.049 0.108 0.013 0.024 0.033 0.007 0.029 0.123
57 L 0.04 0.021 0.013 0.014 0.014 0.014 0.018 0.02 0.01 0.099 0.355 0.022 0.039 0.117 0.012 0.023 0.03 0.008 0.03 0.101
58 L 0.065 0.021 0.022 0.021 0.035 0.016 0.022 0.181 0.012 0.074 0.195 0.027 0.025 0.057 0.037 0.036 0.042 0.007 0.034 0.072
59 A 0.294 0.031 0.025 0.03 0.021 0.025 0.04 0.078 0.015 0.043 0.059 0.044 0.017 0.021 0.03 0.085 0.05 0.005 0.017 0.068
60 G 0.064 0.034 0.072 0.033 0.012 0.077 0.041 0.101 0.019 0.094 0.073 0.042 0.029 0.049 0.018 0.054 0.049 0.007 0.05 0.083
61 A 0.301 0.027 0.024 0.027 0.018 0.022 0.034 0.107 0.013 0.04 0.068 0.038 0.017 0.038 0.025 0.079 0.043 0.005 0.018 0.058
62 L 0.049 0.022 0.016 0.015 0.011 0.016 0.021 0.024 0.02 0.081 0.177 0.024 0.026 0.085 0.012 0.026 0.027 0.147 0.14 0.062
63 L 0.101 0.021 0.017 0.018 0.082 0.016 0.021 0.056 0.01 0.114 0.194 0.025 0.038 0.06 0.016 0.037 0.035 0.006 0.021 0.114
64 L 0.117 0.024 0.019 0.02 0.059 0.028 0.027 0.034 0.012 0.095 0.172 0.03 0.027 0.052 0.017 0.049 0.039 0.006 0.035 0.138
65 R 0.059 0.238 0.034 0.031 0.008 0.041 0.049 0.079 0.019 0.023 0.04 0.179 0.014 0.017 0.02 0.044 0.033 0.027 0.017 0.029
66 R 0.062 0.201 0.047 0.03 0.01 0.035 0.043 0.035 0.017 0.057 0.085 0.124 0.018 0.021 0.019 0.06 0.055 0.005 0.016 0.058
67 V 0.067 0.033 0.023 0.022 0.034 0.022 0.03 0.032 0.068 0.098 0.097 0.068 0.031 0.062 0.016 0.034 0.033 0.032 0.088 0.11
68 V 0.109 0.024 0.024 0.024 0.059 0.019 0.028 0.037 0.028 0.099 0.083 0.03 0.021 0.074 0.019 0.068 0.088 0.006 0.025 0.134
69 G 0.066 0.068 0.037 0.033 0.01 0.047 0.038 0.369 0.015 0.02 0.031 0.083 0.011 0.015 0.019 0.064 0.034 0.005 0.012 0.025
70 S 0.088 0.029 0.036 0.033 0.015 0.023 0.036 0.066 0.014 0.063 0.063 0.039 0.018 0.058 0.022 0.158 0.124 0.006 0.021 0.089
71 W 0.027 0.02 0.014 0.014 0.007 0.013 0.02 0.027 0.014 0.028 0.05 0.02 0.014 0.07 0.007 0.02 0.02 0.526 0.062 0.028
72 L 0.072 0.022 0.017 0.018 0.015 0.016 0.021 0.026 0.01 0.145 0.266 0.025 0.034 0.056 0.015 0.042 0.047 0.006 0.021 0.125
73 N 0.097 0.03 0.155 0.042 0.012 0.022 0.033 0.046 0.018 0.057 0.063 0.037 0.017 0.107 0.018 0.064 0.075 0.007 0.028 0.072
74 P 0.063 0.023 0.021 0.028 0.01 0.019 0.032 0.034 0.012 0.024 0.033 0.037 0.009 0.012 0.527 0.041 0.033 0.002 0.012 0.029
75 A 0.224 0.026 0.026 0.028 0.016 0.021 0.033 0.138 0.013 0.046 0.054 0.037 0.017 0.019 0.065 0.081 0.054 0.005 0.015 0.083
76 C 0.086 0.041 0.03 0.028 0.141 0.021 0.031 0.062 0.012 0.059 0.062 0.036 0.018 0.022 0.02 0.135 0.062 0.005 0.015 0.116
77 L 0.044 0.019 0.013 0.015 0.015 0.013 0.018 0.019 0.008 0.21 0.279 0.022 0.038 0.043 0.013 0.023 0.034 0.006 0.019 0.149
78 F 0.031 0.018 0.015 0.015 0.01 0.011 0.018 0.023 0.017 0.066 0.105 0.019 0.023 0.362 0.01 0.023 0.024 0.059 0.1 0.052
79 S 0.104 0.029 0.052 0.036 0.08 0.023 0.036 0.137 0.015 0.043 0.05 0.039 0.015 0.022 0.022 0.171 0.065 0.005 0.015 0.045
80 L 0.047 0.023 0.016 0.017 0.036 0.016 0.021 0.024 0.01 0.098 0.335 0.025 0.056 0.061 0.014 0.047 0.035 0.006 0.022 0.091
81 F 0.075 0.019 0.017 0.017 0.011 0.012 0.02 0.051 0.014 0.058 0.127 0.021 0.023 0.338 0.012 0.03 0.026 0.013 0.063 0.053
82 W 0.027 0.02 0.014 0.014 0.007 0.014 0.02 0.027 0.014 0.027 0.048 0.02 0.014 0.054 0.007 0.02 0.02 0.545 0.061 0.027
83 F 0.049 0.019 0.017 0.017 0.011 0.011 0.019 0.026 0.015 0.061 0.112 0.02 0.023 0.38 0.011 0.037 0.027 0.013 0.069 0.063
84 L 0.079 0.02 0.017 0.017 0.036 0.015 0.021 0.071 0.011 0.103 0.192 0.024 0.038 0.128 0.014 0.032 0.033 0.008 0.031 0.112
85 F 0.035 0.021 0.017 0.016 0.01 0.014 0.021 0.022 0.025 0.057 0.114 0.022 0.022 0.261 0.012 0.025 0.025 0.018 0.201 0.062
86 T 0.063 0.03 0.036 0.031 0.016 0.023 0.033 0.037 0.012 0.077 0.069 0.038 0.019 0.023 0.023 0.076 0.289 0.005 0.016 0.083
87 F 0.099 0.02 0.018 0.019 0.013 0.014 0.022 0.033 0.014 0.076 0.108 0.024 0.023 0.274 0.014 0.045 0.032 0.011 0.054 0.089
88 F 0.042 0.018 0.014 0.015 0.035 0.012 0.018 0.022 0.011 0.14 0.144 0.02 0.028 0.224 0.012 0.025 0.031 0.01 0.046 0.137
89 P 0.051 0.023 0.021 0.028 0.009 0.019 0.032 0.032 0.012 0.023 0.032 0.037 0.009 0.012 0.546 0.039 0.032 0.002 0.012 0.028
90 L 0.04 0.022 0.013 0.014 0.015 0.015 0.018 0.019 0.009 0.103 0.44 0.023 0.044 0.049 0.013 0.022 0.03 0.006 0.02 0.086
91 V 0.077 0.02 0.015 0.016 0.016 0.015 0.021 0.025 0.009 0.135 0.178 0.024 0.03 0.087 0.015 0.03 0.038 0.007 0.026 0.216
92 V 0.106 0.02 0.017 0.018 0.037 0.015 0.022 0.053 0.01 0.136 0.119 0.025 0.035 0.083 0.016 0.036 0.038 0.006 0.025 0.18
93 L 0.14 0.025 0.019 0.02 0.016 0.019 0.025 0.081 0.012 0.076 0.197 0.03 0.073 0.052 0.018 0.043 0.036 0.006 0.021 0.093
94 F 0.036 0.02 0.017 0.018 0.009 0.013 0.022 0.026 0.015 0.045 0.077 0.023 0.018 0.278 0.122 0.029 0.037 0.079 0.073 0.042
95 N 0.068 0.034 0.109 0.068 0.01 0.031 0.107 0.087 0.022 0.027 0.041 0.045 0.013 0.045 0.02 0.093 0.065 0.029 0.05 0.034
96 V 0.147 0.022 0.018 0.02 0.017 0.018 0.025 0.058 0.01 0.117 0.099 0.029 0.033 0.028 0.018 0.043 0.043 0.005 0.017 0.231
97 P 0.05 0.025 0.024 0.039 0.009 0.021 0.048 0.044 0.029 0.023 0.032 0.038 0.009 0.012 0.48 0.04 0.032 0.003 0.013 0.027
98 V 0.061 0.021 0.019 0.019 0.016 0.016 0.023 0.026 0.009 0.178 0.115 0.026 0.027 0.05 0.016 0.061 0.045 0.005 0.021 0.247
99 N 0.048 0.038 0.273 0.099 0.009 0.03 0.06 0.054 0.026 0.022 0.032 0.047 0.011 0.021 0.02 0.095 0.052 0.005 0.03 0.028
100 P 0.075 0.023 0.02 0.025 0.011 0.018 0.03 0.033 0.011 0.05 0.077 0.034 0.015 0.019 0.391 0.039 0.033 0.026 0.015 0.054
101 L 0.066 0.024 0.034 0.038 0.012 0.017 0.025 0.051 0.015 0.065 0.212 0.027 0.036 0.09 0.014 0.034 0.042 0.076 0.061 0.06
102 A 0.281 0.028 0.029 0.03 0.018 0.023 0.036 0.129 0.014 0.035 0.048 0.04 0.015 0.019 0.025 0.11 0.047 0.005 0.015 0.054
103 I 0.063 0.021 0.019 0.019 0.015 0.016 0.022 0.025 0.009 0.219 0.14 0.027 0.047 0.035 0.016 0.037 0.085 0.005 0.018 0.16
104 L 0.112 0.022 0.017 0.018 0.015 0.017 0.023 0.076 0.01 0.099 0.253 0.027 0.041 0.054 0.016 0.036 0.034 0.006 0.021 0.102
105 Y 0.035 0.023 0.018 0.016 0.009 0.016 0.022 0.022 0.033 0.047 0.089 0.025 0.02 0.212 0.013 0.026 0.025 0.021 0.283 0.046
106 I 0.043 0.017 0.013 0.016 0.015 0.012 0.016 0.019 0.008 0.306 0.185 0.021 0.034 0.04 0.013 0.023 0.035 0.005 0.019 0.158
107 L 0.063 0.021 0.015 0.016 0.014 0.014 0.02 0.025 0.011 0.091 0.239 0.023 0.032 0.143 0.013 0.029 0.044 0.031 0.036 0.12
108 L 0.13 0.022 0.02 0.021 0.059 0.017 0.025 0.059 0.011 0.106 0.131 0.028 0.024 0.084 0.018 0.056 0.05 0.006 0.025 0.109
109 C 0.115 0.019 0.019 0.019 0.21 0.014 0.022 0.059 0.012 0.043 0.067 0.024 0.017 0.146 0.016 0.051 0.033 0.03 0.034 0.05
110 C 0.062 0.022 0.037 0.023 0.19 0.017 0.024 0.032 0.01 0.076 0.104 0.028 0.021 0.025 0.017 0.064 0.088 0.005 0.015 0.139
111 L 0.055 0.018 0.014 0.016 0.035 0.013 0.018 0.023 0.01 0.162 0.187 0.021 0.031 0.154 0.013 0.026 0.032 0.008 0.035 0.128
112 L 0.133 0.023 0.019 0.02 0.037 0.017 0.025 0.037 0.011 0.086 0.171 0.028 0.027 0.101 0.017 0.054 0.049 0.007 0.028 0.109
113 F 0.032 0.017 0.015 0.015 0.01 0.01 0.017 0.023 0.015 0.061 0.103 0.017 0.023 0.433 0.01 0.023 0.024 0.015 0.077 0.062
114 S 0.124 0.032 0.042 0.039 0.015 0.026 0.041 0.143 0.015 0.028 0.039 0.044 0.014 0.018 0.025 0.212 0.083 0.005 0.015 0.04
115 L 0.087 0.023 0.018 0.019 0.015 0.017 0.023 0.052 0.01 0.125 0.282 0.027 0.043 0.04 0.016 0.053 0.037 0.006 0.018 0.088
116 P 0.087 0.029 0.036 0.035 0.013 0.024 0.038 0.09 0.014 0.028 0.039 0.042 0.013 0.016 0.199 0.151 0.091 0.004 0.014 0.038
117 A 0.165 0.028 0.029 0.029 0.048 0.022 0.034 0.053 0.013 0.067 0.069 0.037 0.028 0.041 0.022 0.13 0.063 0.005 0.019 0.099
118 L 0.056 0.021 0.015 0.015 0.059 0.014 0.019 0.024 0.012 0.085 0.24 0.022 0.041 0.146 0.013 0.027 0.031 0.009 0.052 0.099
119 L 0.072 0.022 0.018 0.019 0.013 0.016 0.023 0.072 0.012 0.075 0.21 0.027 0.055 0.104 0.081 0.033 0.032 0.007 0.028 0.083
120 F 0.041 0.021 0.021 0.02 0.012 0.014 0.022 0.027 0.014 0.061 0.11 0.023 0.032 0.31 0.013 0.045 0.077 0.012 0.059 0.066
121 D 0.047 0.089 0.115 0.166 0.009 0.046 0.057 0.043 0.019 0.023 0.033 0.055 0.011 0.015 0.108 0.071 0.05 0.004 0.013 0.028
122 W 0.028 0.022 0.016 0.015 0.007 0.015 0.023 0.028 0.048 0.027 0.046 0.022 0.014 0.052 0.008 0.022 0.021 0.5 0.06 0.027
123 R 0.054 0.197 0.053 0.053 0.009 0.05 0.052 0.091 0.019 0.023 0.038 0.153 0.013 0.015 0.021 0.069 0.043 0.005 0.015 0.029
124 K 0.108 0.083 0.03 0.029 0.013 0.04 0.042 0.041 0.017 0.06 0.062 0.112 0.018 0.06 0.021 0.084 0.055 0.007 0.037 0.08
125 A 0.287 0.03 0.024 0.026 0.018 0.023 0.035 0.082 0.03 0.05 0.059 0.051 0.017 0.021 0.024 0.066 0.043 0.005 0.017 0.092
126 F 0.054 0.056 0.035 0.022 0.012 0.029 0.027 0.028 0.031 0.08 0.151 0.034 0.026 0.181 0.014 0.033 0.043 0.009 0.041 0.094
127 A 0.125 0.065 0.047 0.054 0.013 0.035 0.074 0.044 0.027 0.053 0.07 0.054 0.017 0.029 0.022 0.081 0.076 0.007 0.048 0.063
128 A 0.115 0.104 0.044 0.034 0.012 0.044 0.07 0.041 0.017 0.053 0.094 0.105 0.037 0.023 0.021 0.061 0.05 0.005 0.017 0.052
129 N 0.055 0.057 0.329 0.068 0.009 0.031 0.045 0.057 0.026 0.021 0.031 0.063 0.011 0.016 0.019 0.071 0.045 0.004 0.014 0.027
130 A 0.119 0.083 0.031 0.036 0.012 0.034 0.082 0.064 0.033 0.042 0.095 0.107 0.018 0.022 0.022 0.071 0.051 0.005 0.017 0.057
131 N 0.064 0.059 0.099 0.039 0.023 0.063 0.058 0.038 0.019 0.055 0.092 0.086 0.02 0.043 0.019 0.059 0.04 0.006 0.027 0.092
132 K 0.047 0.075 0.096 0.044 0.008 0.042 0.069 0.04 0.037 0.041 0.059 0.245 0.015 0.018 0.022 0.048 0.036 0.005 0.017 0.036
133 P 0.055 0.051 0.036 0.055 0.012 0.035 0.039 0.077 0.014 0.064 0.106 0.078 0.019 0.025 0.119 0.062 0.05 0.005 0.016 0.083
134 R 0.078 0.101 0.068 0.058 0.011 0.043 0.073 0.039 0.019 0.049 0.063 0.08 0.025 0.033 0.042 0.07 0.051 0.006 0.033 0.056
135 A 0.118 0.034 0.057 0.1 0.014 0.031 0.076 0.055 0.018 0.035 0.05 0.047 0.015 0.058 0.025 0.117 0.074 0.006 0.023 0.046
136 A 0.137 0.047 0.046 0.05 0.014 0.025 0.039 0.048 0.016 0.04 0.066 0.055 0.016 0.041 0.088 0.106 0.069 0.006 0.033 0.058
137 A 0.108 0.078 0.049 0.036 0.011 0.042 0.046 0.073 0.038 0.043 0.047 0.093 0.015 0.025 0.073 0.072 0.039 0.032 0.038 0.042
138 A 0.103 0.029 0.076 0.074 0.043 0.026 0.071 0.097 0.035 0.036 0.05 0.039 0.014 0.063 0.02 0.062 0.06 0.007 0.044 0.052
139 L 0.057 0.033 0.037 0.057 0.012 0.019 0.03 0.028 0.019 0.122 0.157 0.037 0.026 0.054 0.016 0.043 0.034 0.01 0.11 0.098
140 F 0.034 0.021 0.017 0.016 0.009 0.014 0.02 0.022 0.026 0.053 0.113 0.022 0.022 0.278 0.012 0.025 0.024 0.019 0.203 0.049
141 G 0.059 0.065 0.099 0.115 0.01 0.028 0.059 0.176 0.018 0.022 0.034 0.06 0.011 0.034 0.02 0.101 0.041 0.005 0.016 0.028
142 G 0.073 0.059 0.069 0.039 0.013 0.027 0.039 0.155 0.033 0.033 0.042 0.058 0.014 0.019 0.022 0.146 0.085 0.005 0.016 0.053
143 P 0.085 0.081 0.032 0.033 0.011 0.035 0.044 0.053 0.015 0.027 0.039 0.107 0.013 0.015 0.198 0.092 0.065 0.004 0.014 0.036
144 F 0.04 0.038 0.018 0.018 0.012 0.026 0.024 0.024 0.015 0.082 0.174 0.027 0.027 0.238 0.013 0.037 0.03 0.011 0.063 0.084
145 L 0.042 0.021 0.014 0.015 0.014 0.015 0.019 0.02 0.01 0.155 0.293 0.023 0.068 0.081 0.013 0.024 0.032 0.007 0.025 0.11
146 R 0.053 0.12 0.042 0.027 0.012 0.027 0.035 0.032 0.015 0.086 0.101 0.075 0.021 0.028 0.018 0.062 0.075 0.028 0.026 0.115
147 L 0.068 0.045 0.039 0.025 0.057 0.026 0.029 0.068 0.014 0.103 0.161 0.053 0.025 0.036 0.017 0.052 0.071 0.006 0.032 0.073
148 A 0.143 0.025 0.025 0.025 0.081 0.02 0.029 0.076 0.012 0.079 0.083 0.033 0.033 0.042 0.02 0.087 0.067 0.005 0.018 0.095
149 F 0.033 0.018 0.015 0.015 0.032 0.01 0.017 0.023 0.014 0.062 0.143 0.018 0.025 0.382 0.01 0.023 0.024 0.014 0.069 0.054
150 Y 0.066 0.024 0.019 0.018 0.011 0.018 0.025 0.026 0.045 0.059 0.124 0.027 0.022 0.123 0.015 0.031 0.029 0.017 0.226 0.075
151 L 0.075 0.025 0.025 0.024 0.037 0.019 0.028 0.047 0.012 0.087 0.153 0.03 0.025 0.083 0.018 0.104 0.057 0.006 0.025 0.12
152 L 0.086 0.024 0.022 0.022 0.046 0.019 0.025 0.077 0.012 0.11 0.156 0.03 0.063 0.067 0.017 0.073 0.039 0.006 0.023 0.083
153 S 0.096 0.035 0.032 0.031 0.046 0.078 0.044 0.064 0.016 0.057 0.09 0.044 0.02 0.058 0.021 0.11 0.069 0.006 0.022 0.064
154 L 0.069 0.024 0.024 0.023 0.015 0.018 0.025 0.082 0.011 0.111 0.172 0.029 0.027 0.058 0.017 0.062 0.091 0.006 0.021 0.115
155 L 0.064 0.021 0.019 0.02 0.015 0.016 0.023 0.028 0.011 0.164 0.192 0.026 0.031 0.09 0.015 0.066 0.04 0.007 0.026 0.128
156 A 0.155 0.028 0.031 0.03 0.039 0.023 0.035 0.049 0.013 0.071 0.066 0.038 0.019 0.023 0.023 0.139 0.083 0.005 0.016 0.116
157 I 0.067 0.019 0.015 0.017 0.016 0.014 0.02 0.023 0.009 0.215 0.193 0.024 0.033 0.038 0.015 0.03 0.049 0.005 0.019 0.181
158 L 0.071 0.02 0.015 0.016 0.015 0.014 0.02 0.025 0.01 0.144 0.223 0.023 0.037 0.11 0.014 0.028 0.034 0.007 0.029 0.145
159 C 0.084 0.022 0.023 0.022 0.21 0.017 0.024 0.058 0.012 0.047 0.076 0.027 0.044 0.105 0.017 0.077 0.05 0.007 0.027 0.053
160 L 0.049 0.025 0.038 0.023 0.014 0.019 0.025 0.027 0.03 0.145 0.193 0.029 0.057 0.04 0.016 0.05 0.064 0.007 0.035 0.114
161 L 0.068 0.02 0.016 0.017 0.017 0.014 0.02 0.048 0.011 0.133 0.216 0.023 0.031 0.139 0.014 0.031 0.043 0.008 0.033 0.097
162 L 0.077 0.023 0.017 0.018 0.014 0.027 0.024 0.049 0.012 0.14 0.179 0.027 0.038 0.075 0.015 0.032 0.034 0.039 0.041 0.121
163 N 0.06 0.031 0.159 0.152 0.009 0.026 0.048 0.156 0.053 0.022 0.032 0.04 0.011 0.034 0.019 0.062 0.036 0.005 0.018 0.026
164 L 0.047 0.023 0.015 0.016 0.015 0.016 0.021 0.022 0.01 0.113 0.308 0.025 0.064 0.044 0.014 0.036 0.035 0.029 0.021 0.127
165 L 0.095 0.045 0.035 0.027 0.013 0.022 0.032 0.061 0.031 0.065 0.139 0.049 0.023 0.082 0.018 0.097 0.042 0.029 0.028 0.067
166 L 0.102 0.027 0.021 0.023 0.015 0.05 0.034 0.033 0.012 0.169 0.17 0.034 0.029 0.033 0.018 0.058 0.04 0.005 0.018 0.109
167 Q 0.05 0.065 0.054 0.044 0.008 0.285 0.09 0.038 0.026 0.024 0.042 0.08 0.018 0.013 0.021 0.051 0.037 0.005 0.018 0.031
168 G 0.07 0.021 0.035 0.03 0.01 0.017 0.023 0.561 0.012 0.017 0.025 0.03 0.008 0.015 0.017 0.046 0.027 0.005 0.01 0.022
169 F 0.039 0.018 0.015 0.015 0.012 0.012 0.018 0.021 0.014 0.137 0.133 0.02 0.027 0.242 0.012 0.024 0.03 0.012 0.079 0.12
170 S 0.107 0.037 0.058 0.052 0.015 0.03 0.058 0.076 0.017 0.029 0.04 0.059 0.014 0.018 0.025 0.208 0.095 0.005 0.015 0.041
171 L 0.044 0.02 0.015 0.017 0.013 0.014 0.02 0.022 0.011 0.147 0.208 0.024 0.03 0.076 0.079 0.026 0.033 0.029 0.04 0.131
172 A 0.105 0.048 0.046 0.061 0.012 0.039 0.075 0.042 0.021 0.037 0.069 0.045 0.026 0.056 0.02 0.089 0.052 0.031 0.082 0.044
173 D 0.059 0.052 0.063 0.23 0.009 0.065 0.094 0.064 0.02 0.027 0.051 0.051 0.013 0.021 0.02 0.059 0.035 0.005 0.03 0.031
174 L 0.068 0.021 0.015 0.016 0.014 0.014 0.02 0.026 0.012 0.106 0.202 0.023 0.049 0.187 0.013 0.029 0.031 0.009 0.042 0.1
175 L 0.044 0.019 0.015 0.016 0.014 0.013 0.019 0.021 0.01 0.181 0.212 0.022 0.033 0.117 0.013 0.027 0.046 0.008 0.031 0.137
176 N 0.07 0.032 0.113 0.059 0.012 0.023 0.037 0.087 0.017 0.039 0.076 0.05 0.017 0.101 0.019 0.085 0.087 0.007 0.027 0.043
177 N 0.048 0.036 0.217 0.187 0.009 0.03 0.07 0.052 0.023 0.021 0.029 0.047 0.01 0.016 0.02 0.097 0.045 0.004 0.013 0.026
178 P 0.058 0.021 0.017 0.02 0.012 0.016 0.024 0.027 0.011 0.094 0.172 0.028 0.025 0.081 0.213 0.031 0.032 0.006 0.024 0.088
179 L 0.043 0.025 0.032 0.019 0.013 0.017 0.022 0.023 0.014 0.129 0.231 0.038 0.041 0.089 0.014 0.029 0.045 0.008 0.056 0.111
180 G 0.117 0.032 0.052 0.095 0.012 0.04 0.098 0.134 0.017 0.041 0.057 0.045 0.014 0.019 0.022 0.1 0.042 0.005 0.014 0.042
181 T 0.067 0.027 0.032 0.029 0.016 0.021 0.031 0.036 0.012 0.105 0.08 0.035 0.021 0.043 0.021 0.107 0.165 0.006 0.019 0.125
182 A 0.242 0.028 0.032 0.032 0.017 0.024 0.036 0.159 0.014 0.032 0.044 0.04 0.014 0.018 0.025 0.127 0.049 0.005 0.015 0.048
183 G 0.113 0.033 0.109 0.059 0.011 0.036 0.04 0.221 0.019 0.024 0.035 0.054 0.012 0.02 0.021 0.086 0.04 0.005 0.029 0.033
184 K 0.078 0.117 0.042 0.045 0.01 0.072 0.107 0.039 0.019 0.048 0.049 0.139 0.016 0.017 0.022 0.065 0.05 0.005 0.016 0.046
185 Y 0.037 0.024 0.019 0.017 0.009 0.019 0.024 0.022 0.035 0.06 0.094 0.027 0.038 0.133 0.014 0.027 0.026 0.021 0.301 0.053
186 A 0.204 0.026 0.02 0.022 0.017 0.02 0.029 0.046 0.012 0.087 0.174 0.033 0.053 0.032 0.02 0.053 0.051 0.006 0.018 0.079
187 G 0.103 0.03 0.097 0.095 0.013 0.026 0.056 0.136 0.017 0.039 0.044 0.041 0.014 0.019 0.021 0.114 0.047 0.004 0.014 0.072
188 L 0.084 0.09 0.045 0.081 0.012 0.031 0.044 0.037 0.016 0.052 0.134 0.109 0.067 0.027 0.019 0.043 0.035 0.005 0.017 0.053
189 R 0.041 0.396 0.034 0.027 0.007 0.042 0.046 0.029 0.02 0.026 0.045 0.104 0.015 0.016 0.017 0.04 0.032 0.005 0.016 0.041
190 Y 0.039 0.025 0.02 0.017 0.009 0.019 0.025 0.045 0.039 0.043 0.062 0.028 0.017 0.109 0.014 0.029 0.026 0.023 0.357 0.054
191 A 0.16 0.034 0.096 0.059 0.015 0.038 0.045 0.058 0.018 0.033 0.058 0.046 0.015 0.019 0.024 0.151 0.065 0.005 0.015 0.045
192 G 0.061 0.027 0.054 0.108 0.009 0.035 0.067 0.344 0.017 0.019 0.029 0.039 0.01 0.019 0.018 0.057 0.031 0.005 0.027 0.024
193 E 0.065 0.057 0.056 0.127 0.009 0.053 0.188 0.061 0.037 0.023 0.034 0.07 0.012 0.016 0.022 0.072 0.049 0.005 0.016 0.03
194 L 0.043 0.019 0.014 0.016 0.014 0.014 0.018 0.02 0.009 0.212 0.264 0.023 0.037 0.06 0.013 0.025 0.045 0.006 0.022 0.128
195 V 0.081 0.051 0.061 0.058 0.013 0.041 0.094 0.038 0.016 0.071 0.063 0.059 0.018 0.021 0.021 0.064 0.1 0.005 0.016 0.107
196 P 0.069 0.045 0.028 0.034 0.011 0.027 0.075 0.035 0.033 0.062 0.068 0.043 0.016 0.028 0.18 0.081 0.051 0.006 0.047 0.06
197 N 0.05 0.037 0.275 0.08 0.01 0.029 0.044 0.076 0.024 0.024 0.033 0.046 0.011 0.017 0.02 0.091 0.083 0.004 0.014 0.031
198 I 0.069 0.019 0.016 0.019 0.014 0.014 0.021 0.026 0.01 0.191 0.112 0.025 0.026 0.084 0.081 0.036 0.037 0.006 0.025 0.169
199 F 0.046 0.02 0.016 0.016 0.01 0.013 0.02 0.025 0.021 0.053 0.105 0.021 0.022 0.323 0.011 0.026 0.024 0.039 0.141 0.049
200 A 0.154 0.033 0.039 0.053 0.015 0.047 0.044 0.141 0.016 0.029 0.041 0.045 0.014 0.018 0.024 0.15 0.074 0.005 0.015 0.042
201 Q 0.05 0.111 0.038 0.039 0.008 0.2 0.077 0.036 0.023 0.025 0.042 0.127 0.017 0.014 0.043 0.049 0.048 0.005 0.017 0.032
202 L 0.083 0.021 0.016 0.017 0.015 0.015 0.021 0.027 0.01 0.162 0.226 0.025 0.032 0.04 0.015 0.032 0.046 0.051 0.022 0.125
203 G 0.141 0.028 0.037 0.034 0.014 0.023 0.034 0.281 0.014 0.025 0.036 0.039 0.012 0.017 0.022 0.142 0.047 0.005 0.013 0.036
204 L 0.047 0.023 0.062 0.024 0.014 0.017 0.023 0.027 0.012 0.12 0.224 0.027 0.031 0.071 0.015 0.034 0.06 0.006 0.023 0.14
205 L 0.074 0.026 0.018 0.019 0.014 0.05 0.029 0.027 0.011 0.132 0.2 0.031 0.031 0.07 0.015 0.032 0.036 0.006 0.024 0.155
206 L 0.062 0.022 0.021 0.02 0.054 0.016 0.023 0.073 0.012 0.068 0.222 0.026 0.029 0.124 0.015 0.056 0.057 0.008 0.03 0.063
207 S 0.092 0.038 0.141 0.048 0.016 0.05 0.046 0.053 0.02 0.034 0.043 0.048 0.015 0.019 0.023 0.142 0.1 0.005 0.016 0.052
208 Y 0.035 0.024 0.034 0.019 0.009 0.018 0.025 0.024 0.037 0.041 0.067 0.027 0.017 0.169 0.013 0.029 0.026 0.023 0.321 0.042
209 P 0.069 0.025 0.023 0.024 0.038 0.03 0.029 0.031 0.014 0.089 0.101 0.033 0.03 0.077 0.106 0.045 0.1 0.007 0.051 0.078
210 G 0.119 0.026 0.03 0.028 0.059 0.021 0.03 0.129 0.012 0.055 0.088 0.034 0.019 0.023 0.021 0.087 0.111 0.005 0.015 0.089
211 A 0.172 0.026 0.052 0.027 0.017 0.02 0.03 0.046 0.012 0.1 0.081 0.034 0.021 0.025 0.021 0.065 0.068 0.005 0.017 0.162
212 I 0.079 0.019 0.017 0.018 0.102 0.015 0.02 0.071 0.01 0.169 0.106 0.024 0.034 0.034 0.015 0.034 0.037 0.006 0.032 0.16
213 L 0.04 0.02 0.014 0.015 0.014 0.013 0.018 0.02 0.01 0.146 0.292 0.021 0.041 0.127 0.012 0.023 0.03 0.008 0.032 0.105
214 G 0.07 0.021 0.035 0.03 0.01 0.017 0.023 0.561 0.012 0.017 0.025 0.03 0.008 0.015 0.017 0.046 0.027 0.005 0.01 0.022
215 G 0.07 0.021 0.035 0.03 0.01 0.017 0.023 0.561 0.012 0.017 0.025 0.03 0.008 0.015 0.017 0.046 0.027 0.005 0.01 0.022
216 L 0.041 0.021 0.013 0.014 0.014 0.014 0.018 0.02 0.01 0.111 0.348 0.022 0.048 0.097 0.013 0.023 0.031 0.007 0.027 0.106
217 I 0.052 0.018 0.014 0.016 0.015 0.013 0.018 0.02 0.008 0.238 0.216 0.022 0.035 0.04 0.014 0.025 0.036 0.005 0.019 0.175
218 Y 0.039 0.023 0.018 0.017 0.011 0.017 0.023 0.023 0.04 0.084 0.145 0.025 0.034 0.154 0.013 0.031 0.028 0.037 0.166 0.073
219 G 0.129 0.026 0.046 0.033 0.013 0.022 0.044 0.285 0.015 0.03 0.04 0.036 0.012 0.021 0.042 0.074 0.049 0.006 0.028 0.048
220 G 0.136 0.03 0.072 0.038 0.036 0.024 0.036 0.162 0.016 0.029 0.042 0.04 0.013 0.036 0.022 0.144 0.061 0.005 0.017 0.04
221 K 0.071 0.128 0.033 0.05 0.032 0.057 0.063 0.058 0.019 0.047 0.055 0.134 0.025 0.022 0.02 0.06 0.037 0.006 0.031 0.053
222 I 0.047 0.018 0.015 0.018 0.016 0.013 0.018 0.021 0.009 0.271 0.168 0.024 0.037 0.044 0.015 0.025 0.04 0.006 0.021 0.177
223 K 0.058 0.112 0.052 0.055 0.01 0.067 0.054 0.047 0.018 0.025 0.039 0.123 0.014 0.015 0.11 0.095 0.054 0.004 0.015 0.033
224 G 0.089 0.058 0.103 0.083 0.011 0.03 0.066 0.12 0.02 0.029 0.056 0.075 0.014 0.023 0.021 0.077 0.053 0.006 0.032 0.036
225 G 0.096 0.074 0.058 0.033 0.012 0.027 0.039 0.119 0.035 0.057 0.071 0.068 0.017 0.032 0.046 0.065 0.079 0.005 0.019 0.051
226 R 0.083 0.14 0.05 0.033 0.01 0.031 0.056 0.099 0.019 0.046 0.054 0.087 0.016 0.07 0.019 0.058 0.035 0.007 0.043 0.043
227 R 0.052 0.181 0.052 0.038 0.009 0.044 0.074 0.115 0.019 0.026 0.056 0.123 0.014 0.017 0.02 0.059 0.048 0.005 0.015 0.032
228 R 0.046 0.251 0.036 0.032 0.007 0.044 0.054 0.057 0.02 0.023 0.04 0.215 0.014 0.015 0.021 0.044 0.033 0.005 0.015 0.028
229 L 0.078 0.064 0.037 0.023 0.011 0.021 0.029 0.056 0.014 0.089 0.123 0.063 0.022 0.079 0.015 0.036 0.034 0.104 0.032 0.069
230 L 0.063 0.106 0.026 0.025 0.012 0.028 0.036 0.042 0.015 0.091 0.162 0.11 0.025 0.033 0.018 0.049 0.048 0.006 0.033 0.072
231 I 0.047 0.022 0.015 0.016 0.014 0.015 0.021 0.021 0.011 0.193 0.193 0.036 0.032 0.054 0.014 0.026 0.036 0.007 0.051 0.175
232 L 0.055 0.02 0.015 0.016 0.014 0.014 0.019 0.023 0.01 0.139 0.277 0.023 0.035 0.111 0.013 0.027 0.044 0.007 0.029 0.108
233 L 0.059 0.02 0.014 0.015 0.036 0.014 0.019 0.023 0.01 0.132 0.232 0.022 0.033 0.107 0.013 0.027 0.034 0.007 0.029 0.154
234 L 0.069 0.021 0.017 0.017 0.035 0.015 0.02 0.07 0.011 0.098 0.213 0.024 0.048 0.141 0.014 0.03 0.031 0.008 0.033 0.085
235 S 0.149 0.033 0.039 0.037 0.017 0.027 0.041 0.056 0.015 0.037 0.062 0.044 0.016 0.021 0.026 0.193 0.117 0.005 0.016 0.05
236 F 0.033 0.018 0.015 0.015 0.011 0.011 0.018 0.022 0.014 0.076 0.139 0.019 0.044 0.366 0.01 0.023 0.025 0.013 0.067 0.06
237 L 0.095 0.021 0.015 0.017 0.015 0.015 0.021 0.028 0.011 0.141 0.242 0.025 0.033 0.077 0.015 0.032 0.034 0.007 0.039 0.115
238 P 0.052 0.024 0.022 0.028 0.01 0.019 0.032 0.033 0.012 0.027 0.05 0.037 0.011 0.013 0.502 0.05 0.034 0.003 0.012 0.031
239 S 0.168 0.031 0.036 0.035 0.016 0.025 0.04 0.057 0.015 0.052 0.067 0.042 0.017 0.021 0.047 0.19 0.059 0.005 0.016 0.064
240 L 0.079 0.021 0.018 0.019 0.059 0.016 0.022 0.05 0.01 0.122 0.187 0.026 0.029 0.051 0.016 0.042 0.061 0.006 0.02 0.148
241 L 0.041 0.021 0.014 0.014 0.014 0.014 0.018 0.02 0.01 0.109 0.334 0.022 0.047 0.114 0.012 0.023 0.03 0.008 0.03 0.104
242 V 0.088 0.024 0.021 0.02 0.014 0.019 0.026 0.051 0.064 0.129 0.139 0.028 0.035 0.04 0.016 0.035 0.036 0.007 0.053 0.156
243 L 0.061 0.027 0.018 0.018 0.037 0.023 0.025 0.027 0.013 0.088 0.192 0.031 0.184 0.041 0.015 0.035 0.048 0.007 0.02 0.091
244 L 0.045 0.021 0.015 0.016 0.036 0.014 0.019 0.021 0.01 0.135 0.272 0.023 0.044 0.085 0.013 0.027 0.045 0.007 0.025 0.128
245 L 0.052 0.023 0.021 0.02 0.037 0.017 0.023 0.026 0.01 0.12 0.198 0.028 0.039 0.052 0.017 0.042 0.119 0.006 0.021 0.129
246 Q 0.06 0.054 0.033 0.036 0.009 0.195 0.083 0.034 0.028 0.031 0.063 0.077 0.019 0.037 0.02 0.045 0.034 0.009 0.095 0.037
247 S 0.158 0.031 0.039 0.036 0.016 0.026 0.04 0.122 0.015 0.034 0.044 0.043 0.015 0.019 0.025 0.192 0.07 0.005 0.015 0.056
248 A 0.247 0.028 0.032 0.117 0.016 0.024 0.045 0.059 0.014 0.041 0.065 0.039 0.016 0.02 0.024 0.085 0.044 0.005 0.015 0.064
249 K 0.051 0.096 0.037 0.037 0.008 0.048 0.063 0.039 0.019 0.025 0.039 0.353 0.014 0.014 0.025 0.048 0.036 0.005 0.016 0.029
250 G 0.068 0.021 0.035 0.047 0.01 0.017 0.025 0.516 0.012 0.021 0.043 0.03 0.01 0.016 0.017 0.045 0.027 0.005 0.01 0.024
251 L 0.066 0.027 0.026 0.024 0.015 0.02 0.028 0.031 0.029 0.094 0.188 0.032 0.037 0.033 0.042 0.051 0.146 0.006 0.019 0.088
252 L 0.039 0.02 0.013 0.014 0.013 0.013 0.018 0.02 0.011 0.104 0.327 0.021 0.038 0.15 0.012 0.022 0.029 0.009 0.035 0.091
253 F 0.033 0.018 0.015 0.015 0.01 0.01 0.017 0.022 0.014 0.065 0.132 0.018 0.025 0.396 0.01 0.023 0.024 0.014 0.072 0.065
254 L 0.042 0.027 0.018 0.019 0.013 0.051 0.029 0.023 0.012 0.087 0.313 0.031 0.036 0.095 0.014 0.029 0.043 0.007 0.027 0.085
255 C 0.11 0.027 0.032 0.03 0.197 0.022 0.033 0.048 0.013 0.039 0.051 0.036 0.015 0.019 0.022 0.162 0.066 0.004 0.014 0.059
256 I 0.13 0.021 0.017 0.019 0.016 0.016 0.023 0.057 0.01 0.162 0.155 0.027 0.028 0.051 0.017 0.039 0.038 0.006 0.02 0.149
257 A 0.224 0.024 0.019 0.022 0.017 0.018 0.029 0.049 0.012 0.075 0.079 0.031 0.02 0.116 0.02 0.054 0.04 0.007 0.03 0.112
258 L 0.037 0.02 0.014 0.015 0.013 0.013 0.018 0.02 0.012 0.118 0.277 0.021 0.04 0.172 0.012 0.023 0.029 0.01 0.054 0.083
259 F 0.031 0.017 0.015 0.015 0.01 0.01 0.017 0.023 0.016 0.069 0.103 0.018 0.023 0.417 0.01 0.023 0.023 0.015 0.091 0.054
260 Y 0.036 0.022 0.016 0.015 0.01 0.016 0.021 0.022 0.023 0.092 0.148 0.024 0.024 0.118 0.012 0.024 0.027 0.108 0.177 0.066
261 G 0.12 0.024 0.036 0.032 0.012 0.02 0.029 0.398 0.013 0.022 0.032 0.035 0.011 0.016 0.02 0.095 0.038 0.005 0.012 0.031
262 G 0.136 0.023 0.033 0.03 0.035 0.019 0.028 0.384 0.013 0.024 0.034 0.034 0.011 0.016 0.02 0.076 0.035 0.005 0.012 0.033
263 I 0.056 0.022 0.019 0.019 0.015 0.017 0.023 0.024 0.045 0.197 0.125 0.026 0.051 0.036 0.015 0.031 0.049 0.029 0.023 0.181
264 L 0.04 0.022 0.029 0.017 0.014 0.015 0.019 0.021 0.01 0.13 0.369 0.023 0.041 0.064 0.013 0.024 0.031 0.007 0.022 0.092
265 V 0.068 0.019 0.014 0.016 0.016 0.014 0.02 0.023 0.008 0.189 0.165 0.023 0.031 0.036 0.015 0.029 0.04 0.005 0.019 0.249
266 T 0.104 0.065 0.033 0.032 0.105 0.027 0.051 0.043 0.033 0.036 0.05 0.058 0.015 0.023 0.022 0.097 0.119 0.006 0.033 0.048
267 R 0.045 0.297 0.051 0.033 0.008 0.044 0.051 0.035 0.02 0.022 0.04 0.166 0.014 0.015 0.02 0.054 0.035 0.005 0.016 0.029
268 I 0.047 0.019 0.015 0.016 0.015 0.014 0.019 0.02 0.009 0.233 0.207 0.023 0.043 0.04 0.014 0.027 0.048 0.006 0.019 0.167
269 Y 0.044 0.048 0.089 0.033 0.032 0.046 0.037 0.035 0.06 0.037 0.072 0.04 0.017 0.12 0.016 0.06 0.034 0.012 0.127 0.039
270 A 0.12 0.102 0.082 0.068 0.012 0.033 0.067 0.048 0.053 0.032 0.044 0.069 0.014 0.019 0.022 0.087 0.054 0.005 0.018 0.05
271 G 0.06 0.037 0.127 0.043 0.01 0.025 0.036 0.294 0.018 0.021 0.032 0.078 0.011 0.034 0.019 0.072 0.036 0.005 0.015 0.026
272 D 0.046 0.081 0.077 0.193 0.008 0.077 0.11 0.04 0.021 0.022 0.033 0.104 0.012 0.014 0.021 0.06 0.036 0.004 0.014 0.027
273 L 0.043 0.041 0.037 0.022 0.012 0.018 0.025 0.027 0.017 0.064 0.184 0.031 0.027 0.153 0.015 0.039 0.092 0.011 0.082 0.061
274 R 0.057 0.121 0.053 0.073 0.01 0.033 0.06 0.039 0.02 0.033 0.045 0.09 0.014 0.028 0.044 0.096 0.072 0.007 0.055 0.048
275 P 0.057 0.026 0.023 0.031 0.01 0.021 0.036 0.036 0.013 0.026 0.036 0.041 0.01 0.013 0.494 0.044 0.036 0.003 0.013 0.031
276 L 0.041 0.021 0.015 0.015 0.014 0.015 0.019 0.02 0.027 0.153 0.337 0.023 0.04 0.054 0.013 0.023 0.031 0.006 0.022 0.11
277 L 0.05 0.023 0.022 0.021 0.014 0.016 0.024 0.05 0.011 0.09 0.167 0.027 0.028 0.123 0.039 0.041 0.107 0.008 0.031 0.109
278 N 0.058 0.041 0.184 0.1 0.01 0.044 0.079 0.062 0.022 0.023 0.033 0.063 0.012 0.016 0.022 0.121 0.061 0.004 0.014 0.03
279 K 0.066 0.109 0.038 0.03 0.01 0.03 0.04 0.093 0.018 0.046 0.052 0.121 0.015 0.055 0.042 0.069 0.037 0.03 0.044 0.052
280 K 0.09 0.171 0.033 0.036 0.009 0.047 0.079 0.039 0.018 0.029 0.051 0.174 0.015 0.016 0.045 0.05 0.036 0.005 0.016 0.041
281 T 0.074 0.029 0.035 0.061 0.013 0.025 0.064 0.093 0.031 0.068 0.097 0.039 0.019 0.033 0.021 0.088 0.126 0.005 0.018 0.059
282 I 0.053 0.024 0.098 0.031 0.013 0.018 0.026 0.044 0.014 0.162 0.143 0.03 0.026 0.063 0.016 0.048 0.051 0.006 0.022 0.113
283 R 0.067 0.194 0.031 0.029 0.01 0.036 0.045 0.034 0.018 0.041 0.065 0.145 0.016 0.022 0.066 0.044 0.046 0.006 0.032 0.052
284 R 0.078 0.139 0.029 0.028 0.012 0.042 0.041 0.038 0.015 0.076 0.082 0.109 0.02 0.03 0.02 0.052 0.074 0.005 0.018 0.092
285 L 0.092 0.024 0.019 0.021 0.015 0.029 0.026 0.031 0.011 0.151 0.208 0.03 0.031 0.055 0.017 0.056 0.039 0.006 0.021 0.118
286 L 0.085 0.021 0.016 0.017 0.018 0.015 0.022 0.029 0.011 0.113 0.179 0.024 0.029 0.131 0.015 0.034 0.048 0.031 0.034 0.129
287 L 0.048 0.047 0.023 0.023 0.012 0.033 0.03 0.073 0.015 0.112 0.134 0.061 0.033 0.055 0.062 0.037 0.058 0.007 0.052 0.085
288 Y 0.08 0.025 0.024 0.023 0.038 0.019 0.027 0.08 0.02 0.071 0.114 0.031 0.03 0.054 0.017 0.08 0.037 0.057 0.114 0.058
289 G 0.07 0.021 0.024 0.023 0.013 0.016 0.022 0.212 0.011 0.101 0.122 0.027 0.022 0.064 0.016 0.04 0.058 0.006 0.021 0.112
290 L 0.062 0.021 0.018 0.019 0.014 0.015 0.021 0.049 0.01 0.158 0.198 0.026 0.03 0.072 0.038 0.042 0.048 0.006 0.023 0.129
291 V 0.067 0.021 0.017 0.018 0.038 0.015 0.022 0.026 0.009 0.144 0.187 0.025 0.031 0.053 0.015 0.043 0.052 0.006 0.021 0.19
292 L 0.076 0.022 0.015 0.016 0.038 0.015 0.021 0.026 0.009 0.114 0.275 0.025 0.035 0.057 0.015 0.032 0.047 0.006 0.021 0.134
293 L 0.045 0.019 0.015 0.016 0.037 0.013 0.019 0.022 0.01 0.14 0.214 0.022 0.032 0.127 0.013 0.027 0.045 0.008 0.032 0.144
294 P 0.059 0.022 0.02 0.024 0.011 0.017 0.027 0.076 0.011 0.052 0.087 0.032 0.016 0.056 0.314 0.036 0.033 0.004 0.019 0.083
295 L 0.045 0.02 0.015 0.016 0.014 0.014 0.019 0.021 0.009 0.192 0.253 0.023 0.036 0.077 0.013 0.035 0.035 0.007 0.024 0.132
296 L 0.065 0.021 0.015 0.016 0.016 0.016 0.021 0.024 0.009 0.136 0.242 0.025 0.044 0.039 0.015 0.03 0.05 0.006 0.019 0.192
297 I 0.118 0.023 0.021 0.022 0.016 0.018 0.025 0.035 0.011 0.182 0.125 0.03 0.036 0.05 0.018 0.055 0.076 0.006 0.02 0.116
298 V 0.123 0.021 0.017 0.018 0.016 0.016 0.023 0.033 0.011 0.126 0.12 0.026 0.035 0.112 0.016 0.038 0.038 0.007 0.03 0.174
299 S 0.12 0.035 0.046 0.042 0.016 0.029 0.046 0.06 0.017 0.029 0.04 0.048 0.014 0.019 0.027 0.27 0.082 0.005 0.016 0.041
300 F 0.031 0.017 0.015 0.015 0.01 0.01 0.017 0.023 0.015 0.059 0.117 0.017 0.024 0.432 0.01 0.023 0.023 0.015 0.077 0.051
301 L 0.043 0.021 0.013 0.015 0.015 0.015 0.019 0.02 0.009 0.138 0.348 0.023 0.059 0.046 0.013 0.024 0.033 0.006 0.02 0.119
302 S 0.2 0.033 0.038 0.037 0.017 0.027 0.042 0.063 0.015 0.032 0.045 0.045 0.015 0.019 0.027 0.202 0.073 0.005 0.016 0.048
303 R 0.04 0.411 0.035 0.028 0.007 0.044 0.047 0.03 0.021 0.021 0.042 0.108 0.014 0.016 0.017 0.04 0.031 0.005 0.016 0.028
304 G 0.066 0.021 0.033 0.03 0.01 0.018 0.031 0.456 0.013 0.035 0.038 0.03 0.011 0.054 0.017 0.054 0.029 0.006 0.017 0.031
305 L 0.047 0.021 0.016 0.017 0.015 0.016 0.02 0.045 0.01 0.179 0.249 0.025 0.068 0.041 0.014 0.037 0.035 0.006 0.019 0.118
306 G 0.073 0.032 0.04 0.124 0.01 0.036 0.047 0.155 0.022 0.026 0.038 0.053 0.012 0.038 0.02 0.099 0.039 0.009 0.094 0.032
307 D 0.069 0.049 0.088 0.129 0.01 0.052 0.096 0.101 0.019 0.025 0.036 0.078 0.012 0.016 0.022 0.077 0.07 0.005 0.014 0.032
308 L 0.085 0.028 0.045 0.051 0.013 0.029 0.055 0.131 0.014 0.07 0.138 0.036 0.022 0.027 0.019 0.068 0.064 0.005 0.016 0.083
309 D 0.077 0.031 0.059 0.136 0.012 0.027 0.062 0.121 0.033 0.032 0.039 0.042 0.013 0.018 0.045 0.107 0.08 0.005 0.015 0.048
310 D 0.052 0.029 0.053 0.267 0.009 0.028 0.089 0.152 0.017 0.023 0.03 0.042 0.01 0.015 0.021 0.062 0.057 0.004 0.012 0.028
311 T 0.097 0.027 0.03 0.028 0.014 0.021 0.031 0.088 0.014 0.068 0.07 0.035 0.028 0.066 0.06 0.088 0.115 0.007 0.039 0.073
312 E 0.099 0.032 0.037 0.082 0.012 0.033 0.131 0.111 0.016 0.048 0.063 0.046 0.015 0.02 0.022 0.103 0.051 0.005 0.015 0.058
313 D 0.048 0.052 0.039 0.145 0.009 0.067 0.139 0.068 0.018 0.038 0.089 0.052 0.017 0.038 0.02 0.054 0.034 0.005 0.018 0.049
314 L 0.063 0.025 0.021 0.021 0.015 0.03 0.026 0.027 0.011 0.158 0.186 0.031 0.057 0.036 0.017 0.041 0.097 0.006 0.019 0.112
315 I 0.049 0.038 0.018 0.019 0.014 0.027 0.024 0.045 0.012 0.181 0.165 0.029 0.029 0.064 0.014 0.039 0.036 0.007 0.037 0.152
316 D 0.076 0.037 0.075 0.215 0.009 0.045 0.116 0.045 0.044 0.023 0.032 0.061 0.011 0.016 0.022 0.084 0.039 0.004 0.016 0.029
317 R 0.053 0.135 0.064 0.035 0.01 0.055 0.047 0.102 0.018 0.046 0.063 0.129 0.016 0.019 0.02 0.062 0.055 0.005 0.015 0.051
318 L 0.04 0.021 0.013 0.014 0.014 0.014 0.018 0.019 0.009 0.138 0.378 0.022 0.041 0.064 0.013 0.022 0.031 0.007 0.022 0.1
319 R 0.059 0.13 0.028 0.028 0.01 0.062 0.055 0.03 0.036 0.082 0.096 0.07 0.021 0.033 0.017 0.048 0.035 0.029 0.051 0.079
320 Y 0.054 0.093 0.032 0.033 0.009 0.025 0.04 0.029 0.028 0.049 0.073 0.057 0.017 0.084 0.06 0.04 0.03 0.014 0.188 0.044
