#Seq2Logo.py -f /work3/idamei/wzy_ssn/run/1e-50/run/150/MSAs/0040_16.afa -o /work3/idamei/wzy_ssn/run/1e-50/run/150/logos/0040_16.logo
#Position Specific Frequency Matrix
A R N D C Q E G H I L K M F P S T W Y V
0 M 0.048 0.029 0.018 0.018 0.015 0.026 0.026 0.026 0.015 0.091 0.179 0.033 0.236 0.044 0.015 0.033 0.037 0.007 0.022 0.084
1 L 0.04 0.021 0.013 0.014 0.014 0.014 0.018 0.02 0.01 0.134 0.346 0.022 0.041 0.094 0.013 0.022 0.031 0.007 0.027 0.099
2 P 0.051 0.023 0.021 0.028 0.01 0.019 0.032 0.032 0.012 0.039 0.039 0.037 0.011 0.013 0.513 0.039 0.033 0.003 0.012 0.035
3 Y 0.037 0.025 0.02 0.017 0.008 0.02 0.025 0.023 0.042 0.04 0.062 0.028 0.017 0.119 0.014 0.028 0.025 0.025 0.379 0.042
4 L 0.039 0.02 0.014 0.015 0.013 0.013 0.018 0.021 0.011 0.118 0.277 0.021 0.036 0.175 0.012 0.023 0.03 0.009 0.04 0.098
5 L 0.079 0.022 0.015 0.016 0.015 0.015 0.021 0.026 0.01 0.137 0.293 0.025 0.037 0.066 0.015 0.03 0.039 0.007 0.023 0.109
6 V 0.075 0.021 0.016 0.017 0.016 0.015 0.021 0.025 0.009 0.164 0.187 0.025 0.035 0.037 0.015 0.032 0.048 0.005 0.019 0.219
7 L 0.059 0.022 0.014 0.015 0.015 0.016 0.02 0.023 0.01 0.115 0.355 0.024 0.052 0.057 0.014 0.026 0.032 0.007 0.022 0.103
8 F 0.057 0.023 0.025 0.024 0.013 0.017 0.026 0.064 0.014 0.078 0.135 0.028 0.024 0.183 0.016 0.093 0.041 0.009 0.041 0.09
9 F 0.04 0.019 0.015 0.016 0.013 0.012 0.018 0.031 0.012 0.13 0.191 0.02 0.031 0.221 0.012 0.024 0.03 0.01 0.047 0.111
10 V 0.063 0.02 0.017 0.018 0.06 0.015 0.022 0.025 0.008 0.143 0.113 0.025 0.027 0.031 0.016 0.04 0.059 0.005 0.018 0.275
11 L 0.05 0.024 0.019 0.019 0.042 0.019 0.023 0.025 0.014 0.141 0.152 0.028 0.089 0.046 0.016 0.035 0.07 0.008 0.057 0.125
12 F 0.06 0.021 0.02 0.02 0.013 0.014 0.023 0.029 0.014 0.091 0.14 0.024 0.026 0.252 0.014 0.061 0.039 0.011 0.051 0.079
13 W 0.029 0.02 0.014 0.014 0.008 0.014 0.02 0.027 0.014 0.042 0.059 0.021 0.015 0.073 0.007 0.021 0.022 0.482 0.06 0.039
14 I 0.066 0.019 0.015 0.017 0.016 0.015 0.02 0.024 0.009 0.24 0.134 0.024 0.041 0.036 0.015 0.03 0.049 0.005 0.019 0.206
15 W 0.076 0.026 0.021 0.021 0.012 0.018 0.026 0.058 0.017 0.071 0.096 0.043 0.02 0.108 0.015 0.048 0.046 0.116 0.084 0.077
16 L 0.069 0.022 0.014 0.016 0.015 0.015 0.02 0.024 0.009 0.136 0.309 0.025 0.048 0.046 0.014 0.028 0.034 0.006 0.02 0.128
17 E 0.05 0.046 0.037 0.08 0.007 0.069 0.35 0.032 0.024 0.02 0.034 0.069 0.012 0.015 0.023 0.05 0.034 0.005 0.015 0.029
18 K 0.053 0.09 0.059 0.052 0.008 0.078 0.084 0.039 0.023 0.025 0.04 0.212 0.014 0.023 0.023 0.058 0.037 0.006 0.045 0.031
19 K 0.064 0.075 0.034 0.039 0.009 0.049 0.089 0.037 0.029 0.042 0.047 0.24 0.015 0.029 0.023 0.046 0.035 0.007 0.052 0.039
20 A 0.162 0.032 0.052 0.036 0.041 0.026 0.039 0.056 0.025 0.057 0.054 0.044 0.016 0.022 0.024 0.161 0.073 0.005 0.02 0.056
21 L 0.044 0.022 0.016 0.016 0.015 0.015 0.02 0.021 0.009 0.115 0.358 0.024 0.04 0.055 0.014 0.028 0.058 0.006 0.021 0.101
22 N 0.056 0.044 0.231 0.059 0.01 0.031 0.045 0.12 0.023 0.022 0.031 0.082 0.011 0.016 0.021 0.105 0.047 0.004 0.014 0.027
23 R 0.043 0.389 0.035 0.029 0.007 0.043 0.047 0.043 0.021 0.021 0.042 0.106 0.014 0.016 0.018 0.047 0.033 0.005 0.016 0.028
24 K 0.048 0.12 0.079 0.051 0.008 0.043 0.058 0.04 0.039 0.025 0.039 0.246 0.014 0.016 0.023 0.05 0.049 0.005 0.017 0.03
25 A 0.226 0.032 0.035 0.035 0.018 0.026 0.041 0.076 0.015 0.035 0.047 0.044 0.015 0.019 0.026 0.172 0.062 0.005 0.016 0.055
26 F 0.038 0.018 0.015 0.015 0.012 0.012 0.018 0.022 0.014 0.114 0.136 0.02 0.027 0.286 0.011 0.024 0.028 0.012 0.073 0.105
27 W 0.03 0.019 0.014 0.014 0.009 0.012 0.019 0.025 0.013 0.071 0.087 0.02 0.019 0.165 0.009 0.022 0.023 0.318 0.061 0.049
28 V 0.048 0.019 0.014 0.016 0.015 0.013 0.019 0.021 0.009 0.162 0.18 0.022 0.031 0.122 0.013 0.025 0.036 0.007 0.032 0.195
29 P 0.051 0.023 0.021 0.027 0.01 0.019 0.032 0.032 0.012 0.027 0.052 0.037 0.011 0.013 0.516 0.039 0.033 0.003 0.012 0.031
30 L 0.059 0.022 0.015 0.016 0.039 0.015 0.02 0.025 0.011 0.096 0.306 0.024 0.036 0.095 0.014 0.037 0.032 0.033 0.029 0.078
31 L 0.041 0.019 0.015 0.016 0.038 0.013 0.018 0.022 0.011 0.131 0.218 0.021 0.032 0.18 0.012 0.027 0.035 0.009 0.04 0.103
32 I 0.071 0.021 0.018 0.019 0.015 0.015 0.021 0.027 0.011 0.176 0.163 0.025 0.029 0.108 0.015 0.041 0.065 0.007 0.029 0.124
33 L 0.04 0.022 0.013 0.014 0.015 0.015 0.018 0.019 0.009 0.105 0.434 0.023 0.045 0.05 0.013 0.022 0.03 0.006 0.02 0.087
34 V 0.107 0.025 0.026 0.025 0.041 0.02 0.029 0.047 0.011 0.121 0.088 0.032 0.023 0.027 0.02 0.101 0.066 0.005 0.017 0.168
35 L 0.065 0.023 0.02 0.02 0.015 0.017 0.022 0.089 0.01 0.104 0.275 0.027 0.039 0.042 0.016 0.045 0.052 0.006 0.019 0.095
36 F 0.033 0.018 0.015 0.015 0.011 0.011 0.018 0.022 0.014 0.073 0.164 0.019 0.032 0.356 0.01 0.023 0.025 0.013 0.067 0.06
37 A 0.274 0.027 0.025 0.027 0.017 0.021 0.034 0.086 0.014 0.04 0.058 0.037 0.016 0.08 0.028 0.085 0.043 0.006 0.025 0.056
38 G 0.108 0.029 0.041 0.037 0.014 0.024 0.036 0.248 0.015 0.026 0.036 0.041 0.012 0.018 0.023 0.164 0.073 0.005 0.014 0.036
39 I 0.051 0.02 0.016 0.017 0.015 0.015 0.02 0.029 0.01 0.216 0.158 0.024 0.057 0.065 0.014 0.029 0.05 0.006 0.023 0.165
40 R 0.04 0.407 0.035 0.028 0.007 0.044 0.047 0.03 0.021 0.021 0.042 0.109 0.014 0.016 0.018 0.04 0.032 0.005 0.016 0.028
41 S 0.081 0.035 0.125 0.117 0.012 0.029 0.051 0.054 0.034 0.025 0.036 0.046 0.013 0.024 0.023 0.164 0.054 0.006 0.039 0.033
42 Y 0.036 0.026 0.049 0.027 0.009 0.019 0.027 0.026 0.037 0.04 0.065 0.029 0.017 0.155 0.014 0.033 0.027 0.022 0.302 0.042
43 L 0.06 0.095 0.036 0.032 0.013 0.043 0.049 0.045 0.017 0.055 0.14 0.052 0.023 0.031 0.02 0.106 0.083 0.013 0.035 0.054
44 V 0.06 0.019 0.015 0.016 0.017 0.014 0.02 0.022 0.008 0.179 0.123 0.023 0.029 0.034 0.015 0.029 0.043 0.005 0.019 0.31
45 G 0.071 0.021 0.035 0.031 0.01 0.017 0.023 0.556 0.012 0.017 0.026 0.031 0.009 0.015 0.017 0.046 0.027 0.005 0.01 0.022
46 T 0.066 0.032 0.039 0.034 0.016 0.025 0.035 0.039 0.012 0.05 0.06 0.041 0.018 0.022 0.025 0.083 0.313 0.005 0.016 0.069
47 D 0.037 0.027 0.062 0.454 0.007 0.027 0.083 0.042 0.017 0.02 0.025 0.041 0.008 0.013 0.02 0.047 0.032 0.003 0.01 0.022
48 T 0.115 0.033 0.041 0.037 0.016 0.027 0.041 0.052 0.015 0.038 0.05 0.044 0.016 0.02 0.026 0.171 0.183 0.005 0.016 0.053
49 G 0.062 0.056 0.041 0.036 0.011 0.025 0.032 0.215 0.014 0.093 0.06 0.062 0.016 0.023 0.068 0.059 0.038 0.005 0.023 0.06
50 G 0.077 0.029 0.1 0.039 0.014 0.023 0.04 0.113 0.015 0.078 0.073 0.038 0.021 0.023 0.02 0.08 0.101 0.005 0.016 0.096
51 Y 0.037 0.025 0.02 0.017 0.008 0.02 0.025 0.023 0.042 0.039 0.062 0.028 0.017 0.118 0.014 0.028 0.025 0.025 0.383 0.042
52 T 0.079 0.029 0.033 0.03 0.017 0.023 0.032 0.037 0.011 0.072 0.072 0.037 0.02 0.024 0.023 0.071 0.243 0.005 0.017 0.125
53 R 0.071 0.136 0.037 0.054 0.011 0.05 0.065 0.047 0.019 0.036 0.089 0.095 0.018 0.024 0.021 0.1 0.055 0.006 0.027 0.041
54 N 0.053 0.03 0.145 0.131 0.009 0.024 0.045 0.043 0.023 0.032 0.05 0.038 0.023 0.087 0.065 0.058 0.037 0.008 0.064 0.034
55 F 0.031 0.018 0.016 0.016 0.009 0.011 0.018 0.023 0.019 0.055 0.098 0.019 0.022 0.403 0.01 0.024 0.023 0.017 0.119 0.049
56 R 0.046 0.231 0.047 0.041 0.01 0.034 0.043 0.03 0.017 0.071 0.079 0.087 0.019 0.022 0.018 0.042 0.06 0.005 0.016 0.081
57 N 0.047 0.039 0.178 0.089 0.01 0.028 0.057 0.046 0.026 0.044 0.05 0.056 0.014 0.092 0.019 0.08 0.054 0.006 0.026 0.039
58 P 0.059 0.04 0.099 0.043 0.01 0.075 0.054 0.114 0.037 0.026 0.052 0.059 0.014 0.017 0.115 0.091 0.042 0.004 0.016 0.031
59 L 0.055 0.026 0.049 0.022 0.013 0.017 0.024 0.027 0.014 0.123 0.24 0.04 0.032 0.093 0.014 0.03 0.033 0.008 0.045 0.095
60 D 0.064 0.032 0.161 0.167 0.01 0.026 0.052 0.049 0.02 0.036 0.042 0.042 0.013 0.037 0.044 0.086 0.044 0.005 0.017 0.057
61 P 0.074 0.026 0.051 0.028 0.012 0.02 0.031 0.035 0.035 0.068 0.065 0.034 0.017 0.054 0.155 0.059 0.055 0.008 0.07 0.102
62 Y 0.044 0.04 0.099 0.104 0.008 0.059 0.106 0.038 0.046 0.027 0.042 0.062 0.015 0.043 0.019 0.057 0.035 0.01 0.114 0.031
63 Y 0.053 0.038 0.057 0.045 0.01 0.022 0.031 0.055 0.031 0.04 0.057 0.034 0.016 0.093 0.04 0.045 0.044 0.016 0.219 0.053
64 F 0.037 0.023 0.035 0.02 0.01 0.016 0.023 0.026 0.028 0.049 0.094 0.025 0.02 0.245 0.013 0.039 0.028 0.018 0.204 0.046
65 D 0.049 0.068 0.048 0.106 0.01 0.062 0.065 0.077 0.018 0.083 0.06 0.076 0.017 0.026 0.019 0.046 0.066 0.006 0.037 0.06
66 F 0.031 0.018 0.016 0.015 0.01 0.011 0.018 0.023 0.018 0.057 0.107 0.018 0.023 0.406 0.01 0.023 0.023 0.016 0.106 0.05
67 N 0.044 0.087 0.193 0.169 0.009 0.031 0.055 0.048 0.022 0.026 0.053 0.054 0.012 0.017 0.019 0.074 0.041 0.004 0.014 0.029
68 P 0.054 0.036 0.043 0.1 0.009 0.039 0.141 0.037 0.017 0.027 0.052 0.063 0.013 0.016 0.18 0.071 0.05 0.004 0.014 0.033
69 D 0.044 0.035 0.121 0.221 0.008 0.035 0.131 0.056 0.038 0.023 0.031 0.048 0.011 0.016 0.021 0.054 0.061 0.004 0.015 0.028
70 V 0.054 0.019 0.014 0.016 0.016 0.014 0.019 0.021 0.008 0.209 0.15 0.023 0.038 0.036 0.014 0.027 0.041 0.005 0.019 0.255
71 E 0.05 0.045 0.037 0.082 0.007 0.058 0.363 0.032 0.023 0.02 0.033 0.068 0.012 0.015 0.023 0.05 0.033 0.005 0.015 0.028
72 L 0.047 0.036 0.02 0.02 0.011 0.019 0.026 0.026 0.021 0.078 0.142 0.049 0.024 0.141 0.039 0.033 0.051 0.013 0.131 0.073
73 G 0.071 0.021 0.035 0.03 0.01 0.017 0.023 0.557 0.012 0.017 0.026 0.03 0.009 0.015 0.017 0.046 0.027 0.005 0.01 0.022
74 Y 0.037 0.025 0.02 0.017 0.008 0.02 0.025 0.023 0.042 0.039 0.062 0.028 0.017 0.118 0.014 0.028 0.025 0.025 0.383 0.042
75 Q 0.051 0.067 0.04 0.043 0.008 0.289 0.093 0.037 0.027 0.024 0.043 0.083 0.019 0.013 0.021 0.051 0.037 0.005 0.019 0.032
76 L 0.054 0.021 0.014 0.015 0.014 0.015 0.02 0.023 0.013 0.111 0.294 0.023 0.036 0.11 0.013 0.026 0.031 0.009 0.061 0.097
77 L 0.043 0.021 0.014 0.014 0.014 0.014 0.019 0.02 0.01 0.115 0.32 0.022 0.038 0.101 0.013 0.024 0.032 0.007 0.028 0.13
78 E 0.063 0.052 0.037 0.114 0.01 0.041 0.198 0.035 0.018 0.048 0.051 0.054 0.015 0.019 0.021 0.071 0.04 0.005 0.015 0.093
79 Y 0.038 0.043 0.037 0.021 0.009 0.021 0.027 0.026 0.035 0.042 0.07 0.032 0.027 0.147 0.014 0.038 0.028 0.021 0.28 0.044
80 L 0.076 0.025 0.04 0.025 0.037 0.019 0.027 0.035 0.013 0.083 0.156 0.03 0.035 0.117 0.017 0.075 0.073 0.02 0.031 0.068
81 L 0.044 0.02 0.014 0.015 0.015 0.014 0.018 0.02 0.009 0.182 0.306 0.023 0.039 0.044 0.013 0.024 0.04 0.006 0.019 0.134
82 L 0.041 0.059 0.016 0.016 0.014 0.03 0.024 0.021 0.011 0.104 0.368 0.033 0.04 0.044 0.014 0.025 0.031 0.006 0.02 0.083
83 N 0.053 0.07 0.125 0.059 0.009 0.048 0.079 0.056 0.063 0.025 0.037 0.102 0.013 0.022 0.021 0.088 0.056 0.006 0.036 0.031
84 L 0.039 0.019 0.014 0.015 0.017 0.012 0.017 0.021 0.011 0.159 0.219 0.021 0.035 0.183 0.012 0.023 0.03 0.009 0.04 0.105
85 Y 0.04 0.028 0.022 0.019 0.009 0.022 0.028 0.025 0.046 0.043 0.068 0.031 0.019 0.13 0.015 0.031 0.028 0.028 0.323 0.046
86 T 0.067 0.035 0.039 0.043 0.015 0.026 0.038 0.04 0.014 0.049 0.058 0.055 0.018 0.027 0.024 0.101 0.25 0.006 0.025 0.071
87 H 0.062 0.039 0.086 0.074 0.009 0.031 0.048 0.042 0.201 0.03 0.04 0.055 0.014 0.029 0.019 0.077 0.04 0.007 0.054 0.042
88 N 0.04 0.039 0.294 0.138 0.008 0.035 0.073 0.054 0.03 0.02 0.029 0.049 0.01 0.016 0.019 0.062 0.042 0.004 0.014 0.024
89 Y 0.037 0.025 0.02 0.017 0.008 0.02 0.025 0.023 0.042 0.039 0.062 0.028 0.017 0.118 0.014 0.028 0.025 0.025 0.383 0.042
90 F 0.083 0.021 0.02 0.02 0.012 0.014 0.023 0.033 0.015 0.065 0.092 0.024 0.022 0.327 0.014 0.057 0.032 0.012 0.062 0.055
91 W 0.031 0.02 0.014 0.014 0.009 0.014 0.02 0.026 0.013 0.047 0.104 0.021 0.019 0.088 0.008 0.022 0.023 0.396 0.056 0.056
92 L 0.039 0.023 0.015 0.015 0.013 0.016 0.02 0.02 0.017 0.088 0.335 0.024 0.038 0.083 0.013 0.023 0.029 0.011 0.105 0.075
93 F 0.032 0.018 0.015 0.015 0.01 0.01 0.017 0.022 0.014 0.064 0.152 0.018 0.026 0.388 0.01 0.023 0.024 0.014 0.072 0.055
94 F 0.058 0.02 0.017 0.017 0.036 0.013 0.02 0.027 0.013 0.074 0.161 0.022 0.026 0.275 0.013 0.04 0.036 0.011 0.054 0.065
95 I 0.049 0.019 0.017 0.018 0.015 0.014 0.019 0.022 0.009 0.241 0.145 0.024 0.031 0.058 0.015 0.031 0.067 0.006 0.022 0.18
96 T 0.064 0.028 0.031 0.028 0.055 0.022 0.031 0.036 0.014 0.063 0.078 0.035 0.039 0.051 0.021 0.088 0.175 0.007 0.037 0.097
97 S 0.176 0.032 0.038 0.036 0.017 0.026 0.041 0.083 0.015 0.035 0.061 0.044 0.016 0.02 0.026 0.192 0.072 0.005 0.016 0.048
98 L 0.043 0.02 0.016 0.016 0.014 0.014 0.019 0.022 0.011 0.15 0.242 0.023 0.034 0.136 0.013 0.036 0.035 0.008 0.033 0.115
99 I 0.044 0.018 0.014 0.016 0.014 0.013 0.018 0.02 0.009 0.22 0.183 0.021 0.033 0.108 0.013 0.024 0.035 0.007 0.029 0.162
100 V 0.059 0.019 0.017 0.018 0.048 0.015 0.021 0.024 0.008 0.2 0.12 0.024 0.028 0.033 0.015 0.048 0.043 0.005 0.018 0.236
101 V 0.059 0.019 0.015 0.016 0.017 0.014 0.02 0.022 0.008 0.185 0.124 0.023 0.029 0.034 0.015 0.028 0.043 0.005 0.019 0.305
102 F 0.051 0.022 0.023 0.022 0.015 0.016 0.024 0.124 0.018 0.063 0.091 0.027 0.02 0.159 0.043 0.056 0.039 0.011 0.1 0.074
103 C 0.069 0.024 0.027 0.027 0.163 0.019 0.029 0.062 0.012 0.04 0.086 0.032 0.017 0.049 0.114 0.116 0.045 0.005 0.018 0.045
104 Y 0.042 0.025 0.019 0.017 0.01 0.019 0.025 0.023 0.035 0.062 0.077 0.028 0.029 0.099 0.014 0.029 0.029 0.021 0.3 0.098
105 L 0.04 0.021 0.013 0.014 0.014 0.014 0.018 0.02 0.01 0.107 0.394 0.022 0.044 0.085 0.013 0.022 0.03 0.007 0.026 0.086
106 Y 0.045 0.059 0.033 0.024 0.01 0.025 0.033 0.029 0.034 0.075 0.11 0.087 0.021 0.079 0.017 0.049 0.039 0.025 0.149 0.057
107 T 0.057 0.024 0.025 0.024 0.015 0.018 0.026 0.03 0.011 0.146 0.099 0.03 0.024 0.073 0.018 0.06 0.147 0.006 0.024 0.141
108 I 0.041 0.018 0.014 0.015 0.014 0.013 0.017 0.02 0.009 0.237 0.216 0.022 0.044 0.092 0.013 0.023 0.033 0.007 0.027 0.125
109 K 0.05 0.135 0.036 0.035 0.008 0.047 0.06 0.037 0.019 0.027 0.046 0.301 0.024 0.016 0.024 0.047 0.035 0.005 0.016 0.032
110 K 0.051 0.142 0.037 0.036 0.008 0.047 0.06 0.038 0.019 0.026 0.043 0.294 0.019 0.015 0.024 0.054 0.036 0.005 0.016 0.031
111 Y 0.04 0.059 0.035 0.022 0.01 0.027 0.03 0.025 0.044 0.101 0.122 0.058 0.023 0.075 0.015 0.031 0.03 0.014 0.173 0.067
112 S 0.111 0.036 0.048 0.043 0.016 0.03 0.047 0.06 0.017 0.027 0.039 0.049 0.014 0.019 0.027 0.284 0.073 0.005 0.016 0.039
113 V 0.056 0.042 0.035 0.031 0.013 0.039 0.055 0.031 0.013 0.091 0.091 0.101 0.021 0.024 0.055 0.047 0.092 0.005 0.017 0.139
114 N 0.038 0.038 0.309 0.161 0.008 0.03 0.053 0.055 0.026 0.02 0.028 0.047 0.01 0.016 0.019 0.059 0.042 0.004 0.013 0.024
115 Y 0.037 0.025 0.02 0.017 0.008 0.02 0.025 0.023 0.042 0.039 0.062 0.028 0.017 0.118 0.014 0.028 0.025 0.025 0.383 0.042
116 I 0.072 0.024 0.023 0.025 0.013 0.019 0.041 0.056 0.013 0.111 0.105 0.031 0.022 0.084 0.064 0.057 0.07 0.055 0.031 0.085
117 L 0.041 0.022 0.015 0.015 0.014 0.015 0.02 0.021 0.013 0.101 0.329 0.024 0.038 0.095 0.013 0.028 0.04 0.009 0.065 0.082
118 S 0.111 0.036 0.048 0.043 0.016 0.03 0.047 0.06 0.017 0.027 0.039 0.049 0.014 0.019 0.027 0.284 0.073 0.005 0.016 0.039
119 V 0.055 0.019 0.014 0.016 0.016 0.014 0.019 0.021 0.008 0.192 0.17 0.023 0.032 0.037 0.014 0.027 0.04 0.005 0.019 0.258
120 F 0.033 0.019 0.016 0.016 0.01 0.012 0.019 0.023 0.021 0.069 0.104 0.02 0.023 0.337 0.011 0.024 0.025 0.017 0.144 0.058
121 I 0.042 0.018 0.013 0.015 0.015 0.013 0.017 0.019 0.009 0.241 0.241 0.022 0.036 0.061 0.013 0.023 0.034 0.006 0.022 0.14
122 F 0.033 0.021 0.017 0.016 0.009 0.014 0.021 0.023 0.027 0.05 0.085 0.022 0.02 0.304 0.012 0.025 0.024 0.02 0.211 0.047
123 I 0.044 0.017 0.014 0.016 0.015 0.013 0.017 0.019 0.008 0.32 0.152 0.022 0.043 0.04 0.013 0.023 0.036 0.005 0.019 0.165
124 T 0.072 0.032 0.039 0.034 0.016 0.025 0.036 0.04 0.013 0.051 0.06 0.041 0.018 0.022 0.025 0.094 0.287 0.005 0.016 0.075
125 L 0.035 0.02 0.014 0.015 0.012 0.012 0.018 0.021 0.012 0.081 0.269 0.02 0.034 0.247 0.011 0.022 0.027 0.011 0.05 0.068
126 G 0.071 0.021 0.035 0.03 0.01 0.017 0.023 0.557 0.012 0.017 0.026 0.03 0.009 0.015 0.017 0.046 0.027 0.005 0.01 0.022
127 F 0.06 0.022 0.02 0.019 0.014 0.016 0.023 0.028 0.014 0.079 0.142 0.026 0.035 0.187 0.015 0.038 0.083 0.01 0.057 0.112
128 Y 0.037 0.025 0.02 0.017 0.008 0.02 0.025 0.023 0.042 0.039 0.062 0.028 0.017 0.118 0.014 0.028 0.025 0.025 0.383 0.042
129 T 0.061 0.031 0.059 0.034 0.015 0.024 0.034 0.039 0.014 0.051 0.091 0.039 0.026 0.049 0.022 0.082 0.24 0.006 0.02 0.062
130 F 0.077 0.02 0.017 0.018 0.011 0.012 0.021 0.03 0.015 0.057 0.11 0.022 0.023 0.35 0.013 0.033 0.04 0.013 0.066 0.054
131 F 0.05 0.022 0.02 0.019 0.012 0.016 0.023 0.028 0.017 0.063 0.161 0.025 0.042 0.244 0.014 0.059 0.033 0.012 0.082 0.058
132 F 0.031 0.018 0.016 0.016 0.009 0.011 0.018 0.023 0.019 0.055 0.098 0.019 0.022 0.401 0.01 0.024 0.023 0.017 0.122 0.049
133 N 0.039 0.041 0.382 0.075 0.008 0.03 0.045 0.059 0.029 0.02 0.029 0.049 0.01 0.016 0.018 0.063 0.045 0.004 0.014 0.024
134 G 0.067 0.028 0.036 0.032 0.01 0.055 0.034 0.415 0.014 0.021 0.031 0.039 0.011 0.015 0.042 0.05 0.055 0.005 0.012 0.027
135 L 0.043 0.021 0.013 0.014 0.015 0.014 0.018 0.02 0.009 0.127 0.38 0.023 0.042 0.047 0.013 0.023 0.032 0.006 0.02 0.119
136 R 0.04 0.407 0.035 0.028 0.007 0.044 0.047 0.03 0.021 0.021 0.042 0.109 0.014 0.016 0.018 0.04 0.032 0.005 0.016 0.028
137 Q 0.051 0.067 0.04 0.043 0.008 0.289 0.093 0.037 0.027 0.024 0.043 0.083 0.019 0.013 0.021 0.051 0.037 0.005 0.019 0.032
138 G 0.086 0.022 0.032 0.029 0.05 0.018 0.024 0.44 0.012 0.025 0.038 0.031 0.02 0.017 0.018 0.049 0.042 0.005 0.011 0.031
139 I 0.043 0.019 0.014 0.015 0.015 0.014 0.018 0.019 0.009 0.242 0.241 0.023 0.048 0.043 0.013 0.023 0.035 0.006 0.019 0.142
140 A 0.358 0.028 0.023 0.027 0.02 0.023 0.037 0.071 0.013 0.039 0.054 0.04 0.016 0.02 0.027 0.077 0.045 0.005 0.016 0.062
141 L 0.047 0.025 0.017 0.017 0.015 0.021 0.023 0.023 0.012 0.143 0.191 0.029 0.166 0.042 0.014 0.03 0.037 0.007 0.021 0.121
142 A 0.305 0.027 0.026 0.028 0.018 0.023 0.035 0.137 0.013 0.035 0.049 0.039 0.015 0.019 0.026 0.084 0.044 0.005 0.015 0.055
143 I 0.042 0.017 0.013 0.016 0.014 0.012 0.016 0.019 0.008 0.29 0.191 0.021 0.034 0.06 0.013 0.023 0.035 0.006 0.022 0.147
144 C 0.053 0.019 0.016 0.016 0.249 0.013 0.018 0.027 0.011 0.059 0.118 0.021 0.041 0.14 0.014 0.034 0.044 0.008 0.032 0.067
145 F 0.11 0.022 0.02 0.021 0.014 0.016 0.025 0.035 0.013 0.076 0.094 0.027 0.032 0.217 0.016 0.044 0.071 0.01 0.046 0.092
146 L 0.037 0.021 0.014 0.015 0.024 0.014 0.019 0.021 0.014 0.091 0.271 0.022 0.034 0.161 0.012 0.023 0.028 0.031 0.076 0.073
147 A 0.297 0.029 0.028 0.03 0.018 0.024 0.038 0.098 0.014 0.036 0.049 0.041 0.015 0.019 0.026 0.111 0.049 0.005 0.015 0.056
148 L 0.065 0.024 0.021 0.021 0.016 0.018 0.024 0.028 0.01 0.129 0.217 0.029 0.046 0.037 0.017 0.043 0.112 0.006 0.019 0.118
149 P 0.053 0.056 0.027 0.031 0.009 0.027 0.041 0.035 0.014 0.024 0.035 0.113 0.011 0.013 0.377 0.053 0.035 0.003 0.013 0.029
150 Y 0.065 0.024 0.02 0.018 0.01 0.018 0.025 0.027 0.044 0.043 0.069 0.027 0.018 0.174 0.014 0.032 0.027 0.021 0.279 0.045
151 L 0.039 0.021 0.013 0.014 0.014 0.014 0.018 0.02 0.01 0.098 0.384 0.022 0.046 0.103 0.012 0.022 0.029 0.008 0.028 0.082
152 L 0.042 0.02 0.013 0.015 0.015 0.014 0.018 0.02 0.009 0.172 0.314 0.022 0.039 0.063 0.013 0.023 0.033 0.006 0.022 0.127
153 E 0.046 0.062 0.097 0.114 0.007 0.06 0.24 0.038 0.023 0.021 0.033 0.077 0.012 0.015 0.022 0.051 0.035 0.005 0.015 0.027
154 K 0.049 0.151 0.053 0.038 0.008 0.047 0.06 0.038 0.02 0.024 0.039 0.29 0.014 0.014 0.023 0.048 0.036 0.005 0.016 0.029
155 K 0.046 0.151 0.109 0.057 0.008 0.044 0.075 0.041 0.022 0.023 0.037 0.206 0.013 0.015 0.022 0.05 0.036 0.005 0.015 0.028
156 F 0.04 0.02 0.016 0.017 0.012 0.013 0.02 0.023 0.012 0.112 0.208 0.022 0.03 0.209 0.048 0.036 0.03 0.01 0.044 0.076
157 L 0.041 0.037 0.016 0.016 0.013 0.015 0.02 0.022 0.013 0.156 0.18 0.026 0.03 0.135 0.013 0.027 0.031 0.034 0.064 0.114
158 K 0.051 0.082 0.064 0.037 0.009 0.041 0.051 0.038 0.017 0.034 0.059 0.205 0.015 0.016 0.125 0.048 0.043 0.004 0.015 0.046
159 Y 0.035 0.024 0.019 0.017 0.009 0.018 0.024 0.023 0.037 0.043 0.071 0.026 0.018 0.188 0.013 0.027 0.025 0.023 0.319 0.044
160 L 0.05 0.021 0.018 0.018 0.021 0.014 0.021 0.026 0.013 0.086 0.226 0.023 0.031 0.21 0.013 0.051 0.032 0.01 0.044 0.073
161 L 0.041 0.02 0.014 0.015 0.014 0.014 0.018 0.044 0.01 0.159 0.301 0.022 0.038 0.087 0.013 0.024 0.033 0.007 0.026 0.1
162 I 0.045 0.018 0.014 0.016 0.026 0.013 0.018 0.021 0.009 0.208 0.182 0.022 0.042 0.092 0.013 0.025 0.035 0.013 0.027 0.161
163 I 0.07 0.019 0.017 0.018 0.133 0.014 0.02 0.027 0.009 0.182 0.108 0.024 0.026 0.03 0.016 0.045 0.053 0.005 0.017 0.167
164 L 0.09 0.02 0.016 0.017 0.014 0.014 0.021 0.053 0.012 0.116 0.203 0.024 0.03 0.158 0.014 0.032 0.032 0.009 0.037 0.087
165 I 0.052 0.018 0.015 0.017 0.014 0.013 0.018 0.046 0.009 0.215 0.176 0.022 0.031 0.097 0.013 0.026 0.036 0.007 0.027 0.146
166 A 0.347 0.028 0.024 0.027 0.019 0.023 0.037 0.078 0.013 0.038 0.053 0.04 0.016 0.019 0.027 0.081 0.046 0.005 0.016 0.061
167 S 0.111 0.035 0.047 0.042 0.028 0.029 0.046 0.059 0.017 0.028 0.04 0.048 0.014 0.019 0.027 0.272 0.077 0.005 0.016 0.04
168 L 0.057 0.029 0.019 0.02 0.013 0.054 0.031 0.026 0.014 0.079 0.267 0.033 0.058 0.096 0.015 0.033 0.045 0.008 0.033 0.071
169 F 0.031 0.017 0.015 0.015 0.01 0.01 0.017 0.023 0.015 0.057 0.103 0.017 0.023 0.445 0.01 0.023 0.023 0.015 0.08 0.05
170 H 0.038 0.041 0.048 0.035 0.007 0.035 0.048 0.035 0.416 0.021 0.035 0.041 0.014 0.028 0.017 0.038 0.024 0.007 0.052 0.021
171 I 0.052 0.03 0.023 0.021 0.014 0.019 0.026 0.025 0.01 0.216 0.132 0.068 0.029 0.033 0.016 0.044 0.045 0.005 0.018 0.172
172 S 0.092 0.034 0.044 0.04 0.016 0.028 0.042 0.052 0.015 0.036 0.047 0.046 0.016 0.02 0.026 0.205 0.171 0.005 0.016 0.049
173 A 0.351 0.028 0.024 0.027 0.019 0.023 0.037 0.071 0.014 0.039 0.053 0.041 0.016 0.02 0.027 0.082 0.046 0.005 0.016 0.062
174 L 0.047 0.022 0.014 0.015 0.013 0.015 0.02 0.023 0.011 0.098 0.319 0.023 0.036 0.05 0.012 0.028 0.03 0.108 0.034 0.083
175 L 0.042 0.018 0.014 0.015 0.014 0.012 0.018 0.021 0.01 0.18 0.196 0.021 0.032 0.157 0.012 0.024 0.032 0.008 0.037 0.138
176 L 0.047 0.027 0.017 0.017 0.015 0.023 0.024 0.024 0.013 0.105 0.211 0.03 0.194 0.044 0.014 0.031 0.036 0.007 0.021 0.099
177 L 0.041 0.018 0.013 0.015 0.014 0.013 0.017 0.019 0.009 0.219 0.252 0.022 0.036 0.088 0.013 0.023 0.032 0.007 0.026 0.122
178 P 0.085 0.023 0.02 0.025 0.011 0.018 0.03 0.043 0.012 0.05 0.064 0.034 0.014 0.067 0.354 0.041 0.033 0.005 0.021 0.05
179 F 0.036 0.019 0.015 0.016 0.011 0.012 0.018 0.023 0.014 0.086 0.131 0.02 0.049 0.333 0.011 0.024 0.027 0.013 0.064 0.078
180 Y 0.037 0.025 0.02 0.017 0.008 0.02 0.025 0.023 0.042 0.039 0.062 0.028 0.017 0.118 0.014 0.028 0.025 0.025 0.382 0.042
181 F 0.032 0.018 0.015 0.015 0.01 0.01 0.017 0.022 0.014 0.065 0.155 0.018 0.026 0.383 0.01 0.023 0.024 0.014 0.071 0.056
182 L 0.044 0.02 0.013 0.015 0.015 0.014 0.018 0.02 0.009 0.163 0.326 0.023 0.04 0.045 0.013 0.023 0.034 0.006 0.02 0.139
183 V 0.059 0.02 0.017 0.018 0.115 0.015 0.021 0.025 0.008 0.145 0.136 0.024 0.027 0.031 0.015 0.044 0.054 0.005 0.017 0.202
184 H 0.04 0.039 0.169 0.048 0.008 0.031 0.044 0.067 0.221 0.026 0.055 0.042 0.014 0.026 0.017 0.047 0.032 0.006 0.042 0.026
185 F 0.034 0.019 0.017 0.017 0.011 0.011 0.019 0.025 0.017 0.063 0.114 0.019 0.025 0.387 0.011 0.025 0.025 0.017 0.089 0.055
186 L 0.057 0.026 0.054 0.024 0.014 0.019 0.026 0.031 0.013 0.078 0.254 0.029 0.041 0.059 0.015 0.058 0.052 0.044 0.025 0.08
187 K 0.047 0.16 0.083 0.04 0.008 0.044 0.056 0.039 0.039 0.024 0.039 0.227 0.014 0.016 0.022 0.049 0.042 0.005 0.017 0.029
188 I 0.046 0.018 0.014 0.016 0.015 0.013 0.018 0.02 0.009 0.249 0.168 0.022 0.032 0.074 0.014 0.025 0.043 0.006 0.024 0.173
189 K 0.051 0.188 0.037 0.035 0.008 0.046 0.058 0.037 0.019 0.024 0.04 0.26 0.014 0.015 0.023 0.058 0.036 0.005 0.016 0.03
190 L 0.048 0.023 0.018 0.022 0.014 0.018 0.038 0.025 0.011 0.143 0.265 0.029 0.037 0.039 0.065 0.051 0.036 0.006 0.018 0.092
191 E 0.06 0.054 0.03 0.056 0.009 0.042 0.222 0.03 0.021 0.061 0.078 0.055 0.017 0.03 0.045 0.044 0.037 0.007 0.051 0.052
192 Y 0.038 0.024 0.035 0.019 0.01 0.017 0.024 0.024 0.031 0.07 0.1 0.026 0.021 0.16 0.013 0.028 0.028 0.019 0.246 0.067
193 K 0.052 0.097 0.038 0.038 0.008 0.048 0.064 0.039 0.019 0.025 0.039 0.346 0.014 0.014 0.025 0.048 0.036 0.005 0.016 0.03
194 V 0.094 0.021 0.016 0.017 0.016 0.016 0.022 0.028 0.009 0.178 0.174 0.026 0.051 0.037 0.016 0.033 0.039 0.006 0.019 0.182
195 L 0.052 0.02 0.016 0.017 0.015 0.015 0.019 0.022 0.009 0.2 0.246 0.024 0.036 0.051 0.014 0.029 0.057 0.006 0.02 0.132
196 L 0.11 0.026 0.028 0.028 0.014 0.02 0.031 0.088 0.013 0.075 0.127 0.035 0.022 0.066 0.061 0.116 0.046 0.006 0.022 0.063
197 I 0.089 0.022 0.022 0.022 0.078 0.017 0.025 0.033 0.01 0.159 0.098 0.029 0.024 0.029 0.019 0.058 0.104 0.005 0.017 0.139
198 F 0.035 0.018 0.015 0.016 0.011 0.011 0.018 0.023 0.014 0.092 0.147 0.019 0.027 0.339 0.011 0.027 0.027 0.013 0.064 0.074
199 L 0.043 0.02 0.015 0.016 0.014 0.014 0.018 0.046 0.01 0.177 0.271 0.023 0.046 0.074 0.013 0.027 0.032 0.007 0.024 0.11
200 G 0.065 0.023 0.029 0.027 0.05 0.018 0.026 0.191 0.012 0.077 0.073 0.03 0.018 0.086 0.017 0.086 0.059 0.006 0.024 0.082
201 S 0.095 0.035 0.047 0.042 0.015 0.029 0.045 0.09 0.017 0.028 0.039 0.047 0.014 0.019 0.026 0.258 0.094 0.005 0.015 0.039
202 L 0.091 0.023 0.019 0.019 0.014 0.017 0.023 0.056 0.012 0.082 0.246 0.027 0.036 0.109 0.016 0.052 0.037 0.007 0.029 0.083
203 L 0.05 0.02 0.016 0.017 0.014 0.014 0.02 0.023 0.01 0.178 0.218 0.024 0.043 0.104 0.014 0.037 0.035 0.007 0.029 0.128
204 L 0.09 0.021 0.019 0.02 0.015 0.016 0.022 0.08 0.011 0.135 0.169 0.026 0.028 0.092 0.016 0.042 0.049 0.007 0.026 0.115
205 S 0.133 0.034 0.044 0.041 0.016 0.028 0.044 0.084 0.016 0.029 0.041 0.047 0.014 0.019 0.026 0.241 0.079 0.005 0.016 0.042
206 G 0.084 0.057 0.038 0.038 0.011 0.047 0.058 0.19 0.016 0.023 0.035 0.079 0.012 0.016 0.084 0.116 0.044 0.005 0.014 0.031
207 L 0.043 0.025 0.018 0.019 0.013 0.016 0.023 0.025 0.012 0.112 0.206 0.039 0.04 0.151 0.039 0.037 0.045 0.009 0.039 0.089
208 L 0.063 0.021 0.015 0.016 0.015 0.015 0.02 0.035 0.009 0.166 0.253 0.024 0.042 0.041 0.014 0.028 0.036 0.006 0.019 0.163
209 I 0.047 0.017 0.014 0.016 0.015 0.013 0.017 0.019 0.008 0.3 0.145 0.022 0.032 0.038 0.014 0.024 0.038 0.005 0.019 0.197
210 S 0.101 0.039 0.103 0.048 0.013 0.063 0.083 0.062 0.02 0.035 0.061 0.051 0.016 0.019 0.023 0.114 0.084 0.005 0.016 0.043
211 Y 0.039 0.045 0.023 0.022 0.009 0.023 0.043 0.024 0.062 0.058 0.069 0.034 0.023 0.108 0.015 0.03 0.028 0.019 0.266 0.06
212 L 0.042 0.022 0.014 0.015 0.014 0.017 0.02 0.021 0.011 0.142 0.307 0.025 0.088 0.065 0.013 0.025 0.032 0.007 0.023 0.098
213 A 0.303 0.03 0.028 0.03 0.019 0.024 0.039 0.077 0.014 0.036 0.05 0.042 0.015 0.019 0.027 0.118 0.05 0.005 0.016 0.057
214 S 0.121 0.038 0.069 0.069 0.013 0.04 0.076 0.05 0.017 0.039 0.096 0.063 0.018 0.022 0.023 0.127 0.052 0.005 0.016 0.046
215 S 0.063 0.034 0.116 0.087 0.012 0.029 0.059 0.084 0.037 0.039 0.043 0.044 0.014 0.019 0.022 0.117 0.114 0.005 0.016 0.045
216 N 0.039 0.041 0.381 0.075 0.008 0.031 0.045 0.059 0.029 0.02 0.029 0.049 0.01 0.016 0.018 0.063 0.045 0.004 0.014 0.024
217 E 0.057 0.043 0.04 0.121 0.009 0.054 0.164 0.038 0.019 0.034 0.041 0.084 0.013 0.016 0.072 0.083 0.041 0.004 0.015 0.052
218 R 0.041 0.392 0.035 0.029 0.007 0.044 0.048 0.03 0.021 0.021 0.042 0.12 0.014 0.016 0.018 0.041 0.032 0.005 0.016 0.028
219 Y 0.037 0.025 0.02 0.017 0.008 0.02 0.025 0.023 0.042 0.039 0.062 0.028 0.017 0.118 0.014 0.028 0.025 0.025 0.382 0.042
220 E 0.057 0.041 0.037 0.068 0.01 0.059 0.249 0.035 0.02 0.033 0.06 0.06 0.015 0.018 0.023 0.075 0.072 0.005 0.016 0.049
221 H 0.076 0.035 0.065 0.063 0.011 0.04 0.045 0.115 0.127 0.044 0.044 0.043 0.015 0.022 0.02 0.111 0.043 0.005 0.025 0.05
222 Y 0.037 0.025 0.02 0.017 0.008 0.02 0.025 0.023 0.042 0.039 0.062 0.028 0.017 0.118 0.014 0.028 0.025 0.025 0.382 0.042
223 T 0.158 0.034 0.035 0.033 0.016 0.026 0.038 0.075 0.013 0.041 0.053 0.055 0.016 0.02 0.025 0.094 0.189 0.005 0.016 0.058
224 E 0.053 0.055 0.048 0.08 0.008 0.11 0.204 0.037 0.022 0.024 0.038 0.091 0.014 0.015 0.023 0.067 0.057 0.005 0.016 0.032
225 A 0.141 0.031 0.026 0.034 0.014 0.026 0.081 0.091 0.013 0.077 0.065 0.053 0.018 0.022 0.071 0.057 0.05 0.005 0.016 0.109
226 S 0.142 0.033 0.042 0.079 0.016 0.028 0.047 0.057 0.016 0.035 0.049 0.045 0.026 0.02 0.025 0.196 0.074 0.005 0.016 0.05
227 E 0.062 0.038 0.04 0.111 0.009 0.044 0.226 0.063 0.021 0.025 0.037 0.056 0.012 0.021 0.023 0.069 0.07 0.006 0.033 0.034
228 K 0.057 0.107 0.042 0.042 0.009 0.054 0.071 0.043 0.021 0.028 0.043 0.278 0.016 0.016 0.028 0.054 0.04 0.005 0.017 0.033
229 N 0.063 0.052 0.18 0.06 0.009 0.063 0.1 0.048 0.044 0.025 0.036 0.103 0.013 0.017 0.021 0.068 0.041 0.005 0.017 0.034
230 G 0.073 0.025 0.071 0.039 0.01 0.02 0.028 0.467 0.015 0.019 0.028 0.035 0.009 0.016 0.019 0.053 0.031 0.005 0.011 0.024
231 G 0.078 0.023 0.039 0.034 0.011 0.019 0.026 0.51 0.014 0.019 0.028 0.034 0.009 0.016 0.019 0.051 0.03 0.005 0.011 0.024
232 A 0.176 0.043 0.033 0.032 0.015 0.026 0.038 0.128 0.015 0.046 0.051 0.068 0.015 0.039 0.024 0.123 0.052 0.005 0.018 0.05
233 G 0.068 0.024 0.085 0.038 0.01 0.02 0.027 0.462 0.015 0.018 0.027 0.034 0.009 0.015 0.018 0.061 0.032 0.005 0.011 0.023
234 G 0.071 0.021 0.035 0.031 0.01 0.017 0.023 0.556 0.012 0.017 0.026 0.031 0.009 0.015 0.017 0.046 0.027 0.005 0.01 0.022
235 L 0.039 0.023 0.016 0.015 0.012 0.016 0.021 0.021 0.022 0.079 0.255 0.025 0.032 0.101 0.013 0.025 0.029 0.014 0.162 0.08
236 L 0.04 0.021 0.014 0.015 0.013 0.015 0.019 0.021 0.013 0.122 0.285 0.023 0.046 0.092 0.013 0.024 0.03 0.034 0.062 0.098
237 T 0.062 0.031 0.034 0.03 0.016 0.023 0.033 0.035 0.012 0.072 0.087 0.043 0.021 0.044 0.022 0.071 0.252 0.006 0.02 0.088
238 L 0.044 0.021 0.013 0.014 0.015 0.014 0.019 0.02 0.009 0.114 0.355 0.023 0.041 0.065 0.013 0.024 0.033 0.007 0.023 0.134
239 G 0.112 0.024 0.027 0.026 0.014 0.019 0.027 0.209 0.012 0.062 0.128 0.032 0.024 0.059 0.018 0.074 0.044 0.006 0.02 0.062
240 F 0.033 0.018 0.015 0.015 0.01 0.011 0.018 0.022 0.015 0.071 0.155 0.019 0.026 0.357 0.01 0.023 0.025 0.014 0.084 0.058
241 Y 0.036 0.025 0.036 0.019 0.009 0.019 0.025 0.024 0.038 0.041 0.067 0.028 0.018 0.163 0.014 0.029 0.026 0.023 0.319 0.043
242 V 0.06 0.022 0.02 0.02 0.045 0.016 0.023 0.027 0.01 0.132 0.138 0.027 0.037 0.08 0.016 0.043 0.089 0.006 0.025 0.165
243 L 0.077 0.021 0.015 0.017 0.015 0.015 0.021 0.026 0.01 0.151 0.227 0.024 0.033 0.086 0.015 0.034 0.036 0.007 0.026 0.147
244 L 0.041 0.02 0.014 0.015 0.014 0.014 0.018 0.02 0.01 0.191 0.271 0.022 0.052 0.083 0.013 0.023 0.032 0.007 0.025 0.114
245 G 0.148 0.024 0.027 0.026 0.014 0.019 0.028 0.225 0.012 0.072 0.091 0.033 0.028 0.032 0.02 0.069 0.038 0.005 0.016 0.071
246 L 0.047 0.021 0.016 0.017 0.015 0.015 0.02 0.023 0.01 0.166 0.228 0.024 0.059 0.086 0.014 0.037 0.036 0.007 0.026 0.133
247 F 0.067 0.019 0.015 0.016 0.013 0.013 0.019 0.026 0.012 0.123 0.176 0.022 0.033 0.229 0.013 0.028 0.03 0.01 0.048 0.087
248 L 0.041 0.018 0.014 0.016 0.022 0.012 0.017 0.021 0.01 0.186 0.196 0.021 0.034 0.157 0.012 0.024 0.034 0.008 0.037 0.121
249 Y 0.037 0.028 0.02 0.018 0.009 0.02 0.026 0.023 0.035 0.052 0.091 0.042 0.022 0.14 0.014 0.028 0.026 0.022 0.299 0.048
250 L 0.071 0.019 0.015 0.017 0.014 0.014 0.02 0.026 0.011 0.173 0.176 0.023 0.03 0.14 0.014 0.031 0.037 0.008 0.04 0.12
251 L 0.053 0.021 0.018 0.018 0.03 0.015 0.021 0.045 0.011 0.113 0.184 0.024 0.039 0.157 0.014 0.037 0.048 0.008 0.036 0.108
252 G 0.073 0.051 0.118 0.061 0.01 0.024 0.035 0.263 0.018 0.037 0.039 0.042 0.015 0.021 0.019 0.072 0.037 0.005 0.024 0.035
253 K 0.075 0.121 0.064 0.033 0.009 0.035 0.045 0.063 0.025 0.028 0.045 0.155 0.014 0.04 0.02 0.046 0.034 0.01 0.103 0.035
254 K 0.061 0.074 0.061 0.032 0.011 0.043 0.044 0.035 0.017 0.075 0.122 0.15 0.022 0.051 0.02 0.044 0.049 0.006 0.021 0.063
255 L 0.041 0.03 0.024 0.028 0.011 0.025 0.08 0.024 0.024 0.095 0.161 0.048 0.025 0.075 0.016 0.031 0.03 0.013 0.152 0.067
256 R 0.045 0.237 0.08 0.038 0.007 0.044 0.054 0.037 0.021 0.023 0.039 0.195 0.014 0.015 0.021 0.046 0.035 0.005 0.016 0.028
257 I 0.044 0.043 0.063 0.028 0.012 0.028 0.03 0.028 0.013 0.199 0.13 0.078 0.027 0.051 0.016 0.036 0.043 0.006 0.021 0.104
258 K 0.046 0.112 0.059 0.068 0.009 0.055 0.099 0.035 0.019 0.049 0.068 0.148 0.017 0.039 0.02 0.044 0.035 0.005 0.019 0.053
259 D 0.04 0.034 0.203 0.234 0.008 0.029 0.075 0.049 0.022 0.036 0.034 0.045 0.011 0.016 0.019 0.059 0.039 0.004 0.013 0.03
260 K 0.047 0.071 0.061 0.064 0.009 0.038 0.117 0.034 0.038 0.071 0.067 0.127 0.017 0.025 0.02 0.045 0.048 0.006 0.035 0.057
261 N 0.053 0.041 0.116 0.101 0.01 0.033 0.107 0.04 0.022 0.054 0.053 0.064 0.02 0.03 0.02 0.067 0.04 0.007 0.053 0.069
262 F 0.035 0.023 0.019 0.019 0.009 0.017 0.039 0.023 0.029 0.049 0.095 0.026 0.02 0.237 0.013 0.027 0.025 0.019 0.227 0.047
263 N 0.061 0.104 0.141 0.046 0.01 0.042 0.042 0.042 0.043 0.065 0.065 0.06 0.017 0.031 0.018 0.065 0.04 0.007 0.054 0.048
264 I 0.049 0.048 0.032 0.025 0.051 0.042 0.037 0.029 0.015 0.133 0.121 0.123 0.024 0.032 0.018 0.035 0.036 0.006 0.035 0.108
265 L 0.042 0.022 0.016 0.017 0.013 0.015 0.021 0.023 0.015 0.106 0.276 0.024 0.04 0.118 0.013 0.039 0.032 0.01 0.078 0.079
266 E 0.047 0.034 0.028 0.05 0.01 0.04 0.19 0.029 0.02 0.054 0.128 0.047 0.035 0.085 0.019 0.051 0.033 0.008 0.043 0.05
267 Q 0.062 0.044 0.033 0.035 0.09 0.136 0.072 0.036 0.018 0.045 0.074 0.055 0.022 0.02 0.021 0.07 0.081 0.005 0.017 0.067
268 L 0.041 0.02 0.015 0.016 0.013 0.014 0.019 0.022 0.011 0.142 0.22 0.023 0.054 0.164 0.013 0.031 0.032 0.009 0.038 0.103
269 Y 0.036 0.025 0.02 0.017 0.009 0.019 0.025 0.023 0.049 0.045 0.089 0.027 0.019 0.158 0.014 0.027 0.025 0.022 0.307 0.045
270 L 0.099 0.023 0.018 0.019 0.041 0.016 0.023 0.032 0.011 0.113 0.241 0.027 0.032 0.059 0.016 0.052 0.039 0.033 0.024 0.084
271 C 0.061 0.021 0.021 0.02 0.299 0.016 0.022 0.032 0.011 0.063 0.115 0.025 0.02 0.029 0.017 0.074 0.053 0.006 0.032 0.063
272 G 0.071 0.021 0.035 0.031 0.01 0.017 0.023 0.556 0.012 0.017 0.026 0.031 0.009 0.015 0.017 0.047 0.027 0.005 0.01 0.022
273 L 0.051 0.02 0.014 0.015 0.016 0.014 0.019 0.02 0.008 0.177 0.236 0.023 0.035 0.04 0.014 0.025 0.038 0.006 0.019 0.209
274 A 0.202 0.025 0.02 0.022 0.018 0.019 0.029 0.046 0.011 0.079 0.13 0.032 0.035 0.049 0.021 0.053 0.048 0.006 0.021 0.135
275 F 0.075 0.02 0.015 0.016 0.039 0.013 0.02 0.028 0.012 0.085 0.184 0.022 0.028 0.231 0.013 0.03 0.03 0.01 0.048 0.081
276 L 0.05 0.021 0.014 0.015 0.016 0.016 0.02 0.021 0.009 0.153 0.251 0.024 0.058 0.041 0.014 0.026 0.037 0.006 0.02 0.189
277 I 0.044 0.019 0.015 0.016 0.014 0.014 0.018 0.02 0.01 0.229 0.22 0.023 0.035 0.052 0.014 0.026 0.048 0.007 0.038 0.136
278 P 0.051 0.023 0.021 0.028 0.009 0.019 0.033 0.033 0.012 0.023 0.033 0.037 0.009 0.012 0.541 0.04 0.033 0.002 0.012 0.028
279 L 0.05 0.019 0.014 0.015 0.016 0.014 0.019 0.021 0.008 0.192 0.207 0.022 0.034 0.06 0.014 0.025 0.037 0.006 0.022 0.206
280 A 0.294 0.028 0.025 0.027 0.019 0.023 0.036 0.064 0.013 0.047 0.063 0.04 0.028 0.022 0.026 0.084 0.064 0.005 0.016 0.076
281 L 0.056 0.023 0.016 0.016 0.014 0.017 0.021 0.024 0.012 0.101 0.248 0.025 0.094 0.135 0.013 0.028 0.032 0.009 0.034 0.081
282 L 0.04 0.022 0.013 0.014 0.015 0.015 0.018 0.019 0.009 0.105 0.434 0.023 0.045 0.05 0.013 0.022 0.03 0.006 0.02 0.087
283 G 0.072 0.026 0.037 0.035 0.01 0.034 0.046 0.454 0.014 0.019 0.028 0.037 0.01 0.015 0.019 0.072 0.033 0.005 0.011 0.024
284 T 0.11 0.031 0.034 0.031 0.017 0.024 0.035 0.043 0.013 0.055 0.084 0.039 0.03 0.024 0.024 0.09 0.216 0.005 0.017 0.078
285 D 0.044 0.034 0.203 0.242 0.008 0.029 0.062 0.052 0.022 0.021 0.028 0.045 0.01 0.015 0.02 0.08 0.042 0.004 0.013 0.025
286 P 0.071 0.024 0.021 0.028 0.01 0.019 0.033 0.035 0.012 0.024 0.034 0.038 0.01 0.012 0.509 0.042 0.034 0.003 0.012 0.03
287 S 0.138 0.035 0.045 0.042 0.016 0.029 0.046 0.062 0.017 0.029 0.04 0.048 0.014 0.019 0.027 0.26 0.07 0.005 0.016 0.042
288 G 0.071 0.021 0.035 0.031 0.01 0.017 0.023 0.556 0.012 0.017 0.026 0.031 0.009 0.015 0.017 0.047 0.027 0.005 0.01 0.022
289 P 0.051 0.023 0.021 0.028 0.009 0.019 0.033 0.033 0.012 0.023 0.033 0.037 0.009 0.012 0.541 0.04 0.033 0.002 0.012 0.028
290 Q 0.051 0.067 0.04 0.043 0.008 0.288 0.093 0.037 0.027 0.024 0.043 0.083 0.019 0.013 0.021 0.051 0.037 0.005 0.019 0.032
291 R 0.04 0.406 0.035 0.028 0.007 0.044 0.047 0.03 0.021 0.021 0.042 0.109 0.014 0.016 0.018 0.04 0.032 0.005 0.016 0.028
292 L 0.044 0.02 0.014 0.015 0.015 0.014 0.018 0.02 0.009 0.195 0.26 0.023 0.047 0.063 0.013 0.024 0.034 0.006 0.023 0.144
293 L 0.057 0.021 0.014 0.015 0.015 0.015 0.019 0.022 0.009 0.135 0.36 0.023 0.041 0.056 0.014 0.025 0.032 0.006 0.021 0.1
294 N 0.072 0.035 0.115 0.039 0.011 0.062 0.042 0.041 0.025 0.049 0.057 0.043 0.017 0.081 0.039 0.056 0.065 0.01 0.095 0.046
295 Y 0.037 0.026 0.038 0.02 0.008 0.02 0.026 0.024 0.041 0.039 0.061 0.029 0.017 0.122 0.014 0.03 0.026 0.024 0.356 0.042
296 F 0.031 0.017 0.015 0.015 0.01 0.01 0.017 0.023 0.015 0.057 0.104 0.017 0.023 0.444 0.01 0.023 0.023 0.015 0.08 0.05
297 T 0.086 0.028 0.03 0.028 0.016 0.022 0.031 0.037 0.012 0.083 0.126 0.036 0.024 0.028 0.021 0.086 0.172 0.005 0.017 0.111
298 W 0.037 0.022 0.018 0.018 0.009 0.016 0.024 0.028 0.037 0.043 0.06 0.025 0.016 0.093 0.063 0.032 0.027 0.276 0.093 0.063
299 Y 0.055 0.025 0.023 0.022 0.013 0.02 0.027 0.028 0.019 0.089 0.106 0.031 0.042 0.073 0.043 0.044 0.111 0.011 0.112 0.106
300 L 0.051 0.022 0.017 0.017 0.024 0.016 0.021 0.024 0.009 0.149 0.262 0.025 0.046 0.041 0.015 0.047 0.039 0.006 0.019 0.15
301 V 0.081 0.023 0.019 0.02 0.016 0.018 0.024 0.028 0.01 0.155 0.125 0.028 0.069 0.034 0.017 0.039 0.073 0.006 0.019 0.196
302 L 0.04 0.02 0.014 0.015 0.014 0.013 0.018 0.02 0.01 0.148 0.291 0.021 0.037 0.126 0.012 0.023 0.031 0.008 0.032 0.108
303 L 0.041 0.021 0.014 0.015 0.014 0.015 0.018 0.02 0.01 0.166 0.318 0.023 0.057 0.066 0.013 0.023 0.032 0.007 0.023 0.105
304 L 0.041 0.019 0.013 0.015 0.014 0.013 0.018 0.02 0.009 0.184 0.292 0.022 0.042 0.085 0.013 0.023 0.032 0.007 0.026 0.113
305 P 0.052 0.024 0.022 0.028 0.01 0.019 0.033 0.033 0.012 0.025 0.034 0.038 0.01 0.012 0.515 0.042 0.047 0.003 0.012 0.03
306 I 0.045 0.022 0.018 0.018 0.014 0.017 0.022 0.024 0.014 0.168 0.156 0.026 0.066 0.101 0.015 0.036 0.062 0.009 0.058 0.111
307 L 0.096 0.021 0.017 0.018 0.016 0.016 0.022 0.029 0.009 0.177 0.179 0.027 0.033 0.036 0.016 0.037 0.057 0.005 0.018 0.168
308 L 0.039 0.021 0.014 0.015 0.013 0.015 0.019 0.021 0.012 0.11 0.311 0.023 0.058 0.128 0.012 0.024 0.03 0.009 0.043 0.084
309 K 0.055 0.108 0.059 0.072 0.009 0.055 0.076 0.04 0.019 0.032 0.051 0.177 0.015 0.017 0.022 0.082 0.041 0.005 0.016 0.047
310 K 0.049 0.14 0.038 0.059 0.008 0.047 0.077 0.037 0.019 0.024 0.039 0.279 0.014 0.014 0.024 0.047 0.035 0.005 0.015 0.029
311 I 0.043 0.021 0.016 0.017 0.014 0.027 0.022 0.021 0.012 0.226 0.156 0.025 0.045 0.088 0.014 0.026 0.034 0.008 0.05 0.135
312 N 0.042 0.055 0.268 0.062 0.008 0.034 0.049 0.052 0.025 0.024 0.035 0.129 0.012 0.037 0.02 0.057 0.041 0.005 0.018 0.027
313 N 0.051 0.038 0.253 0.06 0.01 0.028 0.041 0.08 0.025 0.04 0.04 0.05 0.013 0.023 0.019 0.091 0.061 0.005 0.034 0.037
314 K 0.065 0.065 0.051 0.029 0.012 0.029 0.038 0.033 0.016 0.102 0.117 0.123 0.034 0.032 0.019 0.043 0.056 0.006 0.036 0.094
315 L 0.039 0.021 0.016 0.015 0.012 0.015 0.02 0.021 0.019 0.105 0.205 0.023 0.035 0.153 0.013 0.025 0.029 0.013 0.131 0.088
316 I 0.05 0.018 0.014 0.016 0.016 0.013 0.018 0.02 0.008 0.231 0.168 0.022 0.032 0.052 0.014 0.025 0.038 0.006 0.021 0.216
317 Y 0.047 0.037 0.056 0.028 0.011 0.025 0.033 0.032 0.027 0.052 0.112 0.072 0.02 0.066 0.018 0.054 0.075 0.014 0.171 0.051
318 L 0.072 0.021 0.017 0.018 0.015 0.015 0.021 0.027 0.012 0.172 0.193 0.025 0.034 0.086 0.015 0.042 0.039 0.008 0.044 0.125
319 S 0.11 0.04 0.054 0.049 0.018 0.033 0.053 0.067 0.019 0.03 0.042 0.054 0.016 0.021 0.03 0.217 0.082 0.005 0.018 0.042
320 I 0.064 0.021 0.018 0.019 0.015 0.015 0.021 0.026 0.01 0.189 0.185 0.025 0.036 0.085 0.015 0.038 0.063 0.007 0.026 0.121
