#Seq2Logo.py -f /work3/idamei/wzy_ssn/run/1e-50/run/150/MSAs/0044_28.afa -o /work3/idamei/wzy_ssn/run/1e-50/run/150/logos/0044_28.logo
#Position Specific Frequency Matrix
A R N D C Q E G H I L K M F P S T W Y V
0 L 0.052 0.032 0.02 0.02 0.016 0.028 0.028 0.028 0.016 0.1 0.196 0.036 0.163 0.048 0.016 0.036 0.04 0.008 0.024 0.092
1 M 0.047 0.029 0.018 0.018 0.015 0.025 0.025 0.025 0.015 0.091 0.178 0.033 0.24 0.044 0.015 0.033 0.036 0.007 0.022 0.084
2 G 0.078 0.023 0.039 0.034 0.011 0.019 0.026 0.509 0.014 0.019 0.028 0.034 0.009 0.016 0.019 0.051 0.03 0.005 0.011 0.024
3 K 0.055 0.069 0.067 0.038 0.01 0.038 0.052 0.064 0.019 0.055 0.05 0.22 0.015 0.022 0.023 0.07 0.052 0.006 0.032 0.044
4 I 0.043 0.038 0.024 0.019 0.014 0.027 0.022 0.021 0.01 0.254 0.166 0.029 0.032 0.056 0.014 0.026 0.035 0.006 0.021 0.143
5 K 0.055 0.082 0.034 0.034 0.011 0.045 0.057 0.038 0.019 0.052 0.094 0.198 0.064 0.026 0.024 0.048 0.04 0.006 0.02 0.053
6 F 0.059 0.026 0.029 0.028 0.013 0.018 0.03 0.039 0.018 0.052 0.09 0.031 0.022 0.265 0.017 0.09 0.044 0.013 0.065 0.051
7 S 0.11 0.04 0.054 0.049 0.018 0.033 0.053 0.067 0.019 0.03 0.042 0.054 0.016 0.021 0.03 0.217 0.082 0.005 0.018 0.042
8 I 0.047 0.018 0.015 0.018 0.016 0.013 0.018 0.021 0.009 0.268 0.169 0.024 0.037 0.044 0.015 0.025 0.04 0.006 0.021 0.177
9 K 0.055 0.107 0.049 0.033 0.012 0.034 0.045 0.036 0.016 0.053 0.091 0.156 0.02 0.022 0.021 0.061 0.086 0.005 0.017 0.084
10 D 0.041 0.03 0.069 0.397 0.008 0.03 0.091 0.047 0.019 0.022 0.028 0.045 0.009 0.015 0.022 0.052 0.035 0.004 0.011 0.024
11 R 0.045 0.345 0.039 0.031 0.008 0.048 0.052 0.033 0.023 0.023 0.047 0.12 0.016 0.017 0.019 0.045 0.035 0.006 0.017 0.031
12 T 0.073 0.036 0.043 0.038 0.018 0.028 0.039 0.043 0.014 0.053 0.065 0.045 0.02 0.024 0.028 0.093 0.246 0.006 0.018 0.071
13 V 0.07 0.022 0.016 0.018 0.019 0.016 0.023 0.025 0.008 0.165 0.13 0.026 0.032 0.036 0.016 0.033 0.049 0.006 0.021 0.269
14 I 0.045 0.019 0.032 0.019 0.015 0.014 0.019 0.022 0.01 0.254 0.181 0.024 0.033 0.049 0.014 0.028 0.049 0.006 0.02 0.148
15 K 0.049 0.089 0.08 0.081 0.008 0.079 0.065 0.041 0.022 0.024 0.038 0.206 0.014 0.019 0.022 0.055 0.037 0.006 0.033 0.03
16 F 0.043 0.026 0.019 0.019 0.013 0.019 0.024 0.027 0.017 0.082 0.156 0.028 0.092 0.217 0.013 0.031 0.033 0.012 0.057 0.074
17 F 0.034 0.019 0.017 0.017 0.011 0.011 0.019 0.025 0.017 0.064 0.114 0.019 0.025 0.385 0.011 0.025 0.025 0.017 0.089 0.055
18 D 0.041 0.03 0.069 0.396 0.008 0.03 0.092 0.047 0.019 0.022 0.028 0.045 0.009 0.015 0.022 0.052 0.035 0.004 0.011 0.024
19 K 0.057 0.107 0.042 0.042 0.009 0.054 0.071 0.043 0.021 0.028 0.043 0.276 0.016 0.016 0.028 0.054 0.04 0.005 0.017 0.033
20 K 0.057 0.107 0.042 0.042 0.009 0.054 0.071 0.043 0.021 0.028 0.043 0.276 0.016 0.016 0.028 0.054 0.04 0.005 0.017 0.033
21 N 0.043 0.045 0.315 0.083 0.009 0.034 0.05 0.065 0.032 0.023 0.032 0.054 0.011 0.018 0.02 0.07 0.05 0.005 0.016 0.027
22 V 0.07 0.022 0.017 0.018 0.019 0.017 0.023 0.025 0.008 0.165 0.131 0.026 0.032 0.036 0.017 0.033 0.05 0.006 0.021 0.267
23 Q 0.056 0.074 0.044 0.047 0.009 0.213 0.103 0.041 0.029 0.027 0.047 0.091 0.021 0.015 0.024 0.056 0.041 0.006 0.021 0.035
24 T 0.073 0.036 0.044 0.038 0.018 0.028 0.039 0.044 0.014 0.053 0.065 0.046 0.02 0.024 0.028 0.093 0.245 0.006 0.018 0.071
25 G 0.068 0.065 0.04 0.038 0.01 0.036 0.048 0.276 0.017 0.023 0.036 0.155 0.012 0.016 0.023 0.053 0.035 0.005 0.014 0.029
26 V 0.062 0.13 0.024 0.022 0.015 0.027 0.033 0.027 0.013 0.117 0.102 0.057 0.026 0.03 0.017 0.037 0.045 0.006 0.02 0.19
27 F 0.047 0.042 0.027 0.028 0.012 0.085 0.05 0.032 0.021 0.063 0.119 0.049 0.069 0.15 0.017 0.039 0.036 0.01 0.044 0.061
28 K 0.051 0.137 0.035 0.032 0.01 0.038 0.049 0.036 0.039 0.042 0.064 0.171 0.028 0.022 0.021 0.06 0.066 0.035 0.021 0.042
29 L 0.048 0.043 0.074 0.046 0.011 0.026 0.053 0.034 0.019 0.089 0.152 0.073 0.024 0.039 0.047 0.058 0.038 0.007 0.057 0.064
30 S 0.069 0.046 0.095 0.044 0.012 0.031 0.046 0.049 0.019 0.048 0.053 0.101 0.027 0.032 0.052 0.147 0.061 0.005 0.018 0.044
31 L 0.045 0.024 0.014 0.015 0.016 0.016 0.02 0.021 0.01 0.115 0.375 0.025 0.05 0.055 0.014 0.024 0.033 0.007 0.022 0.096
32 R 0.045 0.345 0.039 0.031 0.008 0.048 0.052 0.033 0.023 0.023 0.047 0.12 0.016 0.017 0.019 0.045 0.035 0.006 0.017 0.031
33 Q 0.056 0.074 0.044 0.047 0.009 0.215 0.103 0.041 0.029 0.026 0.047 0.091 0.021 0.015 0.024 0.056 0.041 0.006 0.021 0.035
34 W 0.03 0.023 0.015 0.015 0.008 0.015 0.023 0.03 0.015 0.03 0.053 0.023 0.015 0.061 0.008 0.023 0.023 0.492 0.068 0.03
35 L 0.045 0.024 0.014 0.015 0.016 0.016 0.02 0.021 0.01 0.115 0.375 0.025 0.05 0.055 0.014 0.024 0.033 0.007 0.022 0.096
36 N 0.043 0.045 0.317 0.083 0.009 0.034 0.049 0.065 0.032 0.022 0.032 0.054 0.011 0.018 0.02 0.07 0.049 0.004 0.016 0.027
37 P 0.057 0.026 0.023 0.031 0.01 0.021 0.036 0.036 0.013 0.026 0.036 0.041 0.01 0.013 0.494 0.044 0.036 0.003 0.013 0.031
38 W 0.03 0.023 0.015 0.015 0.008 0.015 0.023 0.03 0.015 0.03 0.053 0.023 0.015 0.061 0.008 0.023 0.023 0.492 0.068 0.03
39 F 0.034 0.019 0.017 0.017 0.011 0.011 0.019 0.025 0.017 0.063 0.114 0.019 0.025 0.387 0.011 0.025 0.025 0.017 0.089 0.055
40 L 0.066 0.023 0.023 0.042 0.014 0.018 0.026 0.079 0.011 0.132 0.204 0.029 0.039 0.055 0.016 0.058 0.05 0.006 0.021 0.089
41 N 0.064 0.058 0.119 0.064 0.01 0.042 0.047 0.083 0.04 0.024 0.036 0.077 0.012 0.021 0.095 0.096 0.043 0.005 0.033 0.03
42 E 0.045 0.041 0.078 0.201 0.007 0.067 0.213 0.038 0.022 0.021 0.031 0.059 0.011 0.015 0.022 0.051 0.035 0.004 0.014 0.026
43 L 0.043 0.047 0.018 0.019 0.013 0.02 0.025 0.024 0.013 0.124 0.237 0.058 0.037 0.063 0.015 0.029 0.045 0.033 0.041 0.096
44 L 0.056 0.02 0.014 0.015 0.015 0.014 0.019 0.022 0.009 0.166 0.319 0.023 0.039 0.064 0.014 0.025 0.032 0.006 0.023 0.105
45 F 0.088 0.021 0.019 0.019 0.013 0.015 0.023 0.056 0.014 0.08 0.139 0.025 0.025 0.212 0.015 0.045 0.033 0.011 0.062 0.087
46 F 0.039 0.024 0.019 0.018 0.01 0.028 0.025 0.025 0.024 0.073 0.124 0.027 0.023 0.2 0.013 0.039 0.029 0.041 0.162 0.057
47 L 0.084 0.022 0.021 0.021 0.052 0.017 0.025 0.032 0.011 0.143 0.147 0.028 0.027 0.062 0.017 0.074 0.044 0.006 0.022 0.144
48 A 0.219 0.029 0.031 0.032 0.017 0.024 0.037 0.133 0.014 0.037 0.048 0.04 0.015 0.019 0.049 0.125 0.05 0.005 0.015 0.062
49 L 0.039 0.022 0.016 0.015 0.012 0.015 0.021 0.021 0.021 0.087 0.218 0.024 0.03 0.146 0.013 0.025 0.028 0.014 0.151 0.081
50 G 0.091 0.022 0.024 0.023 0.039 0.017 0.024 0.122 0.011 0.105 0.115 0.029 0.023 0.087 0.017 0.055 0.068 0.007 0.025 0.097
51 L 0.06 0.02 0.015 0.017 0.015 0.014 0.019 0.023 0.009 0.217 0.234 0.024 0.037 0.041 0.015 0.029 0.049 0.006 0.019 0.139
52 Y 0.035 0.021 0.017 0.016 0.01 0.015 0.021 0.022 0.027 0.077 0.102 0.023 0.022 0.213 0.012 0.025 0.026 0.044 0.213 0.058
53 L 0.043 0.021 0.013 0.015 0.015 0.014 0.018 0.02 0.009 0.151 0.333 0.023 0.04 0.065 0.013 0.023 0.033 0.007 0.023 0.123
54 V 0.086 0.022 0.021 0.021 0.015 0.017 0.025 0.056 0.011 0.123 0.137 0.028 0.026 0.082 0.017 0.061 0.057 0.006 0.025 0.163
55 F 0.093 0.022 0.021 0.021 0.014 0.016 0.025 0.033 0.014 0.115 0.113 0.027 0.026 0.152 0.016 0.061 0.051 0.009 0.053 0.116
56 S 0.12 0.036 0.09 0.044 0.014 0.028 0.042 0.13 0.018 0.027 0.038 0.059 0.013 0.018 0.024 0.172 0.069 0.005 0.015 0.038
57 L 0.04 0.02 0.014 0.015 0.014 0.014 0.018 0.021 0.012 0.155 0.252 0.022 0.045 0.124 0.013 0.024 0.031 0.009 0.049 0.109
58 L 0.042 0.021 0.013 0.014 0.015 0.014 0.018 0.019 0.009 0.129 0.388 0.023 0.043 0.051 0.013 0.023 0.032 0.006 0.021 0.106
59 S 0.103 0.044 0.115 0.063 0.014 0.029 0.046 0.094 0.019 0.028 0.04 0.048 0.018 0.019 0.024 0.177 0.064 0.005 0.015 0.037
60 T 0.077 0.034 0.035 0.033 0.015 0.055 0.048 0.038 0.014 0.072 0.067 0.044 0.02 0.022 0.023 0.071 0.223 0.005 0.017 0.084
61 S 0.084 0.034 0.045 0.039 0.016 0.028 0.042 0.05 0.015 0.037 0.048 0.045 0.016 0.02 0.026 0.192 0.19 0.005 0.016 0.051
62 F 0.042 0.019 0.033 0.019 0.011 0.012 0.019 0.026 0.015 0.064 0.111 0.02 0.023 0.37 0.011 0.027 0.026 0.014 0.07 0.071
63 Y 0.036 0.024 0.018 0.016 0.009 0.017 0.023 0.022 0.034 0.049 0.105 0.026 0.021 0.174 0.013 0.027 0.025 0.022 0.289 0.048
64 Y 0.117 0.026 0.023 0.023 0.015 0.02 0.029 0.038 0.022 0.083 0.077 0.032 0.02 0.057 0.019 0.076 0.042 0.012 0.138 0.131
65 K 0.065 0.125 0.053 0.04 0.009 0.086 0.076 0.04 0.022 0.025 0.041 0.19 0.015 0.02 0.023 0.06 0.038 0.006 0.034 0.032
66 Y 0.046 0.033 0.023 0.021 0.009 0.023 0.037 0.026 0.054 0.042 0.08 0.059 0.018 0.129 0.015 0.032 0.027 0.02 0.263 0.043
67 F 0.04 0.019 0.015 0.016 0.012 0.013 0.019 0.021 0.017 0.143 0.14 0.022 0.027 0.191 0.012 0.025 0.03 0.013 0.109 0.115
68 P 0.073 0.028 0.037 0.052 0.012 0.024 0.051 0.039 0.016 0.054 0.063 0.039 0.036 0.045 0.193 0.094 0.043 0.006 0.035 0.06
69 W 0.061 0.029 0.028 0.026 0.014 0.021 0.032 0.039 0.015 0.058 0.157 0.034 0.027 0.045 0.017 0.09 0.046 0.169 0.036 0.056
70 L 0.039 0.022 0.016 0.016 0.013 0.013 0.02 0.023 0.014 0.09 0.244 0.022 0.038 0.22 0.012 0.025 0.03 0.012 0.056 0.076
71 G 0.067 0.03 0.036 0.07 0.011 0.02 0.033 0.315 0.013 0.054 0.061 0.041 0.014 0.02 0.029 0.078 0.036 0.005 0.013 0.053
72 L 0.084 0.073 0.046 0.032 0.012 0.027 0.053 0.064 0.018 0.07 0.086 0.069 0.024 0.056 0.019 0.06 0.069 0.008 0.058 0.074
73 L 0.066 0.041 0.018 0.019 0.014 0.017 0.024 0.027 0.01 0.114 0.175 0.031 0.028 0.063 0.094 0.034 0.05 0.006 0.022 0.145
74 Y 0.042 0.025 0.024 0.02 0.01 0.019 0.027 0.051 0.088 0.068 0.076 0.028 0.02 0.149 0.014 0.031 0.028 0.016 0.184 0.082
75 K 0.05 0.096 0.054 0.035 0.01 0.048 0.05 0.037 0.058 0.046 0.056 0.158 0.026 0.038 0.021 0.059 0.062 0.007 0.048 0.043
76 L 0.095 0.023 0.036 0.022 0.015 0.017 0.024 0.032 0.013 0.166 0.173 0.029 0.029 0.049 0.017 0.049 0.052 0.007 0.037 0.115
77 L 0.101 0.022 0.017 0.019 0.015 0.016 0.023 0.03 0.013 0.159 0.162 0.027 0.034 0.063 0.016 0.037 0.05 0.008 0.056 0.131
78 L 0.064 0.054 0.041 0.027 0.013 0.036 0.034 0.056 0.014 0.132 0.144 0.08 0.045 0.041 0.018 0.049 0.044 0.006 0.019 0.084
79 L 0.066 0.021 0.016 0.017 0.014 0.016 0.021 0.025 0.015 0.148 0.199 0.025 0.046 0.08 0.014 0.029 0.034 0.009 0.075 0.129
80 L 0.065 0.022 0.019 0.02 0.015 0.016 0.022 0.041 0.01 0.175 0.2 0.027 0.037 0.052 0.016 0.046 0.065 0.006 0.021 0.128
81 C 0.102 0.026 0.029 0.028 0.188 0.02 0.031 0.044 0.012 0.061 0.065 0.034 0.017 0.022 0.021 0.135 0.064 0.005 0.015 0.081
82 V 0.053 0.019 0.014 0.016 0.065 0.014 0.019 0.022 0.008 0.175 0.178 0.022 0.031 0.046 0.014 0.027 0.038 0.005 0.02 0.213
83 L 0.069 0.023 0.023 0.022 0.013 0.017 0.024 0.105 0.014 0.094 0.168 0.028 0.029 0.115 0.016 0.068 0.037 0.008 0.046 0.081
84 L 0.057 0.022 0.014 0.015 0.015 0.015 0.019 0.022 0.009 0.116 0.354 0.024 0.04 0.065 0.014 0.026 0.032 0.007 0.023 0.112
85 L 0.041 0.021 0.013 0.014 0.015 0.015 0.018 0.019 0.009 0.145 0.372 0.023 0.053 0.048 0.013 0.023 0.032 0.006 0.02 0.1
86 L 0.062 0.021 0.017 0.018 0.014 0.015 0.021 0.026 0.011 0.139 0.176 0.024 0.039 0.136 0.014 0.047 0.037 0.008 0.034 0.14
87 L 0.061 0.02 0.016 0.017 0.038 0.014 0.02 0.024 0.009 0.167 0.198 0.023 0.032 0.084 0.014 0.03 0.049 0.007 0.025 0.151
88 R 0.063 0.146 0.066 0.034 0.01 0.035 0.045 0.062 0.038 0.047 0.052 0.136 0.016 0.043 0.02 0.056 0.036 0.006 0.038 0.052
89 E 0.049 0.048 0.067 0.074 0.007 0.053 0.291 0.034 0.023 0.035 0.039 0.09 0.013 0.016 0.023 0.05 0.035 0.005 0.015 0.034
90 L 0.049 0.02 0.015 0.016 0.014 0.014 0.019 0.022 0.011 0.168 0.219 0.023 0.034 0.1 0.013 0.029 0.034 0.034 0.046 0.122
91 I 0.05 0.022 0.019 0.019 0.014 0.017 0.023 0.025 0.013 0.173 0.168 0.027 0.058 0.07 0.015 0.053 0.051 0.008 0.048 0.127
92 L 0.074 0.04 0.051 0.064 0.013 0.029 0.057 0.052 0.042 0.05 0.117 0.081 0.02 0.025 0.021 0.098 0.075 0.005 0.019 0.067
93 N 0.076 0.076 0.083 0.042 0.037 0.042 0.079 0.078 0.018 0.037 0.069 0.052 0.016 0.072 0.019 0.074 0.053 0.006 0.023 0.047
94 P 0.057 0.026 0.023 0.031 0.01 0.021 0.036 0.036 0.013 0.026 0.036 0.041 0.01 0.013 0.494 0.044 0.036 0.003 0.013 0.031
95 K 0.053 0.112 0.053 0.041 0.009 0.053 0.07 0.062 0.019 0.029 0.041 0.223 0.014 0.015 0.046 0.058 0.037 0.005 0.015 0.043
96 Y 0.041 0.032 0.031 0.023 0.01 0.022 0.03 0.051 0.079 0.05 0.088 0.057 0.039 0.146 0.015 0.032 0.028 0.014 0.154 0.057
97 T 0.058 0.036 0.113 0.102 0.012 0.029 0.06 0.056 0.017 0.044 0.048 0.057 0.015 0.019 0.022 0.09 0.144 0.005 0.015 0.058
98 L 0.043 0.119 0.025 0.023 0.011 0.026 0.033 0.027 0.018 0.088 0.133 0.087 0.024 0.103 0.016 0.04 0.045 0.009 0.069 0.063
99 R 0.048 0.22 0.052 0.038 0.008 0.051 0.075 0.048 0.02 0.023 0.039 0.193 0.014 0.015 0.021 0.051 0.035 0.005 0.016 0.029
100 T 0.092 0.038 0.045 0.063 0.013 0.028 0.051 0.044 0.034 0.038 0.052 0.075 0.016 0.06 0.022 0.102 0.12 0.03 0.025 0.052
101 L 0.051 0.02 0.015 0.016 0.014 0.014 0.019 0.046 0.01 0.123 0.259 0.023 0.034 0.097 0.013 0.026 0.032 0.031 0.029 0.127
102 L 0.062 0.022 0.018 0.022 0.013 0.017 0.037 0.05 0.011 0.142 0.155 0.027 0.037 0.091 0.039 0.042 0.035 0.031 0.028 0.12
103 G 0.117 0.028 0.044 0.03 0.014 0.021 0.031 0.149 0.013 0.095 0.084 0.048 0.019 0.043 0.02 0.086 0.055 0.005 0.018 0.078
104 L 0.079 0.023 0.02 0.02 0.038 0.017 0.024 0.055 0.011 0.098 0.225 0.027 0.03 0.092 0.016 0.066 0.038 0.007 0.026 0.086
105 L 0.13 0.024 0.017 0.019 0.019 0.018 0.025 0.036 0.012 0.087 0.22 0.029 0.05 0.089 0.042 0.04 0.035 0.007 0.026 0.076
106 V 0.06 0.021 0.019 0.019 0.014 0.015 0.021 0.083 0.01 0.143 0.148 0.025 0.027 0.089 0.015 0.036 0.062 0.007 0.026 0.156
107 L 0.081 0.021 0.019 0.019 0.092 0.015 0.021 0.059 0.01 0.133 0.162 0.026 0.027 0.073 0.016 0.038 0.061 0.006 0.023 0.098
108 L 0.098 0.023 0.023 0.023 0.038 0.017 0.025 0.082 0.012 0.123 0.138 0.029 0.034 0.081 0.017 0.071 0.047 0.007 0.024 0.088
109 L 0.051 0.021 0.019 0.019 0.038 0.016 0.021 0.049 0.01 0.151 0.19 0.026 0.04 0.066 0.015 0.044 0.062 0.006 0.023 0.134
110 L 0.059 0.021 0.014 0.016 0.015 0.015 0.02 0.023 0.01 0.153 0.274 0.024 0.058 0.061 0.014 0.027 0.034 0.006 0.022 0.133
111 L 0.045 0.024 0.014 0.015 0.016 0.016 0.02 0.021 0.01 0.116 0.374 0.025 0.05 0.055 0.014 0.024 0.033 0.007 0.022 0.096
112 F 0.08 0.023 0.022 0.021 0.076 0.018 0.026 0.046 0.02 0.064 0.106 0.028 0.021 0.13 0.016 0.07 0.036 0.012 0.122 0.063
113 L 0.101 0.021 0.019 0.02 0.015 0.016 0.022 0.106 0.011 0.127 0.134 0.026 0.035 0.095 0.016 0.037 0.035 0.007 0.027 0.13
114 L 0.049 0.021 0.016 0.017 0.015 0.015 0.02 0.022 0.009 0.183 0.234 0.024 0.035 0.04 0.015 0.03 0.063 0.006 0.019 0.168
115 V 0.09 0.021 0.018 0.02 0.016 0.016 0.023 0.029 0.009 0.188 0.129 0.027 0.028 0.033 0.017 0.048 0.061 0.005 0.018 0.202
116 G 0.102 0.026 0.045 0.03 0.013 0.021 0.03 0.159 0.017 0.067 0.074 0.035 0.017 0.035 0.043 0.082 0.065 0.008 0.065 0.067
117 Y 0.054 0.073 0.024 0.023 0.011 0.025 0.033 0.029 0.023 0.069 0.118 0.074 0.022 0.085 0.017 0.05 0.041 0.012 0.138 0.079
118 S 0.066 0.034 0.08 0.036 0.014 0.026 0.037 0.042 0.036 0.072 0.072 0.052 0.034 0.048 0.02 0.131 0.051 0.006 0.038 0.103
119 T 0.079 0.051 0.042 0.073 0.013 0.05 0.046 0.069 0.018 0.047 0.051 0.047 0.016 0.028 0.022 0.118 0.124 0.007 0.049 0.049
120 A 0.29 0.031 0.026 0.03 0.022 0.026 0.04 0.078 0.015 0.043 0.059 0.045 0.018 0.022 0.03 0.085 0.05 0.005 0.018 0.069
121 E 0.055 0.05 0.04 0.09 0.007 0.064 0.296 0.035 0.026 0.022 0.037 0.076 0.013 0.017 0.026 0.055 0.037 0.006 0.017 0.031
122 G 0.078 0.023 0.039 0.034 0.011 0.019 0.026 0.51 0.014 0.019 0.028 0.034 0.009 0.016 0.019 0.051 0.03 0.005 0.011 0.024
123 G 0.086 0.048 0.08 0.059 0.012 0.037 0.041 0.217 0.017 0.032 0.04 0.045 0.018 0.018 0.021 0.123 0.053 0.005 0.014 0.036
124 Y 0.041 0.028 0.022 0.019 0.009 0.022 0.028 0.025 0.047 0.044 0.069 0.031 0.019 0.131 0.016 0.031 0.028 0.028 0.316 0.047
125 L 0.069 0.028 0.042 0.027 0.013 0.02 0.029 0.082 0.015 0.084 0.116 0.044 0.022 0.115 0.017 0.074 0.064 0.008 0.046 0.086
126 L 0.057 0.025 0.061 0.027 0.013 0.018 0.026 0.057 0.014 0.066 0.158 0.029 0.025 0.148 0.04 0.057 0.055 0.008 0.035 0.081
127 F 0.034 0.019 0.017 0.017 0.011 0.011 0.019 0.025 0.017 0.064 0.114 0.019 0.025 0.385 0.011 0.025 0.025 0.017 0.089 0.055
128 D 0.041 0.03 0.069 0.396 0.008 0.03 0.092 0.047 0.019 0.022 0.028 0.045 0.009 0.015 0.022 0.052 0.035 0.004 0.011 0.024
129 G 0.078 0.023 0.039 0.034 0.011 0.019 0.026 0.509 0.014 0.019 0.028 0.034 0.009 0.016 0.019 0.051 0.03 0.005 0.011 0.024
130 S 0.083 0.055 0.07 0.039 0.013 0.064 0.047 0.047 0.021 0.042 0.075 0.051 0.018 0.048 0.022 0.155 0.053 0.007 0.047 0.044
131 T 0.066 0.031 0.104 0.096 0.012 0.025 0.046 0.043 0.035 0.052 0.084 0.039 0.018 0.043 0.02 0.082 0.104 0.03 0.022 0.049
132 L 0.057 0.023 0.015 0.017 0.018 0.016 0.022 0.023 0.009 0.14 0.252 0.026 0.041 0.045 0.015 0.029 0.041 0.006 0.021 0.182
133 I 0.046 0.022 0.017 0.018 0.013 0.027 0.024 0.023 0.015 0.148 0.137 0.026 0.038 0.113 0.038 0.028 0.034 0.01 0.078 0.146
134 A 0.138 0.025 0.023 0.024 0.016 0.02 0.029 0.065 0.012 0.101 0.102 0.033 0.041 0.027 0.071 0.075 0.05 0.005 0.017 0.125
135 L 0.06 0.022 0.017 0.018 0.037 0.016 0.023 0.026 0.015 0.121 0.174 0.026 0.038 0.084 0.062 0.041 0.034 0.009 0.073 0.101
136 L 0.061 0.024 0.026 0.025 0.014 0.019 0.026 0.119 0.012 0.121 0.137 0.031 0.044 0.032 0.017 0.084 0.055 0.03 0.019 0.106
137 L 0.041 0.019 0.014 0.016 0.014 0.013 0.018 0.021 0.01 0.177 0.24 0.022 0.034 0.119 0.037 0.024 0.032 0.007 0.031 0.114
138 L 0.088 0.021 0.016 0.018 0.015 0.016 0.022 0.028 0.01 0.188 0.192 0.026 0.041 0.049 0.039 0.037 0.037 0.006 0.02 0.131
139 F 0.038 0.019 0.015 0.015 0.012 0.013 0.019 0.022 0.015 0.1 0.169 0.021 0.038 0.251 0.012 0.024 0.028 0.012 0.083 0.094
140 I 0.052 0.019 0.016 0.017 0.016 0.014 0.019 0.022 0.008 0.249 0.149 0.024 0.036 0.037 0.014 0.037 0.04 0.005 0.019 0.206
141 Y 0.037 0.022 0.017 0.016 0.01 0.015 0.022 0.023 0.026 0.06 0.113 0.023 0.022 0.205 0.012 0.026 0.027 0.042 0.206 0.075
142 C 0.082 0.024 0.057 0.028 0.178 0.018 0.027 0.053 0.015 0.044 0.091 0.03 0.018 0.084 0.018 0.092 0.042 0.007 0.04 0.051
143 L 0.121 0.024 0.02 0.02 0.015 0.018 0.025 0.083 0.012 0.081 0.221 0.03 0.039 0.039 0.017 0.051 0.037 0.007 0.034 0.105
144 R 0.043 0.324 0.045 0.05 0.007 0.043 0.052 0.033 0.021 0.022 0.04 0.141 0.014 0.015 0.019 0.048 0.034 0.005 0.015 0.028
145 D 0.053 0.053 0.197 0.232 0.008 0.03 0.062 0.05 0.022 0.021 0.029 0.061 0.01 0.015 0.02 0.055 0.038 0.004 0.013 0.026
146 I 0.047 0.022 0.018 0.019 0.014 0.027 0.023 0.024 0.011 0.202 0.162 0.027 0.04 0.093 0.014 0.04 0.049 0.007 0.027 0.135
147 D 0.073 0.032 0.105 0.141 0.011 0.028 0.066 0.049 0.018 0.024 0.033 0.045 0.011 0.015 0.137 0.119 0.047 0.004 0.013 0.03
148 F 0.033 0.018 0.015 0.015 0.01 0.011 0.018 0.023 0.016 0.076 0.119 0.018 0.024 0.375 0.01 0.023 0.025 0.014 0.086 0.069
149 D 0.05 0.067 0.064 0.133 0.009 0.04 0.128 0.039 0.019 0.029 0.043 0.127 0.023 0.017 0.046 0.06 0.05 0.005 0.014 0.039
150 K 0.051 0.101 0.041 0.066 0.008 0.054 0.062 0.039 0.038 0.025 0.04 0.244 0.014 0.02 0.023 0.06 0.043 0.006 0.034 0.03
151 I 0.063 0.019 0.014 0.016 0.016 0.014 0.019 0.022 0.008 0.223 0.188 0.023 0.033 0.038 0.014 0.027 0.038 0.005 0.019 0.199
152 A 0.23 0.026 0.023 0.025 0.018 0.021 0.032 0.053 0.012 0.087 0.098 0.035 0.021 0.035 0.022 0.08 0.045 0.005 0.018 0.113
153 K 0.054 0.201 0.036 0.052 0.008 0.045 0.056 0.036 0.019 0.029 0.043 0.223 0.015 0.016 0.022 0.045 0.035 0.005 0.016 0.044
154 L 0.047 0.02 0.017 0.018 0.014 0.014 0.02 0.024 0.011 0.155 0.159 0.023 0.029 0.157 0.014 0.04 0.051 0.008 0.037 0.143
155 S 0.09 0.028 0.032 0.03 0.039 0.022 0.034 0.043 0.013 0.064 0.062 0.037 0.018 0.027 0.021 0.134 0.113 0.078 0.022 0.091
156 L 0.061 0.023 0.018 0.021 0.038 0.017 0.037 0.026 0.012 0.107 0.237 0.027 0.032 0.088 0.015 0.043 0.047 0.008 0.042 0.102
157 P 0.053 0.033 0.018 0.02 0.012 0.018 0.026 0.026 0.015 0.117 0.086 0.043 0.021 0.078 0.134 0.031 0.034 0.033 0.074 0.127
158 I 0.054 0.023 0.02 0.025 0.015 0.019 0.053 0.025 0.01 0.203 0.144 0.03 0.029 0.034 0.016 0.054 0.054 0.005 0.018 0.168
159 S 0.082 0.031 0.039 0.036 0.016 0.025 0.038 0.048 0.015 0.113 0.07 0.041 0.02 0.025 0.023 0.21 0.075 0.005 0.017 0.072
160 L 0.071 0.022 0.021 0.021 0.039 0.017 0.024 0.054 0.011 0.129 0.158 0.028 0.029 0.07 0.016 0.068 0.054 0.006 0.023 0.139
161 L 0.084 0.022 0.021 0.021 0.02 0.016 0.024 0.057 0.011 0.145 0.15 0.028 0.027 0.095 0.017 0.052 0.074 0.007 0.027 0.103
162 L 0.065 0.024 0.02 0.02 0.015 0.018 0.024 0.027 0.01 0.134 0.195 0.028 0.056 0.055 0.016 0.04 0.094 0.006 0.022 0.132
163 L 0.042 0.022 0.014 0.015 0.014 0.016 0.019 0.021 0.01 0.102 0.341 0.024 0.068 0.083 0.013 0.024 0.032 0.007 0.026 0.106
164 L 0.087 0.021 0.016 0.018 0.015 0.015 0.021 0.052 0.01 0.148 0.227 0.025 0.042 0.076 0.015 0.034 0.034 0.007 0.024 0.112
165 F 0.047 0.018 0.015 0.016 0.011 0.011 0.018 0.024 0.014 0.076 0.15 0.019 0.026 0.352 0.011 0.025 0.026 0.013 0.066 0.061
166 V 0.055 0.02 0.016 0.018 0.016 0.015 0.02 0.022 0.008 0.212 0.14 0.024 0.03 0.035 0.015 0.032 0.066 0.005 0.018 0.233
167 I 0.077 0.018 0.015 0.017 0.016 0.014 0.02 0.025 0.009 0.239 0.13 0.024 0.03 0.054 0.015 0.03 0.039 0.006 0.021 0.203
168 L 0.074 0.02 0.015 0.016 0.038 0.014 0.02 0.026 0.01 0.156 0.224 0.023 0.033 0.096 0.014 0.03 0.037 0.007 0.027 0.12
169 S 0.107 0.034 0.045 0.041 0.039 0.028 0.044 0.059 0.016 0.032 0.058 0.046 0.016 0.02 0.026 0.259 0.069 0.005 0.016 0.042
170 S 0.16 0.032 0.037 0.035 0.016 0.026 0.04 0.08 0.018 0.034 0.062 0.043 0.016 0.029 0.025 0.187 0.058 0.007 0.049 0.046
171 K 0.047 0.088 0.034 0.032 0.008 0.043 0.056 0.034 0.054 0.029 0.046 0.18 0.015 0.049 0.02 0.052 0.033 0.011 0.135 0.033
172 L 0.044 0.021 0.014 0.015 0.015 0.015 0.019 0.021 0.009 0.144 0.324 0.023 0.04 0.063 0.014 0.026 0.045 0.006 0.022 0.12
173 G 0.069 0.022 0.051 0.033 0.01 0.018 0.024 0.534 0.013 0.017 0.026 0.031 0.009 0.015 0.017 0.047 0.028 0.005 0.01 0.022
174 I 0.042 0.017 0.014 0.016 0.014 0.012 0.017 0.02 0.01 0.265 0.145 0.021 0.031 0.084 0.013 0.023 0.034 0.031 0.035 0.155
175 I 0.045 0.017 0.013 0.016 0.015 0.012 0.017 0.019 0.008 0.308 0.161 0.022 0.033 0.04 0.013 0.023 0.037 0.005 0.019 0.177
176 D 0.05 0.053 0.037 0.115 0.01 0.077 0.097 0.058 0.017 0.041 0.082 0.052 0.027 0.02 0.083 0.054 0.065 0.005 0.015 0.042
177 N 0.039 0.038 0.278 0.162 0.008 0.032 0.082 0.053 0.025 0.02 0.028 0.049 0.01 0.016 0.019 0.058 0.041 0.004 0.013 0.024
178 Y 0.058 0.026 0.022 0.019 0.01 0.02 0.027 0.027 0.035 0.049 0.065 0.03 0.018 0.097 0.016 0.045 0.044 0.021 0.3 0.071
179 V 0.058 0.042 0.02 0.021 0.015 0.019 0.026 0.027 0.01 0.155 0.147 0.045 0.028 0.033 0.016 0.055 0.055 0.005 0.018 0.203
180 E 0.062 0.056 0.063 0.057 0.009 0.041 0.199 0.035 0.022 0.038 0.051 0.068 0.015 0.063 0.02 0.052 0.035 0.007 0.046 0.061
181 I 0.068 0.025 0.028 0.028 0.017 0.02 0.029 0.036 0.012 0.192 0.125 0.034 0.03 0.036 0.02 0.091 0.054 0.006 0.019 0.131
182 L 0.115 0.026 0.023 0.023 0.016 0.019 0.027 0.158 0.012 0.073 0.21 0.032 0.031 0.037 0.019 0.046 0.037 0.006 0.018 0.071
183 V 0.064 0.021 0.016 0.018 0.018 0.016 0.022 0.024 0.008 0.191 0.14 0.025 0.033 0.038 0.016 0.031 0.047 0.006 0.021 0.247
184 I 0.064 0.061 0.041 0.026 0.013 0.034 0.032 0.031 0.034 0.127 0.102 0.04 0.023 0.054 0.017 0.053 0.075 0.008 0.055 0.11
185 S 0.083 0.085 0.056 0.056 0.013 0.041 0.046 0.047 0.019 0.033 0.062 0.053 0.016 0.044 0.022 0.162 0.072 0.013 0.036 0.041
186 T 0.073 0.036 0.044 0.038 0.018 0.028 0.039 0.044 0.014 0.053 0.065 0.046 0.02 0.024 0.028 0.093 0.245 0.006 0.018 0.071
187 G 0.103 0.03 0.056 0.126 0.011 0.028 0.082 0.151 0.016 0.027 0.044 0.043 0.012 0.017 0.059 0.09 0.053 0.004 0.013 0.035
188 G 0.068 0.025 0.05 0.032 0.012 0.02 0.028 0.3 0.013 0.047 0.069 0.034 0.015 0.02 0.023 0.068 0.109 0.005 0.013 0.045
189 R 0.056 0.358 0.034 0.028 0.008 0.042 0.046 0.032 0.02 0.028 0.046 0.113 0.015 0.017 0.018 0.042 0.033 0.005 0.016 0.044
190 V 0.054 0.041 0.022 0.024 0.014 0.021 0.041 0.027 0.015 0.136 0.126 0.034 0.026 0.043 0.017 0.049 0.083 0.008 0.068 0.153
191 R 0.04 0.407 0.035 0.028 0.007 0.044 0.047 0.03 0.021 0.021 0.042 0.109 0.014 0.016 0.018 0.04 0.032 0.005 0.016 0.028
192 H 0.044 0.038 0.041 0.042 0.008 0.042 0.121 0.032 0.188 0.027 0.044 0.045 0.015 0.063 0.018 0.046 0.03 0.011 0.117 0.03
193 Y 0.056 0.026 0.022 0.02 0.01 0.02 0.027 0.028 0.036 0.04 0.064 0.029 0.017 0.142 0.015 0.054 0.03 0.021 0.298 0.044
194 L 0.041 0.023 0.014 0.015 0.014 0.027 0.021 0.02 0.01 0.122 0.391 0.025 0.043 0.047 0.013 0.023 0.031 0.006 0.02 0.091
195 G 0.071 0.021 0.035 0.03 0.01 0.017 0.023 0.557 0.012 0.017 0.026 0.03 0.009 0.015 0.017 0.046 0.027 0.005 0.01 0.022
196 F 0.031 0.018 0.016 0.016 0.009 0.011 0.018 0.023 0.019 0.055 0.098 0.019 0.022 0.401 0.01 0.024 0.023 0.017 0.122 0.049
197 R 0.043 0.324 0.033 0.027 0.008 0.051 0.046 0.029 0.019 0.035 0.082 0.1 0.018 0.02 0.018 0.04 0.039 0.005 0.016 0.049
198 Y 0.036 0.025 0.02 0.017 0.008 0.019 0.025 0.023 0.041 0.04 0.064 0.028 0.017 0.133 0.014 0.028 0.025 0.025 0.369 0.043
199 S 0.178 0.033 0.039 0.037 0.017 0.027 0.042 0.061 0.015 0.037 0.048 0.045 0.016 0.02 0.026 0.203 0.075 0.005 0.016 0.061
200 L 0.045 0.024 0.017 0.017 0.015 0.016 0.021 0.023 0.01 0.096 0.383 0.026 0.041 0.046 0.015 0.04 0.058 0.006 0.02 0.083
201 F 0.033 0.02 0.016 0.016 0.01 0.013 0.02 0.023 0.022 0.056 0.117 0.021 0.023 0.324 0.011 0.024 0.024 0.017 0.161 0.05
202 P 0.077 0.025 0.029 0.031 0.011 0.02 0.033 0.158 0.013 0.023 0.033 0.038 0.01 0.014 0.317 0.083 0.039 0.003 0.012 0.03
203 S 0.14 0.033 0.04 0.039 0.016 0.027 0.043 0.058 0.016 0.029 0.04 0.046 0.014 0.018 0.097 0.22 0.063 0.004 0.015 0.041
204 T 0.143 0.03 0.08 0.036 0.039 0.024 0.035 0.074 0.015 0.051 0.055 0.04 0.016 0.02 0.023 0.082 0.156 0.005 0.015 0.059
205 I 0.044 0.02 0.016 0.017 0.013 0.015 0.02 0.021 0.032 0.196 0.145 0.024 0.039 0.086 0.014 0.026 0.034 0.009 0.076 0.151
206 L 0.045 0.024 0.016 0.016 0.014 0.019 0.022 0.023 0.012 0.118 0.223 0.027 0.131 0.089 0.014 0.028 0.034 0.008 0.027 0.111
207 F 0.057 0.022 0.019 0.019 0.036 0.016 0.022 0.028 0.014 0.068 0.182 0.025 0.045 0.198 0.014 0.045 0.057 0.01 0.059 0.063
208 N 0.039 0.041 0.321 0.068 0.008 0.031 0.045 0.055 0.099 0.02 0.03 0.047 0.011 0.018 0.018 0.059 0.041 0.005 0.021 0.024
209 I 0.045 0.017 0.014 0.016 0.015 0.013 0.017 0.02 0.009 0.295 0.147 0.022 0.042 0.058 0.013 0.024 0.037 0.006 0.022 0.17
210 T 0.062 0.027 0.031 0.028 0.016 0.021 0.03 0.033 0.011 0.124 0.087 0.035 0.023 0.027 0.021 0.072 0.206 0.005 0.017 0.125
211 A 0.188 0.026 0.025 0.026 0.016 0.02 0.031 0.108 0.013 0.085 0.108 0.035 0.021 0.045 0.021 0.083 0.055 0.006 0.019 0.07
212 L 0.043 0.021 0.015 0.016 0.014 0.014 0.019 0.021 0.01 0.141 0.321 0.023 0.039 0.082 0.013 0.03 0.04 0.007 0.025 0.106
213 Y 0.048 0.046 0.024 0.022 0.011 0.021 0.029 0.028 0.025 0.066 0.072 0.047 0.019 0.103 0.016 0.055 0.069 0.039 0.174 0.085
214 L 0.043 0.019 0.014 0.015 0.038 0.013 0.018 0.02 0.009 0.159 0.263 0.022 0.036 0.101 0.013 0.024 0.032 0.007 0.028 0.127
215 Y 0.036 0.025 0.035 0.019 0.009 0.018 0.025 0.024 0.037 0.042 0.068 0.027 0.018 0.173 0.013 0.029 0.026 0.023 0.311 0.043
216 L 0.059 0.026 0.033 0.02 0.014 0.018 0.024 0.026 0.011 0.113 0.307 0.04 0.036 0.06 0.015 0.04 0.035 0.006 0.022 0.095
217 K 0.063 0.156 0.038 0.037 0.008 0.045 0.07 0.061 0.037 0.024 0.039 0.237 0.014 0.015 0.023 0.047 0.034 0.005 0.017 0.03
218 K 0.05 0.158 0.053 0.037 0.008 0.074 0.058 0.084 0.02 0.024 0.039 0.197 0.014 0.015 0.022 0.049 0.047 0.005 0.015 0.03
219 E 0.065 0.062 0.1 0.103 0.009 0.039 0.123 0.067 0.048 0.025 0.04 0.093 0.022 0.018 0.021 0.073 0.039 0.005 0.017 0.031
220 K 0.089 0.103 0.065 0.038 0.01 0.049 0.051 0.08 0.037 0.029 0.046 0.164 0.024 0.018 0.022 0.074 0.045 0.005 0.017 0.036
221 I 0.054 0.018 0.014 0.016 0.015 0.013 0.018 0.021 0.008 0.249 0.179 0.022 0.033 0.058 0.014 0.025 0.037 0.006 0.022 0.178
222 K 0.063 0.095 0.04 0.055 0.011 0.042 0.052 0.065 0.019 0.031 0.059 0.16 0.016 0.019 0.023 0.107 0.082 0.005 0.018 0.038
223 Y 0.036 0.021 0.016 0.016 0.01 0.016 0.021 0.022 0.024 0.123 0.102 0.024 0.022 0.094 0.012 0.024 0.027 0.136 0.18 0.073
224 L 0.047 0.09 0.026 0.025 0.011 0.032 0.037 0.03 0.035 0.067 0.099 0.098 0.021 0.072 0.054 0.046 0.034 0.032 0.059 0.085
225 E 0.085 0.092 0.052 0.076 0.009 0.067 0.194 0.04 0.021 0.024 0.038 0.066 0.013 0.018 0.022 0.068 0.037 0.029 0.017 0.033
226 L 0.056 0.021 0.014 0.015 0.014 0.014 0.019 0.023 0.01 0.135 0.296 0.023 0.037 0.081 0.013 0.025 0.032 0.031 0.027 0.114
227 L 0.061 0.022 0.018 0.019 0.014 0.016 0.021 0.062 0.011 0.134 0.234 0.026 0.042 0.084 0.015 0.042 0.047 0.007 0.025 0.1
228 L 0.067 0.02 0.015 0.016 0.027 0.014 0.02 0.025 0.01 0.137 0.235 0.024 0.033 0.097 0.014 0.029 0.041 0.007 0.027 0.142
229 L 0.041 0.022 0.013 0.014 0.038 0.014 0.018 0.02 0.009 0.098 0.4 0.023 0.042 0.048 0.013 0.023 0.03 0.031 0.022 0.083
230 L 0.073 0.023 0.022 0.022 0.037 0.017 0.024 0.103 0.012 0.064 0.206 0.027 0.027 0.117 0.016 0.062 0.049 0.008 0.03 0.061
231 L 0.063 0.021 0.017 0.017 0.015 0.015 0.021 0.049 0.01 0.137 0.262 0.025 0.035 0.06 0.015 0.04 0.036 0.006 0.022 0.136
232 L 0.115 0.025 0.023 0.024 0.018 0.019 0.028 0.05 0.011 0.135 0.15 0.032 0.036 0.032 0.019 0.089 0.046 0.005 0.018 0.127
233 N 0.052 0.036 0.285 0.061 0.011 0.028 0.04 0.052 0.024 0.043 0.045 0.044 0.014 0.019 0.019 0.069 0.06 0.004 0.015 0.079
234 Y 0.044 0.024 0.02 0.019 0.011 0.018 0.024 0.039 0.026 0.08 0.141 0.027 0.028 0.112 0.014 0.05 0.032 0.04 0.19 0.061
235 W 0.032 0.021 0.015 0.015 0.008 0.015 0.021 0.025 0.02 0.042 0.077 0.022 0.017 0.105 0.01 0.023 0.023 0.317 0.139 0.05
236 I 0.047 0.019 0.014 0.016 0.015 0.014 0.018 0.02 0.009 0.228 0.188 0.023 0.052 0.059 0.014 0.025 0.036 0.006 0.022 0.175
237 F 0.033 0.021 0.017 0.016 0.009 0.014 0.021 0.023 0.027 0.05 0.085 0.022 0.02 0.304 0.012 0.025 0.024 0.02 0.211 0.047
238 L 0.098 0.048 0.045 0.059 0.013 0.047 0.042 0.044 0.037 0.064 0.128 0.042 0.032 0.038 0.019 0.062 0.05 0.008 0.06 0.065
239 Q 0.048 0.059 0.066 0.046 0.009 0.139 0.11 0.036 0.023 0.034 0.082 0.115 0.028 0.023 0.021 0.047 0.036 0.006 0.034 0.038
240 T 0.066 0.032 0.039 0.034 0.016 0.025 0.036 0.039 0.012 0.048 0.059 0.041 0.018 0.021 0.025 0.084 0.318 0.005 0.016 0.064
241 D 0.038 0.034 0.192 0.281 0.007 0.04 0.068 0.049 0.022 0.02 0.027 0.046 0.01 0.015 0.02 0.054 0.037 0.004 0.012 0.023
242 S 0.095 0.036 0.048 0.043 0.016 0.029 0.046 0.057 0.017 0.03 0.041 0.048 0.015 0.019 0.027 0.265 0.107 0.005 0.016 0.042
243 R 0.041 0.379 0.035 0.029 0.007 0.044 0.049 0.031 0.021 0.021 0.042 0.13 0.014 0.016 0.018 0.041 0.032 0.005 0.016 0.028
244 L 0.072 0.023 0.015 0.016 0.015 0.016 0.021 0.026 0.01 0.106 0.369 0.026 0.04 0.045 0.015 0.039 0.034 0.006 0.02 0.086
245 T 0.105 0.032 0.039 0.035 0.016 0.026 0.038 0.048 0.014 0.057 0.058 0.042 0.018 0.022 0.025 0.154 0.178 0.005 0.016 0.071
246 F 0.06 0.018 0.016 0.016 0.01 0.011 0.019 0.027 0.015 0.056 0.099 0.019 0.022 0.406 0.011 0.028 0.025 0.014 0.074 0.051
247 Y 0.043 0.021 0.018 0.017 0.011 0.015 0.021 0.07 0.022 0.122 0.109 0.024 0.023 0.14 0.013 0.028 0.029 0.014 0.161 0.097
248 L 0.062 0.029 0.041 0.028 0.015 0.022 0.031 0.036 0.015 0.07 0.202 0.035 0.047 0.038 0.019 0.11 0.083 0.007 0.035 0.077
249 S 0.13 0.034 0.044 0.04 0.016 0.028 0.044 0.082 0.016 0.03 0.041 0.046 0.015 0.019 0.026 0.234 0.09 0.005 0.016 0.043
250 L 0.065 0.022 0.018 0.021 0.055 0.017 0.036 0.049 0.01 0.146 0.201 0.027 0.035 0.035 0.016 0.036 0.049 0.005 0.018 0.138
251 L 0.074 0.022 0.015 0.016 0.016 0.016 0.02 0.025 0.009 0.141 0.286 0.025 0.046 0.042 0.015 0.029 0.036 0.006 0.019 0.144
252 L 0.076 0.025 0.018 0.019 0.015 0.019 0.024 0.029 0.011 0.102 0.249 0.028 0.081 0.06 0.016 0.045 0.049 0.007 0.022 0.105
253 L 0.042 0.02 0.013 0.015 0.015 0.014 0.018 0.019 0.009 0.211 0.295 0.023 0.049 0.045 0.013 0.023 0.033 0.006 0.02 0.12
254 L 0.068 0.02 0.015 0.017 0.062 0.015 0.02 0.037 0.009 0.16 0.236 0.024 0.033 0.038 0.015 0.035 0.036 0.006 0.018 0.135
255 L 0.081 0.02 0.015 0.016 0.078 0.014 0.02 0.027 0.009 0.137 0.209 0.024 0.031 0.07 0.015 0.031 0.035 0.006 0.023 0.137
256 G 0.092 0.026 0.066 0.03 0.084 0.02 0.029 0.1 0.014 0.05 0.068 0.033 0.036 0.062 0.018 0.076 0.066 0.03 0.023 0.074
257 L 0.081 0.021 0.017 0.017 0.014 0.015 0.022 0.051 0.012 0.119 0.207 0.025 0.03 0.079 0.015 0.033 0.04 0.032 0.042 0.127
258 L 0.053 0.02 0.016 0.017 0.038 0.014 0.02 0.023 0.01 0.169 0.214 0.023 0.037 0.085 0.014 0.038 0.036 0.007 0.026 0.14
259 L 0.042 0.022 0.015 0.016 0.037 0.016 0.02 0.022 0.014 0.107 0.236 0.024 0.071 0.124 0.013 0.026 0.032 0.01 0.064 0.092
260 K 0.049 0.118 0.052 0.038 0.008 0.078 0.063 0.038 0.02 0.039 0.045 0.258 0.015 0.015 0.023 0.047 0.036 0.005 0.016 0.036
261 L 0.04 0.056 0.036 0.021 0.01 0.022 0.028 0.026 0.022 0.092 0.142 0.06 0.029 0.079 0.014 0.03 0.03 0.06 0.133 0.07
262 F 0.041 0.045 0.02 0.02 0.011 0.019 0.026 0.026 0.018 0.075 0.116 0.056 0.033 0.232 0.014 0.041 0.03 0.013 0.096 0.069
263 P 0.05 0.033 0.057 0.039 0.009 0.043 0.069 0.036 0.016 0.023 0.033 0.058 0.01 0.013 0.388 0.044 0.034 0.003 0.013 0.028
264 K 0.057 0.052 0.058 0.083 0.011 0.045 0.072 0.064 0.017 0.058 0.065 0.135 0.016 0.019 0.034 0.088 0.06 0.005 0.015 0.046
265 L 0.042 0.044 0.034 0.021 0.013 0.018 0.024 0.024 0.012 0.162 0.186 0.056 0.03 0.112 0.014 0.028 0.033 0.007 0.03 0.11
266 V 0.07 0.022 0.016 0.018 0.019 0.016 0.023 0.025 0.008 0.165 0.13 0.026 0.032 0.036 0.016 0.033 0.049 0.006 0.021 0.269
267 L 0.045 0.035 0.036 0.021 0.014 0.018 0.024 0.026 0.012 0.108 0.253 0.036 0.043 0.095 0.015 0.043 0.048 0.007 0.027 0.092
268 E 0.068 0.054 0.035 0.077 0.009 0.043 0.202 0.062 0.019 0.039 0.046 0.092 0.014 0.038 0.022 0.06 0.044 0.005 0.018 0.051
269 K 0.05 0.103 0.084 0.039 0.01 0.048 0.05 0.062 0.019 0.063 0.061 0.178 0.017 0.019 0.021 0.054 0.056 0.005 0.016 0.047
270 L 0.054 0.067 0.042 0.027 0.013 0.023 0.032 0.032 0.015 0.103 0.11 0.067 0.023 0.074 0.017 0.075 0.041 0.033 0.043 0.11
271 R 0.052 0.157 0.051 0.035 0.009 0.047 0.06 0.099 0.02 0.039 0.045 0.106 0.014 0.024 0.045 0.062 0.049 0.006 0.041 0.037
272 L 0.084 0.059 0.028 0.023 0.013 0.022 0.03 0.08 0.017 0.098 0.141 0.064 0.033 0.036 0.029 0.044 0.035 0.031 0.041 0.092
273 Q 0.056 0.074 0.044 0.047 0.009 0.213 0.103 0.041 0.029 0.027 0.047 0.091 0.021 0.015 0.024 0.056 0.041 0.006 0.021 0.035
274 L 0.06 0.021 0.014 0.015 0.015 0.014 0.019 0.023 0.009 0.143 0.285 0.023 0.038 0.07 0.014 0.026 0.034 0.006 0.024 0.146
275 L 0.048 0.032 0.043 0.026 0.066 0.035 0.032 0.032 0.056 0.058 0.189 0.048 0.026 0.057 0.016 0.058 0.035 0.062 0.029 0.054
276 F 0.063 0.092 0.028 0.024 0.012 0.025 0.033 0.031 0.015 0.098 0.084 0.084 0.021 0.114 0.017 0.05 0.043 0.035 0.033 0.097
277 L 0.058 0.022 0.022 0.021 0.014 0.016 0.023 0.122 0.011 0.101 0.16 0.027 0.031 0.084 0.039 0.042 0.06 0.007 0.025 0.118
278 L 0.041 0.024 0.05 0.022 0.012 0.018 0.022 0.05 0.014 0.087 0.206 0.027 0.087 0.151 0.013 0.03 0.031 0.009 0.036 0.071
279 I 0.066 0.042 0.025 0.026 0.013 0.036 0.035 0.031 0.012 0.19 0.101 0.1 0.025 0.029 0.019 0.056 0.058 0.005 0.017 0.113
280 L 0.056 0.021 0.017 0.019 0.035 0.015 0.023 0.039 0.016 0.09 0.136 0.026 0.023 0.122 0.135 0.031 0.03 0.022 0.079 0.064
281 S 0.089 0.034 0.043 0.039 0.016 0.027 0.042 0.052 0.015 0.049 0.052 0.045 0.017 0.021 0.025 0.226 0.115 0.005 0.016 0.073
282 F 0.034 0.021 0.017 0.016 0.009 0.015 0.021 0.023 0.026 0.052 0.102 0.023 0.031 0.257 0.012 0.025 0.025 0.043 0.198 0.049
283 L 0.061 0.02 0.016 0.017 0.015 0.015 0.021 0.024 0.009 0.168 0.186 0.024 0.031 0.066 0.038 0.03 0.048 0.03 0.025 0.156
284 I 0.058 0.02 0.015 0.016 0.014 0.014 0.02 0.023 0.015 0.188 0.154 0.023 0.029 0.099 0.014 0.028 0.034 0.01 0.084 0.142
285 A 0.116 0.028 0.077 0.034 0.085 0.021 0.032 0.106 0.015 0.039 0.076 0.036 0.017 0.059 0.02 0.098 0.068 0.006 0.02 0.047
286 A 0.178 0.025 0.024 0.025 0.039 0.019 0.03 0.072 0.014 0.047 0.067 0.032 0.018 0.136 0.044 0.075 0.052 0.008 0.033 0.065
287 L 0.064 0.02 0.017 0.018 0.075 0.014 0.02 0.05 0.011 0.133 0.147 0.024 0.027 0.102 0.015 0.042 0.036 0.008 0.042 0.134
288 L 0.059 0.02 0.018 0.019 0.038 0.015 0.021 0.073 0.01 0.141 0.177 0.025 0.029 0.072 0.015 0.034 0.06 0.006 0.023 0.144
289 S 0.107 0.035 0.045 0.042 0.015 0.029 0.046 0.058 0.017 0.027 0.038 0.048 0.014 0.018 0.074 0.261 0.069 0.005 0.015 0.038
290 L 0.042 0.021 0.016 0.016 0.012 0.015 0.02 0.045 0.019 0.134 0.176 0.024 0.029 0.117 0.013 0.026 0.03 0.012 0.126 0.106
291 L 0.045 0.024 0.019 0.018 0.012 0.029 0.025 0.072 0.017 0.088 0.126 0.027 0.043 0.072 0.013 0.029 0.031 0.107 0.095 0.108
292 L 0.052 0.022 0.016 0.017 0.038 0.016 0.021 0.024 0.011 0.118 0.225 0.025 0.071 0.107 0.014 0.03 0.046 0.008 0.029 0.113
293 T 0.135 0.032 0.037 0.034 0.017 0.026 0.038 0.05 0.014 0.047 0.06 0.042 0.027 0.022 0.025 0.137 0.166 0.005 0.016 0.071
294 F 0.058 0.037 0.037 0.022 0.012 0.021 0.027 0.053 0.019 0.082 0.109 0.05 0.032 0.128 0.015 0.035 0.044 0.035 0.098 0.087
295 L 0.049 0.071 0.088 0.035 0.011 0.038 0.038 0.037 0.019 0.05 0.112 0.072 0.03 0.086 0.018 0.069 0.077 0.008 0.042 0.049
296 Y 0.036 0.025 0.02 0.017 0.008 0.019 0.025 0.023 0.041 0.04 0.064 0.028 0.017 0.133 0.014 0.028 0.025 0.025 0.369 0.043
297 D 0.051 0.047 0.11 0.144 0.011 0.025 0.047 0.066 0.017 0.056 0.096 0.042 0.017 0.022 0.043 0.081 0.06 0.004 0.014 0.046
298 S 0.089 0.038 0.055 0.056 0.012 0.044 0.057 0.074 0.021 0.032 0.05 0.044 0.024 0.051 0.069 0.116 0.051 0.008 0.068 0.04
299 S 0.084 0.046 0.051 0.034 0.014 0.024 0.035 0.115 0.015 0.058 0.092 0.041 0.019 0.043 0.021 0.135 0.087 0.006 0.019 0.064
300 S 0.097 0.038 0.075 0.049 0.016 0.031 0.049 0.061 0.019 0.03 0.041 0.051 0.015 0.02 0.027 0.225 0.093 0.005 0.017 0.041
301 N 0.051 0.042 0.249 0.067 0.01 0.033 0.048 0.058 0.087 0.023 0.033 0.05 0.012 0.02 0.021 0.094 0.049 0.005 0.022 0.028
302 S 0.116 0.03 0.033 0.033 0.016 0.025 0.039 0.05 0.015 0.058 0.06 0.042 0.018 0.025 0.12 0.134 0.057 0.005 0.026 0.099
303 F 0.041 0.021 0.017 0.017 0.012 0.014 0.021 0.024 0.021 0.079 0.129 0.023 0.026 0.235 0.013 0.027 0.03 0.016 0.132 0.102
304 L 0.046 0.022 0.014 0.015 0.016 0.015 0.019 0.021 0.009 0.154 0.318 0.024 0.043 0.048 0.014 0.024 0.035 0.006 0.021 0.136
305 I 0.067 0.027 0.109 0.055 0.013 0.021 0.032 0.062 0.016 0.127 0.098 0.034 0.022 0.032 0.017 0.065 0.042 0.006 0.034 0.123
306 E 0.055 0.037 0.076 0.104 0.009 0.041 0.127 0.066 0.026 0.036 0.038 0.063 0.012 0.016 0.116 0.083 0.04 0.004 0.015 0.034
307 W 0.035 0.02 0.017 0.016 0.009 0.014 0.021 0.051 0.014 0.056 0.101 0.022 0.02 0.157 0.01 0.035 0.026 0.276 0.057 0.045
308 L 0.047 0.036 0.025 0.028 0.012 0.094 0.057 0.028 0.017 0.087 0.165 0.044 0.075 0.085 0.016 0.046 0.035 0.007 0.027 0.068
309 R 0.049 0.107 0.048 0.087 0.009 0.052 0.048 0.033 0.029 0.047 0.106 0.086 0.02 0.066 0.018 0.045 0.033 0.008 0.066 0.044
310 R 0.065 0.096 0.066 0.048 0.01 0.073 0.066 0.039 0.031 0.046 0.066 0.09 0.017 0.028 0.021 0.071 0.064 0.007 0.05 0.044
311 L 0.05 0.021 0.014 0.015 0.015 0.015 0.019 0.021 0.009 0.135 0.348 0.023 0.045 0.064 0.013 0.024 0.032 0.007 0.023 0.108
312 N 0.038 0.038 0.322 0.146 0.008 0.03 0.052 0.056 0.026 0.02 0.028 0.047 0.01 0.016 0.019 0.06 0.042 0.004 0.013 0.024
313 T 0.052 0.091 0.062 0.081 0.01 0.06 0.096 0.038 0.023 0.032 0.06 0.098 0.016 0.021 0.022 0.066 0.101 0.005 0.026 0.04
314 F 0.064 0.02 0.018 0.02 0.013 0.015 0.029 0.027 0.013 0.131 0.109 0.024 0.03 0.22 0.014 0.034 0.058 0.01 0.046 0.105
315 L 0.043 0.023 0.015 0.015 0.014 0.016 0.02 0.022 0.01 0.098 0.39 0.024 0.051 0.066 0.013 0.035 0.032 0.007 0.023 0.083
316 G 0.065 0.026 0.068 0.04 0.01 0.023 0.058 0.393 0.015 0.022 0.031 0.037 0.01 0.016 0.019 0.053 0.069 0.005 0.012 0.029
317 G 0.069 0.031 0.089 0.065 0.011 0.037 0.054 0.276 0.017 0.022 0.031 0.042 0.011 0.016 0.02 0.107 0.054 0.005 0.013 0.029
318 R 0.04 0.407 0.035 0.028 0.007 0.044 0.047 0.03 0.021 0.021 0.042 0.109 0.014 0.016 0.018 0.04 0.032 0.005 0.016 0.028
319 L 0.041 0.02 0.013 0.014 0.015 0.014 0.018 0.019 0.009 0.177 0.348 0.022 0.041 0.047 0.013 0.022 0.032 0.006 0.02 0.109
320 Y 0.054 0.088 0.045 0.028 0.009 0.04 0.039 0.033 0.048 0.046 0.055 0.074 0.016 0.067 0.018 0.066 0.035 0.014 0.182 0.042
