#Seq2Logo.py -f /work3/idamei/wzy_ssn/run/1e-50/run/150/MSAs/0046_3.afa -o /work3/idamei/wzy_ssn/run/1e-50/run/150/logos/0046_3.logo
#Position Specific Frequency Matrix
A R N D C Q E G H I L K M F P S T W Y V
0 M 0.049 0.03 0.019 0.019 0.015 0.026 0.026 0.026 0.015 0.094 0.185 0.034 0.212 0.045 0.015 0.034 0.038 0.008 0.023 0.087
1 I 0.047 0.018 0.015 0.018 0.016 0.013 0.018 0.021 0.009 0.268 0.169 0.024 0.037 0.044 0.015 0.025 0.04 0.006 0.021 0.177
2 S 0.082 0.033 0.064 0.041 0.016 0.027 0.041 0.051 0.016 0.077 0.085 0.044 0.02 0.025 0.024 0.182 0.089 0.005 0.017 0.063
3 A 0.232 0.031 0.053 0.034 0.018 0.025 0.038 0.063 0.015 0.046 0.057 0.042 0.017 0.021 0.026 0.091 0.096 0.005 0.017 0.072
4 N 0.063 0.059 0.182 0.064 0.011 0.039 0.055 0.06 0.026 0.026 0.037 0.11 0.013 0.018 0.024 0.103 0.055 0.005 0.017 0.032
5 L 0.041 0.024 0.017 0.016 0.013 0.016 0.022 0.023 0.021 0.084 0.233 0.025 0.036 0.157 0.014 0.026 0.03 0.015 0.113 0.074
6 L 0.069 0.029 0.032 0.03 0.017 0.023 0.032 0.038 0.013 0.117 0.163 0.037 0.03 0.036 0.022 0.091 0.1 0.006 0.02 0.096
7 W 0.038 0.183 0.027 0.023 0.008 0.032 0.038 0.032 0.019 0.027 0.05 0.072 0.015 0.039 0.014 0.034 0.029 0.249 0.043 0.031
8 H 0.042 0.046 0.054 0.038 0.008 0.038 0.054 0.038 0.354 0.023 0.038 0.046 0.015 0.031 0.019 0.042 0.027 0.008 0.057 0.023
9 L 0.052 0.032 0.02 0.02 0.016 0.028 0.028 0.028 0.016 0.101 0.197 0.036 0.159 0.048 0.016 0.036 0.04 0.008 0.024 0.093
10 K 0.057 0.107 0.042 0.042 0.009 0.054 0.071 0.043 0.021 0.028 0.043 0.277 0.016 0.016 0.028 0.054 0.04 0.005 0.017 0.033
11 N 0.043 0.045 0.316 0.083 0.009 0.034 0.049 0.065 0.032 0.023 0.032 0.054 0.011 0.018 0.02 0.07 0.049 0.005 0.016 0.027
12 N 0.043 0.045 0.316 0.083 0.009 0.034 0.049 0.065 0.032 0.023 0.032 0.054 0.011 0.018 0.02 0.07 0.049 0.005 0.016 0.027
13 N 0.043 0.045 0.316 0.083 0.009 0.034 0.049 0.065 0.032 0.023 0.032 0.054 0.011 0.018 0.02 0.07 0.049 0.005 0.016 0.027
14 I 0.047 0.018 0.015 0.018 0.016 0.013 0.018 0.021 0.009 0.27 0.168 0.024 0.037 0.044 0.015 0.025 0.04 0.006 0.021 0.177
15 V 0.07 0.022 0.017 0.018 0.019 0.017 0.023 0.025 0.008 0.165 0.131 0.026 0.032 0.036 0.017 0.033 0.049 0.006 0.021 0.267
16 G 0.078 0.023 0.039 0.034 0.011 0.019 0.026 0.509 0.014 0.019 0.028 0.034 0.009 0.016 0.019 0.051 0.03 0.005 0.011 0.024
17 R 0.048 0.188 0.029 0.026 0.012 0.038 0.04 0.031 0.02 0.062 0.122 0.078 0.087 0.033 0.018 0.04 0.038 0.007 0.021 0.062
18 F 0.034 0.019 0.017 0.017 0.011 0.011 0.019 0.025 0.017 0.063 0.114 0.019 0.025 0.386 0.011 0.025 0.025 0.017 0.089 0.055
19 F 0.052 0.02 0.017 0.017 0.015 0.014 0.021 0.025 0.013 0.114 0.122 0.023 0.029 0.211 0.014 0.029 0.037 0.011 0.055 0.161
20 L 0.045 0.023 0.014 0.016 0.016 0.015 0.02 0.021 0.01 0.154 0.324 0.025 0.046 0.052 0.014 0.024 0.035 0.007 0.022 0.116
21 F 0.04 0.018 0.016 0.017 0.013 0.012 0.018 0.023 0.013 0.167 0.141 0.021 0.031 0.216 0.013 0.025 0.033 0.011 0.055 0.116
22 L 0.049 0.021 0.014 0.015 0.016 0.015 0.019 0.021 0.009 0.157 0.281 0.024 0.039 0.045 0.014 0.025 0.037 0.011 0.021 0.167
23 F 0.072 0.022 0.021 0.021 0.014 0.016 0.024 0.032 0.013 0.112 0.141 0.027 0.027 0.175 0.016 0.064 0.039 0.009 0.042 0.113
24 N 0.054 0.038 0.238 0.062 0.011 0.028 0.043 0.056 0.025 0.028 0.043 0.046 0.013 0.076 0.02 0.107 0.05 0.006 0.025 0.032
25 L 0.043 0.022 0.016 0.016 0.015 0.015 0.02 0.022 0.01 0.127 0.308 0.024 0.04 0.101 0.014 0.028 0.05 0.008 0.029 0.094
26 F 0.034 0.018 0.015 0.016 0.011 0.011 0.018 0.023 0.014 0.085 0.155 0.019 0.028 0.344 0.011 0.024 0.026 0.014 0.07 0.065
27 Y 0.04 0.025 0.019 0.018 0.01 0.02 0.025 0.023 0.037 0.084 0.086 0.029 0.034 0.106 0.015 0.029 0.029 0.022 0.287 0.064
28 L 0.046 0.019 0.014 0.016 0.016 0.014 0.018 0.02 0.009 0.218 0.244 0.023 0.038 0.044 0.014 0.024 0.037 0.006 0.02 0.16
29 Y 0.037 0.025 0.02 0.017 0.009 0.019 0.025 0.023 0.04 0.044 0.07 0.028 0.018 0.166 0.014 0.029 0.026 0.025 0.32 0.045
30 D 0.038 0.028 0.065 0.434 0.007 0.028 0.086 0.044 0.018 0.021 0.026 0.042 0.009 0.014 0.021 0.049 0.033 0.003 0.011 0.023
31 P 0.053 0.024 0.022 0.029 0.01 0.019 0.034 0.034 0.012 0.024 0.034 0.039 0.01 0.012 0.524 0.041 0.034 0.002 0.012 0.029
32 W 0.028 0.021 0.014 0.014 0.007 0.014 0.021 0.028 0.014 0.028 0.05 0.021 0.014 0.057 0.007 0.021 0.021 0.523 0.064 0.028
33 F 0.038 0.02 0.015 0.015 0.013 0.012 0.018 0.022 0.013 0.1 0.231 0.021 0.034 0.237 0.012 0.024 0.029 0.011 0.052 0.084
34 F 0.036 0.024 0.019 0.02 0.01 0.031 0.034 0.025 0.017 0.061 0.115 0.026 0.044 0.335 0.012 0.028 0.027 0.014 0.069 0.054
35 H 0.048 0.04 0.046 0.035 0.008 0.048 0.048 0.144 0.284 0.021 0.035 0.044 0.014 0.025 0.018 0.042 0.027 0.007 0.044 0.023
36 F 0.052 0.021 0.018 0.018 0.014 0.014 0.021 0.043 0.011 0.105 0.13 0.024 0.027 0.178 0.014 0.032 0.054 0.009 0.043 0.171
37 L 0.069 0.021 0.018 0.019 0.014 0.015 0.021 0.099 0.011 0.117 0.214 0.025 0.033 0.097 0.015 0.032 0.034 0.007 0.028 0.11
38 R 0.042 0.385 0.036 0.029 0.007 0.045 0.049 0.031 0.022 0.022 0.044 0.113 0.015 0.016 0.018 0.042 0.033 0.005 0.016 0.029
39 G 0.056 0.027 0.024 0.022 0.014 0.023 0.025 0.173 0.014 0.073 0.147 0.033 0.146 0.037 0.016 0.038 0.035 0.007 0.019 0.07
40 A 0.195 0.028 0.028 0.029 0.018 0.023 0.035 0.066 0.014 0.063 0.069 0.038 0.019 0.052 0.024 0.109 0.052 0.006 0.022 0.11
41 F 0.042 0.019 0.015 0.016 0.013 0.012 0.019 0.023 0.012 0.122 0.165 0.021 0.03 0.233 0.012 0.025 0.031 0.015 0.052 0.124
42 L 0.048 0.019 0.014 0.016 0.04 0.013 0.019 0.022 0.009 0.18 0.198 0.022 0.034 0.094 0.014 0.026 0.036 0.007 0.028 0.161
43 V 0.126 0.025 0.026 0.026 0.024 0.02 0.029 0.113 0.011 0.101 0.082 0.033 0.021 0.03 0.021 0.065 0.084 0.005 0.017 0.14
44 G 0.076 0.023 0.038 0.033 0.011 0.019 0.026 0.506 0.013 0.018 0.027 0.033 0.009 0.016 0.018 0.064 0.031 0.005 0.011 0.024
45 G 0.067 0.021 0.023 0.023 0.013 0.016 0.023 0.135 0.012 0.127 0.123 0.027 0.025 0.123 0.016 0.054 0.036 0.008 0.032 0.097
46 I 0.047 0.018 0.015 0.018 0.016 0.013 0.018 0.021 0.009 0.27 0.168 0.024 0.037 0.044 0.015 0.025 0.04 0.006 0.021 0.177
47 L 0.056 0.02 0.015 0.016 0.015 0.014 0.019 0.027 0.01 0.178 0.206 0.023 0.034 0.113 0.014 0.027 0.035 0.008 0.032 0.139
48 A 0.167 0.03 0.031 0.03 0.037 0.024 0.036 0.071 0.014 0.056 0.07 0.04 0.032 0.024 0.024 0.103 0.103 0.005 0.017 0.087
49 L 0.051 0.02 0.015 0.015 0.132 0.014 0.019 0.023 0.009 0.114 0.233 0.023 0.04 0.057 0.014 0.028 0.035 0.006 0.021 0.129
50 L 0.083 0.023 0.021 0.022 0.016 0.018 0.024 0.087 0.011 0.128 0.193 0.029 0.033 0.041 0.017 0.05 0.057 0.006 0.019 0.122
51 L 0.044 0.023 0.018 0.018 0.012 0.016 0.023 0.027 0.018 0.093 0.134 0.025 0.034 0.122 0.013 0.043 0.033 0.117 0.093 0.093
52 L 0.039 0.022 0.014 0.015 0.014 0.014 0.019 0.021 0.011 0.097 0.342 0.022 0.041 0.139 0.013 0.023 0.03 0.009 0.036 0.081
53 A 0.172 0.025 0.023 0.024 0.017 0.019 0.029 0.085 0.013 0.086 0.106 0.033 0.022 0.087 0.021 0.061 0.052 0.007 0.027 0.092
54 S 0.11 0.04 0.054 0.049 0.018 0.033 0.053 0.066 0.019 0.03 0.042 0.054 0.016 0.021 0.03 0.218 0.082 0.005 0.018 0.042
55 Y 0.042 0.026 0.022 0.019 0.009 0.02 0.026 0.071 0.04 0.042 0.062 0.029 0.017 0.117 0.015 0.033 0.027 0.029 0.311 0.043
56 R 0.048 0.205 0.038 0.036 0.008 0.116 0.068 0.035 0.023 0.026 0.054 0.15 0.017 0.016 0.021 0.047 0.036 0.005 0.017 0.033
57 W 0.04 0.022 0.017 0.016 0.011 0.015 0.022 0.039 0.016 0.071 0.122 0.024 0.031 0.123 0.012 0.027 0.033 0.184 0.086 0.088
58 Y 0.048 0.024 0.02 0.019 0.017 0.018 0.025 0.026 0.025 0.095 0.093 0.027 0.027 0.134 0.015 0.046 0.038 0.025 0.173 0.104
59 K 0.052 0.116 0.052 0.039 0.009 0.079 0.063 0.039 0.02 0.05 0.052 0.205 0.017 0.017 0.023 0.052 0.049 0.005 0.017 0.044
60 K 0.056 0.147 0.042 0.038 0.009 0.058 0.064 0.079 0.02 0.024 0.04 0.213 0.014 0.015 0.023 0.066 0.039 0.005 0.016 0.031
61 K 0.056 0.09 0.042 0.045 0.008 0.099 0.102 0.039 0.049 0.025 0.041 0.184 0.015 0.016 0.036 0.057 0.04 0.005 0.019 0.031
62 L 0.046 0.092 0.055 0.029 0.021 0.042 0.038 0.031 0.02 0.063 0.183 0.06 0.029 0.055 0.017 0.041 0.054 0.009 0.054 0.06
63 I 0.093 0.045 0.03 0.03 0.015 0.042 0.039 0.04 0.014 0.11 0.079 0.058 0.021 0.025 0.08 0.081 0.083 0.005 0.017 0.093
64 K 0.056 0.071 0.08 0.068 0.01 0.099 0.086 0.061 0.022 0.031 0.044 0.118 0.017 0.017 0.023 0.073 0.065 0.005 0.017 0.037
65 G 0.083 0.034 0.063 0.079 0.01 0.051 0.093 0.267 0.018 0.022 0.033 0.047 0.011 0.016 0.021 0.069 0.037 0.005 0.013 0.029
66 I 0.047 0.024 0.016 0.018 0.015 0.016 0.021 0.022 0.009 0.245 0.168 0.045 0.033 0.052 0.015 0.026 0.037 0.006 0.021 0.162
67 I 0.085 0.039 0.049 0.03 0.027 0.021 0.029 0.035 0.044 0.134 0.099 0.035 0.024 0.057 0.018 0.045 0.056 0.008 0.05 0.114
68 I 0.05 0.019 0.014 0.016 0.016 0.014 0.019 0.021 0.009 0.212 0.181 0.023 0.034 0.07 0.014 0.026 0.038 0.006 0.025 0.193
69 R 0.045 0.342 0.039 0.031 0.008 0.049 0.053 0.033 0.023 0.023 0.047 0.121 0.016 0.017 0.019 0.045 0.035 0.006 0.017 0.031
70 P 0.05 0.025 0.051 0.063 0.009 0.02 0.038 0.036 0.014 0.027 0.039 0.038 0.011 0.044 0.406 0.042 0.034 0.004 0.018 0.03
71 L 0.05 0.025 0.016 0.017 0.015 0.017 0.022 0.023 0.01 0.153 0.222 0.042 0.041 0.068 0.015 0.028 0.037 0.007 0.024 0.168
72 D 0.042 0.044 0.059 0.349 0.007 0.033 0.082 0.043 0.018 0.022 0.029 0.102 0.01 0.014 0.022 0.049 0.034 0.004 0.012 0.025
73 S 0.091 0.034 0.042 0.039 0.016 0.028 0.042 0.053 0.016 0.05 0.103 0.045 0.021 0.026 0.025 0.211 0.068 0.005 0.017 0.068
74 L 0.045 0.022 0.014 0.015 0.015 0.015 0.02 0.021 0.01 0.127 0.32 0.024 0.054 0.075 0.014 0.025 0.034 0.007 0.025 0.12
75 L 0.104 0.023 0.017 0.019 0.016 0.017 0.023 0.047 0.011 0.129 0.207 0.028 0.045 0.071 0.016 0.037 0.036 0.024 0.026 0.106
76 V 0.107 0.023 0.017 0.019 0.018 0.018 0.025 0.032 0.009 0.13 0.137 0.028 0.042 0.034 0.017 0.039 0.045 0.005 0.019 0.238
77 L 0.048 0.019 0.014 0.016 0.082 0.014 0.018 0.022 0.009 0.202 0.221 0.023 0.035 0.041 0.014 0.028 0.036 0.006 0.019 0.135
78 L 0.091 0.022 0.018 0.019 0.023 0.017 0.023 0.053 0.012 0.14 0.178 0.027 0.05 0.094 0.016 0.041 0.037 0.007 0.028 0.105
79 A 0.206 0.025 0.024 0.026 0.017 0.02 0.03 0.155 0.012 0.079 0.091 0.035 0.02 0.025 0.022 0.06 0.044 0.005 0.016 0.087
80 L 0.039 0.021 0.014 0.015 0.014 0.014 0.019 0.021 0.011 0.093 0.319 0.022 0.04 0.167 0.012 0.023 0.029 0.01 0.04 0.078
81 I 0.05 0.022 0.02 0.02 0.021 0.016 0.022 0.024 0.01 0.215 0.17 0.027 0.037 0.038 0.016 0.038 0.092 0.006 0.019 0.138
82 L 0.069 0.021 0.018 0.019 0.015 0.016 0.021 0.101 0.01 0.157 0.181 0.026 0.044 0.037 0.016 0.033 0.037 0.006 0.018 0.154
83 L 0.047 0.021 0.015 0.016 0.014 0.015 0.02 0.022 0.013 0.124 0.258 0.023 0.036 0.113 0.013 0.025 0.033 0.009 0.055 0.128
84 S 0.102 0.037 0.05 0.046 0.016 0.031 0.049 0.061 0.018 0.029 0.04 0.051 0.015 0.02 0.028 0.261 0.085 0.005 0.016 0.04
85 L 0.113 0.022 0.017 0.019 0.021 0.016 0.024 0.034 0.011 0.15 0.176 0.028 0.031 0.07 0.017 0.04 0.047 0.006 0.024 0.134
86 I 0.046 0.018 0.014 0.016 0.015 0.013 0.018 0.02 0.009 0.247 0.21 0.023 0.036 0.052 0.014 0.024 0.037 0.006 0.021 0.161
87 P 0.053 0.024 0.022 0.029 0.01 0.019 0.034 0.034 0.012 0.024 0.034 0.039 0.01 0.012 0.524 0.041 0.034 0.002 0.012 0.029
88 L 0.144 0.024 0.018 0.02 0.017 0.019 0.026 0.039 0.011 0.126 0.218 0.031 0.043 0.038 0.019 0.044 0.042 0.006 0.019 0.096
89 L 0.043 0.021 0.014 0.015 0.015 0.014 0.019 0.021 0.01 0.15 0.31 0.023 0.043 0.081 0.013 0.024 0.033 0.007 0.026 0.118
90 I 0.069 0.021 0.016 0.018 0.015 0.016 0.022 0.025 0.016 0.19 0.134 0.026 0.029 0.056 0.015 0.031 0.037 0.01 0.092 0.163
91 N 0.04 0.042 0.265 0.065 0.008 0.033 0.047 0.053 0.131 0.022 0.032 0.048 0.012 0.023 0.019 0.057 0.04 0.006 0.034 0.025
92 G 0.068 0.026 0.035 0.03 0.01 0.026 0.029 0.353 0.048 0.024 0.037 0.034 0.012 0.039 0.018 0.054 0.03 0.01 0.089 0.029
93 T 0.071 0.034 0.041 0.036 0.017 0.026 0.038 0.042 0.013 0.048 0.06 0.043 0.018 0.022 0.026 0.1 0.277 0.005 0.017 0.065
94 K 0.053 0.093 0.055 0.037 0.011 0.057 0.058 0.038 0.033 0.039 0.08 0.095 0.019 0.081 0.02 0.07 0.075 0.007 0.036 0.044
95 D 0.045 0.037 0.053 0.276 0.007 0.043 0.201 0.039 0.021 0.021 0.03 0.055 0.01 0.015 0.022 0.05 0.034 0.004 0.013 0.026
96 F 0.044 0.022 0.02 0.02 0.012 0.016 0.023 0.027 0.016 0.091 0.143 0.025 0.043 0.229 0.014 0.047 0.051 0.012 0.074 0.071
97 G 0.105 0.03 0.043 0.039 0.014 0.025 0.038 0.266 0.015 0.024 0.035 0.042 0.012 0.018 0.024 0.162 0.054 0.005 0.014 0.034
98 V 0.066 0.021 0.015 0.017 0.018 0.015 0.022 0.023 0.008 0.155 0.122 0.025 0.03 0.034 0.015 0.031 0.046 0.005 0.019 0.314
99 L 0.048 0.021 0.017 0.017 0.014 0.015 0.021 0.023 0.013 0.138 0.21 0.024 0.04 0.13 0.014 0.029 0.048 0.01 0.058 0.109
100 L 0.065 0.046 0.025 0.025 0.013 0.039 0.035 0.038 0.015 0.094 0.168 0.059 0.034 0.103 0.018 0.066 0.047 0.008 0.03 0.073
101 M 0.049 0.033 0.021 0.021 0.015 0.047 0.032 0.027 0.016 0.088 0.173 0.038 0.195 0.043 0.016 0.035 0.038 0.007 0.022 0.082
102 Y 0.038 0.026 0.02 0.018 0.013 0.02 0.026 0.023 0.044 0.041 0.064 0.029 0.018 0.122 0.015 0.029 0.026 0.026 0.357 0.044
103 V 0.065 0.021 0.018 0.019 0.046 0.016 0.022 0.027 0.009 0.155 0.14 0.025 0.029 0.065 0.016 0.047 0.043 0.006 0.024 0.208
104 K 0.053 0.121 0.039 0.038 0.008 0.05 0.065 0.04 0.02 0.026 0.041 0.307 0.015 0.015 0.025 0.05 0.037 0.005 0.016 0.031
105 L 0.076 0.03 0.032 0.03 0.016 0.025 0.038 0.074 0.014 0.075 0.124 0.038 0.07 0.031 0.021 0.103 0.095 0.006 0.018 0.085
106 L 0.077 0.024 0.017 0.017 0.052 0.017 0.022 0.028 0.01 0.092 0.321 0.027 0.039 0.047 0.016 0.035 0.052 0.006 0.02 0.083
107 L 0.045 0.019 0.014 0.016 0.015 0.014 0.018 0.02 0.009 0.228 0.234 0.023 0.042 0.052 0.014 0.024 0.036 0.006 0.021 0.149
108 L 0.048 0.024 0.016 0.016 0.014 0.017 0.022 0.022 0.019 0.104 0.273 0.026 0.036 0.069 0.014 0.027 0.034 0.012 0.117 0.091
109 F 0.038 0.02 0.019 0.018 0.01 0.013 0.021 0.027 0.02 0.055 0.096 0.022 0.022 0.352 0.012 0.042 0.028 0.017 0.118 0.05
110 I 0.052 0.019 0.016 0.017 0.025 0.014 0.019 0.045 0.009 0.219 0.16 0.023 0.035 0.066 0.014 0.027 0.037 0.006 0.023 0.172
111 F 0.037 0.019 0.015 0.015 0.012 0.012 0.018 0.022 0.013 0.111 0.208 0.02 0.032 0.255 0.012 0.023 0.028 0.012 0.055 0.08
112 G 0.089 0.023 0.032 0.029 0.048 0.019 0.026 0.362 0.015 0.03 0.062 0.032 0.014 0.026 0.018 0.062 0.033 0.007 0.037 0.035
113 I 0.051 0.02 0.017 0.019 0.015 0.015 0.021 0.024 0.012 0.226 0.133 0.025 0.032 0.072 0.015 0.043 0.04 0.008 0.048 0.165
114 G 0.126 0.023 0.027 0.026 0.014 0.018 0.026 0.27 0.012 0.066 0.085 0.031 0.018 0.052 0.019 0.049 0.037 0.006 0.019 0.075
115 I 0.045 0.018 0.014 0.016 0.015 0.013 0.018 0.021 0.01 0.229 0.189 0.022 0.034 0.106 0.013 0.024 0.035 0.007 0.03 0.141
116 Y 0.063 0.025 0.02 0.018 0.011 0.02 0.026 0.027 0.036 0.058 0.073 0.029 0.019 0.11 0.016 0.033 0.031 0.022 0.28 0.084
117 N 0.046 0.063 0.235 0.059 0.045 0.03 0.043 0.052 0.06 0.029 0.062 0.05 0.014 0.021 0.019 0.071 0.044 0.005 0.019 0.033
118 L 0.097 0.022 0.016 0.018 0.052 0.016 0.023 0.03 0.01 0.132 0.203 0.026 0.032 0.039 0.017 0.036 0.039 0.006 0.027 0.158
119 F 0.035 0.018 0.015 0.016 0.011 0.011 0.018 0.023 0.014 0.101 0.147 0.019 0.028 0.33 0.011 0.024 0.027 0.013 0.068 0.072
120 Y 0.042 0.037 0.023 0.021 0.009 0.024 0.032 0.026 0.036 0.042 0.084 0.071 0.019 0.094 0.053 0.033 0.029 0.02 0.261 0.044
121 A 0.112 0.086 0.029 0.028 0.075 0.044 0.04 0.048 0.041 0.043 0.089 0.051 0.019 0.052 0.02 0.072 0.04 0.008 0.052 0.052
122 H 0.046 0.065 0.087 0.044 0.01 0.051 0.051 0.038 0.136 0.054 0.085 0.067 0.042 0.028 0.019 0.049 0.042 0.006 0.029 0.051
123 P 0.087 0.044 0.086 0.045 0.011 0.087 0.08 0.044 0.06 0.035 0.062 0.06 0.017 0.019 0.095 0.053 0.039 0.005 0.021 0.049
124 N 0.07 0.044 0.208 0.091 0.01 0.056 0.058 0.082 0.029 0.025 0.036 0.061 0.013 0.017 0.021 0.07 0.057 0.005 0.016 0.032
125 Q 0.056 0.074 0.044 0.047 0.009 0.211 0.103 0.041 0.03 0.027 0.047 0.092 0.021 0.015 0.024 0.056 0.041 0.006 0.021 0.035
126 A 0.287 0.031 0.026 0.03 0.022 0.026 0.041 0.079 0.015 0.043 0.06 0.045 0.018 0.022 0.03 0.085 0.05 0.005 0.018 0.069
127 G 0.081 0.042 0.076 0.068 0.011 0.046 0.045 0.261 0.017 0.024 0.035 0.074 0.012 0.016 0.033 0.056 0.053 0.005 0.013 0.031
128 K 0.051 0.106 0.041 0.068 0.008 0.116 0.075 0.039 0.022 0.025 0.041 0.203 0.016 0.014 0.036 0.05 0.037 0.005 0.017 0.031
129 A 0.103 0.042 0.049 0.073 0.013 0.081 0.1 0.046 0.019 0.045 0.052 0.057 0.017 0.022 0.034 0.095 0.059 0.005 0.017 0.07
130 K 0.055 0.104 0.042 0.069 0.009 0.11 0.088 0.038 0.025 0.033 0.081 0.121 0.019 0.019 0.022 0.064 0.039 0.005 0.018 0.038
131 L 0.04 0.021 0.015 0.015 0.013 0.013 0.019 0.022 0.012 0.091 0.251 0.021 0.039 0.211 0.012 0.024 0.03 0.011 0.048 0.092
132 I 0.052 0.019 0.014 0.016 0.052 0.014 0.019 0.022 0.008 0.223 0.164 0.023 0.035 0.038 0.014 0.027 0.039 0.005 0.019 0.197
133 R 0.044 0.184 0.091 0.066 0.009 0.037 0.047 0.038 0.053 0.032 0.071 0.074 0.017 0.05 0.018 0.056 0.044 0.01 0.024 0.035
134 D 0.043 0.032 0.053 0.317 0.009 0.027 0.071 0.039 0.018 0.042 0.044 0.059 0.013 0.025 0.02 0.045 0.035 0.005 0.037 0.066
135 L 0.043 0.022 0.014 0.015 0.015 0.015 0.019 0.02 0.009 0.124 0.375 0.024 0.044 0.059 0.013 0.023 0.032 0.007 0.022 0.105
136 K 0.054 0.092 0.046 0.042 0.009 0.069 0.076 0.04 0.02 0.027 0.042 0.263 0.015 0.015 0.025 0.053 0.056 0.005 0.017 0.033
137 I 0.045 0.027 0.024 0.05 0.013 0.019 0.029 0.062 0.039 0.187 0.12 0.047 0.035 0.063 0.015 0.031 0.034 0.025 0.027 0.109
138 G 0.099 0.026 0.039 0.035 0.012 0.021 0.031 0.399 0.014 0.022 0.032 0.037 0.011 0.017 0.021 0.1 0.04 0.005 0.012 0.03
139 I 0.051 0.019 0.014 0.016 0.016 0.014 0.019 0.021 0.008 0.242 0.174 0.023 0.034 0.04 0.014 0.026 0.04 0.006 0.02 0.205
140 L 0.065 0.024 0.023 0.022 0.014 0.018 0.025 0.099 0.016 0.106 0.133 0.029 0.027 0.076 0.017 0.061 0.042 0.009 0.072 0.121
141 V 0.054 0.02 0.016 0.017 0.016 0.015 0.02 0.022 0.009 0.185 0.166 0.024 0.034 0.066 0.015 0.03 0.051 0.006 0.024 0.21
142 Q 0.052 0.069 0.041 0.044 0.008 0.263 0.097 0.039 0.028 0.025 0.044 0.086 0.019 0.014 0.022 0.052 0.039 0.006 0.019 0.033
143 A 0.155 0.025 0.024 0.025 0.091 0.019 0.03 0.054 0.014 0.043 0.067 0.032 0.018 0.117 0.02 0.077 0.058 0.042 0.035 0.054
144 V 0.068 0.021 0.018 0.019 0.016 0.016 0.022 0.032 0.009 0.175 0.177 0.026 0.032 0.045 0.016 0.045 0.047 0.006 0.02 0.188
145 L 0.05 0.02 0.015 0.016 0.031 0.014 0.02 0.022 0.01 0.17 0.175 0.023 0.045 0.096 0.018 0.027 0.037 0.007 0.029 0.174
146 G 0.067 0.021 0.03 0.027 0.012 0.017 0.022 0.388 0.011 0.091 0.062 0.029 0.016 0.022 0.017 0.043 0.032 0.005 0.013 0.074
147 L 0.068 0.02 0.015 0.017 0.015 0.014 0.02 0.026 0.011 0.143 0.198 0.023 0.033 0.14 0.014 0.029 0.035 0.008 0.036 0.134
148 L 0.055 0.022 0.017 0.018 0.015 0.015 0.021 0.061 0.011 0.11 0.282 0.025 0.038 0.091 0.015 0.032 0.044 0.007 0.027 0.095
149 A 0.24 0.025 0.022 0.025 0.161 0.02 0.031 0.089 0.012 0.04 0.056 0.035 0.016 0.02 0.024 0.066 0.042 0.005 0.015 0.059
150 L 0.045 0.022 0.014 0.015 0.016 0.015 0.019 0.02 0.009 0.115 0.372 0.024 0.044 0.049 0.014 0.024 0.034 0.006 0.021 0.122
151 L 0.092 0.024 0.02 0.02 0.033 0.018 0.025 0.033 0.012 0.095 0.198 0.028 0.045 0.106 0.017 0.044 0.063 0.008 0.03 0.09
152 G 0.096 0.027 0.062 0.038 0.012 0.022 0.032 0.369 0.015 0.022 0.032 0.038 0.011 0.017 0.021 0.099 0.041 0.005 0.012 0.03
153 I 0.053 0.02 0.018 0.019 0.015 0.015 0.022 0.025 0.01 0.18 0.144 0.026 0.03 0.091 0.051 0.044 0.04 0.007 0.028 0.163
154 P 0.091 0.03 0.038 0.036 0.013 0.024 0.039 0.105 0.015 0.028 0.038 0.043 0.012 0.016 0.227 0.122 0.068 0.004 0.014 0.037
155 F 0.062 0.022 0.022 0.048 0.012 0.015 0.026 0.03 0.016 0.089 0.129 0.025 0.025 0.228 0.014 0.038 0.04 0.016 0.074 0.068
156 L 0.053 0.022 0.016 0.017 0.014 0.016 0.021 0.024 0.012 0.142 0.155 0.025 0.073 0.144 0.014 0.029 0.036 0.009 0.037 0.141
157 I 0.06 0.054 0.021 0.023 0.014 0.037 0.031 0.027 0.012 0.212 0.121 0.057 0.029 0.033 0.017 0.04 0.04 0.005 0.019 0.148
158 D 0.067 0.032 0.089 0.315 0.008 0.032 0.109 0.047 0.019 0.023 0.03 0.047 0.01 0.015 0.022 0.054 0.036 0.004 0.012 0.028
159 F 0.038 0.019 0.016 0.016 0.012 0.013 0.019 0.023 0.014 0.103 0.158 0.021 0.042 0.277 0.012 0.025 0.029 0.012 0.059 0.093
160 A 0.175 0.025 0.022 0.024 0.018 0.02 0.03 0.047 0.012 0.111 0.142 0.034 0.026 0.031 0.021 0.069 0.045 0.005 0.018 0.126
161 L 0.04 0.022 0.015 0.015 0.014 0.014 0.019 0.021 0.013 0.099 0.312 0.023 0.039 0.136 0.013 0.024 0.032 0.01 0.058 0.081
162 S 0.097 0.035 0.069 0.045 0.015 0.029 0.044 0.153 0.018 0.026 0.037 0.047 0.013 0.019 0.025 0.209 0.065 0.005 0.015 0.036
163 T 0.071 0.029 0.033 0.03 0.017 0.023 0.033 0.036 0.011 0.083 0.08 0.037 0.022 0.026 0.023 0.075 0.205 0.005 0.018 0.145
164 N 0.04 0.043 0.223 0.06 0.008 0.033 0.048 0.05 0.19 0.021 0.032 0.047 0.012 0.022 0.019 0.054 0.037 0.006 0.032 0.024
165 A 0.149 0.03 0.032 0.031 0.018 0.024 0.035 0.049 0.013 0.081 0.075 0.04 0.027 0.025 0.024 0.095 0.141 0.005 0.017 0.089
166 N 0.043 0.045 0.314 0.083 0.009 0.034 0.05 0.065 0.032 0.023 0.032 0.054 0.011 0.018 0.02 0.07 0.05 0.005 0.016 0.027
167 Y 0.041 0.028 0.022 0.019 0.009 0.022 0.028 0.025 0.047 0.044 0.069 0.031 0.019 0.131 0.016 0.031 0.028 0.028 0.315 0.047
168 V 0.076 0.023 0.025 0.054 0.016 0.019 0.032 0.03 0.012 0.125 0.129 0.029 0.041 0.062 0.022 0.043 0.042 0.006 0.029 0.185
169 L 0.045 0.028 0.023 0.057 0.013 0.026 0.073 0.026 0.014 0.078 0.232 0.035 0.08 0.053 0.052 0.033 0.034 0.006 0.022 0.07
170 G 0.076 0.046 0.039 0.033 0.011 0.021 0.027 0.478 0.014 0.019 0.029 0.04 0.01 0.016 0.019 0.051 0.03 0.005 0.011 0.025
171 G 0.078 0.023 0.039 0.034 0.011 0.019 0.025 0.512 0.013 0.019 0.028 0.034 0.009 0.016 0.019 0.051 0.03 0.005 0.011 0.024
172 E 0.046 0.043 0.055 0.057 0.008 0.053 0.149 0.036 0.12 0.031 0.052 0.055 0.016 0.096 0.02 0.046 0.032 0.008 0.042 0.033
173 L 0.043 0.024 0.014 0.015 0.016 0.016 0.02 0.021 0.01 0.111 0.366 0.025 0.048 0.074 0.014 0.024 0.033 0.008 0.026 0.093
174 P 0.057 0.029 0.056 0.096 0.01 0.026 0.068 0.04 0.016 0.024 0.033 0.044 0.01 0.014 0.33 0.064 0.038 0.003 0.013 0.029
175 A 0.257 0.037 0.03 0.062 0.019 0.028 0.047 0.072 0.015 0.04 0.055 0.064 0.016 0.02 0.029 0.079 0.047 0.005 0.017 0.061
176 R 0.043 0.283 0.034 0.029 0.008 0.041 0.047 0.031 0.022 0.027 0.05 0.125 0.016 0.053 0.019 0.042 0.042 0.008 0.046 0.033
177 F 0.032 0.018 0.016 0.016 0.01 0.011 0.018 0.024 0.018 0.058 0.104 0.019 0.023 0.403 0.01 0.024 0.024 0.017 0.103 0.051
178 Y 0.04 0.041 0.023 0.021 0.01 0.038 0.032 0.025 0.058 0.083 0.103 0.035 0.022 0.097 0.015 0.031 0.029 0.018 0.217 0.062
179 G 0.061 0.031 0.063 0.092 0.01 0.029 0.039 0.339 0.021 0.041 0.038 0.056 0.012 0.017 0.019 0.048 0.032 0.005 0.013 0.034
180 S 0.103 0.038 0.051 0.046 0.016 0.031 0.049 0.062 0.018 0.028 0.039 0.051 0.015 0.02 0.028 0.268 0.077 0.005 0.016 0.039
181 E 0.052 0.047 0.038 0.085 0.007 0.061 0.339 0.033 0.024 0.021 0.035 0.071 0.012 0.016 0.024 0.052 0.035 0.005 0.016 0.029
182 Q 0.052 0.069 0.041 0.044 0.008 0.263 0.097 0.039 0.028 0.025 0.044 0.086 0.019 0.014 0.022 0.052 0.039 0.006 0.019 0.033
183 E 0.094 0.042 0.036 0.073 0.009 0.052 0.274 0.075 0.022 0.023 0.037 0.064 0.012 0.016 0.024 0.056 0.036 0.005 0.015 0.034
184 Y 0.038 0.026 0.02 0.018 0.009 0.02 0.026 0.023 0.044 0.041 0.064 0.029 0.018 0.123 0.015 0.029 0.026 0.026 0.359 0.044
185 R 0.042 0.385 0.036 0.029 0.007 0.045 0.049 0.031 0.022 0.022 0.044 0.113 0.015 0.016 0.018 0.042 0.033 0.005 0.016 0.029
186 L 0.042 0.023 0.013 0.014 0.015 0.015 0.019 0.02 0.009 0.108 0.414 0.024 0.047 0.051 0.013 0.023 0.031 0.007 0.021 0.09
187 Y 0.037 0.025 0.02 0.017 0.009 0.019 0.025 0.023 0.04 0.044 0.07 0.028 0.018 0.166 0.014 0.029 0.026 0.025 0.32 0.045
188 N 0.039 0.035 0.26 0.06 0.01 0.026 0.038 0.05 0.025 0.069 0.059 0.042 0.016 0.079 0.017 0.054 0.042 0.006 0.025 0.049
189 L 0.04 0.019 0.015 0.016 0.013 0.012 0.018 0.021 0.011 0.171 0.195 0.021 0.033 0.186 0.012 0.024 0.031 0.01 0.044 0.11
190 T 0.071 0.034 0.041 0.036 0.017 0.026 0.038 0.042 0.013 0.048 0.06 0.043 0.018 0.022 0.026 0.1 0.277 0.005 0.017 0.065
191 S 0.118 0.037 0.049 0.045 0.017 0.031 0.048 0.063 0.018 0.029 0.04 0.05 0.015 0.02 0.028 0.256 0.075 0.005 0.016 0.041
192 S 0.116 0.036 0.045 0.041 0.017 0.03 0.045 0.059 0.017 0.036 0.055 0.048 0.032 0.022 0.027 0.218 0.086 0.005 0.017 0.048
193 A 0.284 0.03 0.029 0.031 0.019 0.025 0.039 0.101 0.014 0.037 0.052 0.042 0.016 0.02 0.027 0.105 0.05 0.005 0.016 0.058
194 F 0.032 0.018 0.016 0.016 0.01 0.01 0.018 0.024 0.016 0.06 0.107 0.018 0.024 0.424 0.01 0.024 0.024 0.016 0.083 0.052
195 F 0.032 0.018 0.016 0.016 0.01 0.01 0.018 0.024 0.016 0.06 0.107 0.018 0.024 0.424 0.01 0.024 0.024 0.016 0.083 0.052
196 Q 0.053 0.066 0.04 0.043 0.008 0.245 0.092 0.038 0.026 0.025 0.043 0.082 0.019 0.014 0.058 0.052 0.038 0.005 0.019 0.033
197 L 0.041 0.022 0.014 0.014 0.015 0.015 0.019 0.02 0.01 0.105 0.392 0.023 0.045 0.078 0.013 0.023 0.031 0.007 0.025 0.088
198 S 0.103 0.038 0.051 0.046 0.016 0.031 0.049 0.062 0.018 0.028 0.039 0.051 0.015 0.02 0.028 0.268 0.077 0.005 0.016 0.039
199 L 0.151 0.024 0.017 0.02 0.017 0.018 0.026 0.04 0.011 0.117 0.235 0.03 0.033 0.038 0.019 0.044 0.038 0.006 0.019 0.097
200 F 0.032 0.018 0.016 0.016 0.01 0.01 0.018 0.024 0.016 0.06 0.107 0.018 0.024 0.424 0.01 0.024 0.024 0.016 0.083 0.052
201 Y 0.037 0.024 0.019 0.017 0.009 0.018 0.024 0.024 0.035 0.048 0.094 0.027 0.02 0.156 0.013 0.027 0.026 0.059 0.275 0.047
202 L 0.054 0.022 0.02 0.02 0.014 0.016 0.021 0.169 0.01 0.101 0.248 0.026 0.035 0.038 0.015 0.031 0.033 0.006 0.018 0.105
203 L 0.048 0.024 0.017 0.017 0.015 0.019 0.022 0.024 0.013 0.111 0.166 0.027 0.106 0.133 0.014 0.03 0.036 0.009 0.036 0.135
204 L 0.045 0.022 0.014 0.015 0.016 0.015 0.019 0.02 0.009 0.115 0.372 0.024 0.044 0.049 0.014 0.024 0.034 0.006 0.021 0.122
205 L 0.038 0.021 0.014 0.015 0.017 0.013 0.019 0.022 0.012 0.09 0.298 0.022 0.041 0.184 0.012 0.023 0.029 0.01 0.043 0.076
206 H 0.04 0.043 0.127 0.046 0.007 0.035 0.049 0.042 0.303 0.021 0.034 0.045 0.013 0.026 0.018 0.046 0.03 0.006 0.044 0.022
207 F 0.032 0.018 0.016 0.016 0.01 0.01 0.018 0.024 0.015 0.063 0.129 0.018 0.025 0.398 0.01 0.024 0.024 0.015 0.079 0.054
208 L 0.062 0.023 0.015 0.016 0.015 0.016 0.021 0.025 0.011 0.102 0.309 0.025 0.06 0.101 0.014 0.028 0.032 0.008 0.03 0.085
209 L 0.044 0.023 0.014 0.015 0.015 0.016 0.02 0.021 0.01 0.111 0.376 0.025 0.057 0.05 0.014 0.024 0.033 0.007 0.021 0.106
210 A 0.304 0.03 0.049 0.032 0.019 0.025 0.039 0.072 0.015 0.039 0.053 0.043 0.016 0.02 0.027 0.085 0.048 0.005 0.016 0.061
211 Y 0.04 0.025 0.019 0.017 0.011 0.021 0.025 0.023 0.033 0.076 0.146 0.028 0.025 0.1 0.014 0.028 0.029 0.02 0.256 0.065
212 N 0.04 0.037 0.227 0.073 0.008 0.028 0.042 0.053 0.055 0.027 0.04 0.043 0.013 0.048 0.018 0.053 0.039 0.011 0.115 0.03
213 A 0.15 0.051 0.055 0.057 0.013 0.036 0.091 0.05 0.021 0.04 0.073 0.119 0.017 0.02 0.024 0.059 0.043 0.005 0.017 0.056
214 K 0.063 0.086 0.038 0.049 0.008 0.076 0.127 0.04 0.021 0.025 0.04 0.228 0.015 0.015 0.025 0.052 0.037 0.005 0.016 0.032
215 N 0.05 0.076 0.178 0.063 0.009 0.044 0.06 0.054 0.026 0.025 0.037 0.165 0.013 0.017 0.024 0.062 0.045 0.005 0.017 0.03
216 H 0.051 0.055 0.052 0.04 0.01 0.058 0.066 0.039 0.16 0.029 0.044 0.106 0.016 0.026 0.022 0.056 0.083 0.007 0.046 0.035
217 N 0.05 0.051 0.222 0.077 0.01 0.056 0.059 0.053 0.028 0.032 0.04 0.078 0.014 0.018 0.021 0.077 0.046 0.005 0.016 0.048
218 N 0.065 0.072 0.124 0.049 0.011 0.063 0.055 0.049 0.022 0.033 0.047 0.11 0.015 0.018 0.033 0.095 0.077 0.005 0.016 0.042
219 L 0.048 0.027 0.016 0.018 0.015 0.018 0.023 0.022 0.01 0.192 0.214 0.048 0.048 0.041 0.015 0.027 0.037 0.006 0.02 0.154
220 P 0.071 0.034 0.109 0.046 0.012 0.027 0.042 0.108 0.052 0.026 0.036 0.045 0.012 0.018 0.12 0.118 0.068 0.005 0.018 0.033
221 L 0.129 0.03 0.036 0.033 0.016 0.025 0.043 0.082 0.017 0.05 0.13 0.04 0.022 0.027 0.055 0.115 0.071 0.005 0.017 0.057
222 I 0.05 0.021 0.017 0.018 0.015 0.015 0.021 0.023 0.012 0.183 0.161 0.025 0.031 0.063 0.015 0.03 0.055 0.032 0.049 0.168
223 F 0.059 0.022 0.017 0.018 0.011 0.015 0.023 0.027 0.02 0.079 0.133 0.025 0.025 0.203 0.05 0.03 0.029 0.029 0.122 0.064
224 L 0.048 0.021 0.014 0.016 0.015 0.015 0.02 0.021 0.009 0.167 0.262 0.025 0.037 0.042 0.05 0.026 0.036 0.006 0.02 0.149
225 F 0.035 0.018 0.015 0.016 0.011 0.011 0.018 0.023 0.014 0.103 0.158 0.019 0.029 0.316 0.011 0.024 0.027 0.013 0.065 0.073
226 L 0.086 0.024 0.015 0.016 0.016 0.016 0.022 0.028 0.01 0.097 0.352 0.026 0.041 0.056 0.015 0.031 0.034 0.007 0.022 0.086
227 I 0.046 0.02 0.015 0.016 0.051 0.015 0.019 0.022 0.01 0.216 0.207 0.024 0.067 0.043 0.014 0.026 0.036 0.006 0.02 0.129
228 L 0.082 0.023 0.015 0.016 0.015 0.016 0.022 0.028 0.011 0.092 0.319 0.025 0.039 0.1 0.015 0.031 0.033 0.008 0.029 0.081
229 F 0.05 0.018 0.016 0.016 0.165 0.012 0.018 0.026 0.012 0.087 0.099 0.02 0.023 0.21 0.013 0.03 0.032 0.01 0.047 0.101
230 I 0.05 0.016 0.014 0.016 0.158 0.012 0.016 0.023 0.008 0.232 0.129 0.021 0.029 0.035 0.014 0.028 0.037 0.005 0.017 0.138
231 G 0.074 0.022 0.037 0.032 0.01 0.018 0.024 0.54 0.013 0.018 0.027 0.032 0.009 0.015 0.018 0.048 0.028 0.005 0.01 0.023
232 L 0.068 0.023 0.016 0.017 0.016 0.017 0.022 0.025 0.01 0.127 0.293 0.026 0.052 0.044 0.015 0.031 0.045 0.006 0.02 0.126
233 I 0.043 0.018 0.014 0.017 0.015 0.013 0.018 0.021 0.01 0.258 0.154 0.022 0.046 0.096 0.013 0.024 0.036 0.007 0.029 0.147
234 S 0.11 0.037 0.05 0.045 0.017 0.031 0.049 0.063 0.018 0.028 0.04 0.051 0.015 0.02 0.028 0.262 0.076 0.005 0.016 0.04
235 G 0.074 0.022 0.037 0.032 0.01 0.018 0.024 0.54 0.013 0.018 0.027 0.032 0.009 0.015 0.018 0.048 0.028 0.005 0.01 0.023
236 R 0.042 0.385 0.036 0.029 0.007 0.045 0.049 0.031 0.022 0.022 0.044 0.113 0.015 0.016 0.018 0.042 0.033 0.005 0.016 0.029
237 T 0.076 0.033 0.041 0.036 0.017 0.026 0.038 0.044 0.014 0.053 0.068 0.043 0.019 0.023 0.025 0.125 0.218 0.005 0.017 0.078
238 F 0.032 0.018 0.016 0.016 0.01 0.01 0.018 0.024 0.016 0.06 0.107 0.018 0.024 0.424 0.01 0.024 0.024 0.016 0.083 0.052
239 L 0.038 0.021 0.015 0.015 0.013 0.014 0.019 0.022 0.012 0.102 0.253 0.022 0.048 0.203 0.012 0.024 0.029 0.01 0.047 0.08
240 L 0.049 0.023 0.017 0.018 0.016 0.017 0.022 0.023 0.01 0.156 0.235 0.027 0.067 0.048 0.015 0.031 0.058 0.006 0.021 0.14
241 F 0.036 0.02 0.015 0.015 0.012 0.012 0.018 0.022 0.013 0.087 0.229 0.02 0.035 0.264 0.011 0.024 0.027 0.012 0.057 0.071
242 S 0.169 0.035 0.043 0.041 0.018 0.029 0.046 0.065 0.017 0.032 0.044 0.048 0.015 0.02 0.028 0.214 0.068 0.005 0.016 0.047
243 V 0.122 0.022 0.017 0.019 0.018 0.017 0.024 0.034 0.01 0.155 0.154 0.028 0.03 0.034 0.018 0.04 0.045 0.005 0.019 0.188
244 I 0.049 0.018 0.014 0.016 0.016 0.013 0.018 0.021 0.009 0.23 0.171 0.023 0.034 0.068 0.014 0.026 0.038 0.006 0.024 0.192
245 S 0.101 0.037 0.05 0.045 0.016 0.031 0.048 0.061 0.018 0.029 0.041 0.05 0.015 0.02 0.028 0.255 0.092 0.005 0.016 0.041
246 I 0.05 0.018 0.014 0.016 0.026 0.014 0.018 0.021 0.008 0.247 0.172 0.023 0.034 0.04 0.014 0.026 0.039 0.006 0.019 0.195
247 L 0.102 0.023 0.016 0.018 0.016 0.017 0.023 0.031 0.011 0.126 0.22 0.027 0.04 0.074 0.016 0.036 0.039 0.007 0.025 0.132
248 L 0.054 0.02 0.015 0.016 0.014 0.014 0.019 0.023 0.011 0.141 0.214 0.023 0.034 0.152 0.013 0.027 0.033 0.009 0.038 0.131
249 Y 0.043 0.027 0.023 0.02 0.009 0.021 0.028 0.026 0.042 0.04 0.063 0.031 0.017 0.115 0.016 0.046 0.03 0.025 0.335 0.044
250 G 0.078 0.023 0.039 0.034 0.011 0.019 0.026 0.51 0.013 0.019 0.028 0.034 0.009 0.016 0.019 0.051 0.03 0.005 0.011 0.024
251 F 0.033 0.018 0.016 0.016 0.011 0.011 0.018 0.023 0.015 0.081 0.133 0.019 0.026 0.37 0.01 0.024 0.025 0.014 0.074 0.063
252 K 0.05 0.108 0.11 0.047 0.008 0.046 0.061 0.044 0.022 0.025 0.038 0.247 0.014 0.015 0.024 0.053 0.039 0.005 0.016 0.029
253 W 0.038 0.037 0.015 0.016 0.011 0.016 0.021 0.025 0.012 0.114 0.123 0.026 0.024 0.049 0.011 0.024 0.029 0.273 0.042 0.094
254 R 0.045 0.298 0.037 0.032 0.008 0.049 0.054 0.034 0.025 0.023 0.043 0.171 0.015 0.016 0.02 0.044 0.034 0.005 0.017 0.03
255 Y 0.04 0.027 0.021 0.019 0.01 0.02 0.027 0.024 0.039 0.046 0.089 0.03 0.02 0.111 0.015 0.033 0.046 0.023 0.311 0.049
256 L 0.049 0.019 0.014 0.016 0.051 0.014 0.018 0.021 0.009 0.195 0.228 0.023 0.036 0.042 0.014 0.026 0.037 0.006 0.019 0.163
257 P 0.051 0.024 0.045 0.03 0.011 0.019 0.032 0.033 0.013 0.07 0.07 0.037 0.015 0.019 0.386 0.04 0.038 0.003 0.014 0.052
258 A 0.162 0.027 0.024 0.025 0.016 0.022 0.032 0.047 0.018 0.066 0.092 0.036 0.021 0.043 0.046 0.069 0.066 0.013 0.079 0.095
259 L 0.05 0.024 0.019 0.019 0.015 0.018 0.024 0.025 0.015 0.109 0.262 0.028 0.035 0.058 0.016 0.047 0.054 0.009 0.069 0.104
260 L 0.073 0.022 0.018 0.019 0.016 0.016 0.023 0.028 0.01 0.16 0.235 0.027 0.037 0.056 0.016 0.048 0.039 0.006 0.022 0.128
261 L 0.1 0.024 0.018 0.019 0.017 0.017 0.024 0.032 0.01 0.131 0.249 0.028 0.035 0.04 0.017 0.045 0.048 0.006 0.019 0.121
262 F 0.078 0.02 0.017 0.018 0.012 0.013 0.021 0.031 0.014 0.082 0.105 0.022 0.024 0.311 0.013 0.032 0.03 0.013 0.065 0.08
263 A 0.172 0.026 0.025 0.026 0.017 0.021 0.031 0.096 0.012 0.1 0.111 0.035 0.023 0.031 0.022 0.074 0.06 0.005 0.018 0.095
264 L 0.133 0.024 0.022 0.023 0.016 0.018 0.027 0.094 0.012 0.111 0.14 0.031 0.026 0.059 0.019 0.06 0.041 0.006 0.022 0.116
265 L 0.074 0.023 0.02 0.02 0.016 0.017 0.023 0.065 0.01 0.146 0.219 0.028 0.033 0.038 0.016 0.049 0.046 0.006 0.019 0.133
266 V 0.057 0.019 0.015 0.016 0.112 0.014 0.019 0.023 0.008 0.158 0.162 0.023 0.03 0.035 0.015 0.03 0.04 0.005 0.018 0.2
267 L 0.048 0.023 0.017 0.017 0.015 0.016 0.022 0.023 0.012 0.133 0.297 0.026 0.039 0.051 0.015 0.042 0.037 0.008 0.044 0.115
268 F 0.069 0.023 0.023 0.022 0.011 0.016 0.024 0.112 0.02 0.049 0.094 0.027 0.027 0.221 0.015 0.051 0.031 0.014 0.102 0.049
269 L 0.039 0.021 0.014 0.015 0.014 0.013 0.018 0.021 0.011 0.124 0.292 0.022 0.039 0.153 0.012 0.023 0.03 0.009 0.038 0.09
270 A 0.294 0.029 0.024 0.027 0.02 0.023 0.036 0.067 0.013 0.049 0.083 0.04 0.019 0.023 0.026 0.081 0.047 0.005 0.017 0.075
271 Y 0.043 0.025 0.019 0.018 0.012 0.018 0.024 0.023 0.027 0.122 0.127 0.036 0.032 0.125 0.014 0.029 0.037 0.015 0.155 0.098
272 F 0.039 0.04 0.151 0.043 0.009 0.03 0.037 0.04 0.05 0.041 0.063 0.057 0.017 0.161 0.016 0.044 0.035 0.01 0.065 0.047
273 F 0.038 0.021 0.017 0.017 0.011 0.014 0.021 0.024 0.028 0.066 0.149 0.023 0.032 0.269 0.012 0.026 0.027 0.016 0.129 0.06
274 P 0.1 0.034 0.031 0.035 0.012 0.057 0.047 0.046 0.016 0.028 0.04 0.048 0.013 0.015 0.273 0.096 0.051 0.004 0.015 0.037
275 D 0.047 0.043 0.072 0.21 0.008 0.053 0.161 0.056 0.021 0.023 0.033 0.075 0.011 0.016 0.022 0.053 0.046 0.005 0.016 0.028
276 N 0.04 0.042 0.246 0.063 0.008 0.033 0.048 0.052 0.162 0.021 0.032 0.048 0.012 0.021 0.019 0.056 0.039 0.005 0.029 0.024
277 K 0.052 0.089 0.029 0.03 0.01 0.033 0.045 0.033 0.015 0.079 0.063 0.158 0.017 0.02 0.158 0.042 0.037 0.004 0.016 0.071
278 Y 0.037 0.025 0.02 0.017 0.009 0.019 0.025 0.023 0.04 0.044 0.07 0.028 0.018 0.166 0.014 0.029 0.026 0.025 0.32 0.045
279 V 0.06 0.02 0.015 0.017 0.017 0.015 0.021 0.022 0.008 0.195 0.131 0.024 0.031 0.036 0.015 0.029 0.044 0.005 0.019 0.277
280 A 0.184 0.057 0.028 0.039 0.014 0.032 0.102 0.091 0.021 0.034 0.054 0.05 0.015 0.034 0.023 0.06 0.038 0.008 0.065 0.048
281 H 0.039 0.043 0.05 0.036 0.007 0.036 0.05 0.036 0.394 0.022 0.036 0.043 0.014 0.029 0.018 0.039 0.025 0.007 0.054 0.022
282 A 0.333 0.029 0.024 0.028 0.02 0.024 0.038 0.074 0.014 0.041 0.056 0.042 0.016 0.02 0.028 0.08 0.047 0.005 0.016 0.065
283 L 0.042 0.023 0.014 0.015 0.015 0.016 0.019 0.021 0.01 0.106 0.386 0.024 0.058 0.064 0.013 0.024 0.032 0.007 0.023 0.089
284 E 0.052 0.047 0.038 0.085 0.007 0.061 0.339 0.033 0.024 0.021 0.035 0.071 0.012 0.016 0.024 0.052 0.035 0.005 0.016 0.029
285 P 0.053 0.024 0.021 0.028 0.01 0.019 0.033 0.033 0.012 0.045 0.043 0.038 0.011 0.014 0.488 0.04 0.034 0.003 0.013 0.039
286 V 0.056 0.021 0.015 0.016 0.017 0.015 0.02 0.022 0.008 0.154 0.223 0.024 0.036 0.04 0.015 0.028 0.041 0.006 0.02 0.226
287 I 0.046 0.017 0.014 0.016 0.015 0.013 0.017 0.02 0.008 0.289 0.173 0.022 0.035 0.042 0.014 0.024 0.038 0.006 0.019 0.171
288 N 0.041 0.044 0.336 0.076 0.008 0.048 0.05 0.06 0.029 0.021 0.031 0.053 0.011 0.017 0.019 0.065 0.046 0.004 0.015 0.026
289 L 0.04 0.022 0.015 0.015 0.014 0.015 0.02 0.021 0.015 0.117 0.287 0.024 0.038 0.114 0.013 0.024 0.03 0.011 0.078 0.089
290 L 0.043 0.019 0.014 0.016 0.015 0.013 0.018 0.02 0.01 0.206 0.241 0.022 0.037 0.09 0.013 0.024 0.034 0.007 0.027 0.131
291 N 0.061 0.042 0.161 0.054 0.011 0.048 0.049 0.076 0.077 0.025 0.037 0.054 0.013 0.026 0.021 0.118 0.05 0.006 0.042 0.031
292 G 0.056 0.033 0.098 0.07 0.01 0.042 0.042 0.246 0.075 0.027 0.035 0.042 0.012 0.022 0.019 0.052 0.051 0.006 0.031 0.03
293 G 0.099 0.051 0.04 0.036 0.011 0.065 0.052 0.213 0.017 0.027 0.04 0.113 0.014 0.016 0.023 0.062 0.063 0.005 0.015 0.037
294 D 0.041 0.03 0.069 0.398 0.007 0.03 0.091 0.047 0.019 0.022 0.028 0.045 0.009 0.015 0.022 0.052 0.035 0.004 0.011 0.024
295 I 0.054 0.024 0.017 0.019 0.017 0.02 0.023 0.024 0.011 0.181 0.17 0.029 0.084 0.044 0.016 0.031 0.042 0.007 0.022 0.166
296 G 0.071 0.059 0.041 0.066 0.01 0.048 0.097 0.25 0.018 0.023 0.034 0.053 0.012 0.016 0.021 0.081 0.05 0.005 0.014 0.03
297 N 0.051 0.038 0.229 0.065 0.012 0.029 0.042 0.054 0.025 0.063 0.06 0.046 0.017 0.023 0.019 0.059 0.05 0.005 0.017 0.095
298 S 0.11 0.04 0.054 0.049 0.018 0.033 0.053 0.067 0.019 0.03 0.042 0.054 0.016 0.021 0.03 0.217 0.082 0.005 0.018 0.042
299 S 0.11 0.04 0.054 0.049 0.018 0.033 0.053 0.067 0.019 0.03 0.042 0.054 0.016 0.021 0.03 0.216 0.082 0.005 0.018 0.042
300 S 0.11 0.04 0.054 0.049 0.018 0.033 0.053 0.067 0.019 0.03 0.042 0.054 0.016 0.021 0.03 0.216 0.082 0.005 0.018 0.042
301 A 0.287 0.031 0.026 0.03 0.022 0.026 0.041 0.079 0.015 0.043 0.06 0.045 0.018 0.022 0.03 0.085 0.05 0.005 0.018 0.069
302 E 0.055 0.05 0.041 0.091 0.007 0.065 0.293 0.035 0.026 0.022 0.037 0.076 0.013 0.017 0.026 0.055 0.037 0.006 0.017 0.031
303 Q 0.056 0.074 0.044 0.047 0.009 0.211 0.103 0.041 0.03 0.027 0.047 0.092 0.021 0.015 0.024 0.056 0.041 0.006 0.021 0.035
304 A 0.287 0.031 0.026 0.03 0.022 0.026 0.041 0.079 0.015 0.043 0.06 0.045 0.018 0.022 0.03 0.085 0.05 0.005 0.018 0.069
305 V 0.07 0.022 0.017 0.018 0.019 0.017 0.023 0.025 0.008 0.165 0.131 0.026 0.032 0.036 0.017 0.033 0.05 0.006 0.021 0.266
306 V 0.07 0.022 0.017 0.018 0.019 0.017 0.023 0.025 0.008 0.165 0.131 0.026 0.032 0.036 0.017 0.033 0.05 0.006 0.021 0.266
307 I 0.043 0.018 0.015 0.018 0.015 0.013 0.018 0.022 0.011 0.21 0.153 0.022 0.034 0.142 0.014 0.025 0.036 0.009 0.04 0.142
308 D 0.042 0.034 0.139 0.306 0.008 0.031 0.08 0.052 0.022 0.023 0.029 0.048 0.01 0.016 0.022 0.057 0.04 0.004 0.013 0.025
309 S 0.091 0.037 0.059 0.148 0.015 0.032 0.064 0.061 0.019 0.028 0.038 0.052 0.014 0.019 0.028 0.17 0.069 0.005 0.016 0.037
310 L 0.045 0.023 0.014 0.016 0.016 0.015 0.02 0.021 0.01 0.159 0.315 0.025 0.046 0.052 0.014 0.025 0.035 0.007 0.022 0.12
311 S 0.11 0.04 0.054 0.049 0.018 0.033 0.053 0.067 0.019 0.03 0.042 0.054 0.016 0.021 0.03 0.217 0.082 0.005 0.018 0.042
312 L 0.056 0.081 0.032 0.045 0.011 0.049 0.063 0.033 0.024 0.052 0.141 0.086 0.024 0.115 0.018 0.046 0.034 0.008 0.033 0.05
313 L 0.058 0.027 0.024 0.054 0.014 0.038 0.054 0.028 0.013 0.126 0.16 0.034 0.042 0.062 0.017 0.042 0.039 0.006 0.023 0.138
314 S 0.098 0.037 0.049 0.044 0.016 0.03 0.047 0.059 0.017 0.031 0.042 0.05 0.015 0.02 0.028 0.242 0.108 0.005 0.016 0.043
315 S 0.117 0.037 0.048 0.044 0.017 0.03 0.048 0.062 0.017 0.03 0.042 0.05 0.015 0.02 0.028 0.241 0.09 0.005 0.016 0.043
316 S 0.103 0.038 0.051 0.046 0.016 0.031 0.049 0.062 0.018 0.028 0.039 0.051 0.015 0.02 0.028 0.268 0.077 0.005 0.016 0.039
317 T 0.085 0.035 0.046 0.04 0.017 0.028 0.043 0.051 0.015 0.039 0.051 0.047 0.017 0.021 0.027 0.175 0.188 0.005 0.017 0.053
318 D 0.042 0.032 0.081 0.335 0.008 0.032 0.112 0.043 0.019 0.023 0.03 0.046 0.01 0.015 0.022 0.053 0.053 0.004 0.012 0.027
319 T 0.06 0.046 0.14 0.05 0.013 0.032 0.045 0.049 0.019 0.036 0.047 0.086 0.015 0.019 0.024 0.088 0.164 0.005 0.016 0.047
320 L 0.042 0.023 0.013 0.014 0.015 0.015 0.019 0.02 0.009 0.108 0.414 0.024 0.047 0.051 0.013 0.023 0.031 0.007 0.021 0.09
