#Seq2Logo.py -f /work3/idamei/wzy_ssn/run/1e-50/run/150/MSAs/0247_7.afa -o /work3/idamei/wzy_ssn/run/1e-50/run/150/logos/0247_7.logo
#Position Specific Frequency Matrix
A R N D C Q E G H I L K M F P S T W Y V
0 L 0.052 0.032 0.02 0.02 0.016 0.028 0.028 0.028 0.016 0.101 0.198 0.036 0.156 0.048 0.016 0.036 0.04 0.008 0.024 0.093
1 R 0.166 0.186 0.032 0.031 0.015 0.037 0.047 0.056 0.019 0.033 0.053 0.083 0.017 0.02 0.025 0.065 0.043 0.006 0.018 0.05
2 R 0.059 0.189 0.041 0.034 0.013 0.038 0.046 0.038 0.019 0.038 0.056 0.083 0.018 0.021 0.024 0.069 0.139 0.006 0.018 0.051
3 G 0.062 0.182 0.039 0.033 0.009 0.034 0.039 0.27 0.018 0.021 0.038 0.077 0.013 0.017 0.019 0.048 0.032 0.006 0.014 0.028
4 I 0.047 0.018 0.015 0.018 0.016 0.013 0.018 0.021 0.009 0.267 0.169 0.024 0.037 0.044 0.015 0.025 0.04 0.006 0.021 0.178
5 G 0.079 0.023 0.039 0.034 0.011 0.019 0.026 0.508 0.014 0.019 0.028 0.034 0.009 0.016 0.019 0.052 0.03 0.005 0.011 0.024
6 I 0.047 0.018 0.015 0.018 0.016 0.013 0.018 0.021 0.009 0.267 0.169 0.024 0.037 0.044 0.015 0.025 0.04 0.006 0.021 0.178
7 G 0.079 0.023 0.039 0.034 0.011 0.019 0.026 0.508 0.014 0.019 0.028 0.034 0.009 0.016 0.019 0.052 0.03 0.005 0.011 0.024
8 N 0.043 0.045 0.313 0.084 0.009 0.034 0.05 0.066 0.032 0.023 0.032 0.054 0.011 0.018 0.02 0.07 0.05 0.005 0.016 0.027
9 E 0.055 0.05 0.041 0.091 0.007 0.065 0.293 0.035 0.026 0.022 0.037 0.076 0.013 0.017 0.026 0.055 0.037 0.006 0.017 0.031
10 G 0.079 0.023 0.039 0.034 0.011 0.019 0.026 0.508 0.014 0.019 0.028 0.034 0.009 0.016 0.019 0.052 0.03 0.005 0.011 0.024
11 N 0.165 0.038 0.17 0.057 0.015 0.03 0.045 0.072 0.023 0.033 0.046 0.049 0.014 0.02 0.025 0.078 0.05 0.005 0.017 0.048
12 L 0.045 0.024 0.014 0.015 0.016 0.016 0.02 0.021 0.01 0.116 0.372 0.025 0.05 0.055 0.014 0.024 0.034 0.007 0.022 0.097
13 M 0.044 0.027 0.017 0.017 0.014 0.024 0.024 0.024 0.014 0.085 0.167 0.031 0.286 0.041 0.014 0.031 0.034 0.007 0.02 0.079
14 L 0.044 0.024 0.014 0.015 0.016 0.016 0.02 0.021 0.01 0.115 0.376 0.025 0.05 0.055 0.014 0.024 0.033 0.007 0.022 0.096
15 T 0.107 0.033 0.082 0.037 0.014 0.026 0.056 0.043 0.015 0.059 0.062 0.053 0.038 0.021 0.022 0.084 0.172 0.005 0.015 0.057
16 L 0.066 0.026 0.018 0.022 0.03 0.024 0.052 0.037 0.011 0.078 0.325 0.035 0.049 0.038 0.017 0.047 0.033 0.006 0.018 0.07
17 L 0.095 0.023 0.018 0.019 0.013 0.018 0.024 0.055 0.011 0.081 0.129 0.029 0.082 0.033 0.076 0.037 0.049 0.092 0.023 0.091
18 E 0.056 0.047 0.055 0.089 0.008 0.164 0.179 0.035 0.03 0.025 0.048 0.063 0.025 0.015 0.02 0.048 0.04 0.005 0.016 0.032
19 F 0.035 0.019 0.015 0.015 0.02 0.013 0.019 0.041 0.019 0.07 0.176 0.021 0.025 0.222 0.011 0.024 0.025 0.034 0.141 0.056
20 L 0.104 0.025 0.026 0.025 0.016 0.02 0.029 0.081 0.012 0.088 0.126 0.032 0.048 0.048 0.018 0.119 0.06 0.005 0.019 0.098
21 G 0.053 0.019 0.023 0.021 0.032 0.015 0.019 0.293 0.01 0.082 0.176 0.025 0.027 0.037 0.018 0.033 0.028 0.005 0.015 0.067
22 L 0.04 0.02 0.012 0.013 0.024 0.014 0.017 0.018 0.008 0.1 0.436 0.021 0.041 0.045 0.012 0.021 0.029 0.006 0.019 0.102
23 L 0.06 0.023 0.024 0.023 0.013 0.017 0.025 0.076 0.012 0.082 0.159 0.028 0.024 0.096 0.016 0.085 0.094 0.031 0.027 0.083
24 L 0.055 0.02 0.019 0.019 0.062 0.015 0.021 0.119 0.009 0.084 0.209 0.025 0.036 0.039 0.014 0.051 0.037 0.005 0.017 0.143
25 V 0.046 0.018 0.014 0.015 0.051 0.012 0.018 0.022 0.01 0.115 0.154 0.02 0.027 0.168 0.012 0.03 0.033 0.008 0.035 0.192
26 Y 0.033 0.022 0.017 0.015 0.027 0.016 0.022 0.033 0.029 0.034 0.055 0.024 0.015 0.101 0.011 0.025 0.023 0.189 0.276 0.036
27 L 0.043 0.02 0.014 0.015 0.042 0.014 0.018 0.043 0.009 0.114 0.33 0.022 0.035 0.072 0.013 0.025 0.041 0.006 0.022 0.103
28 L 0.065 0.02 0.015 0.015 0.039 0.014 0.019 0.042 0.009 0.127 0.296 0.023 0.042 0.056 0.014 0.032 0.032 0.006 0.02 0.115
29 S 0.149 0.028 0.034 0.032 0.088 0.023 0.036 0.086 0.014 0.032 0.046 0.039 0.023 0.018 0.023 0.202 0.065 0.004 0.014 0.044
30 L 0.086 0.03 0.023 0.022 0.015 0.018 0.025 0.069 0.01 0.111 0.17 0.03 0.025 0.03 0.017 0.063 0.104 0.005 0.016 0.128
31 L 0.092 0.022 0.025 0.022 0.048 0.017 0.024 0.109 0.011 0.097 0.162 0.028 0.024 0.033 0.016 0.086 0.038 0.039 0.018 0.087
32 L 0.065 0.019 0.016 0.016 0.012 0.013 0.019 0.063 0.011 0.085 0.196 0.022 0.031 0.189 0.012 0.03 0.029 0.028 0.039 0.105
33 I 0.043 0.017 0.013 0.015 0.014 0.013 0.017 0.019 0.008 0.285 0.163 0.021 0.049 0.053 0.013 0.023 0.034 0.005 0.02 0.175
34 G 0.157 0.023 0.022 0.022 0.014 0.018 0.025 0.166 0.011 0.055 0.163 0.029 0.031 0.053 0.018 0.047 0.055 0.006 0.019 0.067
35 T 0.068 0.042 0.029 0.026 0.012 0.032 0.032 0.035 0.017 0.055 0.068 0.037 0.017 0.054 0.019 0.089 0.158 0.076 0.079 0.052
36 L 0.074 0.039 0.016 0.016 0.014 0.016 0.021 0.025 0.011 0.105 0.297 0.027 0.033 0.072 0.014 0.038 0.032 0.007 0.036 0.107
37 I 0.067 0.021 0.021 0.021 0.043 0.016 0.022 0.027 0.01 0.196 0.127 0.027 0.037 0.046 0.016 0.047 0.126 0.005 0.019 0.105
38 Y 0.049 0.024 0.018 0.018 0.028 0.038 0.027 0.05 0.024 0.039 0.068 0.028 0.016 0.069 0.012 0.03 0.025 0.186 0.199 0.052
39 R 0.043 0.233 0.03 0.027 0.008 0.075 0.045 0.03 0.019 0.033 0.056 0.09 0.021 0.107 0.016 0.057 0.032 0.007 0.027 0.045
40 E 0.098 0.033 0.038 0.145 0.01 0.036 0.186 0.06 0.017 0.037 0.049 0.048 0.013 0.017 0.022 0.098 0.039 0.004 0.013 0.037
41 F 0.034 0.02 0.016 0.015 0.009 0.014 0.02 0.021 0.025 0.06 0.094 0.022 0.02 0.258 0.011 0.024 0.024 0.018 0.224 0.07
42 R 0.042 0.274 0.033 0.03 0.012 0.103 0.053 0.03 0.035 0.026 0.044 0.118 0.015 0.031 0.018 0.04 0.031 0.005 0.019 0.04
43 R 0.056 0.226 0.035 0.031 0.008 0.109 0.055 0.033 0.054 0.025 0.055 0.11 0.015 0.016 0.019 0.053 0.044 0.005 0.018 0.031
44 V 0.07 0.069 0.026 0.029 0.021 0.12 0.065 0.031 0.016 0.066 0.066 0.073 0.019 0.023 0.018 0.048 0.037 0.025 0.025 0.153
45 R 0.06 0.222 0.032 0.028 0.008 0.04 0.037 0.185 0.031 0.022 0.037 0.072 0.012 0.031 0.051 0.042 0.04 0.005 0.016 0.028
46 F 0.03 0.018 0.015 0.015 0.009 0.02 0.019 0.022 0.014 0.057 0.108 0.019 0.022 0.444 0.01 0.022 0.022 0.014 0.071 0.048
47 S 0.07 0.035 0.187 0.052 0.012 0.028 0.043 0.055 0.02 0.024 0.034 0.045 0.012 0.017 0.022 0.215 0.078 0.004 0.014 0.032
48 F 0.029 0.016 0.014 0.014 0.009 0.009 0.016 0.021 0.014 0.056 0.116 0.016 0.023 0.456 0.009 0.022 0.022 0.014 0.073 0.049
49 H 0.036 0.052 0.185 0.046 0.007 0.03 0.043 0.04 0.247 0.021 0.032 0.043 0.012 0.027 0.016 0.044 0.03 0.007 0.06 0.022
50 L 0.057 0.02 0.014 0.015 0.014 0.014 0.019 0.041 0.009 0.109 0.288 0.023 0.044 0.055 0.013 0.026 0.032 0.025 0.021 0.161
51 L 0.036 0.019 0.013 0.013 0.031 0.012 0.017 0.019 0.01 0.093 0.333 0.02 0.035 0.17 0.011 0.021 0.027 0.008 0.035 0.075
52 F 0.029 0.016 0.014 0.014 0.009 0.009 0.016 0.022 0.014 0.054 0.097 0.016 0.022 0.479 0.009 0.022 0.022 0.014 0.075 0.047
53 S 0.091 0.034 0.045 0.041 0.015 0.028 0.044 0.055 0.016 0.027 0.037 0.045 0.014 0.018 0.025 0.316 0.093 0.004 0.015 0.038
54 L 0.055 0.021 0.015 0.015 0.014 0.015 0.019 0.077 0.009 0.099 0.361 0.023 0.05 0.041 0.013 0.026 0.03 0.006 0.018 0.095
55 A 0.287 0.031 0.026 0.03 0.022 0.026 0.041 0.079 0.015 0.043 0.06 0.045 0.018 0.022 0.03 0.085 0.05 0.005 0.018 0.069
56 L 0.052 0.019 0.013 0.014 0.014 0.014 0.018 0.02 0.009 0.189 0.306 0.022 0.053 0.041 0.013 0.024 0.032 0.006 0.018 0.123
57 Y 0.033 0.022 0.017 0.015 0.008 0.016 0.022 0.021 0.033 0.042 0.069 0.024 0.017 0.209 0.012 0.025 0.023 0.021 0.328 0.042
58 L 0.051 0.02 0.014 0.014 0.013 0.013 0.018 0.04 0.01 0.086 0.335 0.021 0.034 0.112 0.012 0.024 0.028 0.031 0.029 0.094
59 L 0.061 0.021 0.016 0.017 0.015 0.015 0.021 0.024 0.009 0.142 0.274 0.025 0.035 0.037 0.014 0.056 0.037 0.005 0.018 0.158
60 T 0.061 0.029 0.035 0.031 0.015 0.023 0.032 0.036 0.011 0.06 0.06 0.037 0.018 0.021 0.023 0.075 0.338 0.005 0.015 0.074
61 F 0.03 0.016 0.014 0.014 0.027 0.009 0.016 0.022 0.014 0.053 0.096 0.016 0.021 0.463 0.009 0.022 0.022 0.014 0.073 0.047
62 F 0.032 0.02 0.016 0.015 0.008 0.014 0.02 0.021 0.027 0.045 0.077 0.021 0.019 0.293 0.011 0.024 0.023 0.019 0.25 0.043
63 L 0.073 0.02 0.017 0.017 0.012 0.013 0.02 0.082 0.012 0.064 0.224 0.023 0.027 0.207 0.013 0.041 0.028 0.009 0.039 0.058
64 G 0.067 0.019 0.033 0.029 0.009 0.016 0.022 0.584 0.011 0.016 0.024 0.029 0.008 0.014 0.016 0.044 0.025 0.005 0.009 0.021
65 F 0.03 0.017 0.014 0.014 0.009 0.01 0.017 0.022 0.015 0.057 0.102 0.017 0.022 0.444 0.009 0.022 0.022 0.014 0.084 0.058
66 P 0.048 0.022 0.02 0.026 0.009 0.018 0.031 0.031 0.011 0.022 0.031 0.035 0.009 0.011 0.569 0.037 0.031 0.002 0.011 0.026
67 L 0.035 0.019 0.013 0.014 0.03 0.012 0.017 0.02 0.011 0.09 0.313 0.019 0.034 0.198 0.011 0.021 0.026 0.009 0.039 0.071
68 S 0.08 0.032 0.042 0.037 0.015 0.026 0.04 0.048 0.014 0.034 0.044 0.043 0.015 0.019 0.024 0.228 0.192 0.005 0.015 0.046
69 L 0.085 0.025 0.024 0.023 0.063 0.02 0.027 0.062 0.012 0.064 0.182 0.031 0.087 0.031 0.017 0.111 0.042 0.005 0.017 0.071
70 L 0.091 0.021 0.018 0.018 0.015 0.016 0.022 0.046 0.009 0.165 0.176 0.026 0.037 0.034 0.015 0.046 0.057 0.024 0.018 0.147
71 L 0.039 0.022 0.013 0.014 0.014 0.015 0.018 0.019 0.009 0.096 0.419 0.023 0.083 0.046 0.012 0.022 0.029 0.006 0.019 0.081
72 V 0.167 0.028 0.034 0.024 0.015 0.02 0.029 0.059 0.011 0.09 0.081 0.054 0.037 0.032 0.019 0.059 0.049 0.005 0.017 0.167
73 F 0.035 0.019 0.028 0.016 0.01 0.013 0.019 0.041 0.014 0.065 0.19 0.021 0.036 0.246 0.011 0.024 0.025 0.048 0.074 0.065
74 G 0.047 0.151 0.03 0.027 0.012 0.052 0.037 0.189 0.04 0.029 0.071 0.077 0.024 0.041 0.016 0.038 0.028 0.007 0.051 0.032
75 F 0.029 0.016 0.014 0.014 0.009 0.009 0.016 0.022 0.014 0.054 0.097 0.016 0.022 0.479 0.009 0.022 0.022 0.014 0.076 0.047
76 D 0.067 0.03 0.101 0.238 0.008 0.041 0.092 0.135 0.032 0.02 0.028 0.042 0.01 0.014 0.019 0.051 0.032 0.004 0.013 0.025
77 V 0.071 0.026 0.021 0.022 0.014 0.049 0.035 0.028 0.028 0.105 0.098 0.032 0.023 0.035 0.016 0.054 0.053 0.007 0.058 0.224
78 P 0.11 0.044 0.031 0.05 0.011 0.047 0.073 0.11 0.014 0.031 0.045 0.044 0.013 0.016 0.144 0.094 0.053 0.004 0.013 0.052
79 L 0.048 0.021 0.016 0.016 0.015 0.015 0.02 0.021 0.009 0.137 0.249 0.024 0.04 0.036 0.033 0.03 0.067 0.005 0.018 0.181
80 A 0.178 0.025 0.021 0.024 0.014 0.037 0.033 0.042 0.012 0.074 0.074 0.035 0.017 0.02 0.172 0.058 0.039 0.004 0.015 0.107
81 P 0.08 0.041 0.053 0.093 0.01 0.025 0.067 0.058 0.015 0.023 0.032 0.042 0.01 0.014 0.261 0.093 0.039 0.003 0.012 0.029
82 P 0.069 0.026 0.021 0.024 0.011 0.019 0.03 0.031 0.013 0.061 0.059 0.055 0.015 0.062 0.276 0.041 0.06 0.006 0.046 0.078
83 E 0.085 0.035 0.046 0.087 0.009 0.039 0.219 0.055 0.032 0.045 0.076 0.051 0.015 0.019 0.021 0.059 0.045 0.005 0.015 0.042
84 I 0.059 0.028 0.05 0.028 0.012 0.044 0.043 0.03 0.027 0.126 0.086 0.035 0.047 0.052 0.017 0.056 0.081 0.008 0.083 0.089
85 L 0.041 0.024 0.015 0.016 0.013 0.036 0.023 0.021 0.01 0.089 0.399 0.027 0.056 0.05 0.013 0.034 0.03 0.006 0.02 0.076
86 L 0.051 0.021 0.014 0.015 0.03 0.024 0.02 0.022 0.011 0.085 0.295 0.023 0.034 0.144 0.012 0.024 0.027 0.045 0.034 0.068
87 L 0.044 0.054 0.04 0.032 0.01 0.143 0.072 0.029 0.022 0.067 0.149 0.051 0.032 0.034 0.017 0.049 0.033 0.007 0.062 0.052
88 A 0.221 0.027 0.028 0.027 0.017 0.022 0.033 0.05 0.012 0.058 0.059 0.037 0.017 0.02 0.023 0.079 0.167 0.005 0.015 0.083
89 L 0.039 0.024 0.015 0.016 0.013 0.041 0.024 0.021 0.011 0.089 0.376 0.026 0.043 0.086 0.013 0.029 0.029 0.007 0.024 0.074
90 L 0.078 0.021 0.015 0.016 0.013 0.014 0.019 0.062 0.01 0.081 0.324 0.023 0.037 0.098 0.014 0.029 0.032 0.007 0.025 0.082
91 S 0.109 0.026 0.028 0.027 0.014 0.021 0.031 0.04 0.014 0.094 0.08 0.034 0.019 0.032 0.019 0.135 0.087 0.044 0.046 0.1
92 A 0.309 0.027 0.026 0.027 0.017 0.022 0.035 0.078 0.013 0.036 0.051 0.038 0.023 0.019 0.043 0.101 0.06 0.005 0.015 0.054
93 L 0.108 0.023 0.023 0.022 0.014 0.017 0.025 0.093 0.011 0.086 0.174 0.029 0.024 0.059 0.017 0.055 0.1 0.006 0.02 0.095
94 C 0.114 0.019 0.02 0.02 0.172 0.015 0.021 0.155 0.009 0.075 0.089 0.025 0.018 0.026 0.016 0.049 0.034 0.004 0.014 0.103
95 F 0.058 0.019 0.023 0.021 0.01 0.013 0.021 0.209 0.014 0.039 0.067 0.023 0.016 0.278 0.013 0.054 0.027 0.01 0.047 0.038
96 Y 0.034 0.024 0.019 0.016 0.008 0.019 0.024 0.021 0.04 0.037 0.058 0.027 0.016 0.111 0.013 0.027 0.024 0.024 0.42 0.04
97 L 0.148 0.021 0.019 0.019 0.014 0.016 0.023 0.122 0.01 0.082 0.219 0.027 0.026 0.052 0.017 0.04 0.033 0.006 0.019 0.087
98 I 0.045 0.017 0.013 0.015 0.032 0.012 0.017 0.019 0.008 0.219 0.182 0.021 0.03 0.058 0.013 0.024 0.034 0.024 0.022 0.196
99 Y 0.034 0.024 0.018 0.016 0.008 0.018 0.024 0.021 0.039 0.038 0.059 0.026 0.016 0.123 0.013 0.026 0.024 0.023 0.409 0.04
100 Y 0.04 0.025 0.02 0.023 0.008 0.029 0.038 0.023 0.045 0.039 0.084 0.028 0.017 0.119 0.013 0.028 0.024 0.072 0.284 0.04
101 V 0.08 0.019 0.015 0.016 0.014 0.014 0.02 0.047 0.009 0.119 0.143 0.023 0.034 0.076 0.014 0.03 0.036 0.042 0.025 0.221
102 T 0.093 0.026 0.031 0.029 0.043 0.021 0.03 0.115 0.012 0.062 0.07 0.034 0.017 0.021 0.02 0.119 0.138 0.005 0.015 0.099
103 Y 0.034 0.024 0.019 0.016 0.008 0.019 0.024 0.021 0.04 0.037 0.058 0.027 0.016 0.111 0.013 0.027 0.024 0.024 0.42 0.04
104 K 0.048 0.122 0.036 0.033 0.008 0.067 0.054 0.053 0.088 0.025 0.051 0.208 0.014 0.018 0.02 0.061 0.033 0.005 0.027 0.029
105 T 0.062 0.054 0.027 0.024 0.013 0.02 0.028 0.066 0.014 0.074 0.081 0.035 0.019 0.09 0.017 0.058 0.155 0.026 0.058 0.08
106 R 0.055 0.202 0.027 0.024 0.047 0.028 0.035 0.048 0.016 0.048 0.063 0.093 0.016 0.089 0.016 0.052 0.032 0.024 0.025 0.06
107 L 0.055 0.036 0.044 0.036 0.023 0.017 0.024 0.045 0.012 0.071 0.272 0.028 0.029 0.085 0.032 0.04 0.041 0.015 0.024 0.072
108 R 0.045 0.215 0.053 0.028 0.009 0.029 0.036 0.049 0.017 0.037 0.098 0.064 0.017 0.038 0.073 0.063 0.038 0.015 0.031 0.047
109 P 0.059 0.084 0.043 0.031 0.01 0.034 0.041 0.036 0.022 0.053 0.049 0.128 0.015 0.041 0.128 0.09 0.062 0.005 0.019 0.051
110 Y 0.041 0.028 0.022 0.019 0.009 0.022 0.028 0.025 0.047 0.044 0.069 0.031 0.019 0.131 0.016 0.031 0.028 0.028 0.314 0.047
111 P 0.057 0.026 0.023 0.031 0.01 0.021 0.036 0.036 0.013 0.026 0.036 0.042 0.01 0.013 0.491 0.044 0.036 0.003 0.013 0.031
112 R 0.101 0.162 0.041 0.03 0.011 0.038 0.037 0.075 0.018 0.042 0.072 0.074 0.021 0.051 0.036 0.052 0.046 0.005 0.019 0.069
113 S 0.067 0.051 0.042 0.029 0.021 0.054 0.037 0.058 0.016 0.064 0.089 0.053 0.019 0.029 0.039 0.111 0.057 0.025 0.044 0.096
114 R 0.045 0.342 0.039 0.031 0.008 0.049 0.053 0.033 0.023 0.023 0.047 0.121 0.016 0.017 0.019 0.045 0.035 0.006 0.017 0.031
115 S 0.11 0.04 0.054 0.049 0.018 0.033 0.053 0.067 0.019 0.03 0.042 0.054 0.016 0.021 0.03 0.217 0.082 0.005 0.018 0.042
116 D 0.041 0.03 0.069 0.395 0.008 0.03 0.092 0.047 0.019 0.022 0.028 0.045 0.009 0.015 0.022 0.052 0.036 0.004 0.011 0.024
117 D 0.041 0.03 0.069 0.395 0.008 0.03 0.092 0.047 0.019 0.022 0.028 0.045 0.009 0.015 0.022 0.052 0.036 0.004 0.011 0.024
118 N 0.043 0.045 0.314 0.083 0.009 0.034 0.05 0.065 0.032 0.023 0.032 0.054 0.011 0.018 0.02 0.07 0.05 0.005 0.016 0.027
119 I 0.047 0.018 0.015 0.018 0.016 0.013 0.018 0.021 0.009 0.268 0.169 0.024 0.037 0.044 0.015 0.025 0.04 0.006 0.021 0.177
120 K 0.057 0.108 0.042 0.042 0.009 0.054 0.071 0.043 0.021 0.028 0.043 0.275 0.016 0.016 0.028 0.054 0.04 0.005 0.017 0.033
121 S 0.11 0.04 0.054 0.049 0.018 0.033 0.053 0.067 0.019 0.03 0.042 0.054 0.016 0.021 0.03 0.217 0.082 0.005 0.018 0.042
122 E 0.055 0.05 0.041 0.091 0.007 0.065 0.293 0.035 0.026 0.022 0.037 0.076 0.013 0.017 0.026 0.055 0.037 0.006 0.017 0.031
123 T 0.073 0.036 0.044 0.038 0.018 0.028 0.04 0.044 0.014 0.054 0.065 0.046 0.02 0.024 0.028 0.093 0.243 0.006 0.018 0.071
124 L 0.045 0.024 0.014 0.015 0.016 0.016 0.02 0.021 0.01 0.116 0.373 0.025 0.05 0.055 0.014 0.024 0.034 0.007 0.022 0.097
125 T 0.073 0.036 0.044 0.038 0.018 0.028 0.04 0.044 0.014 0.054 0.065 0.046 0.02 0.024 0.028 0.093 0.243 0.006 0.018 0.071
126 A 0.129 0.06 0.031 0.078 0.015 0.028 0.044 0.045 0.037 0.07 0.069 0.045 0.019 0.023 0.063 0.055 0.043 0.005 0.019 0.122
127 P 0.084 0.062 0.031 0.069 0.014 0.025 0.041 0.04 0.014 0.08 0.102 0.047 0.022 0.026 0.126 0.063 0.044 0.005 0.017 0.085
128 V 0.07 0.022 0.017 0.018 0.019 0.017 0.023 0.025 0.008 0.165 0.131 0.026 0.032 0.036 0.017 0.033 0.05 0.006 0.021 0.265
129 Y 0.076 0.034 0.038 0.034 0.013 0.028 0.04 0.046 0.033 0.037 0.055 0.043 0.017 0.076 0.023 0.124 0.055 0.017 0.166 0.045
130 D 0.049 0.069 0.056 0.218 0.008 0.042 0.082 0.045 0.02 0.025 0.036 0.16 0.012 0.015 0.025 0.053 0.038 0.004 0.014 0.029
131 E 0.064 0.043 0.042 0.064 0.013 0.046 0.166 0.039 0.02 0.038 0.051 0.061 0.016 0.02 0.027 0.074 0.14 0.006 0.017 0.051
132 G 0.183 0.027 0.033 0.032 0.016 0.022 0.033 0.293 0.014 0.031 0.044 0.039 0.014 0.019 0.024 0.068 0.04 0.005 0.014 0.047
133 R 0.045 0.342 0.039 0.031 0.008 0.049 0.053 0.033 0.023 0.023 0.047 0.121 0.016 0.017 0.019 0.045 0.035 0.006 0.017 0.031
134 N 0.064 0.078 0.148 0.056 0.011 0.034 0.048 0.114 0.065 0.024 0.037 0.059 0.013 0.02 0.022 0.098 0.051 0.005 0.021 0.03
135 D 0.049 0.069 0.056 0.218 0.008 0.042 0.082 0.045 0.02 0.025 0.036 0.16 0.012 0.015 0.025 0.053 0.038 0.004 0.014 0.029
136 D 0.066 0.034 0.082 0.162 0.065 0.029 0.058 0.051 0.018 0.033 0.044 0.045 0.014 0.019 0.024 0.099 0.094 0.005 0.015 0.043
137 D 0.059 0.046 0.092 0.148 0.01 0.034 0.062 0.117 0.068 0.024 0.034 0.079 0.012 0.019 0.023 0.077 0.043 0.005 0.02 0.028
138 I 0.083 0.027 0.061 0.032 0.016 0.021 0.03 0.039 0.014 0.156 0.112 0.036 0.027 0.033 0.021 0.055 0.093 0.006 0.019 0.118
139 E 0.061 0.061 0.046 0.111 0.009 0.054 0.183 0.043 0.023 0.025 0.038 0.119 0.013 0.017 0.026 0.075 0.043 0.005 0.016 0.032
140 S 0.087 0.034 0.042 0.041 0.015 0.027 0.044 0.054 0.017 0.033 0.05 0.047 0.016 0.064 0.143 0.15 0.064 0.006 0.025 0.041
141 E 0.06 0.046 0.046 0.123 0.009 0.056 0.239 0.04 0.024 0.023 0.036 0.069 0.013 0.017 0.026 0.075 0.042 0.005 0.016 0.032
142 T 0.09 0.035 0.067 0.039 0.016 0.027 0.039 0.047 0.016 0.051 0.072 0.045 0.033 0.024 0.077 0.078 0.155 0.006 0.018 0.064
143 S 0.084 0.034 0.039 0.038 0.016 0.027 0.042 0.05 0.016 0.048 0.114 0.045 0.022 0.027 0.129 0.136 0.061 0.005 0.018 0.052
144 L 0.082 0.033 0.039 0.035 0.016 0.027 0.038 0.099 0.016 0.058 0.134 0.043 0.039 0.031 0.023 0.122 0.079 0.006 0.019 0.061
145 V 0.111 0.029 0.052 0.032 0.017 0.023 0.034 0.085 0.014 0.092 0.092 0.037 0.034 0.029 0.021 0.078 0.052 0.006 0.019 0.144
146 L 0.068 0.059 0.046 0.097 0.011 0.031 0.052 0.053 0.016 0.076 0.098 0.062 0.018 0.049 0.034 0.066 0.058 0.006 0.031 0.068
147 R 0.058 0.142 0.041 0.053 0.011 0.047 0.128 0.037 0.021 0.033 0.05 0.081 0.016 0.019 0.024 0.064 0.105 0.006 0.017 0.045
148 N 0.043 0.045 0.313 0.084 0.009 0.034 0.05 0.066 0.032 0.023 0.032 0.054 0.011 0.018 0.02 0.07 0.05 0.005 0.016 0.027
149 N 0.043 0.045 0.313 0.084 0.009 0.034 0.05 0.066 0.032 0.023 0.032 0.054 0.011 0.018 0.02 0.07 0.05 0.005 0.016 0.027
150 R 0.045 0.342 0.039 0.031 0.008 0.049 0.053 0.033 0.023 0.023 0.047 0.121 0.016 0.017 0.019 0.045 0.035 0.006 0.017 0.031
151 E 0.056 0.079 0.041 0.066 0.008 0.059 0.182 0.039 0.023 0.025 0.04 0.175 0.014 0.016 0.027 0.055 0.038 0.005 0.017 0.032
152 P 0.056 0.038 0.032 0.061 0.009 0.043 0.165 0.036 0.019 0.024 0.037 0.059 0.012 0.015 0.258 0.05 0.037 0.004 0.015 0.031
153 E 0.083 0.045 0.048 0.07 0.013 0.049 0.173 0.051 0.023 0.026 0.04 0.065 0.014 0.019 0.028 0.136 0.06 0.005 0.017 0.037
154 A 0.18 0.033 0.035 0.034 0.02 0.027 0.04 0.061 0.014 0.048 0.063 0.045 0.019 0.023 0.029 0.089 0.146 0.006 0.018 0.07
155 P 0.065 0.031 0.034 0.034 0.014 0.024 0.038 0.04 0.013 0.04 0.051 0.044 0.015 0.018 0.259 0.069 0.14 0.004 0.015 0.051
156 L 0.078 0.032 0.034 0.032 0.017 0.025 0.036 0.044 0.015 0.073 0.207 0.04 0.033 0.038 0.022 0.12 0.058 0.006 0.02 0.069
157 T 0.073 0.035 0.043 0.037 0.018 0.027 0.039 0.048 0.014 0.058 0.068 0.045 0.02 0.024 0.027 0.091 0.235 0.006 0.018 0.076
158 E 0.05 0.05 0.041 0.053 0.008 0.095 0.134 0.037 0.119 0.026 0.043 0.062 0.016 0.026 0.02 0.047 0.034 0.074 0.035 0.031
159 K 0.057 0.107 0.042 0.042 0.009 0.054 0.071 0.043 0.021 0.028 0.043 0.276 0.016 0.016 0.028 0.054 0.04 0.005 0.017 0.033
160 P 0.057 0.026 0.024 0.031 0.01 0.021 0.036 0.036 0.013 0.026 0.036 0.041 0.01 0.013 0.49 0.045 0.037 0.003 0.013 0.031
161 V 0.08 0.046 0.053 0.029 0.013 0.054 0.037 0.053 0.017 0.065 0.064 0.041 0.018 0.024 0.075 0.072 0.078 0.005 0.03 0.146
162 S 0.109 0.041 0.054 0.05 0.017 0.034 0.058 0.066 0.019 0.03 0.042 0.055 0.016 0.021 0.03 0.212 0.081 0.005 0.018 0.042
163 R 0.045 0.342 0.039 0.031 0.008 0.049 0.053 0.033 0.023 0.023 0.047 0.121 0.016 0.017 0.019 0.045 0.035 0.006 0.017 0.031
164 P 0.057 0.026 0.023 0.031 0.01 0.021 0.036 0.036 0.013 0.026 0.036 0.042 0.01 0.013 0.491 0.044 0.036 0.003 0.013 0.031
165 L 0.045 0.024 0.014 0.015 0.016 0.016 0.02 0.021 0.01 0.116 0.372 0.025 0.05 0.055 0.014 0.024 0.034 0.007 0.022 0.097
166 P 0.057 0.026 0.023 0.031 0.01 0.021 0.036 0.036 0.013 0.026 0.036 0.042 0.01 0.013 0.491 0.044 0.036 0.003 0.013 0.031
167 P 0.051 0.186 0.031 0.031 0.009 0.035 0.045 0.035 0.018 0.025 0.042 0.082 0.013 0.015 0.253 0.044 0.036 0.004 0.015 0.031
168 P 0.113 0.072 0.027 0.03 0.011 0.052 0.056 0.057 0.016 0.032 0.07 0.08 0.015 0.02 0.172 0.063 0.039 0.005 0.028 0.042
169 V 0.07 0.022 0.017 0.018 0.019 0.017 0.023 0.027 0.008 0.164 0.13 0.026 0.032 0.036 0.017 0.033 0.049 0.006 0.021 0.266
170 T 0.073 0.036 0.044 0.038 0.018 0.028 0.04 0.044 0.014 0.054 0.065 0.046 0.02 0.024 0.028 0.093 0.243 0.006 0.018 0.071
171 V 0.07 0.022 0.017 0.018 0.019 0.017 0.023 0.025 0.008 0.165 0.131 0.026 0.032 0.036 0.017 0.033 0.05 0.006 0.021 0.265
172 T 0.074 0.036 0.044 0.038 0.018 0.028 0.04 0.044 0.014 0.053 0.065 0.046 0.02 0.024 0.028 0.094 0.244 0.006 0.018 0.071
173 R 0.061 0.147 0.039 0.031 0.027 0.064 0.051 0.053 0.09 0.034 0.044 0.113 0.015 0.021 0.027 0.054 0.035 0.006 0.034 0.056
174 G 0.079 0.023 0.039 0.034 0.011 0.019 0.026 0.508 0.014 0.019 0.028 0.034 0.009 0.016 0.019 0.052 0.03 0.005 0.011 0.024
175 R 0.115 0.15 0.045 0.035 0.011 0.043 0.066 0.06 0.017 0.027 0.041 0.092 0.013 0.016 0.053 0.087 0.069 0.005 0.014 0.04
176 A 0.287 0.031 0.026 0.03 0.022 0.026 0.041 0.079 0.015 0.043 0.06 0.045 0.018 0.022 0.03 0.085 0.05 0.005 0.018 0.069
177 C 0.065 0.016 0.016 0.016 0.481 0.012 0.016 0.033 0.008 0.045 0.065 0.02 0.016 0.02 0.016 0.041 0.037 0.004 0.012 0.057
178 L 0.045 0.024 0.014 0.015 0.016 0.016 0.02 0.021 0.01 0.116 0.372 0.025 0.05 0.055 0.014 0.024 0.034 0.007 0.022 0.097
179 P 0.065 0.023 0.038 0.043 0.012 0.019 0.03 0.061 0.011 0.065 0.102 0.032 0.018 0.039 0.221 0.059 0.048 0.004 0.016 0.095
180 K 0.106 0.062 0.032 0.04 0.013 0.04 0.087 0.044 0.017 0.062 0.079 0.138 0.02 0.023 0.025 0.054 0.043 0.005 0.018 0.09
181 L 0.066 0.025 0.034 0.023 0.013 0.031 0.044 0.027 0.012 0.095 0.282 0.03 0.031 0.056 0.038 0.043 0.033 0.012 0.021 0.086
182 F 0.034 0.019 0.017 0.017 0.011 0.011 0.019 0.026 0.017 0.064 0.115 0.019 0.026 0.384 0.011 0.026 0.026 0.017 0.089 0.055
183 P 0.074 0.031 0.034 0.037 0.013 0.025 0.042 0.046 0.015 0.027 0.038 0.045 0.012 0.016 0.339 0.103 0.051 0.003 0.014 0.035
184 V 0.07 0.022 0.017 0.018 0.019 0.017 0.023 0.025 0.008 0.165 0.131 0.026 0.032 0.036 0.017 0.033 0.05 0.006 0.021 0.266
185 F 0.051 0.044 0.04 0.025 0.011 0.04 0.031 0.049 0.014 0.052 0.093 0.057 0.019 0.186 0.048 0.057 0.059 0.008 0.037 0.078
186 T 0.08 0.039 0.09 0.057 0.012 0.051 0.07 0.08 0.02 0.037 0.046 0.061 0.014 0.018 0.021 0.087 0.154 0.005 0.015 0.044
187 L 0.042 0.037 0.03 0.019 0.012 0.019 0.023 0.024 0.014 0.08 0.162 0.029 0.137 0.139 0.013 0.035 0.042 0.009 0.044 0.09
188 N 0.165 0.036 0.185 0.045 0.012 0.026 0.039 0.055 0.019 0.03 0.052 0.063 0.013 0.018 0.038 0.084 0.059 0.004 0.014 0.042
189 R 0.057 0.244 0.044 0.033 0.008 0.05 0.061 0.035 0.019 0.023 0.039 0.182 0.013 0.015 0.02 0.062 0.045 0.005 0.015 0.029
190 V 0.052 0.028 0.033 0.023 0.013 0.019 0.032 0.028 0.015 0.093 0.133 0.055 0.028 0.111 0.015 0.061 0.058 0.007 0.028 0.169
191 E 0.049 0.041 0.034 0.063 0.008 0.067 0.295 0.031 0.041 0.027 0.05 0.058 0.013 0.019 0.021 0.063 0.044 0.005 0.029 0.041
192 A 0.23 0.027 0.027 0.027 0.016 0.021 0.032 0.067 0.012 0.045 0.059 0.036 0.016 0.035 0.023 0.069 0.158 0.005 0.021 0.072
193 N 0.04 0.06 0.142 0.055 0.008 0.044 0.049 0.038 0.12 0.049 0.071 0.117 0.015 0.024 0.018 0.043 0.033 0.006 0.035 0.036
194 L 0.041 0.02 0.014 0.015 0.014 0.014 0.018 0.019 0.009 0.124 0.384 0.023 0.038 0.042 0.03 0.024 0.044 0.006 0.018 0.102
195 T 0.091 0.029 0.033 0.03 0.015 0.022 0.032 0.038 0.012 0.048 0.079 0.037 0.018 0.041 0.022 0.075 0.295 0.005 0.018 0.061
196 A 0.207 0.022 0.018 0.02 0.051 0.017 0.026 0.071 0.012 0.036 0.053 0.029 0.023 0.044 0.017 0.05 0.032 0.193 0.031 0.047
197 C 0.056 0.019 0.019 0.018 0.148 0.015 0.02 0.126 0.012 0.075 0.099 0.024 0.036 0.035 0.014 0.041 0.032 0.041 0.054 0.118
198 L 0.038 0.018 0.012 0.014 0.013 0.013 0.016 0.018 0.009 0.197 0.322 0.021 0.044 0.07 0.012 0.021 0.03 0.006 0.022 0.104
199 L 0.038 0.021 0.012 0.013 0.014 0.014 0.017 0.018 0.009 0.098 0.472 0.021 0.042 0.046 0.012 0.021 0.028 0.006 0.019 0.081
200 A 0.152 0.024 0.02 0.02 0.048 0.019 0.025 0.088 0.012 0.07 0.151 0.03 0.094 0.043 0.017 0.052 0.04 0.006 0.018 0.068
201 L 0.078 0.021 0.019 0.019 0.013 0.016 0.021 0.173 0.01 0.078 0.251 0.026 0.05 0.047 0.014 0.033 0.035 0.006 0.018 0.074
202 I 0.046 0.018 0.013 0.015 0.015 0.013 0.017 0.019 0.008 0.225 0.205 0.021 0.042 0.037 0.013 0.024 0.035 0.005 0.018 0.211
203 A 0.36 0.026 0.024 0.026 0.017 0.022 0.034 0.098 0.013 0.035 0.048 0.038 0.014 0.018 0.025 0.087 0.043 0.005 0.014 0.054
204 L 0.054 0.019 0.015 0.015 0.014 0.014 0.018 0.038 0.009 0.158 0.265 0.022 0.033 0.069 0.013 0.027 0.045 0.006 0.022 0.145
205 V 0.068 0.02 0.019 0.019 0.014 0.015 0.021 0.15 0.009 0.113 0.15 0.025 0.032 0.057 0.015 0.04 0.039 0.006 0.019 0.169
206 S 0.11 0.03 0.037 0.034 0.085 0.024 0.036 0.048 0.013 0.033 0.045 0.039 0.014 0.018 0.023 0.203 0.142 0.004 0.014 0.046
207 L 0.071 0.021 0.015 0.017 0.015 0.016 0.031 0.023 0.009 0.121 0.269 0.025 0.049 0.037 0.014 0.028 0.037 0.005 0.018 0.18
208 G 0.135 0.021 0.024 0.023 0.013 0.016 0.024 0.263 0.011 0.076 0.103 0.028 0.018 0.045 0.017 0.049 0.035 0.005 0.016 0.078
209 I 0.067 0.019 0.016 0.017 0.013 0.014 0.019 0.058 0.011 0.205 0.132 0.023 0.026 0.041 0.014 0.03 0.043 0.041 0.057 0.154
210 F 0.029 0.016 0.014 0.014 0.009 0.009 0.016 0.021 0.014 0.054 0.097 0.016 0.021 0.482 0.009 0.021 0.021 0.014 0.075 0.047
211 I 0.049 0.023 0.017 0.019 0.016 0.018 0.021 0.023 0.011 0.212 0.178 0.028 0.077 0.046 0.015 0.029 0.04 0.007 0.022 0.149
212 F 0.036 0.018 0.015 0.015 0.011 0.012 0.017 0.038 0.014 0.121 0.134 0.019 0.024 0.276 0.011 0.028 0.027 0.012 0.085 0.088
213 G 0.06 0.026 0.031 0.026 0.01 0.02 0.027 0.266 0.03 0.031 0.049 0.033 0.014 0.074 0.017 0.041 0.029 0.017 0.163 0.036
214 L 0.124 0.024 0.02 0.02 0.022 0.019 0.025 0.051 0.014 0.077 0.187 0.029 0.075 0.053 0.017 0.065 0.036 0.007 0.056 0.078
215 L 0.039 0.049 0.13 0.037 0.009 0.049 0.039 0.034 0.129 0.048 0.132 0.051 0.048 0.041 0.016 0.039 0.037 0.006 0.026 0.043
216 N 0.037 0.038 0.358 0.095 0.008 0.039 0.068 0.052 0.025 0.02 0.028 0.047 0.01 0.015 0.018 0.057 0.045 0.004 0.013 0.024
217 G 0.071 0.019 0.033 0.028 0.009 0.016 0.022 0.578 0.011 0.016 0.024 0.029 0.008 0.014 0.016 0.044 0.025 0.005 0.009 0.021
218 F 0.032 0.018 0.013 0.014 0.011 0.011 0.017 0.02 0.012 0.069 0.237 0.018 0.029 0.296 0.01 0.021 0.024 0.037 0.053 0.059
219 L 0.038 0.02 0.012 0.013 0.022 0.014 0.017 0.018 0.009 0.097 0.466 0.021 0.042 0.046 0.012 0.021 0.028 0.006 0.019 0.081
220 L 0.037 0.02 0.012 0.013 0.013 0.013 0.017 0.018 0.009 0.103 0.431 0.021 0.04 0.081 0.012 0.021 0.028 0.007 0.023 0.081
221 F 0.029 0.016 0.014 0.014 0.009 0.009 0.016 0.021 0.014 0.054 0.097 0.016 0.021 0.482 0.009 0.021 0.021 0.014 0.075 0.047
222 K 0.047 0.181 0.035 0.035 0.008 0.043 0.076 0.034 0.018 0.023 0.038 0.269 0.013 0.014 0.021 0.054 0.044 0.005 0.015 0.028
223 L 0.039 0.021 0.013 0.014 0.014 0.014 0.018 0.019 0.009 0.094 0.443 0.022 0.048 0.045 0.029 0.026 0.029 0.006 0.019 0.079
224 E 0.048 0.054 0.091 0.079 0.008 0.055 0.203 0.041 0.06 0.022 0.034 0.067 0.012 0.016 0.021 0.07 0.069 0.005 0.017 0.029
225 K 0.093 0.07 0.038 0.036 0.011 0.044 0.051 0.046 0.017 0.026 0.038 0.194 0.014 0.016 0.024 0.16 0.068 0.004 0.015 0.035
226 Y 0.034 0.024 0.019 0.016 0.008 0.019 0.024 0.021 0.046 0.037 0.057 0.027 0.016 0.109 0.013 0.026 0.024 0.023 0.418 0.039
227 S 0.083 0.04 0.086 0.044 0.013 0.028 0.043 0.071 0.031 0.024 0.034 0.046 0.013 0.017 0.024 0.288 0.063 0.004 0.015 0.033
228 Q 0.047 0.061 0.037 0.039 0.008 0.313 0.083 0.034 0.037 0.025 0.053 0.079 0.018 0.014 0.02 0.046 0.034 0.005 0.018 0.031
229 R 0.045 0.343 0.039 0.031 0.008 0.049 0.052 0.033 0.023 0.023 0.047 0.12 0.016 0.017 0.019 0.045 0.035 0.006 0.017 0.031
230 I 0.04 0.015 0.012 0.015 0.014 0.011 0.015 0.017 0.008 0.367 0.162 0.02 0.032 0.038 0.012 0.021 0.033 0.005 0.017 0.145
231 F 0.029 0.016 0.014 0.014 0.009 0.009 0.016 0.021 0.014 0.054 0.096 0.016 0.021 0.482 0.009 0.021 0.021 0.014 0.075 0.046
232 S 0.102 0.034 0.045 0.041 0.015 0.028 0.044 0.056 0.016 0.025 0.036 0.045 0.013 0.018 0.025 0.333 0.068 0.004 0.015 0.036
233 A 0.164 0.073 0.058 0.035 0.013 0.037 0.042 0.063 0.016 0.028 0.04 0.069 0.013 0.017 0.056 0.16 0.059 0.004 0.014 0.04
234 D 0.042 0.038 0.191 0.239 0.008 0.032 0.071 0.056 0.025 0.023 0.03 0.05 0.01 0.017 0.021 0.061 0.043 0.004 0.014 0.026
235 E 0.054 0.056 0.036 0.125 0.009 0.106 0.141 0.05 0.018 0.044 0.091 0.055 0.017 0.019 0.019 0.054 0.043 0.005 0.015 0.044
236 W 0.03 0.023 0.015 0.015 0.008 0.015 0.023 0.03 0.015 0.03 0.053 0.023 0.015 0.061 0.008 0.023 0.023 0.492 0.068 0.03
237 V 0.056 0.018 0.014 0.015 0.016 0.014 0.019 0.02 0.007 0.164 0.124 0.022 0.028 0.031 0.014 0.027 0.04 0.005 0.017 0.348
238 S 0.089 0.053 0.039 0.038 0.013 0.067 0.061 0.064 0.017 0.034 0.041 0.081 0.014 0.024 0.023 0.214 0.059 0.005 0.016 0.048
239 G 0.099 0.021 0.032 0.029 0.01 0.017 0.024 0.44 0.026 0.025 0.055 0.029 0.011 0.033 0.017 0.044 0.027 0.006 0.026 0.029
240 V 0.057 0.019 0.016 0.017 0.016 0.014 0.02 0.022 0.008 0.167 0.121 0.023 0.027 0.031 0.014 0.037 0.06 0.005 0.017 0.31
241 A 0.288 0.025 0.021 0.025 0.015 0.02 0.032 0.071 0.012 0.034 0.058 0.035 0.014 0.02 0.123 0.064 0.038 0.039 0.017 0.05
242 L 0.038 0.02 0.012 0.013 0.014 0.014 0.017 0.018 0.009 0.097 0.455 0.021 0.041 0.059 0.012 0.021 0.028 0.006 0.021 0.085
243 K 0.048 0.089 0.035 0.035 0.007 0.045 0.064 0.036 0.018 0.024 0.037 0.379 0.013 0.02 0.023 0.045 0.033 0.005 0.016 0.028
244 R 0.043 0.44 0.033 0.026 0.007 0.041 0.044 0.028 0.02 0.02 0.039 0.101 0.013 0.015 0.017 0.038 0.03 0.005 0.015 0.027
245 F 0.029 0.016 0.014 0.014 0.009 0.009 0.016 0.021 0.014 0.057 0.125 0.016 0.023 0.449 0.009 0.021 0.022 0.014 0.071 0.049
246 F 0.029 0.016 0.014 0.014 0.009 0.009 0.016 0.021 0.014 0.054 0.102 0.016 0.022 0.475 0.009 0.021 0.022 0.014 0.074 0.047
247 Y 0.034 0.024 0.018 0.016 0.011 0.018 0.023 0.021 0.038 0.038 0.068 0.026 0.016 0.108 0.013 0.026 0.024 0.023 0.411 0.041
248 F 0.029 0.016 0.014 0.014 0.009 0.009 0.016 0.021 0.014 0.056 0.102 0.016 0.022 0.468 0.009 0.022 0.022 0.014 0.073 0.052
249 F 0.031 0.017 0.014 0.014 0.026 0.01 0.016 0.022 0.013 0.06 0.136 0.017 0.023 0.413 0.01 0.025 0.023 0.013 0.066 0.051
250 I 0.04 0.017 0.013 0.015 0.013 0.013 0.017 0.018 0.013 0.263 0.241 0.021 0.034 0.054 0.012 0.025 0.032 0.006 0.026 0.127
251 P 0.06 0.027 0.021 0.027 0.009 0.018 0.031 0.032 0.011 0.022 0.031 0.036 0.009 0.011 0.536 0.046 0.032 0.002 0.011 0.027
252 A 0.375 0.03 0.022 0.025 0.018 0.021 0.033 0.1 0.013 0.035 0.048 0.038 0.014 0.018 0.024 0.07 0.041 0.005 0.014 0.055
253 L 0.041 0.024 0.016 0.027 0.019 0.019 0.022 0.021 0.011 0.089 0.31 0.026 0.16 0.042 0.013 0.026 0.031 0.006 0.019 0.078
254 L 0.047 0.021 0.012 0.014 0.014 0.014 0.018 0.02 0.009 0.093 0.444 0.022 0.04 0.044 0.029 0.022 0.029 0.012 0.019 0.078
255 I 0.047 0.018 0.013 0.015 0.015 0.013 0.017 0.019 0.008 0.24 0.17 0.021 0.043 0.036 0.013 0.024 0.036 0.011 0.018 0.223
256 V 0.054 0.02 0.014 0.015 0.013 0.014 0.019 0.023 0.01 0.092 0.152 0.021 0.042 0.148 0.013 0.029 0.031 0.082 0.037 0.171
257 Y 0.033 0.021 0.017 0.015 0.012 0.015 0.021 0.021 0.03 0.043 0.072 0.023 0.018 0.247 0.012 0.025 0.026 0.02 0.287 0.042
258 F 0.03 0.017 0.014 0.014 0.009 0.01 0.016 0.022 0.014 0.055 0.118 0.017 0.022 0.437 0.009 0.024 0.022 0.031 0.071 0.048
259 L 0.04 0.021 0.015 0.014 0.036 0.016 0.018 0.019 0.009 0.106 0.399 0.022 0.042 0.043 0.018 0.024 0.03 0.006 0.021 0.099
260 K 0.068 0.155 0.035 0.03 0.012 0.054 0.047 0.035 0.039 0.027 0.045 0.163 0.014 0.032 0.02 0.066 0.044 0.008 0.075 0.033
261 P 0.058 0.048 0.037 0.036 0.008 0.129 0.079 0.034 0.017 0.022 0.035 0.073 0.012 0.012 0.277 0.043 0.033 0.004 0.014 0.028
262 T 0.059 0.036 0.109 0.138 0.012 0.026 0.047 0.046 0.02 0.03 0.038 0.042 0.013 0.017 0.022 0.132 0.159 0.004 0.014 0.038
263 K 0.054 0.135 0.031 0.03 0.009 0.056 0.048 0.035 0.019 0.037 0.064 0.187 0.016 0.033 0.02 0.065 0.049 0.01 0.052 0.051
264 K 0.045 0.193 0.039 0.033 0.008 0.051 0.063 0.033 0.018 0.03 0.054 0.244 0.019 0.016 0.02 0.043 0.04 0.005 0.015 0.032
265 A 0.184 0.139 0.082 0.033 0.013 0.033 0.039 0.05 0.017 0.034 0.051 0.056 0.031 0.018 0.021 0.085 0.041 0.005 0.015 0.053
266 W 0.026 0.019 0.013 0.013 0.015 0.013 0.019 0.026 0.013 0.027 0.045 0.019 0.013 0.05 0.007 0.019 0.02 0.558 0.057 0.029
267 L 0.035 0.019 0.014 0.014 0.014 0.013 0.018 0.043 0.01 0.103 0.211 0.02 0.029 0.084 0.01 0.022 0.026 0.201 0.037 0.077
268 L 0.069 0.024 0.018 0.019 0.013 0.03 0.025 0.045 0.013 0.074 0.188 0.037 0.03 0.16 0.014 0.042 0.039 0.044 0.051 0.064
269 F 0.031 0.017 0.015 0.015 0.009 0.01 0.016 0.039 0.014 0.057 0.123 0.017 0.023 0.427 0.009 0.022 0.022 0.013 0.068 0.055
270 L 0.038 0.021 0.012 0.013 0.014 0.014 0.017 0.018 0.009 0.097 0.473 0.021 0.042 0.046 0.012 0.021 0.028 0.006 0.019 0.081
271 I 0.062 0.018 0.015 0.016 0.049 0.013 0.019 0.041 0.009 0.18 0.169 0.022 0.028 0.078 0.014 0.039 0.035 0.006 0.022 0.166
272 L 0.097 0.024 0.025 0.024 0.049 0.019 0.027 0.047 0.012 0.079 0.134 0.03 0.026 0.056 0.018 0.112 0.075 0.023 0.023 0.101
273 G 0.075 0.025 0.035 0.034 0.017 0.02 0.029 0.274 0.012 0.031 0.041 0.034 0.013 0.017 0.02 0.071 0.194 0.005 0.012 0.042
274 V 0.079 0.021 0.017 0.018 0.015 0.016 0.022 0.04 0.009 0.13 0.154 0.025 0.048 0.032 0.015 0.044 0.051 0.005 0.017 0.244
275 A 0.179 0.03 0.027 0.027 0.015 0.02 0.03 0.131 0.012 0.062 0.089 0.038 0.018 0.036 0.02 0.098 0.075 0.009 0.017 0.065
276 F 0.03 0.028 0.015 0.015 0.009 0.011 0.017 0.035 0.015 0.054 0.114 0.019 0.022 0.421 0.01 0.022 0.022 0.014 0.079 0.047
277 G 0.066 0.019 0.033 0.028 0.009 0.016 0.022 0.587 0.011 0.016 0.024 0.028 0.008 0.014 0.016 0.043 0.025 0.005 0.009 0.021
278 L 0.058 0.019 0.017 0.017 0.019 0.014 0.019 0.12 0.009 0.153 0.205 0.023 0.028 0.052 0.014 0.029 0.042 0.006 0.019 0.136
279 L 0.037 0.02 0.013 0.013 0.013 0.013 0.017 0.019 0.009 0.103 0.41 0.021 0.039 0.094 0.012 0.024 0.028 0.011 0.025 0.079
280 S 0.11 0.04 0.054 0.049 0.018 0.033 0.053 0.067 0.019 0.03 0.042 0.054 0.016 0.021 0.03 0.216 0.082 0.005 0.018 0.042
281 T 0.081 0.031 0.038 0.034 0.032 0.024 0.036 0.043 0.027 0.04 0.049 0.04 0.015 0.019 0.023 0.157 0.239 0.005 0.016 0.051
282 Y 0.034 0.024 0.019 0.016 0.008 0.019 0.024 0.021 0.043 0.037 0.058 0.026 0.016 0.11 0.013 0.026 0.024 0.024 0.421 0.039
283 L 0.079 0.021 0.014 0.015 0.014 0.015 0.02 0.024 0.01 0.107 0.264 0.024 0.065 0.08 0.014 0.029 0.033 0.006 0.023 0.141
284 I 0.18 0.02 0.016 0.019 0.016 0.016 0.023 0.037 0.01 0.197 0.141 0.027 0.026 0.034 0.017 0.041 0.037 0.005 0.017 0.122
285 S 0.11 0.04 0.054 0.049 0.018 0.033 0.053 0.067 0.019 0.03 0.042 0.054 0.016 0.021 0.03 0.216 0.082 0.005 0.018 0.042
286 V 0.059 0.018 0.014 0.015 0.016 0.014 0.02 0.021 0.007 0.145 0.11 0.022 0.027 0.03 0.014 0.03 0.042 0.005 0.017 0.374
287 G 0.071 0.019 0.033 0.028 0.009 0.016 0.022 0.579 0.011 0.016 0.024 0.029 0.008 0.014 0.016 0.044 0.025 0.005 0.009 0.021
288 G 0.066 0.023 0.033 0.028 0.009 0.016 0.022 0.583 0.011 0.016 0.024 0.029 0.008 0.014 0.016 0.043 0.025 0.005 0.009 0.021
289 T 0.061 0.03 0.039 0.032 0.015 0.023 0.033 0.037 0.012 0.044 0.054 0.038 0.016 0.02 0.032 0.077 0.357 0.005 0.015 0.059
290 R 0.043 0.438 0.033 0.026 0.007 0.043 0.044 0.028 0.02 0.02 0.039 0.1 0.013 0.015 0.017 0.038 0.03 0.005 0.015 0.027
291 A 0.394 0.026 0.022 0.025 0.018 0.022 0.034 0.065 0.012 0.036 0.05 0.038 0.015 0.018 0.033 0.073 0.042 0.005 0.015 0.057
292 N 0.036 0.038 0.418 0.07 0.008 0.031 0.042 0.055 0.027 0.019 0.027 0.046 0.01 0.015 0.017 0.059 0.042 0.004 0.013 0.023
293 I 0.039 0.018 0.013 0.015 0.014 0.013 0.017 0.018 0.009 0.262 0.235 0.021 0.054 0.054 0.012 0.022 0.035 0.006 0.023 0.12
294 A 0.195 0.022 0.018 0.021 0.016 0.017 0.025 0.062 0.01 0.17 0.119 0.029 0.035 0.028 0.018 0.054 0.038 0.005 0.016 0.102
295 L 0.04 0.019 0.013 0.015 0.014 0.014 0.017 0.019 0.009 0.224 0.281 0.022 0.059 0.041 0.013 0.024 0.042 0.006 0.018 0.111
296 A 0.325 0.026 0.022 0.025 0.017 0.021 0.033 0.063 0.012 0.048 0.056 0.036 0.016 0.019 0.041 0.082 0.043 0.005 0.015 0.095
297 F 0.04 0.017 0.015 0.015 0.012 0.011 0.017 0.039 0.011 0.104 0.128 0.019 0.025 0.274 0.011 0.024 0.029 0.01 0.048 0.152
298 A 0.244 0.025 0.022 0.023 0.021 0.02 0.03 0.053 0.012 0.057 0.094 0.033 0.036 0.052 0.021 0.072 0.061 0.005 0.02 0.099
299 L 0.037 0.019 0.013 0.014 0.013 0.013 0.017 0.019 0.009 0.162 0.332 0.021 0.045 0.099 0.012 0.021 0.029 0.007 0.026 0.094
300 F 0.031 0.017 0.015 0.015 0.009 0.01 0.017 0.023 0.014 0.053 0.095 0.017 0.021 0.462 0.01 0.032 0.023 0.014 0.073 0.049
301 L 0.04 0.02 0.013 0.014 0.014 0.013 0.017 0.019 0.009 0.116 0.353 0.021 0.045 0.092 0.012 0.022 0.03 0.007 0.025 0.12
302 F 0.033 0.018 0.013 0.014 0.029 0.011 0.016 0.02 0.012 0.09 0.232 0.018 0.029 0.283 0.01 0.022 0.025 0.01 0.049 0.066
303 I 0.04 0.017 0.012 0.014 0.014 0.012 0.016 0.018 0.008 0.299 0.224 0.02 0.034 0.039 0.012 0.021 0.033 0.005 0.018 0.143
304 G 0.066 0.019 0.033 0.029 0.009 0.016 0.022 0.585 0.011 0.016 0.024 0.029 0.008 0.014 0.016 0.043 0.025 0.005 0.009 0.021
305 L 0.04 0.018 0.013 0.014 0.013 0.013 0.017 0.019 0.009 0.215 0.232 0.021 0.034 0.057 0.012 0.022 0.031 0.042 0.035 0.142
306 I 0.101 0.043 0.024 0.028 0.012 0.054 0.045 0.032 0.019 0.123 0.094 0.048 0.021 0.044 0.017 0.051 0.041 0.009 0.106 0.089
307 R 0.04 0.233 0.04 0.052 0.007 0.075 0.052 0.031 0.047 0.024 0.043 0.137 0.014 0.06 0.018 0.039 0.03 0.006 0.025 0.028
308 G 0.057 0.106 0.046 0.044 0.008 0.033 0.033 0.378 0.028 0.018 0.028 0.063 0.01 0.014 0.017 0.049 0.028 0.005 0.012 0.023
309 W 0.032 0.023 0.018 0.016 0.008 0.017 0.023 0.024 0.052 0.034 0.064 0.024 0.015 0.102 0.011 0.03 0.023 0.228 0.222 0.034
310 L 0.041 0.018 0.013 0.015 0.014 0.013 0.017 0.019 0.008 0.256 0.26 0.021 0.034 0.047 0.013 0.028 0.032 0.005 0.019 0.129
311 S 0.123 0.074 0.053 0.037 0.014 0.028 0.042 0.052 0.016 0.028 0.04 0.059 0.014 0.018 0.024 0.224 0.095 0.005 0.015 0.04
312 L 0.06 0.022 0.014 0.015 0.018 0.015 0.02 0.023 0.011 0.099 0.301 0.033 0.032 0.085 0.03 0.026 0.029 0.037 0.038 0.091
313 W 0.056 0.11 0.026 0.024 0.008 0.028 0.037 0.033 0.015 0.027 0.045 0.127 0.022 0.029 0.032 0.057 0.042 0.219 0.031 0.031
314 W 0.043 0.032 0.02 0.019 0.012 0.02 0.025 0.028 0.013 0.063 0.096 0.031 0.114 0.039 0.013 0.044 0.088 0.195 0.031 0.075
315 I 0.047 0.018 0.015 0.018 0.016 0.013 0.018 0.021 0.009 0.267 0.169 0.024 0.037 0.044 0.015 0.025 0.04 0.006 0.021 0.178
316 L 0.039 0.02 0.013 0.014 0.013 0.013 0.017 0.019 0.01 0.123 0.38 0.021 0.038 0.073 0.012 0.022 0.032 0.007 0.034 0.101
317 L 0.157 0.022 0.018 0.019 0.015 0.016 0.024 0.069 0.024 0.107 0.171 0.027 0.027 0.058 0.017 0.04 0.035 0.006 0.021 0.128
318 A 0.173 0.036 0.021 0.022 0.014 0.019 0.026 0.097 0.012 0.102 0.106 0.035 0.039 0.061 0.018 0.055 0.039 0.016 0.021 0.09
319 A 0.261 0.025 0.023 0.025 0.017 0.02 0.031 0.052 0.012 0.064 0.082 0.034 0.018 0.036 0.022 0.086 0.068 0.005 0.017 0.102
320 G 0.105 0.033 0.03 0.027 0.011 0.017 0.024 0.449 0.011 0.029 0.047 0.031 0.011 0.016 0.017 0.047 0.029 0.005 0.011 0.05
